-0.2000000000E+02 0.4278641628E+00
-0.1999000000E+02 0.4310241178E+00
-0.1998000000E+02 0.4343734586E+00
-0.1997000000E+02 0.4379209231E+00
-0.1996000000E+02 0.4416757307E+00
-0.1995000000E+02 0.4456476183E+00
-0.1994000000E+02 0.4498468778E+00
-0.1993000000E+02 0.4542843959E+00
-0.1992000000E+02 0.4589716971E+00
-0.1991000000E+02 0.4639209882E+00
-0.1990000000E+02 0.4691452059E+00
-0.1989000000E+02 0.4746580668E+00
-0.1988000000E+02 0.4804741196E+00
-0.1987000000E+02 0.4866088004E+00
-0.1986000000E+02 0.4930784899E+00
-0.1985000000E+02 0.4999005722E+00
-0.1984000000E+02 0.5070934966E+00
-0.1983000000E+02 0.5146768393E+00
-0.1982000000E+02 0.5226713671E+00
-0.1981000000E+02 0.5310990994E+00
-0.1980000000E+02 0.5399833702E+00
-0.1979000000E+02 0.5493488865E+00
-0.1978000000E+02 0.5592217823E+00
-0.1977000000E+02 0.5696296651E+00
-0.1976000000E+02 0.5806016535E+00
-0.1975000000E+02 0.5921683995E+00
-0.1974000000E+02 0.6043620937E+00
-0.1973000000E+02 0.6172164455E+00
-0.1972000000E+02 0.6307666334E+00
-0.1971000000E+02 0.6450492144E+00
-0.1970000000E+02 0.6601019847E+00
-0.1969000000E+02 0.6759637785E+00
-0.1968000000E+02 0.6926741889E+00
-0.1967000000E+02 0.7102731965E+00
-0.1966000000E+02 0.7288006826E+00
-0.1965000000E+02 0.7482958053E+00
-0.1964000000E+02 0.7687962119E+00
-0.1963000000E+02 0.7903370569E+00
-0.1962000000E+02 0.8129497939E+00
-0.1961000000E+02 0.8366607069E+00
-0.1960000000E+02 0.8614891463E+00
-0.1959000000E+02 0.8874454349E+00
-0.1958000000E+02 0.9145284182E+00
-0.1957000000E+02 0.9427226381E+00
-0.1956000000E+02 0.9719951295E+00
-0.1955000000E+02 0.1002291860E+01
-0.1954000000E+02 0.1033533869E+01
-0.1953000000E+02 0.1065613206E+01
-0.1952000000E+02 0.1098388830E+01
-0.1951000000E+02 0.1131682691E+01
-0.1950000000E+02 0.1165276305E+01
-0.1949000000E+02 0.1198908210E+01
-0.1948000000E+02 0.1232272755E+01
-0.1947000000E+02 0.1265020742E+01
-0.1946000000E+02 0.1296762448E+01
-0.1945000000E+02 0.1327073486E+01
-0.1944000000E+02 0.1355503869E+01
-0.1943000000E+02 0.1381590392E+01
-0.1942000000E+02 0.1404872134E+01
-0.1941000000E+02 0.1424908514E+01
-0.1940000000E+02 0.1441298900E+01
-0.1939000000E+02 0.1453702413E+01
-0.1938000000E+02 0.1461856292E+01
-0.1937000000E+02 0.1465591126E+01
-0.1936000000E+02 0.1464841413E+01
-0.1935000000E+02 0.1459650303E+01
-0.1934000000E+02 0.1450167976E+01
-0.1933000000E+02 0.1436643776E+01
-0.1932000000E+02 0.1419412921E+01
-0.1931000000E+02 0.1398879109E+01
-0.1930000000E+02 0.1375494687E+01
-0.1929000000E+02 0.1349740125E+01
-0.1928000000E+02 0.1322104383E+01
-0.1927000000E+02 0.1293067425E+01
-0.1926000000E+02 0.1263085764E+01
-0.1925000000E+02 0.1232581424E+01
-0.1924000000E+02 0.1201934400E+01
-0.1923000000E+02 0.1171478342E+01
-0.1922000000E+02 0.1141499028E+01
-0.1921000000E+02 0.1112235066E+01
-0.1920000000E+02 0.1083880284E+01
-0.1919000000E+02 0.1056587244E+01
-0.1918000000E+02 0.1030471446E+01
-0.1917000000E+02 0.1005615830E+01
-0.1916000000E+02 0.9820753011E+00
-0.1915000000E+02 0.9598810595E+00
-0.1914000000E+02 0.9390446219E+00
-0.1913000000E+02 0.9195614365E+00
-0.1912000000E+02 0.9014140688E+00
-0.1911000000E+02 0.8845749525E+00
-0.1910000000E+02 0.8690087208E+00
-0.1909000000E+02 0.8546741525E+00
-0.1908000000E+02 0.8415257682E+00
-0.1907000000E+02 0.8295151190E+00
-0.1906000000E+02 0.8185918076E+00
-0.1905000000E+02 0.8087042818E+00
-0.1904000000E+02 0.7998004341E+00
-0.1903000000E+02 0.7918280415E+00
-0.1902000000E+02 0.7847350724E+00
-0.1901000000E+02 0.7784698870E+00
-0.1900000000E+02 0.7729813502E+00
-0.1899000000E+02 0.7682188780E+00
-0.1898000000E+02 0.7641324313E+00
-0.1897000000E+02 0.7606724722E+00
-0.1896000000E+02 0.7577898935E+00
-0.1895000000E+02 0.7554359316E+00
-0.1894000000E+02 0.7535620731E+00
-0.1893000000E+02 0.7521199614E+00
-0.1892000000E+02 0.7510613110E+00
-0.1891000000E+02 0.7503378370E+00
-0.1890000000E+02 0.7499012028E+00
-0.1889000000E+02 0.7497029951E+00
-0.1888000000E+02 0.7496947265E+00
-0.1887000000E+02 0.7498278735E+00
-0.1886000000E+02 0.7500539503E+00
-0.1885000000E+02 0.7503246224E+00
-0.1884000000E+02 0.7505918614E+00
-0.1883000000E+02 0.7508081400E+00
-0.1882000000E+02 0.7509266689E+00
-0.1881000000E+02 0.7509016704E+00
-0.1880000000E+02 0.7506886882E+00
-0.1879000000E+02 0.7502449249E+00
-0.1878000000E+02 0.7495296046E+00
-0.1877000000E+02 0.7485043480E+00
-0.1876000000E+02 0.7471335552E+00
-0.1875000000E+02 0.7453847826E+00
-0.1874000000E+02 0.7432291043E+00
-0.1873000000E+02 0.7406414466E+00
-0.1872000000E+02 0.7376008846E+00
-0.1871000000E+02 0.7340908898E+00
-0.1870000000E+02 0.7300995192E+00
-0.1869000000E+02 0.7256195396E+00
-0.1868000000E+02 0.7206484783E+00
-0.1867000000E+02 0.7151886004E+00
-0.1866000000E+02 0.7092468076E+00
-0.1865000000E+02 0.7028344635E+00
-0.1864000000E+02 0.6959671476E+00
-0.1863000000E+02 0.6886643440E+00
-0.1862000000E+02 0.6809490753E+00
-0.1861000000E+02 0.6728474894E+00
-0.1860000000E+02 0.6643884121E+00
-0.1859000000E+02 0.6556028763E+00
-0.1858000000E+02 0.6465236400E+00
-0.1857000000E+02 0.6371847058E+00
-0.1856000000E+02 0.6276208502E+00
-0.1855000000E+02 0.6178671747E+00
-0.1854000000E+02 0.6079586861E+00
-0.1853000000E+02 0.5979299117E+00
-0.1852000000E+02 0.5878145560E+00
-0.1851000000E+02 0.5776452006E+00
-0.1850000000E+02 0.5674530498E+00
-0.1849000000E+02 0.5572677226E+00
-0.1848000000E+02 0.5471170886E+00
-0.1847000000E+02 0.5370271476E+00
-0.1846000000E+02 0.5270219485E+00
-0.1845000000E+02 0.5171235450E+00
-0.1844000000E+02 0.5073519838E+00
-0.1843000000E+02 0.4977253212E+00
-0.1842000000E+02 0.4882596643E+00
-0.1841000000E+02 0.4789692324E+00
-0.1840000000E+02 0.4698664341E+00
-0.1839000000E+02 0.4609619585E+00
-0.1838000000E+02 0.4522648742E+00
-0.1837000000E+02 0.4437827362E+00
-0.1836000000E+02 0.4355216956E+00
-0.1835000000E+02 0.4274866112E+00
-0.1834000000E+02 0.4196811607E+00
-0.1833000000E+02 0.4121079506E+00
-0.1832000000E+02 0.4047686217E+00
-0.1831000000E+02 0.3976639517E+00
-0.1830000000E+02 0.3907939525E+00
-0.1829000000E+02 0.3841579615E+00
-0.1828000000E+02 0.3777547287E+00
-0.1827000000E+02 0.3715824958E+00
-0.1826000000E+02 0.3656390716E+00
-0.1825000000E+02 0.3599218998E+00
-0.1824000000E+02 0.3544281219E+00
-0.1823000000E+02 0.3491546342E+00
-0.1822000000E+02 0.3440981396E+00
-0.1821000000E+02 0.3392551946E+00
-0.1820000000E+02 0.3346222513E+00
-0.1819000000E+02 0.3301956945E+00
-0.1818000000E+02 0.3259718760E+00
-0.1817000000E+02 0.3219471438E+00
-0.1816000000E+02 0.3181178684E+00
-0.1815000000E+02 0.3144804660E+00
-0.1814000000E+02 0.3110314181E+00
-0.1813000000E+02 0.3077672894E+00
-0.1812000000E+02 0.3046847427E+00
-0.1811000000E+02 0.3017805511E+00
-0.1810000000E+02 0.2990516094E+00
-0.1809000000E+02 0.2964949426E+00
-0.1808000000E+02 0.2941077131E+00
-0.1807000000E+02 0.2918872266E+00
-0.1806000000E+02 0.2898309359E+00
-0.1805000000E+02 0.2879364443E+00
-0.1804000000E+02 0.2862015068E+00
-0.1803000000E+02 0.2846240310E+00
-0.1802000000E+02 0.2832020762E+00
-0.1801000000E+02 0.2819338513E+00
-0.1800000000E+02 0.2808177123E+00
-0.1799000000E+02 0.2798521580E+00
-0.1798000000E+02 0.2790358247E+00
-0.1797000000E+02 0.2783674796E+00
-0.1796000000E+02 0.2778460127E+00
-0.1795000000E+02 0.2774704278E+00
-0.1794000000E+02 0.2772398312E+00
-0.1793000000E+02 0.2771534190E+00
-0.1792000000E+02 0.2772104626E+00
-0.1791000000E+02 0.2774102915E+00
-0.1790000000E+02 0.2777522747E+00
-0.1789000000E+02 0.2782357981E+00
-0.1788000000E+02 0.2788602404E+00
-0.1787000000E+02 0.2796249446E+00
-0.1786000000E+02 0.2805291863E+00
-0.1785000000E+02 0.2815721383E+00
-0.1784000000E+02 0.2827528306E+00
-0.1783000000E+02 0.2840701052E+00
-0.1782000000E+02 0.2855225665E+00
-0.1781000000E+02 0.2871085256E+00
-0.1780000000E+02 0.2888259387E+00
-0.1779000000E+02 0.2906723395E+00
-0.1778000000E+02 0.2926447644E+00
-0.1777000000E+02 0.2947396718E+00
-0.1776000000E+02 0.2969528532E+00
-0.1775000000E+02 0.2992793392E+00
-0.1774000000E+02 0.3017132978E+00
-0.1773000000E+02 0.3042479273E+00
-0.1772000000E+02 0.3068753442E+00
-0.1771000000E+02 0.3095864678E+00
-0.1770000000E+02 0.3123709025E+00
-0.1769000000E+02 0.3152168216E+00
-0.1768000000E+02 0.3181108534E+00
-0.1767000000E+02 0.3210379763E+00
-0.1766000000E+02 0.3239814245E+00
-0.1765000000E+02 0.3269226116E+00
-0.1764000000E+02 0.3298410764E+00
-0.1763000000E+02 0.3327144596E+00
-0.1762000000E+02 0.3355185160E+00
-0.1761000000E+02 0.3382271724E+00
-0.1760000000E+02 0.3408126366E+00
-0.1759000000E+02 0.3432455654E+00
-0.1758000000E+02 0.3454952979E+00
-0.1757000000E+02 0.3475301585E+00
-0.1756000000E+02 0.3493178313E+00
-0.1755000000E+02 0.3508258075E+00
-0.1754000000E+02 0.3520218989E+00
-0.1753000000E+02 0.3528748123E+00
-0.1752000000E+02 0.3533547712E+00
-0.1751000000E+02 0.3534341678E+00
-0.1750000000E+02 0.3530882255E+00
-0.1749000000E+02 0.3522956476E+00
-0.1748000000E+02 0.3510392249E+00
-0.1747000000E+02 0.3493063764E+00
-0.1746000000E+02 0.3470895960E+00
-0.1745000000E+02 0.3443867822E+00
-0.1744000000E+02 0.3412014317E+00
-0.1743000000E+02 0.3375427433E+00
-0.1742000000E+02 0.3334253407E+00
-0.1741000000E+02 0.3288691655E+00
-0.1740000000E+02 0.3238990338E+00
-0.1739000000E+02 0.3185440976E+00
-0.1738000000E+02 0.3128372077E+00
-0.1737000000E+02 0.3068141952E+00
-0.1736000000E+02 0.3005131024E+00
-0.1735000000E+02 0.2939733940E+00
-0.1734000000E+02 0.2872351757E+00
-0.1733000000E+02 0.2803384529E+00
-0.1732000000E+02 0.2733224493E+00
-0.1731000000E+02 0.2662250085E+00
-0.1730000000E+02 0.2590820882E+00
-0.1729000000E+02 0.2519273571E+00
-0.1728000000E+02 0.2447918922E+00
-0.1727000000E+02 0.2377039743E+00
-0.1726000000E+02 0.2306889735E+00
-0.1725000000E+02 0.2237693134E+00
-0.1724000000E+02 0.2169645039E+00
-0.1723000000E+02 0.2102912284E+00
-0.1722000000E+02 0.2037634754E+00
-0.1721000000E+02 0.1973927018E+00
-0.1720000000E+02 0.1911880189E+00
-0.1719000000E+02 0.1851563921E+00
-0.1718000000E+02 0.1793028464E+00
-0.1717000000E+02 0.1736306727E+00
-0.1716000000E+02 0.1681416287E+00
-0.1715000000E+02 0.1628361320E+00
-0.1714000000E+02 0.1577134425E+00
-0.1713000000E+02 0.1527718313E+00
-0.1712000000E+02 0.1480087370E+00
-0.1711000000E+02 0.1434209068E+00
-0.1710000000E+02 0.1390045239E+00
-0.1709000000E+02 0.1347553213E+00
-0.1708000000E+02 0.1306686820E+00
-0.1707000000E+02 0.1267397267E+00
-0.1706000000E+02 0.1229633905E+00
-0.1705000000E+02 0.1193344883E+00
-0.1704000000E+02 0.1158477715E+00
-0.1703000000E+02 0.1124979750E+00
-0.1702000000E+02 0.1092798577E+00
-0.1701000000E+02 0.1061882347E+00
-0.1700000000E+02 0.1032180052E+00
-0.1699000000E+02 0.1003641736E+00
-0.1698000000E+02 0.9762186712E-01
-0.1697000000E+02 0.9498634884E-01
-0.1696000000E+02 0.9245302785E-01
-0.1695000000E+02 0.9001746618E-01
-0.1694000000E+02 0.8767538345E-01
-0.1693000000E+02 0.8542265946E-01
-0.1692000000E+02 0.8325533510E-01
-0.1691000000E+02 0.8116961180E-01
-0.1690000000E+02 0.7916184989E-01
-0.1689000000E+02 0.7722856599E-01
-0.1688000000E+02 0.7536642969E-01
-0.1687000000E+02 0.7357225965E-01
-0.1686000000E+02 0.7184301921E-01
-0.1685000000E+02 0.7017581179E-01
-0.1684000000E+02 0.6856787593E-01
-0.1683000000E+02 0.6701658027E-01
-0.1682000000E+02 0.6551941844E-01
-0.1681000000E+02 0.6407400395E-01
-0.1680000000E+02 0.6267806503E-01
-0.1679000000E+02 0.6132943962E-01
-0.1678000000E+02 0.6002607041E-01
-0.1677000000E+02 0.5876599998E-01
-0.1676000000E+02 0.5754736614E-01
-0.1675000000E+02 0.5636839733E-01
-0.1674000000E+02 0.5522740824E-01
-0.1673000000E+02 0.5412279558E-01
-0.1672000000E+02 0.5305303396E-01
-0.1671000000E+02 0.5201667206E-01
-0.1670000000E+02 0.5101232882E-01
-0.1669000000E+02 0.5003868993E-01
-0.1668000000E+02 0.4909450438E-01
-0.1667000000E+02 0.4817858124E-01
-0.1666000000E+02 0.4728978656E-01
-0.1665000000E+02 0.4642704043E-01
-0.1664000000E+02 0.4558931422E-01
-0.1663000000E+02 0.4477562787E-01
-0.1662000000E+02 0.4398504743E-01
-0.1661000000E+02 0.4321668264E-01
-0.1660000000E+02 0.4246968470E-01
-0.1659000000E+02 0.4174324408E-01
-0.1658000000E+02 0.4103658856E-01
-0.1657000000E+02 0.4034898123E-01
-0.1656000000E+02 0.3967971873E-01
-0.1655000000E+02 0.3902812950E-01
-0.1654000000E+02 0.3839357216E-01
-0.1653000000E+02 0.3777543397E-01
-0.1652000000E+02 0.3717312935E-01
-0.1651000000E+02 0.3658609852E-01
-0.1650000000E+02 0.3601380620E-01
-0.1649000000E+02 0.3545574033E-01
-0.1648000000E+02 0.3491141097E-01
-0.1647000000E+02 0.3438034912E-01
-0.1646000000E+02 0.3386210573E-01
-0.1645000000E+02 0.3335628289E-01
-0.1644000000E+02 0.3286249128E-01
-0.1643000000E+02 0.3238027578E-01
-0.1642000000E+02 0.3190925794E-01
-0.1641000000E+02 0.3144907472E-01
-0.1640000000E+02 0.3099937784E-01
-0.1639000000E+02 0.3055983298E-01
-0.1638000000E+02 0.3013011915E-01
-0.1637000000E+02 0.2970992806E-01
-0.1636000000E+02 0.2929896347E-01
-0.1635000000E+02 0.2889694068E-01
-0.1634000000E+02 0.2850358594E-01
-0.1633000000E+02 0.2811863593E-01
-0.1632000000E+02 0.2774183733E-01
-0.1631000000E+02 0.2737294629E-01
-0.1630000000E+02 0.2701172804E-01
-0.1629000000E+02 0.2665795646E-01
-0.1628000000E+02 0.2631141367E-01
-0.1627000000E+02 0.2597188970E-01
-0.1626000000E+02 0.2563918207E-01
-0.1625000000E+02 0.2531309554E-01
-0.1624000000E+02 0.2499344169E-01
-0.1623000000E+02 0.2468003873E-01
-0.1622000000E+02 0.2437271110E-01
-0.1621000000E+02 0.2407128927E-01
-0.1620000000E+02 0.2377560947E-01
-0.1619000000E+02 0.2348551342E-01
-0.1618000000E+02 0.2320084810E-01
-0.1617000000E+02 0.2292146552E-01
-0.1616000000E+02 0.2264722253E-01
-0.1615000000E+02 0.2237798058E-01
-0.1614000000E+02 0.2211360555E-01
-0.1613000000E+02 0.2185396754E-01
-0.1612000000E+02 0.2159894070E-01
-0.1611000000E+02 0.2134840305E-01
-0.1610000000E+02 0.2110223633E-01
-0.1609000000E+02 0.2086032581E-01
-0.1608000000E+02 0.2062256015E-01
-0.1607000000E+02 0.2038883126E-01
-0.1606000000E+02 0.2015903414E-01
-0.1605000000E+02 0.1993306675E-01
-0.1604000000E+02 0.1971082989E-01
-0.1603000000E+02 0.1949222703E-01
-0.1602000000E+02 0.1927716423E-01
-0.1601000000E+02 0.1906554999E-01
-0.1600000000E+02 0.1885729515E-01
-0.1599000000E+02 0.1865231279E-01
-0.1598000000E+02 0.1845051807E-01
-0.1597000000E+02 0.1825182819E-01
-0.1596000000E+02 0.1805616226E-01
-0.1595000000E+02 0.1786344117E-01
-0.1594000000E+02 0.1767358757E-01
-0.1593000000E+02 0.1748652571E-01
-0.1592000000E+02 0.1730218139E-01
-0.1591000000E+02 0.1712048188E-01
-0.1590000000E+02 0.1694135579E-01
-0.1589000000E+02 0.1676473304E-01
-0.1588000000E+02 0.1659054479E-01
-0.1587000000E+02 0.1641872331E-01
-0.1586000000E+02 0.1624920195E-01
-0.1585000000E+02 0.1608191506E-01
-0.1584000000E+02 0.1591679793E-01
-0.1583000000E+02 0.1575378671E-01
-0.1582000000E+02 0.1559281834E-01
-0.1581000000E+02 0.1543383051E-01
-0.1580000000E+02 0.1527676159E-01
-0.1579000000E+02 0.1512155054E-01
-0.1578000000E+02 0.1496813690E-01
-0.1577000000E+02 0.1481646069E-01
-0.1576000000E+02 0.1466646237E-01
-0.1575000000E+02 0.1451808279E-01
-0.1574000000E+02 0.1437126311E-01
-0.1573000000E+02 0.1422594478E-01
-0.1572000000E+02 0.1408206943E-01
-0.1571000000E+02 0.1393957888E-01
-0.1570000000E+02 0.1379841505E-01
-0.1569000000E+02 0.1365851989E-01
-0.1568000000E+02 0.1351983536E-01
-0.1567000000E+02 0.1338230336E-01
-0.1566000000E+02 0.1324586566E-01
-0.1565000000E+02 0.1311046390E-01
-0.1564000000E+02 0.1297603946E-01
-0.1563000000E+02 0.1284253346E-01
-0.1562000000E+02 0.1270988669E-01
-0.1561000000E+02 0.1257803955E-01
-0.1560000000E+02 0.1244693199E-01
-0.1559000000E+02 0.1231650348E-01
-0.1558000000E+02 0.1224129397E-01
-0.1557000000E+02 0.1218969449E-01
-0.1556000000E+02 0.1214103621E-01
-0.1555000000E+02 0.1209533765E-01
-0.1554000000E+02 0.1205261932E-01
-0.1553000000E+02 0.1201290377E-01
-0.1552000000E+02 0.1197621559E-01
-0.1551000000E+02 0.1194258146E-01
-0.1550000000E+02 0.1191203018E-01
-0.1549000000E+02 0.1188459268E-01
-0.1548000000E+02 0.1186030208E-01
-0.1547000000E+02 0.1183919371E-01
-0.1546000000E+02 0.1182130512E-01
-0.1545000000E+02 0.1180667614E-01
-0.1544000000E+02 0.1179534890E-01
-0.1543000000E+02 0.1178736786E-01
-0.1542000000E+02 0.1178277985E-01
-0.1541000000E+02 0.1178163406E-01
-0.1540000000E+02 0.1178398212E-01
-0.1539000000E+02 0.1178987807E-01
-0.1538000000E+02 0.1179937843E-01
-0.1537000000E+02 0.1181254217E-01
-0.1536000000E+02 0.1182943078E-01
-0.1535000000E+02 0.1185010821E-01
-0.1534000000E+02 0.1187464094E-01
-0.1533000000E+02 0.1190309796E-01
-0.1532000000E+02 0.1193555074E-01
-0.1531000000E+02 0.1197207323E-01
-0.1530000000E+02 0.1201274186E-01
-0.1529000000E+02 0.1205763548E-01
-0.1528000000E+02 0.1210683533E-01
-0.1527000000E+02 0.1216042499E-01
-0.1526000000E+02 0.1221849033E-01
-0.1525000000E+02 0.1228111941E-01
-0.1524000000E+02 0.1234840237E-01
-0.1523000000E+02 0.1242043140E-01
-0.1522000000E+02 0.1249730051E-01
-0.1521000000E+02 0.1257910548E-01
-0.1520000000E+02 0.1266594362E-01
-0.1519000000E+02 0.1275791363E-01
-0.1518000000E+02 0.1285511534E-01
-0.1517000000E+02 0.1295764953E-01
-0.1516000000E+02 0.1306561761E-01
-0.1515000000E+02 0.1317912134E-01
-0.1514000000E+02 0.1329826249E-01
-0.1513000000E+02 0.1342314249E-01
-0.1512000000E+02 0.1355386202E-01
-0.1511000000E+02 0.1369052057E-01
-0.1510000000E+02 0.1383321593E-01
-0.1509000000E+02 0.1398204373E-01
-0.1508000000E+02 0.1413709682E-01
-0.1507000000E+02 0.1429846467E-01
-0.1506000000E+02 0.1446623273E-01
-0.1505000000E+02 0.1464048171E-01
-0.1504000000E+02 0.1482128683E-01
-0.1503000000E+02 0.1500872432E-01
-0.1502000000E+02 0.1520294777E-01
-0.1501000000E+02 0.1540390832E-01
-0.1500000000E+02 0.1561165089E-01
-0.1499000000E+02 0.1582621402E-01
-0.1498000000E+02 0.1604762054E-01
-0.1497000000E+02 0.1627588000E-01
-0.1496000000E+02 0.1651099134E-01
-0.1495000000E+02 0.1675293928E-01
-0.1494000000E+02 0.1700169325E-01
-0.1493000000E+02 0.1725720627E-01
-0.1492000000E+02 0.1751941378E-01
-0.1491000000E+02 0.1778823261E-01
-0.1490000000E+02 0.1806355986E-01
-0.1489000000E+02 0.1834527190E-01
-0.1488000000E+02 0.1863322334E-01
-0.1487000000E+02 0.1892724620E-01
-0.1486000000E+02 0.1922714908E-01
-0.1485000000E+02 0.1953271642E-01
-0.1484000000E+02 0.1984370798E-01
-0.1483000000E+02 0.2015985842E-01
-0.1482000000E+02 0.2048087701E-01
-0.1481000000E+02 0.2080644757E-01
-0.1480000000E+02 0.2113622865E-01
-0.1479000000E+02 0.2146985382E-01
-0.1478000000E+02 0.2180693233E-01
-0.1477000000E+02 0.2214704992E-01
-0.1476000000E+02 0.2248976992E-01
-0.1475000000E+02 0.2283463468E-01
-0.1474000000E+02 0.2318116716E-01
-0.1473000000E+02 0.2352887287E-01
-0.1472000000E+02 0.2387724209E-01
-0.1471000000E+02 0.2422575230E-01
-0.1470000000E+02 0.2457387087E-01
-0.1469000000E+02 0.2492105801E-01
-0.1468000000E+02 0.2526676987E-01
-0.1467000000E+02 0.2561046187E-01
-0.1466000000E+02 0.2595159210E-01
-0.1465000000E+02 0.2628962491E-01
-0.1464000000E+02 0.2662403452E-01
-0.1463000000E+02 0.2695430861E-01
-0.1462000000E+02 0.2727995193E-01
-0.1461000000E+02 0.2760048989E-01
-0.1460000000E+02 0.2791547191E-01
-0.1459000000E+02 0.2822447470E-01
-0.1458000000E+02 0.2852710529E-01
-0.1457000000E+02 0.2882300389E-01
-0.1456000000E+02 0.2911184632E-01
-0.1455000000E+02 0.2939334631E-01
-0.1454000000E+02 0.2966725731E-01
-0.1453000000E+02 0.2993337407E-01
-0.1452000000E+02 0.3019153369E-01
-0.1451000000E+02 0.3044161650E-01
-0.1450000000E+02 0.3068354637E-01
-0.1449000000E+02 0.3091729077E-01
-0.1448000000E+02 0.3114286042E-01
-0.1447000000E+02 0.3136030862E-01
-0.1446000000E+02 0.3156973023E-01
-0.1445000000E+02 0.3177126041E-01
-0.1444000000E+02 0.3196507945E-01
-0.1443000000E+02 0.3215139540E-01
-0.1442000000E+02 0.3233045024E-01
-0.1441000000E+02 0.3250252267E-01
-0.1440000000E+02 0.3266792197E-01
-0.1439000000E+02 0.3282698574E-01
-0.1438000000E+02 0.3298007743E-01
-0.1437000000E+02 0.3312758400E-01
-0.1436000000E+02 0.3326991350E-01
-0.1435000000E+02 0.3340749272E-01
-0.1434000000E+02 0.3354076493E-01
-0.1433000000E+02 0.3367018769E-01
-0.1432000000E+02 0.3379623076E-01
-0.1431000000E+02 0.3391937416E-01
-0.1430000000E+02 0.3404010633E-01
-0.1429000000E+02 0.3415892251E-01
-0.1428000000E+02 0.3427632322E-01
-0.1427000000E+02 0.3439281292E-01
-0.1426000000E+02 0.3450889965E-01
-0.1425000000E+02 0.3462509358E-01
-0.1424000000E+02 0.3474190260E-01
-0.1423000000E+02 0.3485983693E-01
-0.1422000000E+02 0.3497940651E-01
-0.1421000000E+02 0.3510112075E-01
-0.1420000000E+02 0.3522548825E-01
-0.1419000000E+02 0.3535301682E-01
-0.1418000000E+02 0.3548421354E-01
-0.1417000000E+02 0.3561958503E-01
-0.1416000000E+02 0.3575963777E-01
-0.1415000000E+02 0.3590487865E-01
-0.1414000000E+02 0.3605581556E-01
-0.1413000000E+02 0.3621295813E-01
-0.1412000000E+02 0.3637681854E-01
-0.1411000000E+02 0.3654791254E-01
-0.1410000000E+02 0.3672676047E-01
-0.1409000000E+02 0.3691388842E-01
-0.1408000000E+02 0.3710982956E-01
-0.1407000000E+02 0.3731512544E-01
-0.1406000000E+02 0.3753032756E-01
-0.1405000000E+02 0.3775599891E-01
-0.1404000000E+02 0.3799271571E-01
-0.1403000000E+02 0.3824106923E-01
-0.1402000000E+02 0.3850166775E-01
-0.1401000000E+02 0.3877513867E-01
-0.1400000000E+02 0.3906213071E-01
-0.1399000000E+02 0.3936331632E-01
-0.1398000000E+02 0.3967939422E-01
-0.1397000000E+02 0.4001109217E-01
-0.1396000000E+02 0.4035916986E-01
-0.1395000000E+02 0.4072442207E-01
-0.1394000000E+02 0.4110768210E-01
-0.1393000000E+02 0.4150982538E-01
-0.1392000000E+02 0.4193177343E-01
-0.1391000000E+02 0.4237449812E-01
-0.1390000000E+02 0.4283902633E-01
-0.1389000000E+02 0.4332644490E-01
-0.1388000000E+02 0.4383790619E-01
-0.1387000000E+02 0.4437463395E-01
-0.1386000000E+02 0.4493792986E-01
-0.1385000000E+02 0.4552918065E-01
-0.1384000000E+02 0.4614986589E-01
-0.1383000000E+02 0.4680156658E-01
-0.1382000000E+02 0.4748597453E-01
-0.1381000000E+02 0.4820490281E-01
-0.1380000000E+02 0.4896029725E-01
-0.1379000000E+02 0.4975424906E-01
-0.1378000000E+02 0.5059023931E-01
-0.1377000000E+02 0.5149089936E-01
-0.1376000000E+02 0.5243764403E-01
-0.1375000000E+02 0.5343331491E-01
-0.1374000000E+02 0.5448098784E-01
-0.1373000000E+02 0.5558399728E-01
-0.1372000000E+02 0.5674596366E-01
-0.1371000000E+02 0.5797082415E-01
-0.1370000000E+02 0.5926286733E-01
-0.1369000000E+02 0.6062677238E-01
-0.1368000000E+02 0.6206765345E-01
-0.1367000000E+02 0.6359110999E-01
-0.1366000000E+02 0.6520328408E-01
-0.1365000000E+02 0.6691092580E-01
-0.1364000000E+02 0.6872146798E-01
-0.1363000000E+02 0.7064311197E-01
-0.1362000000E+02 0.7268492628E-01
-0.1361000000E+02 0.7485696034E-01
-0.1360000000E+02 0.7717037615E-01
-0.1359000000E+02 0.7963760112E-01
-0.1358000000E+02 0.8227250599E-01
-0.1357000000E+02 0.8509061284E-01
-0.1356000000E+02 0.8810933898E-01
-0.1355000000E+02 0.9134828413E-01
-0.1354000000E+02 0.9482956972E-01
-0.1353000000E+02 0.9857824170E-01
-0.1352000000E+02 0.1026227505E+00
-0.1351000000E+02 0.1069955258E+00
-0.1350000000E+02 0.1117336679E+00
-0.1349000000E+02 0.1168797832E+00
-0.1348000000E+02 0.1224830010E+00
-0.1347000000E+02 0.1286002138E+00
-0.1346000000E+02 0.1352976047E+00
-0.1345000000E+02 0.1426525348E+00
-0.1344000000E+02 0.1507558939E+00
-0.1343000000E+02 0.1597150484E+00
-0.1342000000E+02 0.1696575636E+00
-0.1341000000E+02 0.1807359436E+00
-0.1340000000E+02 0.1931337158E+00
-0.1339000000E+02 0.2070733120E+00
-0.1338000000E+02 0.2228263755E+00
-0.1337000000E+02 0.2407273773E+00
-0.1336000000E+02 0.2611918051E+00
-0.1335000000E+02 0.2847407444E+00
-0.1334000000E+02 0.3120345243E+00
-0.1333000000E+02 0.3439193972E+00
-0.1332000000E+02 0.3814932569E+00
-0.1331000000E+02 0.4261996216E+00
-0.1330000000E+02 0.4799643132E+00
-0.1329000000E+02 0.5453978189E+00
-0.1328000000E+02 0.6261005912E+00
-0.1327000000E+02 0.7271326847E+00
-0.1326000000E+02 0.8557502185E+00
-0.1325000000E+02 0.1022580540E+01
-0.1324000000E+02 0.1243520163E+01
-0.1323000000E+02 0.1542796316E+01
-0.1322000000E+02 0.1957737256E+01
-0.1321000000E+02 0.2545274514E+01
-0.1320000000E+02 0.3386531844E+01
-0.1319000000E+02 0.4570142669E+01
-0.1318000000E+02 0.6089332524E+01
-0.1317000000E+02 0.7563440294E+01
-0.1316000000E+02 0.8103821035E+01
-0.1315000000E+02 0.7232684972E+01
-0.1314000000E+02 0.5645191754E+01
-0.1313000000E+02 0.4163298504E+01
-0.1312000000E+02 0.3054859216E+01
-0.1311000000E+02 0.2281725948E+01
-0.1310000000E+02 0.1747333664E+01
-0.1309000000E+02 0.1372765037E+01
-0.1308000000E+02 0.1104554048E+01
-0.1307000000E+02 0.9081498990E+00
-0.1306000000E+02 0.7612813329E+00
-0.1305000000E+02 0.6493901615E+00
-0.1304000000E+02 0.5627694102E+00
-0.1303000000E+02 0.4948081156E+00
-0.1302000000E+02 0.4409103289E+00
-0.1301000000E+02 0.3978196389E+00
-0.1300000000E+02 0.3631892582E+00
-0.1299000000E+02 0.3353030523E+00
-0.1298000000E+02 0.3128910815E+00
-0.1297000000E+02 0.2950055032E+00
-0.1296000000E+02 0.2809358161E+00
-0.1295000000E+02 0.2701502875E+00
-0.1294000000E+02 0.2622551949E+00
-0.1293000000E+02 0.2569664967E+00
-0.1292000000E+02 0.2540904434E+00
-0.1291000000E+02 0.2535108873E+00
-0.1290000000E+02 0.2551819015E+00
-0.1289000000E+02 0.2591249422E+00
-0.1288000000E+02 0.2654302897E+00
-0.1287000000E+02 0.2742629729E+00
-0.1286000000E+02 0.2858738943E+00
-0.1285000000E+02 0.3006175150E+00
-0.1284000000E+02 0.3189783691E+00
-0.1283000000E+02 0.3416100392E+00
-0.1282000000E+02 0.3694829747E+00
-0.1281000000E+02 0.4037415060E+00
-0.1280000000E+02 0.4460044664E+00
-0.1279000000E+02 0.4985470563E+00
-0.1278000000E+02 0.5645931377E+00
-0.1277000000E+02 0.6488194264E+00
-0.1276000000E+02 0.7582008070E+00
-0.1275000000E+02 0.9034806300E+00
-0.1274000000E+02 0.1101833771E+01
-0.1273000000E+02 0.1381902616E+01
-0.1272000000E+02 0.1793728820E+01
-0.1271000000E+02 0.2428920306E+01
-0.1270000000E+02 0.3460652114E+01
-0.1269000000E+02 0.5204326462E+01
-0.1268000000E+02 0.8049681337E+01
-0.1267000000E+02 0.1137757410E+02
-0.1266000000E+02 0.1181882110E+02
-0.1265000000E+02 0.8864935894E+01
-0.1264000000E+02 0.6056812541E+01
-0.1263000000E+02 0.4423330941E+01
-0.1262000000E+02 0.3651050280E+01
-0.1261000000E+02 0.3460096455E+01
-0.1260000000E+02 0.3765116087E+01
-0.1259000000E+02 0.4651457028E+01
-0.1258000000E+02 0.6347442568E+01
-0.1257000000E+02 0.8936118455E+01
-0.1256000000E+02 0.1113389409E+02
-0.1255000000E+02 0.1036471189E+02
-0.1254000000E+02 0.7522936887E+01
-0.1253000000E+02 0.5047778669E+01
-0.1252000000E+02 0.3445809790E+01
-0.1251000000E+02 0.2455183736E+01
-0.1250000000E+02 0.1826071989E+01
-0.1249000000E+02 0.1409135318E+01
-0.1248000000E+02 0.1120918917E+01
-0.1247000000E+02 0.9140926309E+00
-0.1246000000E+02 0.7608320455E+00
-0.1245000000E+02 0.6441192367E+00
-0.1244000000E+02 0.5531455268E+00
-0.1243000000E+02 0.4808066488E+00
-0.1242000000E+02 0.4222882266E+00
-0.1241000000E+02 0.3742380413E+00
-0.1240000000E+02 0.3342652038E+00
-0.1239000000E+02 0.3006276837E+00
-0.1238000000E+02 0.2720318415E+00
-0.1237000000E+02 0.2475005250E+00
-0.1236000000E+02 0.2262842688E+00
-0.1235000000E+02 0.2078002586E+00
-0.1234000000E+02 0.1915895792E+00
-0.1233000000E+02 0.1772867491E+00
-0.1232000000E+02 0.1645976680E+00
-0.1231000000E+02 0.1532834208E+00
-0.1230000000E+02 0.1431482254E+00
-0.1229000000E+02 0.1340303533E+00
-0.1228000000E+02 0.1257952130E+00
-0.1227000000E+02 0.1183300247E+00
-0.1226000000E+02 0.1115396807E+00
-0.1225000000E+02 0.1053434992E+00
-0.1224000000E+02 0.9967265529E-01
-0.1223000000E+02 0.9446813370E-01
-0.1222000000E+02 0.8967908421E-01
-0.1221000000E+02 0.8526149164E-01
-0.1220000000E+02 0.8117709335E-01
-0.1219000000E+02 0.7739249261E-01
-0.1218000000E+02 0.7387842832E-01
-0.1217000000E+02 0.7060917023E-01
-0.1216000000E+02 0.6756201543E-01
-0.1215000000E+02 0.6471686712E-01
-0.1214000000E+02 0.6205588069E-01
-0.1213000000E+02 0.5956316489E-01
-0.1212000000E+02 0.5722452855E-01
-0.1211000000E+02 0.5502726502E-01
-0.1210000000E+02 0.5295996807E-01
-0.1209000000E+02 0.5101237398E-01
-0.1208000000E+02 0.4917522577E-01
-0.1207000000E+02 0.4744015590E-01
-0.1206000000E+02 0.4579958483E-01
-0.1205000000E+02 0.4424663277E-01
-0.1204000000E+02 0.4277504298E-01
-0.1203000000E+02 0.4137911460E-01
-0.1202000000E+02 0.4005364394E-01
-0.1201000000E+02 0.3879387288E-01
-0.1200000000E+02 0.3759544346E-01
-0.1199000000E+02 0.3645435784E-01
-0.1198000000E+02 0.3536694279E-01
-0.1197000000E+02 0.3432981838E-01
-0.1196000000E+02 0.3333986999E-01
-0.1195000000E+02 0.3239422354E-01
-0.1194000000E+02 0.3149022332E-01
-0.1193000000E+02 0.3062541223E-01
-0.1192000000E+02 0.2979751402E-01
-0.1191000000E+02 0.2900441744E-01
-0.1190000000E+02 0.2824416197E-01
-0.1189000000E+02 0.2751492494E-01
-0.1188000000E+02 0.2681501002E-01
-0.1187000000E+02 0.2614283670E-01
-0.1186000000E+02 0.2549693089E-01
-0.1185000000E+02 0.2487591632E-01
-0.1184000000E+02 0.2427850684E-01
-0.1183000000E+02 0.2370349931E-01
-0.1182000000E+02 0.2314976725E-01
-0.1181000000E+02 0.2261625495E-01
-0.1180000000E+02 0.2210197219E-01
-0.1179000000E+02 0.2160598939E-01
-0.1178000000E+02 0.2112743312E-01
-0.1177000000E+02 0.2066548211E-01
-0.1176000000E+02 0.2021936346E-01
-0.1175000000E+02 0.1978834929E-01
-0.1174000000E+02 0.1937175355E-01
-0.1173000000E+02 0.1896892917E-01
-0.1172000000E+02 0.1857926543E-01
-0.1171000000E+02 0.1820218547E-01
-0.1170000000E+02 0.1783714407E-01
-0.1169000000E+02 0.1748362557E-01
-0.1168000000E+02 0.1714114196E-01
-0.1167000000E+02 0.1680923108E-01
-0.1166000000E+02 0.1648745500E-01
-0.1165000000E+02 0.1617556391E-01
-0.1164000000E+02 0.1587458860E-01
-0.1163000000E+02 0.1558247153E-01
-0.1162000000E+02 0.1529886164E-01
-0.1161000000E+02 0.1502342530E-01
-0.1160000000E+02 0.1475584533E-01
-0.1159000000E+02 0.1449581999E-01
-0.1158000000E+02 0.1424306209E-01
-0.1157000000E+02 0.1399729813E-01
-0.1156000000E+02 0.1375826755E-01
-0.1155000000E+02 0.1352572199E-01
-0.1154000000E+02 0.1329942456E-01
-0.1153000000E+02 0.1307914927E-01
-0.1152000000E+02 0.1286468037E-01
-0.1151000000E+02 0.1265581184E-01
-0.1150000000E+02 0.1245234684E-01
-0.1149000000E+02 0.1225409721E-01
-0.1148000000E+02 0.1206088302E-01
-0.1147000000E+02 0.1187253215E-01
-0.1146000000E+02 0.1168887987E-01
-0.1145000000E+02 0.1150976846E-01
-0.1144000000E+02 0.1133504685E-01
-0.1143000000E+02 0.1116457028E-01
-0.1142000000E+02 0.1099820001E-01
-0.1141000000E+02 0.1083580298E-01
-0.1140000000E+02 0.1067725155E-01
-0.1139000000E+02 0.1052242325E-01
-0.1138000000E+02 0.1037120049E-01
-0.1137000000E+02 0.1022347036E-01
-0.1136000000E+02 0.1007912440E-01
-0.1135000000E+02 0.9938058383E-02
-0.1134000000E+02 0.9800172104E-02
-0.1133000000E+02 0.9665369218E-02
-0.1132000000E+02 0.9533557048E-02
-0.1131000000E+02 0.9404646419E-02
-0.1130000000E+02 0.9278551499E-02
-0.1129000000E+02 0.9155189649E-02
-0.1128000000E+02 0.9034481279E-02
-0.1127000000E+02 0.8916349713E-02
-0.1126000000E+02 0.8800721062E-02
-0.1125000000E+02 0.8687524101E-02
-0.1124000000E+02 0.8576690152E-02
-0.1123000000E+02 0.8468152979E-02
-0.1122000000E+02 0.8361848678E-02
-0.1121000000E+02 0.8257715584E-02
-0.1120000000E+02 0.8155694171E-02
-0.1119000000E+02 0.8055727391E-02
-0.1118000000E+02 0.7957759480E-02
-0.1117000000E+02 0.7861736640E-02
-0.1116000000E+02 0.7767607061E-02
-0.1115000000E+02 0.7675320670E-02
-0.1114000000E+02 0.7584829056E-02
-0.1113000000E+02 0.7496085410E-02
-0.1112000000E+02 0.7409044458E-02
-0.1111000000E+02 0.7323663485E-02
-0.1110000000E+02 0.7239899060E-02
-0.1109000000E+02 0.7157710105E-02
-0.1108000000E+02 0.7077056911E-02
-0.1107000000E+02 0.6997901025E-02
-0.1106000000E+02 0.6920205206E-02
-0.1105000000E+02 0.6843933378E-02
-0.1104000000E+02 0.6769050586E-02
-0.1103000000E+02 0.6695522955E-02
-0.1102000000E+02 0.6623317648E-02
-0.1101000000E+02 0.6552402830E-02
-0.1100000000E+02 0.6482747629E-02
-0.1099000000E+02 0.6414322102E-02
-0.1098000000E+02 0.6347097202E-02
-0.1097000000E+02 0.6281044746E-02
-0.1096000000E+02 0.6216137621E-02
-0.1095000000E+02 0.6152349373E-02
-0.1094000000E+02 0.6089653879E-02
-0.1093000000E+02 0.6028028778E-02
-0.1092000000E+02 0.5967469768E-02
-0.1091000000E+02 0.5907929990E-02
-0.1090000000E+02 0.5849386514E-02
-0.1089000000E+02 0.5791817058E-02
-0.1088000000E+02 0.5735199968E-02
-0.1087000000E+02 0.5679514193E-02
-0.1086000000E+02 0.5624739271E-02
-0.1085000000E+02 0.5570855303E-02
-0.1084000000E+02 0.5517842938E-02
-0.1083000000E+02 0.5465683354E-02
-0.1082000000E+02 0.5414358889E-02
-0.1081000000E+02 0.5363851091E-02
-0.1080000000E+02 0.5314142596E-02
-0.1079000000E+02 0.5265216528E-02
-0.1078000000E+02 0.5217056461E-02
-0.1077000000E+02 0.5169646403E-02
-0.1076000000E+02 0.5122970781E-02
-0.1075000000E+02 0.5077014430E-02
-0.1074000000E+02 0.5031762579E-02
-0.1073000000E+02 0.4987200839E-02
-0.1072000000E+02 0.4943315189E-02
-0.1071000000E+02 0.4900092590E-02
-0.1070000000E+02 0.4857521481E-02
-0.1069000000E+02 0.4815586415E-02
-0.1068000000E+02 0.4774274744E-02
-0.1067000000E+02 0.4733574137E-02
-0.1066000000E+02 0.4693472567E-02
-0.1065000000E+02 0.4653958309E-02
-0.1064000000E+02 0.4615019923E-02
-0.1063000000E+02 0.4576646254E-02
-0.1062000000E+02 0.4538826416E-02
-0.1061000000E+02 0.4501549786E-02
-0.1060000000E+02 0.4464806002E-02
-0.1059000000E+02 0.4428585070E-02
-0.1058000000E+02 0.4392877661E-02
-0.1057000000E+02 0.4357673458E-02
-0.1056000000E+02 0.4322963050E-02
-0.1055000000E+02 0.4288737247E-02
-0.1054000000E+02 0.4254987077E-02
-0.1053000000E+02 0.4221703774E-02
-0.1052000000E+02 0.4188878779E-02
-0.1051000000E+02 0.4156503727E-02
-0.1050000000E+02 0.4124570448E-02
-0.1049000000E+02 0.4093070959E-02
-0.1048000000E+02 0.4061997456E-02
-0.1047000000E+02 0.4031342315E-02
-0.1046000000E+02 0.4001098084E-02
-0.1045000000E+02 0.3971257474E-02
-0.1044000000E+02 0.3941813365E-02
-0.1043000000E+02 0.3912758792E-02
-0.1042000000E+02 0.3884086943E-02
-0.1041000000E+02 0.3855791159E-02
-0.1040000000E+02 0.3827864927E-02
-0.1039000000E+02 0.3800301874E-02
-0.1038000000E+02 0.3773095766E-02
-0.1037000000E+02 0.3746240507E-02
-0.1036000000E+02 0.3719730130E-02
-0.1035000000E+02 0.3693558794E-02
-0.1034000000E+02 0.3667720788E-02
-0.1033000000E+02 0.3642210517E-02
-0.1032000000E+02 0.3617022509E-02
-0.1031000000E+02 0.3592151403E-02
-0.1030000000E+02 0.3567591956E-02
-0.1029000000E+02 0.3543339029E-02
-0.1028000000E+02 0.3519387593E-02
-0.1027000000E+02 0.3495732723E-02
-0.1026000000E+02 0.3472369596E-02
-0.1025000000E+02 0.3449293486E-02
-0.1024000000E+02 0.3426499766E-02
-0.1023000000E+02 0.3403983902E-02
-0.1022000000E+02 0.3381741452E-02
-0.1021000000E+02 0.3359768066E-02
-0.1020000000E+02 0.3338059478E-02
-0.1019000000E+02 0.3316611509E-02
-0.1018000000E+02 0.3295433334E-02
-0.1017000000E+02 0.3274514569E-02
-0.1016000000E+02 0.3253843625E-02
-0.1015000000E+02 0.3233416667E-02
-0.1014000000E+02 0.3213229933E-02
-0.1013000000E+02 0.3193279734E-02
-0.1012000000E+02 0.3173562453E-02
-0.1011000000E+02 0.3154074544E-02
-0.1010000000E+02 0.3134812529E-02
-0.1009000000E+02 0.3115852440E-02
-0.1008000000E+02 0.3097196579E-02
-0.1007000000E+02 0.3078750849E-02
-0.1006000000E+02 0.3060512174E-02
-0.1005000000E+02 0.3042477539E-02
-0.1004000000E+02 0.3024643981E-02
-0.1003000000E+02 0.3007008595E-02
-0.1002000000E+02 0.2989568529E-02
-0.1001000000E+02 0.2972320982E-02
-0.1000000000E+02 0.2955263206E-02
-0.9990000000E+01 0.2938392502E-02
-0.9980000000E+01 0.2921706222E-02
-0.9970000000E+01 0.2905201763E-02
-0.9960000000E+01 0.2888876572E-02
-0.9950000000E+01 0.2872728139E-02
-0.9940000000E+01 0.2856756133E-02
-0.9930000000E+01 0.2840956525E-02
-0.9920000000E+01 0.2825326372E-02
-0.9910000000E+01 0.2809863340E-02
-0.9900000000E+01 0.2794565138E-02
-0.9890000000E+01 0.2779429512E-02
-0.9880000000E+01 0.2764454250E-02
-0.9870000000E+01 0.2749637178E-02
-0.9860000000E+01 0.2734976158E-02
-0.9850000000E+01 0.2720469092E-02
-0.9840000000E+01 0.2706113917E-02
-0.9830000000E+01 0.2691908605E-02
-0.9820000000E+01 0.2677851162E-02
-0.9810000000E+01 0.2663939632E-02
-0.9800000000E+01 0.2650172087E-02
-0.9790000000E+01 0.2636546636E-02
-0.9780000000E+01 0.2623061418E-02
-0.9770000000E+01 0.2609714604E-02
-0.9760000000E+01 0.2596504395E-02
-0.9750000000E+01 0.2583429023E-02
-0.9740000000E+01 0.2570486749E-02
-0.9730000000E+01 0.2557675863E-02
-0.9720000000E+01 0.2544994683E-02
-0.9710000000E+01 0.2532441557E-02
-0.9700000000E+01 0.2520014856E-02
-0.9690000000E+01 0.2507712982E-02
-0.9680000000E+01 0.2495534422E-02
-0.9670000000E+01 0.2483477604E-02
-0.9660000000E+01 0.2471540965E-02
-0.9650000000E+01 0.2459723009E-02
-0.9640000000E+01 0.2448022260E-02
-0.9630000000E+01 0.2436445126E-02
-0.9620000000E+01 0.2424987615E-02
-0.9610000000E+01 0.2413642689E-02
-0.9600000000E+01 0.2402408971E-02
-0.9590000000E+01 0.2391285108E-02
-0.9580000000E+01 0.2380269766E-02
-0.9570000000E+01 0.2369361632E-02
-0.9560000000E+01 0.2358559416E-02
-0.9550000000E+01 0.2347861846E-02
-0.9540000000E+01 0.2337267671E-02
-0.9530000000E+01 0.2326775659E-02
-0.9520000000E+01 0.2316384598E-02
-0.9510000000E+01 0.2306093294E-02
-0.9500000000E+01 0.2295900572E-02
-0.9490000000E+01 0.2285805275E-02
-0.9480000000E+01 0.2275806263E-02
-0.9470000000E+01 0.2265902415E-02
-0.9460000000E+01 0.2256092626E-02
-0.9450000000E+01 0.2246375808E-02
-0.9440000000E+01 0.2236750889E-02
-0.9430000000E+01 0.2227216816E-02
-0.9420000000E+01 0.2217772548E-02
-0.9410000000E+01 0.2208417062E-02
-0.9400000000E+01 0.2199149350E-02
-0.9390000000E+01 0.2189968420E-02
-0.9380000000E+01 0.2180873292E-02
-0.9370000000E+01 0.2171863004E-02
-0.9360000000E+01 0.2162936605E-02
-0.9350000000E+01 0.2154093162E-02
-0.9340000000E+01 0.2145331752E-02
-0.9330000000E+01 0.2136651467E-02
-0.9320000000E+01 0.2128051414E-02
-0.9310000000E+01 0.2119530710E-02
-0.9300000000E+01 0.2111088488E-02
-0.9290000000E+01 0.2102723893E-02
-0.9280000000E+01 0.2094436084E-02
-0.9270000000E+01 0.2086224226E-02
-0.9260000000E+01 0.2078087500E-02
-0.9250000000E+01 0.2070025098E-02
-0.9240000000E+01 0.2062036225E-02
-0.9230000000E+01 0.2054120095E-02
-0.9220000000E+01 0.2046275937E-02
-0.9210000000E+01 0.2038502988E-02
-0.9200000000E+01 0.2030800497E-02
-0.9190000000E+01 0.2023167723E-02
-0.9180000000E+01 0.2015603936E-02
-0.9170000000E+01 0.2008108416E-02
-0.9160000000E+01 0.2000680455E-02
-0.9150000000E+01 0.1993319352E-02
-0.9140000000E+01 0.1986027797E-02
-0.9130000000E+01 0.1978802110E-02
-0.9120000000E+01 0.1971641164E-02
-0.9110000000E+01 0.1964544300E-02
-0.9100000000E+01 0.1957510865E-02
-0.9090000000E+01 0.1950540217E-02
-0.9080000000E+01 0.1943631723E-02
-0.9070000000E+01 0.1936787325E-02
-0.9060000000E+01 0.1930011472E-02
-0.9050000000E+01 0.1923295664E-02
-0.9040000000E+01 0.1916639308E-02
-0.9030000000E+01 0.1910041814E-02
-0.9020000000E+01 0.1903502604E-02
-0.9010000000E+01 0.1897021106E-02
-0.9000000000E+01 0.1890596755E-02
-0.8990000000E+01 0.1884228997E-02
-0.8980000000E+01 0.1877917281E-02
-0.8970000000E+01 0.1871661067E-02
-0.8960000000E+01 0.1865459822E-02
-0.8950000000E+01 0.1859313017E-02
-0.8940000000E+01 0.1853220134E-02
-0.8930000000E+01 0.1847182778E-02
-0.8920000000E+01 0.1841199246E-02
-0.8910000000E+01 0.1835268059E-02
-0.8900000000E+01 0.1829388725E-02
-0.8890000000E+01 0.1823560759E-02
-0.8880000000E+01 0.1817783681E-02
-0.8870000000E+01 0.1812057020E-02
-0.8860000000E+01 0.1806380308E-02
-0.8850000000E+01 0.1800753086E-02
-0.8840000000E+01 0.1795174900E-02
-0.8830000000E+01 0.1789645301E-02
-0.8820000000E+01 0.1784163847E-02
-0.8810000000E+01 0.1778730335E-02
-0.8800000000E+01 0.1773350988E-02
-0.8790000000E+01 0.1768018239E-02
-0.8780000000E+01 0.1762731673E-02
-0.8770000000E+01 0.1757490880E-02
-0.8760000000E+01 0.1752295458E-02
-0.8750000000E+01 0.1747148385E-02
-0.8740000000E+01 0.1742046056E-02
-0.8730000000E+01 0.1736987856E-02
-0.8720000000E+01 0.1731973403E-02
-0.8710000000E+01 0.1727002318E-02
-0.8700000000E+01 0.1722074229E-02
-0.8690000000E+01 0.1717188767E-02
-0.8680000000E+01 0.1712345569E-02
-0.8670000000E+01 0.1707544309E-02
-0.8660000000E+01 0.1702784740E-02
-0.8650000000E+01 0.1698066380E-02
-0.8640000000E+01 0.1693388894E-02
-0.8630000000E+01 0.1688751925E-02
-0.8620000000E+01 0.1684155132E-02
-0.8610000000E+01 0.1679598182E-02
-0.8600000000E+01 0.1675080748E-02
-0.8590000000E+01 0.1670602506E-02
-0.8580000000E+01 0.1666163138E-02
-0.8570000000E+01 0.1661762353E-02
-0.8560000000E+01 0.1657399814E-02
-0.8550000000E+01 0.1653075213E-02
-0.8540000000E+01 0.1648789663E-02
-0.8530000000E+01 0.1644542592E-02
-0.8520000000E+01 0.1640332505E-02
-0.8510000000E+01 0.1636159110E-02
-0.8500000000E+01 0.1632022117E-02
-0.8490000000E+01 0.1627921242E-02
-0.8480000000E+01 0.1623856204E-02
-0.8470000000E+01 0.1619826726E-02
-0.8460000000E+01 0.1615832533E-02
-0.8450000000E+01 0.1611873355E-02
-0.8440000000E+01 0.1607948925E-02
-0.8430000000E+01 0.1604058979E-02
-0.8420000000E+01 0.1600203256E-02
-0.8410000000E+01 0.1596381500E-02
-0.8400000000E+01 0.1592593545E-02
-0.8390000000E+01 0.1588839080E-02
-0.8380000000E+01 0.1585117827E-02
-0.8370000000E+01 0.1581429540E-02
-0.8360000000E+01 0.1577773978E-02
-0.8350000000E+01 0.1574151004E-02
-0.8340000000E+01 0.1570560328E-02
-0.8330000000E+01 0.1567001799E-02
-0.8320000000E+01 0.1563475059E-02
-0.8310000000E+01 0.1559979881E-02
-0.8300000000E+01 0.1556516042E-02
-0.8290000000E+01 0.1553083320E-02
-0.8280000000E+01 0.1549681499E-02
-0.8270000000E+01 0.1546310362E-02
-0.8260000000E+01 0.1542969698E-02
-0.8250000000E+01 0.1539659298E-02
-0.8240000000E+01 0.1536378953E-02
-0.8230000000E+01 0.1533128461E-02
-0.8220000000E+01 0.1529907619E-02
-0.8210000000E+01 0.1526716229E-02
-0.8200000000E+01 0.1523554267E-02
-0.8190000000E+01 0.1520421366E-02
-0.8180000000E+01 0.1517317331E-02
-0.8170000000E+01 0.1514242713E-02
-0.8160000000E+01 0.1511196847E-02
-0.8150000000E+01 0.1508179257E-02
-0.8140000000E+01 0.1505189764E-02
-0.8130000000E+01 0.1502228187E-02
-0.8120000000E+01 0.1499294350E-02
-0.8110000000E+01 0.1496388078E-02
-0.8100000000E+01 0.1493509198E-02
-0.8090000000E+01 0.1490657542E-02
-0.8080000000E+01 0.1487832939E-02
-0.8070000000E+01 0.1485035226E-02
-0.8060000000E+01 0.1482264239E-02
-0.8050000000E+01 0.1479519816E-02
-0.8040000000E+01 0.1476801799E-02
-0.8030000000E+01 0.1474110029E-02
-0.8020000000E+01 0.1471445883E-02
-0.8010000000E+01 0.1468817229E-02
-0.8000000000E+01 0.1466214100E-02
-0.7990000000E+01 0.1463636348E-02
-0.7980000000E+01 0.1461083827E-02
-0.7970000000E+01 0.1458556393E-02
-0.7960000000E+01 0.1456053905E-02
-0.7950000000E+01 0.1453576222E-02
-0.7940000000E+01 0.1451123208E-02
-0.7930000000E+01 0.1448694725E-02
-0.7920000000E+01 0.1446290668E-02
-0.7910000000E+01 0.1443910877E-02
-0.7900000000E+01 0.1441555220E-02
-0.7890000000E+01 0.1439223570E-02
-0.7880000000E+01 0.1436915799E-02
-0.7870000000E+01 0.1434631784E-02
-0.7860000000E+01 0.1432371402E-02
-0.7850000000E+01 0.1430134530E-02
-0.7840000000E+01 0.1427921051E-02
-0.7830000000E+01 0.1425730846E-02
-0.7820000000E+01 0.1423563799E-02
-0.7810000000E+01 0.1421419797E-02
-0.7800000000E+01 0.1419298727E-02
-0.7790000000E+01 0.1417200478E-02
-0.7780000000E+01 0.1415124942E-02
-0.7770000000E+01 0.1413072011E-02
-0.7760000000E+01 0.1411041580E-02
-0.7750000000E+01 0.1409033635E-02
-0.7740000000E+01 0.1407048009E-02
-0.7730000000E+01 0.1405084577E-02
-0.7720000000E+01 0.1403143241E-02
-0.7710000000E+01 0.1401223903E-02
-0.7700000000E+01 0.1399326466E-02
-0.7690000000E+01 0.1397450836E-02
-0.7680000000E+01 0.1395596921E-02
-0.7670000000E+01 0.1393764629E-02
-0.7660000000E+01 0.1391953870E-02
-0.7650000000E+01 0.1390164555E-02
-0.7640000000E+01 0.1388396599E-02
-0.7630000000E+01 0.1386651435E-02
-0.7620000000E+01 0.1384927796E-02
-0.7610000000E+01 0.1383225232E-02
-0.7600000000E+01 0.1381543660E-02
-0.7590000000E+01 0.1379883003E-02
-0.7580000000E+01 0.1378243180E-02
-0.7570000000E+01 0.1376624117E-02
-0.7560000000E+01 0.1375025738E-02
-0.7550000000E+01 0.1373448855E-02
-0.7540000000E+01 0.1371893210E-02
-0.7530000000E+01 0.1370358007E-02
-0.7520000000E+01 0.1368843177E-02
-0.7510000000E+01 0.1367348652E-02
-0.7500000000E+01 0.1365874392E-02
-0.7490000000E+01 0.1364420334E-02
-0.7480000000E+01 0.1362986385E-02
-0.7470000000E+01 0.1361572479E-02
-0.7460000000E+01 0.1360178567E-02
-0.7450000000E+01 0.1358804581E-02
-0.7440000000E+01 0.1357451037E-02
-0.7430000000E+01 0.1356118563E-02
-0.7420000000E+01 0.1354808682E-02
-0.7410000000E+01 0.1353519071E-02
-0.7400000000E+01 0.1352249081E-02
-0.7390000000E+01 0.1350998656E-02
-0.7380000000E+01 0.1349767745E-02
-0.7370000000E+01 0.1348556531E-02
-0.7360000000E+01 0.1347366128E-02
-0.7350000000E+01 0.1346195090E-02
-0.7340000000E+01 0.1345043370E-02
-0.7330000000E+01 0.1343910921E-02
-0.7320000000E+01 0.1342797699E-02
-0.7310000000E+01 0.1341703660E-02
-0.7300000000E+01 0.1340628761E-02
-0.7290000000E+01 0.1339572962E-02
-0.7280000000E+01 0.1338536223E-02
-0.7270000000E+01 0.1337518505E-02
-0.7260000000E+01 0.1336519772E-02
-0.7250000000E+01 0.1335539986E-02
-0.7240000000E+01 0.1334579114E-02
-0.7230000000E+01 0.1333637219E-02
-0.7220000000E+01 0.1332716444E-02
-0.7210000000E+01 0.1331814499E-02
-0.7200000000E+01 0.1330931353E-02
-0.7190000000E+01 0.1330066977E-02
-0.7180000000E+01 0.1329222458E-02
-0.7170000000E+01 0.1328396902E-02
-0.7160000000E+01 0.1327590279E-02
-0.7150000000E+01 0.1326802691E-02
-0.7140000000E+01 0.1326033747E-02
-0.7130000000E+01 0.1325283426E-02
-0.7120000000E+01 0.1324551707E-02
-0.7110000000E+01 0.1323838572E-02
-0.7100000000E+01 0.1323144003E-02
-0.7090000000E+01 0.1322467986E-02
-0.7080000000E+01 0.1321810665E-02
-0.7070000000E+01 0.1321171865E-02
-0.7060000000E+01 0.1320551573E-02
-0.7050000000E+01 0.1319949778E-02
-0.7040000000E+01 0.1319366468E-02
-0.7030000000E+01 0.1318801634E-02
-0.7020000000E+01 0.1318255269E-02
-0.7010000000E+01 0.1317727365E-02
-0.7000000000E+01 0.1317217945E-02
-0.6990000000E+01 0.1316726983E-02
-0.6980000000E+01 0.1316255472E-02
-0.6970000000E+01 0.1315809506E-02
-0.6960000000E+01 0.1315382070E-02
-0.6950000000E+01 0.1314973164E-02
-0.6940000000E+01 0.1314582788E-02
-0.6930000000E+01 0.1314210942E-02
-0.6920000000E+01 0.1313857628E-02
-0.6910000000E+01 0.1313522852E-02
-0.6900000000E+01 0.1313206617E-02
-0.6890000000E+01 0.1312908929E-02
-0.6880000000E+01 0.1312629797E-02
-0.6870000000E+01 0.1312369230E-02
-0.6860000000E+01 0.1312127236E-02
-0.6850000000E+01 0.1311903829E-02
-0.6840000000E+01 0.1311699019E-02
-0.6830000000E+01 0.1311512822E-02
-0.6820000000E+01 0.1311345253E-02
-0.6810000000E+01 0.1311196329E-02
-0.6800000000E+01 0.1311066066E-02
-0.6790000000E+01 0.1310954485E-02
-0.6780000000E+01 0.1310861607E-02
-0.6770000000E+01 0.1310787453E-02
-0.6760000000E+01 0.1310732046E-02
-0.6750000000E+01 0.1310695411E-02
-0.6740000000E+01 0.1310677575E-02
-0.6730000000E+01 0.1310678564E-02
-0.6720000000E+01 0.1310698408E-02
-0.6710000000E+01 0.1310737136E-02
-0.6700000000E+01 0.1310794780E-02
-0.6690000000E+01 0.1310871373E-02
-0.6680000000E+01 0.1310966949E-02
-0.6670000000E+01 0.1311081544E-02
-0.6660000000E+01 0.1311215196E-02
-0.6650000000E+01 0.1311367942E-02
-0.6640000000E+01 0.1311539823E-02
-0.6630000000E+01 0.1311730881E-02
-0.6620000000E+01 0.1311941158E-02
-0.6610000000E+01 0.1312170698E-02
-0.6600000000E+01 0.1312419549E-02
-0.6590000000E+01 0.1312687756E-02
-0.6580000000E+01 0.1312975370E-02
-0.6570000000E+01 0.1313282440E-02
-0.6560000000E+01 0.1313609018E-02
-0.6550000000E+01 0.1313955159E-02
-0.6540000000E+01 0.1314320916E-02
-0.6530000000E+01 0.1314706347E-02
-0.6520000000E+01 0.1315111510E-02
-0.6510000000E+01 0.1315536465E-02
-0.6500000000E+01 0.1315981273E-02
-0.6490000000E+01 0.1316445996E-02
-0.6480000000E+01 0.1316930701E-02
-0.6470000000E+01 0.1317435452E-02
-0.6460000000E+01 0.1317960319E-02
-0.6450000000E+01 0.1318505370E-02
-0.6440000000E+01 0.1319070677E-02
-0.6430000000E+01 0.1319657462E-02
-0.6420000000E+01 0.1320265080E-02
-0.6410000000E+01 0.1320893275E-02
-0.6400000000E+01 0.1321543373E-02
-0.6390000000E+01 0.1322214140E-02
-0.6380000000E+01 0.1322905657E-02
-0.6370000000E+01 0.1323618021E-02
-0.6360000000E+01 0.1324351321E-02
-0.6350000000E+01 0.1325105625E-02
-0.6340000000E+01 0.1325881024E-02
-0.6330000000E+01 0.1326677862E-02
-0.6320000000E+01 0.1327496062E-02
-0.6310000000E+01 0.1328335638E-02
-0.6300000000E+01 0.1329196750E-02
-0.6290000000E+01 0.1330079465E-02
-0.6280000000E+01 0.1330983853E-02
-0.6270000000E+01 0.1331910016E-02
-0.6260000000E+01 0.1332858059E-02
-0.6250000000E+01 0.1333828088E-02
-0.6240000000E+01 0.1334820234E-02
-0.6230000000E+01 0.1335834590E-02
-0.6220000000E+01 0.1336871265E-02
-0.6210000000E+01 0.1337930372E-02
-0.6200000000E+01 0.1339012030E-02
-0.6190000000E+01 0.1340116356E-02
-0.6180000000E+01 0.1341244931E-02
-0.6170000000E+01 0.1342399500E-02
-0.6160000000E+01 0.1343577226E-02
-0.6150000000E+01 0.1344778240E-02
-0.6140000000E+01 0.1346002674E-02
-0.6130000000E+01 0.1347250660E-02
-0.6120000000E+01 0.1348522337E-02
-0.6110000000E+01 0.1349817842E-02
-0.6100000000E+01 0.1351137317E-02
-0.6090000000E+01 0.1352480907E-02
-0.6080000000E+01 0.1353848757E-02
-0.6070000000E+01 0.1355241017E-02
-0.6060000000E+01 0.1356657837E-02
-0.6050000000E+01 0.1358099374E-02
-0.6040000000E+01 0.1359565782E-02
-0.6030000000E+01 0.1361057222E-02
-0.6020000000E+01 0.1362573857E-02
-0.6010000000E+01 0.1364115921E-02
-0.6000000000E+01 0.1365683523E-02
-0.5990000000E+01 0.1367276825E-02
-0.5980000000E+01 0.1368896000E-02
-0.5970000000E+01 0.1370541223E-02
-0.5960000000E+01 0.1372212866E-02
-0.5950000000E+01 0.1373911332E-02
-0.5940000000E+01 0.1375636410E-02
-0.5930000000E+01 0.1377388289E-02
-0.5920000000E+01 0.1379167160E-02
-0.5910000000E+01 0.1380973219E-02
-0.5900000000E+01 0.1382806664E-02
-0.5890000000E+01 0.1384667698E-02
-0.5880000000E+01 0.1386556525E-02
-0.5870000000E+01 0.1388473354E-02
-0.5860000000E+01 0.1390418397E-02
-0.5850000000E+01 0.1392391868E-02
-0.5840000000E+01 0.1394395430E-02
-0.5830000000E+01 0.1396429574E-02
-0.5820000000E+01 0.1398492848E-02
-0.5810000000E+01 0.1400585482E-02
-0.5800000000E+01 0.1402707709E-02
-0.5790000000E+01 0.1404859767E-02
-0.5780000000E+01 0.1407041897E-02
-0.5770000000E+01 0.1409254343E-02
-0.5760000000E+01 0.1411497356E-02
-0.5750000000E+01 0.1413771188E-02
-0.5740000000E+01 0.1416076096E-02
-0.5730000000E+01 0.1418412341E-02
-0.5720000000E+01 0.1420780191E-02
-0.5710000000E+01 0.1423179930E-02
-0.5700000000E+01 0.1425612478E-02
-0.5690000000E+01 0.1428077459E-02
-0.5680000000E+01 0.1430575157E-02
-0.5670000000E+01 0.1433105861E-02
-0.5660000000E+01 0.1435669862E-02
-0.5650000000E+01 0.1438267459E-02
-0.5640000000E+01 0.1440899160E-02
-0.5630000000E+01 0.1443567920E-02
-0.5620000000E+01 0.1446271246E-02
-0.5610000000E+01 0.1449009455E-02
-0.5600000000E+01 0.1451782869E-02
-0.5590000000E+01 0.1454591818E-02
-0.5580000000E+01 0.1457436638E-02
-0.5570000000E+01 0.1460317665E-02
-0.5560000000E+01 0.1463235242E-02
-0.5550000000E+01 0.1466189720E-02
-0.5540000000E+01 0.1469181452E-02
-0.5530000000E+01 0.1472210802E-02
-0.5520000000E+01 0.1475278135E-02
-0.5510000000E+01 0.1478383826E-02
-0.5500000000E+01 0.1481528255E-02
-0.5490000000E+01 0.1484711806E-02
-0.5480000000E+01 0.1487934872E-02
-0.5470000000E+01 0.1491197851E-02
-0.5460000000E+01 0.1494501149E-02
-0.5450000000E+01 0.1497845178E-02
-0.5440000000E+01 0.1501230356E-02
-0.5430000000E+01 0.1504657109E-02
-0.5420000000E+01 0.1508125870E-02
-0.5410000000E+01 0.1511637078E-02
-0.5400000000E+01 0.1515191181E-02
-0.5390000000E+01 0.1518788634E-02
-0.5380000000E+01 0.1522429899E-02
-0.5370000000E+01 0.1526115445E-02
-0.5360000000E+01 0.1529845752E-02
-0.5350000000E+01 0.1533621304E-02
-0.5340000000E+01 0.1537442597E-02
-0.5330000000E+01 0.1541310133E-02
-0.5320000000E+01 0.1545224422E-02
-0.5310000000E+01 0.1549186469E-02
-0.5300000000E+01 0.1553197032E-02
-0.5290000000E+01 0.1557255952E-02
-0.5280000000E+01 0.1561363777E-02
-0.5270000000E+01 0.1565521063E-02
-0.5260000000E+01 0.1569728374E-02
-0.5250000000E+01 0.1573986287E-02
-0.5240000000E+01 0.1578295387E-02
-0.5230000000E+01 0.1582656269E-02
-0.5220000000E+01 0.1587069539E-02
-0.5210000000E+01 0.1591535813E-02
-0.5200000000E+01 0.1596055718E-02
-0.5190000000E+01 0.1600629891E-02
-0.5180000000E+01 0.1605258981E-02
-0.5170000000E+01 0.1609943649E-02
-0.5160000000E+01 0.1614684566E-02
-0.5150000000E+01 0.1619482417E-02
-0.5140000000E+01 0.1624338205E-02
-0.5130000000E+01 0.1629252354E-02
-0.5120000000E+01 0.1634225566E-02
-0.5110000000E+01 0.1639258574E-02
-0.5100000000E+01 0.1644352363E-02
-0.5090000000E+01 0.1649507464E-02
-0.5080000000E+01 0.1654724647E-02
-0.5070000000E+01 0.1660004699E-02
-0.5060000000E+01 0.1665348421E-02
-0.5050000000E+01 0.1670756630E-02
-0.5040000000E+01 0.1676230156E-02
-0.5030000000E+01 0.1681769845E-02
-0.5020000000E+01 0.1687376558E-02
-0.5010000000E+01 0.1693051173E-02
-0.5000000000E+01 0.1698794582E-02
-0.4990000000E+01 0.1704607696E-02
-0.4980000000E+01 0.1710491440E-02
-0.4970000000E+01 0.1716446757E-02
-0.4960000000E+01 0.1722474610E-02
-0.4950000000E+01 0.1728578242E-02
-0.4940000000E+01 0.1734760579E-02
-0.4930000000E+01 0.1741018536E-02
-0.4920000000E+01 0.1747353350E-02
-0.4910000000E+01 0.1753766330E-02
-0.4900000000E+01 0.1760258106E-02
-0.4890000000E+01 0.1766829772E-02
-0.4880000000E+01 0.1773482445E-02
-0.4870000000E+01 0.1780217262E-02
-0.4860000000E+01 0.1787035382E-02
-0.4850000000E+01 0.1793937988E-02
-0.4840000000E+01 0.1800926283E-02
-0.4830000000E+01 0.1808001496E-02
-0.4820000000E+01 0.1815164877E-02
-0.4810000000E+01 0.1822417703E-02
-0.4800000000E+01 0.1829761275E-02
-0.4790000000E+01 0.1837200544E-02
-0.4780000000E+01 0.1844757557E-02
-0.4770000000E+01 0.1852409851E-02
-0.4760000000E+01 0.1860158837E-02
-0.4750000000E+01 0.1868005955E-02
-0.4740000000E+01 0.1875952672E-02
-0.4730000000E+01 0.1884000485E-02
-0.4720000000E+01 0.1892150921E-02
-0.4710000000E+01 0.1900405539E-02
-0.4700000000E+01 0.1908765927E-02
-0.4690000000E+01 0.1917233708E-02
-0.4680000000E+01 0.1925810537E-02
-0.4670000000E+01 0.1934498102E-02
-0.4660000000E+01 0.1943298128E-02
-0.4650000000E+01 0.1952212374E-02
-0.4640000000E+01 0.1961242635E-02
-0.4630000000E+01 0.1970390745E-02
-0.4620000000E+01 0.1979658576E-02
-0.4610000000E+01 0.1989048037E-02
-0.4600000000E+01 0.1998561081E-02
-0.4590000000E+01 0.2008199699E-02
-0.4580000000E+01 0.2017965926E-02
-0.4570000000E+01 0.2027861840E-02
-0.4560000000E+01 0.2037889565E-02
-0.4550000000E+01 0.2048051267E-02
-0.4540000000E+01 0.2058349162E-02
-0.4530000000E+01 0.2068785513E-02
-0.4520000000E+01 0.2079362633E-02
-0.4510000000E+01 0.2090082884E-02
-0.4500000000E+01 0.2100948681E-02
-0.4490000000E+01 0.2111962493E-02
-0.4480000000E+01 0.2123126841E-02
-0.4470000000E+01 0.2134444306E-02
-0.4460000000E+01 0.2145917523E-02
-0.4450000000E+01 0.2157549188E-02
-0.4440000000E+01 0.2169342057E-02
-0.4430000000E+01 0.2181298950E-02
-0.4420000000E+01 0.2193422749E-02
-0.4410000000E+01 0.2205716403E-02
-0.4400000000E+01 0.2218182928E-02
-0.4390000000E+01 0.2230825411E-02
-0.4380000000E+01 0.2243647008E-02
-0.4370000000E+01 0.2256650951E-02
-0.4360000000E+01 0.2269840546E-02
-0.4350000000E+01 0.2283219177E-02
-0.4340000000E+01 0.2296790307E-02
-0.4330000000E+01 0.2310557482E-02
-0.4320000000E+01 0.2324524333E-02
-0.4310000000E+01 0.2338694576E-02
-0.4300000000E+01 0.2353072018E-02
-0.4290000000E+01 0.2367660557E-02
-0.4280000000E+01 0.2382464185E-02
-0.4270000000E+01 0.2397486993E-02
-0.4260000000E+01 0.2412733171E-02
-0.4250000000E+01 0.2428207011E-02
-0.4240000000E+01 0.2443912915E-02
-0.4230000000E+01 0.2459855390E-02
-0.4220000000E+01 0.2476039059E-02
-0.4210000000E+01 0.2492468657E-02
-0.4200000000E+01 0.2509149044E-02
-0.4190000000E+01 0.2526085198E-02
-0.4180000000E+01 0.2543282227E-02
-0.4170000000E+01 0.2560745369E-02
-0.4160000000E+01 0.2578479996E-02
-0.4150000000E+01 0.2596491619E-02
-0.4140000000E+01 0.2614785895E-02
-0.4130000000E+01 0.2633368626E-02
-0.4120000000E+01 0.2652245767E-02
-0.4110000000E+01 0.2671423431E-02
-0.4100000000E+01 0.2690907892E-02
-0.4090000000E+01 0.2710705595E-02
-0.4080000000E+01 0.2730823153E-02
-0.4070000000E+01 0.2751267362E-02
-0.4060000000E+01 0.2772045522E-02
-0.4050000000E+01 0.2793164521E-02
-0.4040000000E+01 0.2814631691E-02
-0.4030000000E+01 0.2836454601E-02
-0.4020000000E+01 0.2858641029E-02
-0.4010000000E+01 0.2881198971E-02
-0.4000000000E+01 0.2904136646E-02
-0.3990000000E+01 0.2927462507E-02
-0.3980000000E+01 0.2951185242E-02
-0.3970000000E+01 0.2975313793E-02
-0.3960000000E+01 0.2999857354E-02
-0.3950000000E+01 0.3024825386E-02
-0.3940000000E+01 0.3050227624E-02
-0.3930000000E+01 0.3076074087E-02
-0.3920000000E+01 0.3102375089E-02
-0.3910000000E+01 0.3129141247E-02
-0.3900000000E+01 0.3156383496E-02
-0.3890000000E+01 0.3184114881E-02
-0.3880000000E+01 0.3212346976E-02
-0.3870000000E+01 0.3241089999E-02
-0.3860000000E+01 0.3270356265E-02
-0.3850000000E+01 0.3300158462E-02
-0.3840000000E+01 0.3330509672E-02
-0.3830000000E+01 0.3361423380E-02
-0.3820000000E+01 0.3392913495E-02
-0.3810000000E+01 0.3424994357E-02
-0.3800000000E+01 0.3457680765E-02
-0.3790000000E+01 0.3490987985E-02
-0.3780000000E+01 0.3524931771E-02
-0.3770000000E+01 0.3559528386E-02
-0.3760000000E+01 0.3594794618E-02
-0.3750000000E+01 0.3630747804E-02
-0.3740000000E+01 0.3667407745E-02
-0.3730000000E+01 0.3704794429E-02
-0.3720000000E+01 0.3742923646E-02
-0.3710000000E+01 0.3781815149E-02
-0.3700000000E+01 0.3821489923E-02
-0.3690000000E+01 0.3861969528E-02
-0.3680000000E+01 0.3903274821E-02
-0.3670000000E+01 0.3945428388E-02
-0.3660000000E+01 0.3988453596E-02
-0.3650000000E+01 0.4032374628E-02
-0.3640000000E+01 0.4077216517E-02
-0.3630000000E+01 0.4123005181E-02
-0.3620000000E+01 0.4169767463E-02
-0.3610000000E+01 0.4217531186E-02
-0.3600000000E+01 0.4266325380E-02
-0.3590000000E+01 0.4316179673E-02
-0.3580000000E+01 0.4367125021E-02
-0.3570000000E+01 0.4419193523E-02
-0.3560000000E+01 0.4472418473E-02
-0.3550000000E+01 0.4526834417E-02
-0.3540000000E+01 0.4582477201E-02
-0.3530000000E+01 0.4639384042E-02
-0.3520000000E+01 0.4697593581E-02
-0.3510000000E+01 0.4757145955E-02
-0.3500000000E+01 0.4818084790E-02
-0.3490000000E+01 0.4880679249E-02
-0.3480000000E+01 0.4944757126E-02
-0.3470000000E+01 0.5010365704E-02
-0.3460000000E+01 0.5077554168E-02
-0.3450000000E+01 0.5146373703E-02
-0.3440000000E+01 0.5216877586E-02
-0.3430000000E+01 0.5289121295E-02
-0.3420000000E+01 0.5363162617E-02
-0.3410000000E+01 0.5439061762E-02
-0.3400000000E+01 0.5516881491E-02
-0.3390000000E+01 0.5596687239E-02
-0.3380000000E+01 0.5678547263E-02
-0.3370000000E+01 0.5762532779E-02
-0.3360000000E+01 0.5848718127E-02
-0.3350000000E+01 0.5937180927E-02
-0.3340000000E+01 0.6028002263E-02
-0.3330000000E+01 0.6121266863E-02
-0.3320000000E+01 0.6217063304E-02
-0.3310000000E+01 0.6315484218E-02
-0.3300000000E+01 0.6416626518E-02
-0.3290000000E+01 0.6520591641E-02
-0.3280000000E+01 0.6627485800E-02
-0.3270000000E+01 0.6737420258E-02
-0.3260000000E+01 0.6850511618E-02
-0.3250000000E+01 0.6966882134E-02
-0.3240000000E+01 0.7086660043E-02
-0.3230000000E+01 0.7209979920E-02
-0.3220000000E+01 0.7336983054E-02
-0.3210000000E+01 0.7467817861E-02
-0.3200000000E+01 0.7602640313E-02
-0.3190000000E+01 0.7741614407E-02
-0.3180000000E+01 0.7884912666E-02
-0.3170000000E+01 0.8032716674E-02
-0.3160000000E+01 0.8185217657E-02
-0.3150000000E+01 0.8342617100E-02
-0.3140000000E+01 0.8505127415E-02
-0.3130000000E+01 0.8672972661E-02
-0.3120000000E+01 0.8846389319E-02
-0.3110000000E+01 0.9025627125E-02
-0.3100000000E+01 0.9210949974E-02
-0.3090000000E+01 0.9402636892E-02
-0.3080000000E+01 0.9600983090E-02
-0.3070000000E+01 0.9806301103E-02
-0.3060000000E+01 0.1001892202E-01
-0.3050000000E+01 0.1023919684E-01
-0.3040000000E+01 0.1046749789E-01
-0.3030000000E+01 0.1070422043E-01
-0.3020000000E+01 0.1094978437E-01
-0.3010000000E+01 0.1120463610E-01
-0.3000000000E+01 0.1146925055E-01
-0.2990000000E+01 0.1174413361E-01
-0.2980000000E+01 0.1202982420E-01
-0.2970000000E+01 0.1232689676E-01
-0.2960000000E+01 0.1263596468E-01
-0.2950000000E+01 0.1295768322E-01
-0.2940000000E+01 0.1329275301E-01
-0.2930000000E+01 0.1364192387E-01
-0.2920000000E+01 0.1400599898E-01
-0.2910000000E+01 0.1438583951E-01
-0.2900000000E+01 0.1478236976E-01
-0.2890000000E+01 0.1519658271E-01
-0.2880000000E+01 0.1562954633E-01
-0.2870000000E+01 0.1608241039E-01
-0.2860000000E+01 0.1655641415E-01
-0.2850000000E+01 0.1705289481E-01
-0.2840000000E+01 0.1757329696E-01
-0.2830000000E+01 0.1811918309E-01
-0.2820000000E+01 0.1869224533E-01
-0.2810000000E+01 0.1929431852E-01
-0.2800000000E+01 0.1992739497E-01
-0.2790000000E+01 0.2059364087E-01
-0.2780000000E+01 0.2129541487E-01
-0.2770000000E+01 0.2203528894E-01
-0.2760000000E+01 0.2281607188E-01
-0.2750000000E+01 0.2364083605E-01
-0.2740000000E+01 0.2451294751E-01
-0.2730000000E+01 0.2543610040E-01
-0.2720000000E+01 0.2641435599E-01
-0.2710000000E+01 0.2745218734E-01
-0.2700000000E+01 0.2855453040E-01
-0.2690000000E+01 0.2972684262E-01
-0.2680000000E+01 0.3097517048E-01
-0.2670000000E+01 0.3230622730E-01
-0.2660000000E+01 0.3372748347E-01
-0.2650000000E+01 0.3524727110E-01
-0.2640000000E+01 0.3687490597E-01
-0.2630000000E+01 0.3862083010E-01
-0.2620000000E+01 0.4049677897E-01
-0.2610000000E+01 0.4251597838E-01
-0.2600000000E+01 0.4469337716E-01
-0.2590000000E+01 0.4704592333E-01
-0.2580000000E+01 0.4959289323E-01
-0.2570000000E+01 0.5235628555E-01
-0.2560000000E+01 0.5536129526E-01
-0.2550000000E+01 0.5863688646E-01
-0.2540000000E+01 0.6221648854E-01
-0.2530000000E+01 0.6613884673E-01
-0.2520000000E+01 0.7044906738E-01
-0.2510000000E+01 0.7519991066E-01
-0.2500000000E+01 0.8045339962E-01
-0.2490000000E+01 0.8628283703E-01
-0.2480000000E+01 0.9277535237E-01
-0.2470000000E+01 0.1000351436E+00
-0.2460000000E+01 0.1081876387E+00
-0.2450000000E+01 0.1173848860E+00
-0.2440000000E+01 0.1278126050E+00
-0.2430000000E+01 0.1396995061E+00
-0.2420000000E+01 0.1533297486E+00
-0.2410000000E+01 0.1690598000E+00
-0.2400000000E+01 0.1873415541E+00
-0.2390000000E+01 0.2087544920E+00
-0.2380000000E+01 0.2340511331E+00
-0.2370000000E+01 0.2642223803E+00
-0.2360000000E+01 0.3005932582E+00
-0.2350000000E+01 0.3449661220E+00
-0.2340000000E+01 0.3998398368E+00
-0.2330000000E+01 0.4687538216E+00
-0.2320000000E+01 0.5568433828E+00
-0.2310000000E+01 0.6717640726E+00
-0.2300000000E+01 0.8252826570E+00
-0.2290000000E+01 0.1036114580E+01
-0.2280000000E+01 0.1335167734E+01
-0.2270000000E+01 0.1775524146E+01
-0.2260000000E+01 0.2451557934E+01
-0.2250000000E+01 0.3532816013E+01
-0.2240000000E+01 0.5299452150E+01
-0.2230000000E+01 0.8010949346E+01
-0.2220000000E+01 0.1093423554E+02
-0.2210000000E+01 0.1128953230E+02
-0.2200000000E+01 0.8606778864E+01
-0.2190000000E+01 0.5738130640E+01
-0.2180000000E+01 0.3804956140E+01
-0.2170000000E+01 0.2619238829E+01
-0.2160000000E+01 0.1882642271E+01
-0.2150000000E+01 0.1406641046E+01
-0.2140000000E+01 0.1085795435E+01
-0.2130000000E+01 0.8610803106E+00
-0.2120000000E+01 0.6983707990E+00
-0.2110000000E+01 0.5771536118E+00
-0.2100000000E+01 0.4846189004E+00
-0.2090000000E+01 0.4124832307E+00
-0.2080000000E+01 0.3552202035E+00
-0.2070000000E+01 0.3090391235E+00
-0.2060000000E+01 0.2712751127E+00
-0.2050000000E+01 0.2400133528E+00
-0.2040000000E+01 0.2138508988E+00
-0.2030000000E+01 0.1917417550E+00
-0.2020000000E+01 0.1728937300E+00
-0.2010000000E+01 0.1566982968E+00
-0.2000000000E+01 0.1426819726E+00
-0.1990000000E+01 0.1304720207E+00
-0.1980000000E+01 0.1197718659E+00
-0.1970000000E+01 0.1103432124E+00
-0.1960000000E+01 0.1019928605E+00
-0.1950000000E+01 0.9456286726E-01
-0.1940000000E+01 0.8792311652E-01
-0.1930000000E+01 0.8196564983E-01
-0.1920000000E+01 0.7660029749E-01
-0.1910000000E+01 0.7175128051E-01
-0.1900000000E+01 0.6735454504E-01
-0.1890000000E+01 0.6335565454E-01
-0.1880000000E+01 0.5970811040E-01
-0.1870000000E+01 0.5637200451E-01
-0.1860000000E+01 0.5331293086E-01
-0.1850000000E+01 0.5050110097E-01
-0.1840000000E+01 0.4791062069E-01
-0.1830000000E+01 0.4551889558E-01
-0.1820000000E+01 0.4330613948E-01
-0.1810000000E+01 0.4125496630E-01
-0.1800000000E+01 0.3935004932E-01
-0.1790000000E+01 0.3757783554E-01
-0.1780000000E+01 0.3592630520E-01
-0.1770000000E+01 0.3438478289E-01
-0.1760000000E+01 0.3294372179E-01
-0.1750000000E+01 0.3159459954E-01
-0.1740000000E+01 0.3032977842E-01
-0.1730000000E+01 0.2914239745E-01
-0.1720000000E+01 0.2802627956E-01
-0.1710000000E+01 0.2697585145E-01
-0.1700000000E+01 0.2598607418E-01
-0.1690000000E+01 0.2505238291E-01
-0.1680000000E+01 0.2417063440E-01
-0.1670000000E+01 0.2333706118E-01
-0.1660000000E+01 0.2254823137E-01
-0.1650000000E+01 0.2180101355E-01
-0.1640000000E+01 0.2109254569E-01
-0.1630000000E+01 0.2042020786E-01
-0.1620000000E+01 0.1978159813E-01
-0.1610000000E+01 0.1917453654E-01
-0.1600000000E+01 0.1859699790E-01
-0.1590000000E+01 0.1804708807E-01
-0.1580000000E+01 0.1752308574E-01
-0.1570000000E+01 0.1702340189E-01
-0.1560000000E+01 0.1654656779E-01
-0.1550000000E+01 0.1609122427E-01
-0.1540000000E+01 0.1565611206E-01
-0.1530000000E+01 0.1524006316E-01
-0.1520000000E+01 0.1484199297E-01
-0.1510000000E+01 0.1446089334E-01
-0.1500000000E+01 0.1409582616E-01
-0.1490000000E+01 0.1374591767E-01
-0.1480000000E+01 0.1341035319E-01
-0.1470000000E+01 0.1308837249E-01
-0.1460000000E+01 0.1277926545E-01
-0.1450000000E+01 0.1248236821E-01
-0.1440000000E+01 0.1219705958E-01
-0.1430000000E+01 0.1192275786E-01
-0.1420000000E+01 0.1165891789E-01
-0.1410000000E+01 0.1140502834E-01
-0.1400000000E+01 0.1116060925E-01
-0.1390000000E+01 0.1092520980E-01
-0.1380000000E+01 0.1069840625E-01
-0.1370000000E+01 0.1047980002E-01
-0.1360000000E+01 0.1026901600E-01
-0.1350000000E+01 0.1006570089E-01
-0.1340000000E+01 0.9869523257E-02
-0.1330000000E+01 0.9680169943E-02
-0.1320000000E+01 0.9497342741E-02
-0.1310000000E+01 0.9320762223E-02
-0.1300000000E+01 0.9150164551E-02
-0.1290000000E+01 0.8985300505E-02
-0.1280000000E+01 0.8825934589E-02
-0.1270000000E+01 0.8671844195E-02
-0.1260000000E+01 0.8522818846E-02
-0.1250000000E+01 0.8378659487E-02
-0.1240000000E+01 0.8239177837E-02
-0.1230000000E+01 0.8104195786E-02
-0.1220000000E+01 0.7973544846E-02
-0.1210000000E+01 0.7847065643E-02
-0.1200000000E+01 0.7724607447E-02
-0.1190000000E+01 0.7606027749E-02
-0.1180000000E+01 0.7491191866E-02
-0.1170000000E+01 0.7379972593E-02
-0.1160000000E+01 0.7272249873E-02
-0.1150000000E+01 0.7167910516E-02
-0.1140000000E+01 0.7066847938E-02
-0.1130000000E+01 0.6968961937E-02
-0.1120000000E+01 0.6874158499E-02
-0.1110000000E+01 0.6782349634E-02
-0.1100000000E+01 0.6693453247E-02
-0.1090000000E+01 0.6607393037E-02
-0.1080000000E+01 0.6524098434E-02
-0.1070000000E+01 0.6443504570E-02
-0.1060000000E+01 0.6365552287E-02
-0.1050000000E+01 0.6290188196E-02
-0.1040000000E+01 0.6217364765E-02
-0.1030000000E+01 0.6147040474E-02
-0.1020000000E+01 0.6079180017E-02
-0.1010000000E+01 0.6013754576E-02
-0.1000000000E+01 0.5950742158E-02
-0.9900000000E+00 0.5890128027E-02
-0.9800000000E+00 0.5831905231E-02
-0.9700000000E+00 0.5776075241E-02
-0.9600000000E+00 0.5722648728E-02
-0.9500000000E+00 0.5671646502E-02
-0.9400000000E+00 0.5623100639E-02
-0.9300000000E+00 0.5577055832E-02
-0.9200000000E+00 0.5533571024E-02
-0.9100000000E+00 0.5492721368E-02
-0.9000000000E+00 0.5454600584E-02
-0.8900000000E+00 0.5419323809E-02
-0.8800000000E+00 0.5387031043E-02
-0.8700000000E+00 0.5357891323E-02
-0.8600000000E+00 0.5332107802E-02
-0.8500000000E+00 0.5309923932E-02
-0.8400000000E+00 0.5291631020E-02
-0.8300000000E+00 0.5277577470E-02
-0.8200000000E+00 0.5268180113E-02
-0.8100000000E+00 0.5263938101E-02
-0.8000000000E+00 0.5265449919E-02
-0.7900000000E+00 0.5273434155E-02
-0.7800000000E+00 0.5288754690E-02
-0.7700000000E+00 0.5312450874E-02
-0.7600000000E+00 0.5345772914E-02
-0.7500000000E+00 0.5390221838E-02
-0.7400000000E+00 0.5447591539E-02
-0.7300000000E+00 0.5520006598E-02
-0.7200000000E+00 0.5609942276E-02
-0.7100000000E+00 0.5720199406E-02
-0.7000000000E+00 0.5853782435E-02
-0.6900000000E+00 0.6013587536E-02
-0.6800000000E+00 0.6201744325E-02
-0.6700000000E+00 0.6418375651E-02
-0.6600000000E+00 0.6659493151E-02
-0.6500000000E+00 0.6913883884E-02
-0.6400000000E+00 0.7159486963E-02
-0.6300000000E+00 0.7361264718E-02
-0.6200000000E+00 0.7474513520E-02
-0.6100000000E+00 0.7457293786E-02
-0.6000000000E+00 0.7289380871E-02
-0.5900000000E+00 0.6985477035E-02
-0.5800000000E+00 0.6590472034E-02
-0.5700000000E+00 0.6159610794E-02
-0.5600000000E+00 0.5738908968E-02
-0.5500000000E+00 0.5356541175E-02
-0.5400000000E+00 0.5024292743E-02
-0.5300000000E+00 0.4743101431E-02
-0.5200000000E+00 0.4508326777E-02
-0.5100000000E+00 0.4313274567E-02
-0.5000000000E+00 0.4151104961E-02
-0.4900000000E+00 0.4015679527E-02
-0.4800000000E+00 0.3901827663E-02
-0.4700000000E+00 0.3805337954E-02
-0.4600000000E+00 0.3722840859E-02
-0.4500000000E+00 0.3651663829E-02
-0.4400000000E+00 0.3589693902E-02
-0.4300000000E+00 0.3535260160E-02
-0.4200000000E+00 0.3487038121E-02
-0.4100000000E+00 0.3443974049E-02
-0.4000000000E+00 0.3421355730E-02
-0.3900000000E+00 0.3420549638E-02
-0.3800000000E+00 0.3417548903E-02
-0.3700000000E+00 0.3412787827E-02
-0.3600000000E+00 0.3406620527E-02
-0.3500000000E+00 0.3399337491E-02
-0.3400000000E+00 0.3391178529E-02
-0.3300000000E+00 0.3382342954E-02
-0.3200000000E+00 0.3372997638E-02
-0.3100000000E+00 0.3363283434E-02
-0.3000000000E+00 0.3353320347E-02
-0.2900000000E+00 0.3343211722E-02
-0.2800000000E+00 0.3333047692E-02
-0.2700000000E+00 0.3322908063E-02
-0.2600000000E+00 0.3312864754E-02
-0.2500000000E+00 0.3302983939E-02
-0.2400000000E+00 0.3293327966E-02
-0.2300000000E+00 0.3283957143E-02
-0.2200000000E+00 0.3274931489E-02
-0.2100000000E+00 0.3266312506E-02
-0.2000000000E+00 0.3258165083E-02
-0.1900000000E+00 0.3250559627E-02
-0.1800000000E+00 0.3243574542E-02
-0.1700000000E+00 0.3237299235E-02
-0.1600000000E+00 0.3231837850E-02
-0.1500000000E+00 0.3227314048E-02
-0.1400000000E+00 0.3223877248E-02
-0.1300000000E+00 0.3221801134E-02
-0.1200000000E+00 0.3221341062E-02
-0.1100000000E+00 0.3222674202E-02
-0.1000000000E+00 0.3226173780E-02
-0.9000000000E-01 0.3232328084E-02
-0.8000000000E-01 0.3241787370E-02
-0.7000000000E-01 0.3255438002E-02
-0.6000000000E-01 0.3274507803E-02
-0.5000000000E-01 0.3300733818E-02
-0.4000000000E-01 0.3336665564E-02
-0.3000000000E-01 0.3386156909E-02
-0.2000000000E-01 0.3455262352E-02
