  -20.0000000000    0.0995479308    0.0887724771
  -19.9900000000    0.0918852550    0.0963532164
  -19.9800000000    0.0831284666    0.1051326870
  -19.9700000000    0.0732751197    0.1159119604
  -19.9600000000    0.0626388383    0.1295314630
  -19.9500000000    0.0518060502    0.1468112755
  -19.9400000000    0.0416571475    0.1685449368
  -19.9300000000    0.0334487479    0.1954528226
  -19.9200000000    0.0289080183    0.2280752374
  -19.9100000000    0.0303628892    0.2666175704
  -19.9000000000    0.0409944794    0.3105933652
  -19.8900000000    0.0649570346    0.3578447209
  -19.8800000000    0.1063281871    0.4029563637
  -19.8700000000    0.1659766142    0.4366989299
  -19.8600000000    0.2379748267    0.4490992472
  -19.8500000000    0.3101232680    0.4356172491
  -19.8400000000    0.3701803606    0.4004993160
  -19.8300000000    0.4119016771    0.3534038782
  -19.8200000000    0.4355633074    0.3036374105
  -19.8100000000    0.4449315371    0.2572217271
  -19.8000000000    0.4444758790    0.2169173978
  -19.7900000000    0.4379762353    0.1833130149
  -19.7800000000    0.4281435869    0.1558809153
  -19.7700000000    0.4167313383    0.1336830759
  -19.7600000000    0.4047935975    0.1157433701
  -19.7500000000    0.3929262809    0.1012012298
  -19.7400000000    0.3814434440    0.0893517969
  -19.7300000000    0.3704925232    0.0796377629
  -19.7200000000    0.3601253973    0.0716255934
  -19.7100000000    0.3503408356    0.0649801154
  -19.7000000000    0.3411093757    0.0594424115
  -19.6900000000    0.3323876884    0.0548121196
  -19.6800000000    0.3241267372    0.0509338104
  -19.6700000000    0.3162763054    0.0476867131
  -19.6600000000    0.3087874180    0.0449770582
  -19.6500000000    0.3016135721    0.0427324173
  -19.6400000000    0.2947113341    0.0408975584
  -19.6300000000    0.2880406704    0.0394314435
  -19.6200000000    0.2815652840    0.0383050601
  -19.6100000000    0.2752531931    0.0374997800
  -19.6000000000    0.2690777684    0.0370058236
  -19.5900000000    0.2630193078    0.0368201290
  -19.5800000000    0.2570666827    0.0369424844
  -19.5700000000    0.2512170820    0.0373686445
  -19.5600000000    0.2454692679    0.0380810351
  -19.5500000000    0.2398051191    0.0390443089
  -19.5400000000    0.2341644758    0.0402212399
  -19.5300000000    0.2284395306    0.0416143100
  -19.5200000000    0.2225108496    0.0433014506
  -19.5100000000    0.2162972662    0.0454276447
  -19.5000000000    0.2097730710    0.0481685512
  -19.4900000000    0.2029538709    0.0517101019
  -19.4800000000    0.1958832478    0.0562556107
  -19.4700000000    0.1886381845    0.0620454826
  -19.4600000000    0.1813549844    0.0693755476
  -19.4500000000    0.1742749507    0.0786056205
  -19.4400000000    0.1678108170    0.0901488356
  -19.4300000000    0.1626338019    0.1044271139
  -19.4200000000    0.1597790900    0.1217705102
  -19.4100000000    0.1607627625    0.1422120977
  -19.4000000000    0.1676359559    0.1650687702
  -19.3900000000    0.1826651173    0.1882390946
  -19.3800000000    0.2071295961    0.2076390880
  -19.3700000000    0.2393858813    0.2179765806
  -19.3600000000    0.2740569734    0.2155625849
  -19.3500000000    0.3043339122    0.2010745717
  -19.3400000000    0.3257504291    0.1790587771
  -19.3300000000    0.3376561361    0.1548045786
  -19.3200000000    0.3418898415    0.1319742098
  -19.3100000000    0.3409193620    0.1122423685
  -19.3000000000    0.3368253395    0.0959564935
  -19.2900000000    0.3310605182    0.0828311704
  -19.2800000000    0.3245479136    0.0723710663
  -19.2700000000    0.3178450548    0.0640635263
  -19.2600000000    0.3112727526    0.0574421662
  -19.2500000000    0.3049885180    0.0520996993
  -19.2400000000    0.2990225098    0.0477011220
  -19.2300000000    0.2933160945    0.0440113634
  -19.2200000000    0.2877844175    0.0409056804
  -19.2100000000    0.2823707036    0.0383362922
  -19.2000000000    0.2770572675    0.0362835231
  -19.1900000000    0.2718474409    0.0347295725
  -19.1800000000    0.2667486027    0.0336569017
  -19.1700000000    0.2617670260    0.0330555732
  -19.1600000000    0.2569115573    0.0329296844
  -19.1500000000    0.2522022294    0.0333002037
  -19.1400000000    0.2476824664    0.0342031282
  -19.1300000000    0.2434343208    0.0356798666
  -19.1200000000    0.2395928733    0.0377535763
  -19.1100000000    0.2363459425    0.0403853963
  -19.1000000000    0.2338908290    0.0434202018
  -19.0900000000    0.2323272985    0.0465750157
  -19.0800000000    0.2315468389    0.0495536036
  -19.0700000000    0.2312853992    0.0522604786
  -19.0600000000    0.2313954211    0.0548738049
  -19.0500000000    0.2320773005    0.0576049664
  -19.0400000000    0.2337897861    0.0603335547
  -19.0300000000    0.2368627787    0.0624398418
  -19.0200000000    0.2410567913    0.0630255947
  -19.0100000000    0.2454402917    0.0614908741
  -19.0000000000    0.2488487824    0.0580309081
  -18.9900000000    0.2505754085    0.0535169425
  -18.9800000000    0.2506239529    0.0489106498
  -18.9700000000    0.2494488658    0.0448227414
  -18.9600000000    0.2475868520    0.0414413343
  -18.9500000000    0.2454275950    0.0386709883
  -18.9400000000    0.2431457539    0.0363222625
  -18.9300000000    0.2407611419    0.0342575474
  -18.9200000000    0.2382488715    0.0324303639
  -18.9100000000    0.2356044155    0.0308460850
  -18.9000000000    0.2328528217    0.0295182293
  -18.8900000000    0.2300335419    0.0284409550
  -18.8800000000    0.2271684337    0.0275836004
  -18.8700000000    0.2242387236    0.0269221214
  -18.8600000000    0.2212064514    0.0264787171
  -18.8500000000    0.2180600549    0.0263218894
  -18.8400000000    0.2148353954    0.0265345182
  -18.8300000000    0.2116087091    0.0271901103
  -18.8200000000    0.2084894224    0.0283472533
  -18.8100000000    0.2056263835    0.0300452734
  -18.8000000000    0.2032210433    0.0322844186
  -18.7900000000    0.2015316952    0.0349825208
  -18.7800000000    0.2008452555    0.0379080385
  -18.7700000000    0.2013773956    0.0406099230
  -18.7600000000    0.2030708114    0.0424330757
  -18.7500000000    0.2054033330    0.0427617652
  -18.7400000000    0.2074967450    0.0414229174
  -18.7300000000    0.2085758816    0.0388363960
  -18.7200000000    0.2083358737    0.0357126922
  -18.7100000000    0.2069047024    0.0326531819
  -18.7000000000    0.2045935104    0.0299903420
  -18.6900000000    0.2017050498    0.0278356013
  -18.6800000000    0.1984624546    0.0261794343
  -18.6700000000    0.1950080028    0.0249650939
  -18.6600000000    0.1914236593    0.0241272664
  -18.6500000000    0.1877516941    0.0236080879
  -18.6400000000    0.1840097149    0.0233619452
  -18.6300000000    0.1802003489    0.0233556441
  -18.6200000000    0.1763171072    0.0235670826
  -18.6100000000    0.1723478031    0.0239837493
  -18.6000000000    0.1682764830    0.0246015335
  -18.5900000000    0.1640844732    0.0254239958
  -18.5800000000    0.1597509191    0.0264621285
  -18.5700000000    0.1552530511    0.0277346129
  -18.5600000000    0.1505663405    0.0292685978
  -18.5500000000    0.1456646846    0.0311010637
  -18.5400000000    0.1405207724    0.0332808831
  -18.5300000000    0.1351068457    0.0358717490
  -18.5200000000    0.1293961897    0.0389562142
  -18.5100000000    0.1233659064    0.0426411531
  -18.5000000000    0.1170019095    0.0470650027
  -18.4900000000    0.1103077259    0.0524070820
  -18.4800000000    0.1033197717    0.0588989326
  -18.4700000000    0.0961334867    0.0668365168
  -18.4600000000    0.0889471507    0.0765892222
  -18.4500000000    0.0821327637    0.0885948679
  -18.4400000000    0.0763428660    0.1033156379
  -18.4300000000    0.0726481698    0.1211043723
  -18.4200000000    0.0726480038    0.1419006353
  -18.4100000000    0.0783679528    0.1646937039
  -18.4000000000    0.0915925791    0.1869045084
  -18.3900000000    0.1124164798    0.2043770787
  -18.3800000000    0.1378151824    0.2129670948
  -18.3700000000    0.1621969114    0.2113049395
  -18.3600000000    0.1803906614    0.2020217211
  -18.3500000000    0.1902427871    0.1899358108
  -18.3400000000    0.1925875585    0.1794011569
  -18.3300000000    0.1897197615    0.1731519143
  -18.3200000000    0.1842084268    0.1725347981
  -18.3100000000    0.1785451980    0.1780708330
  -18.3000000000    0.1753003341    0.1897217781
  -18.2900000000    0.1773578721    0.2066758688
  -18.2800000000    0.1877798866    0.2266823215
  -18.2700000000    0.2087717848    0.2453479616
  -18.2600000000    0.2396702355    0.2565418367
  -18.2500000000    0.2755042432    0.2550360169
  -18.2400000000    0.3086727185    0.2399842652
  -18.2300000000    0.3331780036    0.2154613568
  -18.2200000000    0.3472100745    0.1873717017
  -18.2100000000    0.3522755234    0.1602921619
  -18.2000000000    0.3510473506    0.1365413272
  -18.1900000000    0.3459546105    0.1167552351
  -18.1800000000    0.3387401687    0.1007081735
  -18.1700000000    0.3305108662    0.0878646896
  -18.1600000000    0.3219176101    0.0776533276
  -18.1500000000    0.3133191962    0.0695734447
  -18.1400000000    0.3048979336    0.0632228130
  -18.1300000000    0.2967334269    0.0582938566
  -18.1200000000    0.2888477188    0.0545605372
  -18.1100000000    0.2812327937    0.0518647951
  -18.1000000000    0.2738680745    0.0501055385
  -18.0900000000    0.2667330220    0.0492306118
  -18.0800000000    0.2598183852    0.0492308761
  -18.0700000000    0.2531385738    0.0501343559
  -18.0600000000    0.2467460648    0.0519967987
  -18.0500000000    0.2407449340    0.0548835679
  -18.0400000000    0.2352929897    0.0588405013
  -18.0300000000    0.2305759786    0.0638671300
  -18.0200000000    0.2267579462    0.0699342905
  -18.0100000000    0.2239814375    0.0770783190
  -18.0000000000    0.2225248067    0.0854818704
  -17.9900000000    0.2230658452    0.0953332426
  -17.9800000000    0.2267792972    0.1063846601
  -17.9700000000    0.2349863911    0.1174049913
  -17.9600000000    0.2482481372    0.1259685849
  -17.9500000000    0.2652816732    0.1291964237
  -17.9400000000    0.2828564459    0.1254811876
  -17.9300000000    0.2974002644    0.1157211847
  -17.9200000000    0.3069334838    0.1026176627
  -17.9100000000    0.3114866502    0.0889222836
  -17.9000000000    0.3122160281    0.0763847586
  -17.8900000000    0.3104666027    0.0657291231
  -17.8800000000    0.3073284093    0.0570414598
  -17.8700000000    0.3035619657    0.0501130743
  -17.8600000000    0.2996630581    0.0446305232
  -17.8500000000    0.2959372392    0.0402515507
  -17.8400000000    0.2925363590    0.0366308744
  -17.8300000000    0.2894628104    0.0334560929
  -17.8200000000    0.2865964459    0.0305164850
  -17.8100000000    0.2837849398    0.0277475325
  -17.8000000000    0.2809397044    0.0251887693
  -17.7900000000    0.2780574796    0.0228977833
  -17.7800000000    0.2751818151    0.0208994719
  -17.7700000000    0.2723626697    0.0191827878
  -17.7600000000    0.2696378922    0.0177156602
  -17.7500000000    0.2670298971    0.0164578438
  -17.7400000000    0.2645469203    0.0153682165
  -17.7300000000    0.2621846786    0.0144100084
  -17.7200000000    0.2599300841    0.0135558789
  -17.7100000000    0.2577681200    0.0127898608
  -17.7000000000    0.2556876848    0.0121038572
  -17.6900000000    0.2536825172    0.0114923364
  -17.6800000000    0.2517489571    0.0109495315
  -17.6700000000    0.2498838755    0.0104692806
  -17.6600000000    0.2480838514    0.0100457720
  -17.6500000000    0.2463451685    0.0096741744
  -17.6400000000    0.2446641173    0.0093509709
  -17.6300000000    0.2430373782    0.0090741109
  -17.6200000000    0.2414624712    0.0088430826
  -17.6100000000    0.2399383578    0.0086589344
  -17.6000000000    0.2384663368    0.0085241570
  -17.5900000000    0.2370513800    0.0084421526
  -17.5800000000    0.2357039279    0.0084157032
  -17.5700000000    0.2344416131    0.0084434162
  -17.5600000000    0.2332889063    0.0085130821
  -17.5500000000    0.2322703224    0.0085929133
  -17.5400000000    0.2313929373    0.0086280665
  -17.5300000000    0.2306247046    0.0085563294
  -17.5200000000    0.2298934199    0.0083443286
  -17.5100000000    0.2291216793    0.0080124056
  -17.5000000000    0.2282673123    0.0076180623
  -17.4900000000    0.2273306654    0.0072184967
  -17.4800000000    0.2263350252    0.0068492032
  -17.4700000000    0.2253069165    0.0065242731
  -17.4600000000    0.2242670881    0.0062448871
  -17.4500000000    0.2232291623    0.0060066440
  -17.4400000000    0.2222011517    0.0058037060
  -17.4300000000    0.2211873359    0.0056306384
  -17.4200000000    0.2201897238    0.0054830431
  -17.4100000000    0.2192090439    0.0053576747
  -17.4000000000    0.2182453963    0.0052523771
  -17.3900000000    0.2172987098    0.0051659862
  -17.3800000000    0.2163691278    0.0050982388
  -17.3700000000    0.2154574246    0.0050496713
  -17.3600000000    0.2145655422    0.0050214202
  -17.3500000000    0.2136972993    0.0050147344
  -17.3400000000    0.2128591738    0.0050298418
  -17.3300000000    0.2120606165    0.0050637027
  -17.3200000000    0.2113124879    0.0051065859
  -17.3100000000    0.2106216007    0.0051393014
  -17.3000000000    0.2099817428    0.0051360919
  -17.2900000000    0.2093687452    0.0050769834
  -17.2800000000    0.2087495144    0.0049617150
  -17.2700000000    0.2080999638    0.0048097238
  -17.2600000000    0.2074140372    0.0046461885
  -17.2500000000    0.2066987647    0.0044896604
  -17.2400000000    0.2059652786    0.0043491562
  -17.2300000000    0.2052233541    0.0042269047
  -17.2200000000    0.2044798433    0.0041217398
  -17.2100000000    0.2037389817    0.0040313039
  -17.2000000000    0.2030031509    0.0039531222
  -17.1900000000    0.2022735513    0.0038850156
  -17.1800000000    0.2015506716    0.0038251999
  -17.1700000000    0.2008345867    0.0037722628
  -17.1600000000    0.2001251382    0.0037251023
  -17.1500000000    0.1994220408    0.0036828629
  -17.1400000000    0.1987249437    0.0036448803
  -17.1300000000    0.1980334663    0.0036106374
  -17.1200000000    0.1973472173    0.0035797307
  -17.1100000000    0.1966658055    0.0035518446
  -17.1000000000    0.1959888451    0.0035267323
  -17.0900000000    0.1953159575    0.0035042016
  -17.0800000000    0.1946467718    0.0034841043
  -17.0700000000    0.1939809242    0.0034663281
  -17.0600000000    0.1933180563    0.0034507910
  -17.0500000000    0.1926578138    0.0034374369
  -17.0400000000    0.1919998447    0.0034262326
  -17.0300000000    0.1913437972    0.0034171656
  -17.0200000000    0.1906893177    0.0034102433
  -17.0100000000    0.1900360490    0.0034054918
  -17.0000000000    0.1893836277    0.0034029564
  -16.9900000000    0.1887316825    0.0034027022
  -16.9800000000    0.1880798315    0.0034048153
  -16.9700000000    0.1874276797    0.0034094048
  -16.9600000000    0.1867748167    0.0034166055
  -16.9500000000    0.1861208137    0.0034265816
  -16.9400000000    0.1854652212    0.0034395311
  -16.9300000000    0.1848075655    0.0034556924
  -16.9200000000    0.1841473470    0.0034753514
  -16.9100000000    0.1834840376    0.0034988516
  -16.9000000000    0.1828170806    0.0035266067
  -16.8900000000    0.1821458922    0.0035591155
  -16.8800000000    0.1814698681    0.0035969801
  -16.8700000000    0.1807883976    0.0036409261
  -16.8600000000    0.1801008890    0.0036918198
  -16.8500000000    0.1794068123    0.0037506725
  -16.8400000000    0.1787057530    0.0038186102
  -16.8300000000    0.1779974520    0.0038967740
  -16.8200000000    0.1772817418    0.0039861311
  -16.8100000000    0.1765582239    0.0040872831
  -16.8000000000    0.1758256159    0.0042006019
  -16.7900000000    0.1750811797    0.0043271220
  -16.7800000000    0.1743211037    0.0044699262
  -16.7700000000    0.1735419440    0.0046348199
  -16.7600000000    0.1727418601    0.0048297778
  -16.7500000000    0.1719208257    0.0050642167
  -16.7400000000    0.1710804687    0.0053490625
  -16.7300000000    0.1702244661    0.0056975076
  -16.7200000000    0.1693599315    0.0061259367
  -16.7100000000    0.1685000579    0.0066545343
  -16.7000000000    0.1676684162    0.0073068508
  -16.6900000000    0.1669052810    0.0081067917
  -16.6800000000    0.1662753994    0.0090700061
  -16.6700000000    0.1658732184    0.0101851645
  -16.6600000000    0.1658140840    0.0113826380
  -16.6500000000    0.1661919488    0.0125020483
  -16.6400000000    0.1669964058    0.0132997354
  -16.6300000000    0.1680409119    0.0135454314
  -16.6200000000    0.1690068258    0.0131719797
  -16.6100000000    0.1696119912    0.0123285918
  -16.6000000000    0.1697439651    0.0112711542
  -16.5900000000    0.1694473664    0.0102174977
  -16.5800000000    0.1688340764    0.0092887923
  -16.5700000000    0.1680138012    0.0085262115
  -16.5600000000    0.1670680365    0.0079268888
  -16.5500000000    0.1660494478    0.0074705141
  -16.5400000000    0.1649892063    0.0071332799
  -16.5300000000    0.1639043944    0.0068936434
  -16.5200000000    0.1628034143    0.0067340263
  -16.5100000000    0.1616894812    0.0066408267
  -16.5000000000    0.1605627488    0.0066038712
  -16.4900000000    0.1594215619    0.0066157757
  -16.4800000000    0.1582631766    0.0066713839
  -16.4700000000    0.1570841619    0.0067673248
  -16.4600000000    0.1558806142    0.0069016863
  -16.4500000000    0.1546482581    0.0070737880
  -16.4400000000    0.1533824808    0.0072840348
  -16.4300000000    0.1520783225    0.0075338388
  -16.4200000000    0.1507304411    0.0078255978
  -16.4100000000    0.1493330571    0.0081627265
  -16.4000000000    0.1478798842    0.0085497388
  -16.3900000000    0.1463640489    0.0089923839
  -16.3800000000    0.1447780004    0.0094978440
  -16.3700000000    0.1431134132    0.0100750033
  -16.3600000000    0.1413610857    0.0107348088
  -16.3500000000    0.1395108408    0.0114907444
  -16.3400000000    0.1375514383    0.0123594554
  -16.3300000000    0.1354705183    0.0133615697
  -16.3200000000    0.1332546070    0.0145227813
  -16.3100000000    0.1308892398    0.0158752854
  -16.3000000000    0.1283592946    0.0174596870
  -16.2900000000    0.1256496931    0.0193275455
  -16.2800000000    0.1227467405    0.0215447687
  -16.2700000000    0.1196405598    0.0241961236
  -16.2600000000    0.1163293996    0.0273911592
  -16.2500000000    0.1128271412    0.0312717861
  -16.2400000000    0.1091762253    0.0360214556
  -16.2300000000    0.1054696538    0.0418749545
  -16.2200000000    0.1018877517    0.0491254361
  -16.2100000000    0.0987575251    0.0581197052
  -16.2000000000    0.0966421161    0.0692209410
  -16.1900000000    0.0964564914    0.0826968311
  -16.1800000000    0.0995622005    0.0984656869
  -16.1700000000    0.1076885701    0.1156457785
  -16.1600000000    0.1223864704    0.1320269258
  -16.1500000000    0.1438197663    0.1440301914
  -16.1400000000    0.1695317983    0.1479947081
  -16.1300000000    0.1948289454    0.1424993189
  -16.1200000000    0.2152506901    0.1294692852
  -16.1100000000    0.2288021807    0.1127051231
  -16.1000000000    0.2359747120    0.0956116009
  -16.0900000000    0.2384172816    0.0801579137
  -16.0800000000    0.2378230017    0.0670572581
  -16.0700000000    0.2354804820    0.0563075769
  -16.0600000000    0.2322401452    0.0476114139
  -16.0500000000    0.2286194760    0.0406019455
  -16.0400000000    0.2249162331    0.0349387796
  -16.0300000000    0.2212929348    0.0303377032
  -16.0200000000    0.2178320589    0.0265724053
  -16.0100000000    0.2145699664    0.0234665175
  -16.0000000000    0.2115171169    0.0208837259
  -15.9900000000    0.2086699141    0.0187187838
  -15.9800000000    0.2060175665    0.0168901836
  -15.9700000000    0.2035460153    0.0153344643
  -15.9600000000    0.2012401437    0.0140018895
  -15.9500000000    0.1990849850    0.0128531965
  -15.9400000000    0.1970663478    0.0118571597
  -15.9300000000    0.1951711613    0.0109887504
  -15.9200000000    0.1933872983    0.0102278013
  -15.9100000000    0.1917041234    0.0095578717
  -15.9000000000    0.1901118788    0.0089655380
  -15.8900000000    0.1886018747    0.0084397368
  -15.8800000000    0.1871663380    0.0079713000
  -15.8700000000    0.1857983165    0.0075525866
  -15.8600000000    0.1844915876    0.0071771933
  -15.8500000000    0.1832405751    0.0068397276
  -15.8400000000    0.1820402726    0.0065356261
  -15.8300000000    0.1808861764    0.0062610112
  -15.8200000000    0.1797742253    0.0060125747
  -15.8100000000    0.1787007477    0.0057874847
  -15.8000000000    0.1776624147    0.0055833097
  -15.7900000000    0.1766561995    0.0053979574
  -15.7800000000    0.1756793411    0.0052296242
  -15.7700000000    0.1747293125    0.0050767546
  -15.7600000000    0.1738037925    0.0049380075
  -15.7500000000    0.1729006417    0.0048122297
  -15.7400000000    0.1720178796    0.0046984338
  -15.7300000000    0.1711536662    0.0045957817
  -15.7200000000    0.1703062849    0.0045035719
  -15.7100000000    0.1694741273    0.0044212313
  -15.7000000000    0.1686556817    0.0043483104
  -15.6900000000    0.1678495234    0.0042844841
  -15.6800000000    0.1670543089    0.0042295564
  -15.6700000000    0.1662687757    0.0041834712
  -15.6600000000    0.1654917502    0.0041463304
  -15.6500000000    0.1647221698    0.0041184186
  -15.6400000000    0.1639591263    0.0041002346
  -15.6300000000    0.1632019481    0.0040925256
  -15.6200000000    0.1624503404    0.0040963070
  -15.6100000000    0.1617046159    0.0041128311
  -15.6000000000    0.1609660391    0.0041434132
  -15.5900000000    0.1602372520    0.0041889429
  -15.5800000000    0.1595225517    0.0042488201
  -15.5700000000    0.1588273503    0.0043191714
  -15.5600000000    0.1581556751    0.0043910427
  -15.5500000000    0.1575053557    0.0044510355
  -15.5400000000    0.1568641840    0.0044871804
  -15.5300000000    0.1562131315    0.0044973543
  -15.5200000000    0.1555361500    0.0044913707
  -15.5100000000    0.1548268500    0.0044841520
  -15.5000000000    0.1540869306    0.0044880472
  -15.4900000000    0.1533211094    0.0045103096
  -15.4800000000    0.1525336283    0.0045543653
  -15.4700000000    0.1517270849    0.0046218062
  -15.4600000000    0.1509024765    0.0047138064
  -15.4500000000    0.1500595912    0.0048319270
  -15.4400000000    0.1491974067    0.0049785658
  -15.4300000000    0.1483144230    0.0051572624
  -15.4200000000    0.1474089548    0.0053729874
  -15.4100000000    0.1464794501    0.0056324941
  -15.4000000000    0.1455249225    0.0059447815
  -15.3900000000    0.1445456319    0.0063216960
  -15.3800000000    0.1435442147    0.0067786628
  -15.3700000000    0.1425275843    0.0073354519
  -15.3600000000    0.1415100890    0.0080166609
  -15.3500000000    0.1405185758    0.0088510933
  -15.3400000000    0.1395999118    0.0098681588
  -15.3300000000    0.1388303523    0.0110876060
  -15.3200000000    0.1383220548    0.0124969775
  -15.3100000000    0.1382127100    0.0140133593
  -15.3000000000    0.1386137023    0.0154431750
  -15.2900000000    0.1395071001    0.0164918919
  -15.2800000000    0.1406583190    0.0168863040
  -15.2700000000    0.1416773956    0.0165589499
  -15.2600000000    0.1422299435    0.0157035262
  -15.2500000000    0.1421911060    0.0146321519
  -15.2400000000    0.1416195569    0.0136032900
  -15.2300000000    0.1406473317    0.0127591609
  -15.2200000000    0.1393997964    0.0121498107
  -15.2100000000    0.1379673888    0.0117764449
  -15.2000000000    0.1364060731    0.0116224698
  -15.1900000000    0.1347462966    0.0116696938
  -15.1800000000    0.1330017188    0.0119052598
  -15.1700000000    0.1311755792    0.0123241397
  -15.1600000000    0.1292649390    0.0129299389
  -15.1500000000    0.1272635435    0.0137353186
  -15.1400000000    0.1251640044    0.0147625790
  -15.1300000000    0.1229598585    0.0160445487
  -15.1200000000    0.1206478782    0.0176256821
  -15.1100000000    0.1182307015    0.0195631474
  -15.1000000000    0.1157193118    0.0219280033
  -15.0900000000    0.1131347432    0.0248080722
  -15.0800000000    0.1105110026    0.0283165666
  -15.0700000000    0.1079084551    0.0326089619
  -15.0600000000    0.1054511129    0.0378985778
  -15.0500000000    0.1033901690    0.0444486904
  -15.0400000000    0.1021820386    0.0525212159
  -15.0300000000    0.1025657353    0.0622599198
  -15.0200000000    0.1055957170    0.0734666337
  -15.0100000000    0.1124966873    0.0852528480
  -15.0000000000    0.1241256596    0.0957317491
  -14.9900000000    0.1400369860    0.1022561512
  -14.9800000000    0.1578848354    0.1026557504
  -14.9700000000    0.1742566954    0.0967570170
  -14.9600000000    0.1865611311    0.0865203377
  -14.9500000000    0.1940909481    0.0746219231
  -14.9400000000    0.1975753925    0.0630923981
  -14.9300000000    0.1982255332    0.0529502934
  -14.9200000000    0.1971280044    0.0444740007
  -14.9100000000    0.1950614012    0.0375650408
  -14.9000000000    0.1925228099    0.0319889468
  -14.8900000000    0.1898082416    0.0274940645
  -14.8800000000    0.1870848745    0.0238576856
  -14.8700000000    0.1844418567    0.0208976980
  -14.8600000000    0.1819226295    0.0184704791
  -14.8500000000    0.1795445312    0.0164645516
  -14.8400000000    0.1773103967    0.0147938441
  -14.8300000000    0.1752153243    0.0133918596
  -14.8200000000    0.1732505777    0.0122070208
  -14.8100000000    0.1714058077    0.0111990905
  -14.8000000000    0.1696702910    0.0103364658
  -14.7900000000    0.1680335953    0.0095941470
  -14.7800000000    0.1664859137    0.0089522145
  -14.7700000000    0.1650182077    0.0083946836
  -14.7600000000    0.1636221470    0.0079089266
  -14.7500000000    0.1622905714    0.0074835849
  -14.7400000000    0.1610164704    0.0071109311
  -14.7300000000    0.1597938866    0.0067836209
  -14.7200000000    0.1586173628    0.0064958270
  -14.7100000000    0.1574819706    0.0062427219
  -14.7000000000    0.1563832471    0.0060202972
  -14.6900000000    0.1553171357    0.0058252229
  -14.6800000000    0.1542799328    0.0056547367
  -14.6700000000    0.1532682399    0.0055065582
  -14.6600000000    0.1522789200    0.0053788226
  -14.6500000000    0.1513090585    0.0052700306
  -14.6400000000    0.1503559290    0.0051790121
  -14.6300000000    0.1494169611    0.0051049036
  -14.6200000000    0.1484897134    0.0050471357
  -14.6100000000    0.1475718486    0.0050054351
  -14.6000000000    0.1466611137    0.0049798375
  -14.5900000000    0.1457553249    0.0049707176
  -14.5800000000    0.1448523604    0.0049788368
  -14.5700000000    0.1439501653    0.0050054148
  -14.5600000000    0.1430467762    0.0050522310
  -14.5500000000    0.1421403779    0.0051217652
  -14.5400000000    0.1412294156    0.0052173881
  -14.5300000000    0.1403128001    0.0053436128
  -14.5200000000    0.1393902712    0.0055064122
  -14.5100000000    0.1384630274    0.0057135897
  -14.5000000000    0.1375347965    0.0059751300
  -14.4900000000    0.1366136080    0.0063033236
  -14.4800000000    0.1357145876    0.0067121425
  -14.4700000000    0.1348639493    0.0072147332
  -14.4600000000    0.1341034827    0.0078169187
  -14.4500000000    0.1334921681    0.0085039486
  -14.4400000000    0.1330963340    0.0092203278
  -14.4300000000    0.1329564268    0.0098542462
  -14.4200000000    0.1330338008    0.0102568741
  -14.4100000000    0.1331843346    0.0103174134
  -14.4000000000    0.1332159741    0.0100432918
  -14.3900000000    0.1329943539    0.0095546553
  -14.3800000000    0.1324911095    0.0090000562
  -14.3700000000    0.1317513999    0.0084863784
  -14.3600000000    0.1308413939    0.0080648088
  -14.3500000000    0.1298178064    0.0077480452
  -14.3400000000    0.1287198095    0.0075300226
  -14.3300000000    0.1275712410    0.0073983849
  -14.3200000000    0.1263851297    0.0073404580
  -14.3100000000    0.1251675618    0.0073455005
  -14.3000000000    0.1239203433    0.0074052301
  -14.2900000000    0.1226426670    0.0075136830
  -14.2800000000    0.1213321051    0.0076668825
  -14.2700000000    0.1199851794    0.0078625072
  -14.2600000000    0.1185976739    0.0080996215
  -14.2500000000    0.1171647942    0.0083784818
  -14.2400000000    0.1156812330    0.0087004118
  -14.2300000000    0.1141411772    0.0090677408
  -14.2200000000    0.1125382781    0.0094837950
  -14.2100000000    0.1108655958    0.0099529393
  -14.2000000000    0.1091155226    0.0104806671
  -14.1900000000    0.1072796914    0.0110737406
  -14.1800000000    0.1053488680    0.0117403882
  -14.1700000000    0.1033128307    0.0124905674
  -14.1600000000    0.1011602358    0.0133363094
  -14.1500000000    0.0988784732    0.0142921642
  -14.1400000000    0.0964535157    0.0153757773
  -14.1300000000    0.0938697692    0.0166086328
  -14.1200000000    0.0911099403    0.0180170200
  -14.1100000000    0.0881549478    0.0196332917
  -14.1000000000    0.0849839231    0.0214975136
  -14.0900000000    0.0815743808    0.0236596370
  -14.0800000000    0.0779026905    0.0261823749
  -14.0700000000    0.0739450788    0.0291450209
  -14.0600000000    0.0696795425    0.0326485291
  -14.0500000000    0.0650893210    0.0368222481
  -14.0400000000    0.0601690263    0.0418327646
  -14.0300000000    0.0549352838    0.0478952580
  -14.0200000000    0.0494449970    0.0552874077
  -14.0100000000    0.0438263505    0.0643647309
  -14.0000000000    0.0383305933    0.0755731753
  -13.9900000000    0.0334160408    0.0894475711
  -13.9800000000    0.0298766985    0.1065690439
  -13.9700000000    0.0290163200    0.1274255283
  -13.9600000000    0.0328182048    0.1520796642
  -13.9500000000    0.0439261428    0.1795416140
  -13.9400000000    0.0650312265    0.2069231424
  -13.9300000000    0.0972405475    0.2290330083
  -13.9200000000    0.1379348191    0.2397263515
  -13.9100000000    0.1803873536    0.2353365755
  -13.9000000000    0.2168863734    0.2173929728
  -13.8900000000    0.2428514641    0.1914411033
  -13.8800000000    0.2579887584    0.1634129208
  -13.8700000000    0.2645679612    0.1372330750
  -13.8600000000    0.2653938504    0.1146196186
  -13.8500000000    0.2627717677    0.0958700943
  -13.8400000000    0.2582903246    0.0806207080
  -13.8300000000    0.2529443966    0.0683003605
  -13.8200000000    0.2473200951    0.0583410088
  -13.8100000000    0.2417456284    0.0502534546
  -13.8000000000    0.2363939583    0.0436419459
  -13.7900000000    0.2313473161    0.0381954581
  -13.7800000000    0.2266361928    0.0336725536
  -13.7700000000    0.2222624191    0.0298864504
  -13.7600000000    0.2182126554    0.0266924171
  -13.7500000000    0.2144661900    0.0239778041
  -13.7400000000    0.2109993847    0.0216543999
  -13.7300000000    0.2077881519    0.0196526510
  -13.7200000000    0.2048092807    0.0179173148
  -13.7100000000    0.2020410938    0.0164041903
  -13.7000000000    0.1994637207    0.0150776519
  -13.6900000000    0.1970591529    0.0139087807
  -13.6800000000    0.1948111836    0.0128739399
  -13.6700000000    0.1927052870    0.0119536822
  -13.6600000000    0.1907284733    0.0111319060
  -13.6500000000    0.1888691366    0.0103951998
  -13.6400000000    0.1871169081    0.0097323284
  -13.6300000000    0.1854625187    0.0091338286
  -13.6200000000    0.1838976738    0.0085916885
  -13.6100000000    0.1824149411    0.0080990918
  -13.6000000000    0.1810076502    0.0076502119
  -13.5900000000    0.1796698046    0.0072400465
  -13.5800000000    0.1783960042    0.0068642827
  -13.5700000000    0.1771813767    0.0065191872
  -13.5600000000    0.1760215179    0.0062015160
  -13.5500000000    0.1749124391    0.0059084399
  -13.5400000000    0.1738505216    0.0056374832
  -13.5300000000    0.1728324759    0.0053864722
  -13.5200000000    0.1718553063    0.0051534923
  -13.5100000000    0.1709162799    0.0049368521
  -13.5000000000    0.1700128994    0.0047350531
  -13.4900000000    0.1691428785    0.0045467640
  -13.4800000000    0.1683041206    0.0043707989
  -13.4700000000    0.1674947002    0.0042060988
  -13.4600000000    0.1667128461    0.0040517157
  -13.4500000000    0.1659569264    0.0039067988
  -13.4400000000    0.1652254350    0.0037705833
  -13.4300000000    0.1645169807    0.0036423798
  -13.4200000000    0.1638302757    0.0035215657
  -13.4100000000    0.1631641270    0.0034075776
  -13.4000000000    0.1625174276    0.0032999047
  -13.3900000000    0.1618891488    0.0031980833
  -13.3800000000    0.1612783341    0.0031016911
  -13.3700000000    0.1606840922    0.0030103434
  -13.3600000000    0.1601055923    0.0029236889
  -13.3500000000    0.1595420588    0.0028414064
  -13.3400000000    0.1589927666    0.0027632018
  -13.3300000000    0.1584570377    0.0026888052
  -13.3200000000    0.1579342367    0.0026179688
  -13.3100000000    0.1574237681    0.0025504644
  -13.3000000000    0.1569250730    0.0024860822
  -13.2900000000    0.1564376264    0.0024246283
  -13.2800000000    0.1559609346    0.0023659240
  -13.2700000000    0.1554945330    0.0023098038
  -13.2600000000    0.1550379840    0.0022561147
  -13.2500000000    0.1545908749    0.0022047146
  -13.2400000000    0.1541528164    0.0021554720
  -13.2300000000    0.1537234407    0.0021082644
  -13.2200000000    0.1533024004    0.0020629782
  -13.2100000000    0.1528893668    0.0020195075
  -13.2000000000    0.1524840287    0.0019777537
  -13.1900000000    0.1520860912    0.0019376246
  -13.1800000000    0.1516952751    0.0018990345
  -13.1700000000    0.1513113152    0.0018619030
  -13.1600000000    0.1509339598    0.0018261551
  -13.1500000000    0.1505629699    0.0017917204
  -13.1400000000    0.1501981183    0.0017585331
  -13.1300000000    0.1498391886    0.0017265315
  -13.1200000000    0.1494859753    0.0016956575
  -13.1100000000    0.1491382823    0.0016658568
  -13.1000000000    0.1487959229    0.0016370782
  -13.0900000000    0.1484587191    0.0016092735
  -13.0800000000    0.1481265009    0.0015823974
  -13.0700000000    0.1477991062    0.0015564072
  -13.0600000000    0.1474763801    0.0015312627
  -13.0500000000    0.1471581746    0.0015069259
  -13.0400000000    0.1468443482    0.0014833609
  -13.0300000000    0.1465347653    0.0014605340
  -13.0200000000    0.1462292965    0.0014384130
  -13.0100000000    0.1459278177    0.0014169677
  -13.0000000000    0.1456302099    0.0013961694
  -12.9900000000    0.1453363592    0.0013759910
  -12.9800000000    0.1450461563    0.0013564069
  -12.9700000000    0.1447594964    0.0013373925
  -12.9600000000    0.1444762787    0.0013189247
  -12.9500000000    0.1441964068    0.0013009817
  -12.9400000000    0.1439197877    0.0012835425
  -12.9300000000    0.1436463323    0.0012665873
  -12.9200000000    0.1433759547    0.0012500973
  -12.9100000000    0.1431085724    0.0012340546
  -12.9000000000    0.1428441061    0.0012184421
  -12.8900000000    0.1425824793    0.0012032435
  -12.8800000000    0.1423236184    0.0011884434
  -12.8700000000    0.1420674525    0.0011740270
  -12.8600000000    0.1418139134    0.0011599803
  -12.8500000000    0.1415629351    0.0011462899
  -12.8400000000    0.1413144541    0.0011329429
  -12.8300000000    0.1410684091    0.0011199271
  -12.8200000000    0.1408247410    0.0011072309
  -12.8100000000    0.1405833928    0.0010948431
  -12.8000000000    0.1403443092    0.0010827529
  -12.7900000000    0.1401074370    0.0010709503
  -12.7800000000    0.1398727247    0.0010594254
  -12.7700000000    0.1396401226    0.0010481689
  -12.7600000000    0.1394095826    0.0010371719
  -12.7500000000    0.1391810582    0.0010264257
  -12.7400000000    0.1389545043    0.0010159221
  -12.7300000000    0.1387298773    0.0010056534
  -12.7200000000    0.1385071351    0.0009956118
  -12.7100000000    0.1382862369    0.0009857902
  -12.7000000000    0.1380671430    0.0009761816
  -12.6900000000    0.1378498151    0.0009667794
  -12.6800000000    0.1376342161    0.0009575770
  -12.6700000000    0.1374203100    0.0009485684
  -12.6600000000    0.1372080619    0.0009397477
  -12.6500000000    0.1369974377    0.0009311091
  -12.6400000000    0.1367884048    0.0009226471
  -12.6300000000    0.1365809312    0.0009143565
  -12.6200000000    0.1363749859    0.0009062323
  -12.6100000000    0.1361705388    0.0008982696
  -12.6000000000    0.1359675609    0.0008904636
  -12.5900000000    0.1357660237    0.0008828098
  -12.5800000000    0.1355658996    0.0008753039
  -12.5700000000    0.1353671620    0.0008679417
  -12.5600000000    0.1351697847    0.0008607192
  -12.5500000000    0.1349737424    0.0008536323
  -12.5400000000    0.1347790106    0.0008466775
  -12.5300000000    0.1345855653    0.0008398510
  -12.5200000000    0.1343933832    0.0008331493
  -12.5100000000    0.1342024416    0.0008265691
  -12.5000000000    0.1340127185    0.0008201071
  -12.4900000000    0.1338241925    0.0008137601
  -12.4800000000    0.1336368424    0.0008075251
  -12.4700000000    0.1334506482    0.0008013991
  -12.4600000000    0.1332655897    0.0007953793
  -12.4500000000    0.1330816479    0.0007894630
  -12.4400000000    0.1328988037    0.0007836475
  -12.4300000000    0.1327170388    0.0007779302
  -12.4200000000    0.1325363354    0.0007723087
  -12.4100000000    0.1323566760    0.0007667805
  -12.4000000000    0.1321780435    0.0007613432
  -12.3900000000    0.1320004213    0.0007559947
  -12.3800000000    0.1318237933    0.0007507328
  -12.3700000000    0.1316481437    0.0007455553
  -12.3600000000    0.1314734569    0.0007404602
  -12.3500000000    0.1312997180    0.0007354455
  -12.3400000000    0.1311269123    0.0007305093
  -12.3300000000    0.1309550253    0.0007256497
  -12.3200000000    0.1307840431    0.0007208650
  -12.3100000000    0.1306139520    0.0007161532
  -12.3000000000    0.1304447386    0.0007115129
  -12.2900000000    0.1302763898    0.0007069422
  -12.2800000000    0.1301088929    0.0007024397
  -12.2700000000    0.1299422353    0.0006980037
  -12.2600000000    0.1297764049    0.0006936328
  -12.2500000000    0.1296114694    0.0006895275
  -12.2400000000    0.1294471782    0.0006850802
  -12.2300000000    0.1292837587    0.0006808958
  -12.2200000000    0.1291211202    0.0006767709
  -12.2100000000    0.1289592519    0.0006727041
  -12.2000000000    0.1287981429    0.0006686941
  -12.1900000000    0.1286377828    0.0006647398
  -12.1800000000    0.1284781614    0.0006608399
  -12.1700000000    0.1283192687    0.0006569934
  -12.1600000000    0.1281610949    0.0006531990
  -12.1500000000    0.1280036303    0.0006494556
  -12.1400000000    0.1278468657    0.0006457622
  -12.1300000000    0.1276907916    0.0006421178
  -12.1200000000    0.1275353993    0.0006385213
  -12.1100000000    0.1273806797    0.0006349717
  -12.1000000000    0.1272266243    0.0006314682
  -12.0900000000    0.1270732246    0.0006280097
  -12.0800000000    0.1269204722    0.0006245953
  -12.0700000000    0.1267683590    0.0006212242
  -12.0600000000    0.1266168771    0.0006178955
  -12.0500000000    0.1264660186    0.0006146084
  -12.0400000000    0.1263157757    0.0006113620
  -12.0300000000    0.1261661411    0.0006081555
  -12.0200000000    0.1260171072    0.0006049882
  -12.0100000000    0.1258686669    0.0006018593
  -12.0000000000    0.1257208131    0.0005987681
  -11.9900000000    0.1255735388    0.0005957139
  -11.9800000000    0.1254268371    0.0005926959
  -11.9700000000    0.1252807013    0.0005897134
  -11.9600000000    0.1251351249    0.0005867659
  -11.9500000000    0.1249901013    0.0005838526
  -11.9400000000    0.1248456243    0.0005809729
  -11.9300000000    0.1247016876    0.0005781262
  -11.9200000000    0.1245582851    0.0005753119
  -11.9100000000    0.1244154107    0.0005725294
  -11.9000000000    0.1242730586    0.0005697781
  -11.8900000000    0.1241312231    0.0005670575
  -11.8800000000    0.1239898983    0.0005643669
  -11.8700000000    0.1238490787    0.0005617060
  -11.8600000000    0.1237087588    0.0005590741
  -11.8500000000    0.1235689332    0.0005564707
  -11.8400000000    0.1234295966    0.0005538954
  -11.8300000000    0.1232907439    0.0005513476
  -11.8200000000    0.1231287810    0.0005985650
  -11.8100000000    0.1230144693    0.0005463328
  -11.8000000000    0.1228770375    0.0005438648
  -11.7900000000    0.1227400695    0.0005414225
  -11.7800000000    0.1226035605    0.0005390055
  -11.7700000000    0.1224675059    0.0005366134
  -11.7600000000    0.1223319010    0.0005342457
  -11.7500000000    0.1221967412    0.0005319019
  -11.7400000000    0.1220620221    0.0005295819
  -11.7300000000    0.1219277392    0.0005272850
  -11.7200000000    0.1217938883    0.0005250110
  -11.7100000000    0.1216604650    0.0005227594
  -11.7000000000    0.1215274652    0.0005205300
  -11.6900000000    0.1213948847    0.0005183224
  -11.6800000000    0.1212627196    0.0005161361
  -11.6700000000    0.1211309657    0.0005139709
  -11.6600000000    0.1209996191    0.0005118264
  -11.6500000000    0.1208686760    0.0005097024
  -11.6400000000    0.1207381326    0.0005075984
  -11.6300000000    0.1206079851    0.0005055141
  -11.6200000000    0.1204782298    0.0005034494
  -11.6100000000    0.1203488630    0.0005014038
  -11.6000000000    0.1202198813    0.0004993770
  -11.5900000000    0.1200912810    0.0004973689
  -11.5800000000    0.1199630586    0.0004953790
  -11.5700000000    0.1198352108    0.0004934071
  -11.5600000000    0.1197077342    0.0004914530
  -11.5500000000    0.1195806254    0.0004895164
  -11.5400000000    0.1194538811    0.0004875970
  -11.5300000000    0.1193274983    0.0004856945
  -11.5200000000    0.1192014735    0.0004838087
  -11.5100000000    0.1190758038    0.0004819394
  -11.5000000000    0.1189504860    0.0004800864
  -11.4900000000    0.1188255172    0.0004782493
  -11.4800000000    0.1187008942    0.0004764279
  -11.4700000000    0.1185766141    0.0004746221
  -11.4600000000    0.1184526740    0.0004728316
  -11.4500000000    0.1183290711    0.0004710562
  -11.4400000000    0.1182058025    0.0004692957
  -11.4300000000    0.1180828653    0.0004675498
  -11.4200000000    0.1179602569    0.0004658183
  -11.4100000000    0.1178379746    0.0004641012
  -11.4000000000    0.1177160156    0.0004623980
  -11.3900000000    0.1175943773    0.0004607088
  -11.3800000000    0.1174730570    0.0004590332
  -11.3700000000    0.1173520523    0.0004573711
  -11.3600000000    0.1172313606    0.0004557222
  -11.3500000000    0.1171109793    0.0004540865
  -11.3400000000    0.1169909060    0.0004524638
  -11.3300000000    0.1168711383    0.0004508538
  -11.3200000000    0.1167516737    0.0004492563
  -11.3100000000    0.1166325099    0.0004476714
  -11.3000000000    0.1165136445    0.0004460986
  -11.2900000000    0.1163950753    0.0004445380
  -11.2800000000    0.1162767999    0.0004429893
  -11.2700000000    0.1161588160    0.0004414524
  -11.2600000000    0.1160411215    0.0004399271
  -11.2500000000    0.1159237142    0.0004384133
  -11.2400000000    0.1158065919    0.0004369108
  -11.2300000000    0.1156897524    0.0004354195
  -11.2200000000    0.1155731936    0.0004339393
  -11.2100000000    0.1154569134    0.0004324699
  -11.2000000000    0.1153409099    0.0004310113
  -11.1900000000    0.1152251809    0.0004295633
  -11.1800000000    0.1151097244    0.0004281259
  -11.1700000000    0.1149945384    0.0004266987
  -11.1600000000    0.1148796211    0.0004252819
  -11.1500000000    0.1147649704    0.0004238751
  -11.1400000000    0.1146505844    0.0004224783
  -11.1300000000    0.1145364612    0.0004210913
  -11.1200000000    0.1144225990    0.0004197141
  -11.1100000000    0.1143089959    0.0004183465
  -11.1000000000    0.1141956502    0.0004169884
  -11.0900000000    0.1140825599    0.0004156397
  -11.0800000000    0.1139697233    0.0004143003
  -11.0700000000    0.1138571387    0.0004129700
  -11.0600000000    0.1137448043    0.0004116488
  -11.0500000000    0.1136327183    0.0004103365
  -11.0400000000    0.1135208792    0.0004090331
  -11.0300000000    0.1134092852    0.0004077384
  -11.0200000000    0.1132979346    0.0004064524
  -11.0100000000    0.1131868258    0.0004051749
  -11.0000000000    0.1130759572    0.0004039058
  -10.9900000000    0.1129653272    0.0004026450
  -10.9800000000    0.1128549341    0.0004013925
  -10.9700000000    0.1127447765    0.0004001482
  -10.9600000000    0.1126348527    0.0003989118
  -10.9500000000    0.1125251613    0.0003976835
  -10.9400000000    0.1124157007    0.0003964630
  -10.9300000000    0.1123064694    0.0003952503
  -10.9200000000    0.1121974660    0.0003940454
  -10.9100000000    0.1120886889    0.0003928480
  -10.9000000000    0.1119801367    0.0003916581
  -10.8900000000    0.1118718080    0.0003904757
  -10.8800000000    0.1117637013    0.0003893007
  -10.8700000000    0.1116558153    0.0003881329
  -10.8600000000    0.1115481486    0.0003869723
  -10.8500000000    0.1114406997    0.0003858189
  -10.8400000000    0.1113334674    0.0003846724
  -10.8300000000    0.1112264502    0.0003835330
  -10.8200000000    0.1111196469    0.0003824005
  -10.8100000000    0.1110130561    0.0003812747
  -10.8000000000    0.1109066766    0.0003801558
  -10.7900000000    0.1108005069    0.0003790434
  -10.7800000000    0.1106945459    0.0003779377
  -10.7700000000    0.1105887923    0.0003768386
  -10.7600000000    0.1104832449    0.0003757459
  -10.7500000000    0.1103779023    0.0003746596
  -10.7400000000    0.1102727634    0.0003735796
  -10.7300000000    0.1101678270    0.0003725059
  -10.7200000000    0.1100630918    0.0003714384
  -10.7100000000    0.1099585567    0.0003703770
  -10.7000000000    0.1098542205    0.0003693217
  -10.6900000000    0.1097500820    0.0003682724
  -10.6800000000    0.1096461400    0.0003672291
  -10.6700000000    0.1095423935    0.0003661916
  -10.6500000000    0.1093354823    0.0003641342
  -10.6400000000    0.1092323153    0.0003631141
  -10.6300000000    0.1091293393    0.0003620996
  -10.6200000000    0.1090265532    0.0003610907
  -10.6100000000    0.1089239559    0.0003600874
  -10.6000000000    0.1088215463    0.0003590896
  -10.5900000000    0.1087193235    0.0003580972
  -10.5800000000    0.1086172862    0.0003571102
  -10.5700000000    0.1085154335    0.0003561285
  -10.5600000000    0.1084137644    0.0003551521
  -10.5500000000    0.1083122779    0.0003541810
  -10.5400000000    0.1082109728    0.0003532150
  -10.5300000000    0.1081098484    0.0003522541
  -10.5200000000    0.1080089035    0.0003512983
  -10.5100000000    0.1079081371    0.0003503476
  -10.5000000000    0.1078075484    0.0003494018
  -10.4900000000    0.1077071363    0.0003484610
  -10.4800000000    0.1076068999    0.0003475251
  -10.4700000000    0.1075068382    0.0003465940
  -10.4600000000    0.1074069504    0.0003456677
  -10.4500000000    0.1073072354    0.0003447461
  -10.4400000000    0.1072076924    0.0003438293
  -10.4300000000    0.1071083204    0.0003429171
  -10.4200000000    0.1070091186    0.0003420096
  -10.4100000000    0.1069100861    0.0003411066
  -10.4000000000    0.1068112219    0.0003402082
  -10.3900000000    0.1067125252    0.0003393143
  -10.3800000000    0.1066139951    0.0003384248
  -10.3700000000    0.1065156308    0.0003375397
  -10.3600000000    0.1064174313    0.0003366591
  -10.3500000000    0.1063193959    0.0003357827
  -10.3400000000    0.1062215238    0.0003349107
  -10.3300000000    0.1061238140    0.0003340429
  -10.3200000000    0.1060262657    0.0003331793
  -10.3100000000    0.1059288782    0.0003323199
  -10.3000000000    0.1058316506    0.0003314647
  -10.2900000000    0.1057345821    0.0003306136
  -10.2800000000    0.1056376719    0.0003297666
  -10.2700000000    0.1055409192    0.0003289236
  -10.2600000000    0.1054443232    0.0003280846
  -10.2500000000    0.1053478833    0.0003272495
  -10.2400000000    0.1052515985    0.0003264184
  -10.2300000000    0.1051554681    0.0003255912
  -10.2200000000    0.1050594913    0.0003247679
  -10.2100000000    0.1049636675    0.0003239484
  -10.2000000000    0.1048679958    0.0003231327
  -10.1900000000    0.1047724756    0.0003223208
  -10.1800000000    0.1046771060    0.0003215126
  -10.1700000000    0.1045818864    0.0003207082
  -10.1600000000    0.1044868160    0.0003199074
  -10.1500000000    0.1043918941    0.0003191102
  -10.1400000000    0.1042971200    0.0003183167
  -10.1300000000    0.1042024930    0.0003175267
  -10.1200000000    0.1041080124    0.0003167403
  -10.1100000000    0.1040136775    0.0003159574
  -10.1000000000    0.1039194877    0.0003151780
  -10.0900000000    0.1038254421    0.0003144021
  -10.0800000000    0.1037315402    0.0003136297
  -10.0700000000    0.1036377813    0.0003128606
  -10.0600000000    0.1035441646    0.0003120949
  -10.0500000000    0.1034506897    0.0003113326
  -10.0400000000    0.1033573557    0.0003105736
  -10.0300000000    0.1032641620    0.0003098179
  -10.0200000000    0.1031711081    0.0003090655
  -10.0100000000    0.1030781932    0.0003083163
  -10.0000000000    0.1029854167    0.0003075703
   -9.9900000000    0.1028927780    0.0003068276
   -9.9800000000    0.1028002764    0.0003060880
   -9.9700000000    0.1027079113    0.0003053516
   -9.9600000000    0.1026156822    0.0003046183
   -9.9500000000    0.1025235884    0.0003038880
   -9.9400000000    0.1024316292    0.0003031609
   -9.9300000000    0.1023398042    0.0003024368
   -9.9200000000    0.1022481126    0.0003017157
   -9.9100000000    0.1021565539    0.0003009977
   -9.9000000000    0.1020651275    0.0003002826
   -9.8900000000    0.1019738328    0.0002995705
   -9.8800000000    0.1018826693    0.0002988613
   -9.8700000000    0.1017916363    0.0002981550
   -9.8600000000    0.1017007332    0.0002974516
   -9.8500000000    0.1016099596    0.0002967511
   -9.8400000000    0.1015193148    0.0002960534
   -9.8300000000    0.1014287983    0.0002953585
   -9.8200000000    0.1013384095    0.0002946665
   -9.8100000000    0.1012481479    0.0002939772
   -9.8000000000    0.1011580129    0.0002932907
   -9.7900000000    0.1010680040    0.0002926069
   -9.7800000000    0.1009781206    0.0002919258
   -9.7700000000    0.1008883622    0.0002912475
   -9.7600000000    0.1007987283    0.0002905718
   -9.7500000000    0.1007092183    0.0002898988
   -9.7400000000    0.1006198317    0.0002892284
   -9.7300000000    0.1005305680    0.0002885607
   -9.7200000000    0.1004414266    0.0002878955
   -9.7100000000    0.1003524071    0.0002872329
   -9.7000000000    0.1002635089    0.0002865729
   -9.6900000000    0.1001747315    0.0002859155
   -9.6800000000    0.1000860745    0.0002852605
   -9.6700000000    0.0999975372    0.0002846081
   -9.6600000000    0.0999091193    0.0002839582
   -9.6500000000    0.0998208202    0.0002833107
   -9.6400000000    0.0997326394    0.0002826657
   -9.6300000000    0.0996445765    0.0002820231
   -9.6200000000    0.0995566309    0.0002813830
   -9.6100000000    0.0994688023    0.0002807452
   -9.6000000000    0.0993810900    0.0002801099
   -9.5900000000    0.0992934936    0.0002794769
   -9.5800000000    0.0992060127    0.0002788462
   -9.5700000000    0.0991186467    0.0002782179
   -9.5600000000    0.0990313953    0.0002775920
   -9.5500000000    0.0989442579    0.0002769683
   -9.5400000000    0.0988572341    0.0002763469
   -9.5300000000    0.0987703235    0.0002757278
   -9.5200000000    0.0986835255    0.0002751109
   -9.5100000000    0.0985968397    0.0002744963
   -9.5000000000    0.0985102657    0.0002738839
   -9.4900000000    0.0984238031    0.0002732737
   -9.4800000000    0.0983374514    0.0002726657
   -9.4700000000    0.0982512101    0.0002720599
   -9.4600000000    0.0981650788    0.0002714563
   -9.4500000000    0.0980790571    0.0002708548
   -9.4400000000    0.0979931446    0.0002702554
   -9.4300000000    0.0979073407    0.0002696582
   -9.4200000000    0.0978216452    0.0002690631
   -9.4100000000    0.0977360575    0.0002684701
   -9.4000000000    0.0976505773    0.0002678791
   -9.3900000000    0.0975652042    0.0002672902
   -9.3800000000    0.0974799376    0.0002667034
   -9.3700000000    0.0973947773    0.0002661186
   -9.3600000000    0.0973097227    0.0002655358
   -9.3500000000    0.0972247735    0.0002649551
   -9.3400000000    0.0971399293    0.0002643763
   -9.3300000000    0.0970551897    0.0002637996
   -9.3200000000    0.0969705543    0.0002632248
   -9.3100000000    0.0968860227    0.0002626519
   -9.3000000000    0.0968015944    0.0002620810
   -9.2900000000    0.0967172691    0.0002615121
   -9.2800000000    0.0966330464    0.0002609450
   -9.2700000000    0.0965489260    0.0002603799
   -9.2600000000    0.0964649074    0.0002598167
   -9.2500000000    0.0963809902    0.0002592553
   -9.2400000000    0.0962971740    0.0002586959
   -9.2300000000    0.0962134586    0.0002581383
   -9.2200000000    0.0961298435    0.0002575825
   -9.2100000000    0.0960463282    0.0002570286
   -9.2000000000    0.0959629126    0.0002564765
   -9.1900000000    0.0958795961    0.0002559262
   -9.1800000000    0.0957963785    0.0002553777
   -9.1700000000    0.0957132593    0.0002548310
   -9.1600000000    0.0956302382    0.0002542861
   -9.1500000000    0.0955473148    0.0002537430
   -9.1400000000    0.0954644888    0.0002532016
   -9.1300000000    0.0953817598    0.0002526620
   -9.1200000000    0.0952991274    0.0002521241
   -9.1100000000    0.0952165913    0.0002515879
   -9.1000000000    0.0951341512    0.0002510534
   -9.0900000000    0.0950518067    0.0002505207
   -9.0800000000    0.0949695575    0.0002499896
   -9.0700000000    0.0948874031    0.0002494603
   -9.0600000000    0.0948053433    0.0002489326
   -9.0500000000    0.0947233777    0.0002484065
   -9.0400000000    0.0946415060    0.0002478821
   -9.0300000000    0.0945597279    0.0002473594
   -9.0200000000    0.0944780429    0.0002468383
   -9.0100000000    0.0943964508    0.0002463188
   -9.0000000000    0.0943149513    0.0002458009
   -8.9900000000    0.0942335439    0.0002452846
   -8.9800000000    0.0941522284    0.0002447699
   -8.9700000000    0.0940710045    0.0002442569
   -8.9600000000    0.0939898718    0.0002437453
   -8.9500000000    0.0939088300    0.0002432354
   -8.9400000000    0.0938278788    0.0002427270
   -8.9300000000    0.0937470178    0.0002422201
   -8.9200000000    0.0936662468    0.0002417148
   -8.9100000000    0.0935855654    0.0002412110
   -8.9000000000    0.0935049733    0.0002407088
   -8.8900000000    0.0934244702    0.0002402080
   -8.8800000000    0.0933440558    0.0002397087
   -8.8700000000    0.0932637298    0.0002392110
   -8.8600000000    0.0931834918    0.0002387147
   -8.8500000000    0.0931033416    0.0002382199
   -8.8400000000    0.0930232788    0.0002377266
   -8.8300000000    0.0929433032    0.0002372347
   -8.8200000000    0.0928634145    0.0002367442
   -8.8100000000    0.0927836123    0.0002362553
   -8.8000000000    0.0927038963    0.0002357677
   -8.7900000000    0.0926242663    0.0002352816
   -8.7800000000    0.0925447219    0.0002347969
   -8.7700000000    0.0924652629    0.0002343135
   -8.7600000000    0.0923858890    0.0002338316
   -8.7500000000    0.0923065998    0.0002333511
   -8.7400000000    0.0922273951    0.0002328720
   -8.7300000000    0.0921482747    0.0002323942
   -8.7200000000    0.0920692381    0.0002319179
   -8.7100000000    0.0919902852    0.0002314428
   -8.7000000000    0.0919114156    0.0002309692
   -8.6900000000    0.0918326290    0.0002304969
   -8.6800000000    0.0917539253    0.0002300259
   -8.6700000000    0.0916753040    0.0002295562
   -8.6600000000    0.0915967650    0.0002290879
   -8.6500000000    0.0915183079    0.0002286209
   -8.6400000000    0.0914399325    0.0002281552
   -8.6300000000    0.0913616384    0.0002276907
   -8.6200000000    0.0912834255    0.0002272276
   -8.6100000000    0.0912052934    0.0002267658
   -8.6000000000    0.0911272420    0.0002263053
   -8.5900000000    0.0910492708    0.0002258460
   -8.5800000000    0.0909713797    0.0002253880
   -8.5700000000    0.0908935683    0.0002249312
   -8.5600000000    0.0908158365    0.0002244757
   -8.5500000000    0.0907381839    0.0002240215
   -8.5400000000    0.0906606103    0.0002235685
   -8.5300000000    0.0905831154    0.0002231167
   -8.5200000000    0.0905056989    0.0002226661
   -8.5100000000    0.0904283607    0.0002222168
   -8.5000000000    0.0903511004    0.0002217686
   -8.4900000000    0.0902739179    0.0002213217
   -8.4800000000    0.0901968127    0.0002208760
   -8.4700000000    0.0901197847    0.0002204314
   -8.4600000000    0.0900428337    0.0002199881
   -8.4500000000    0.0899659594    0.0002195459
   -8.4400000000    0.0898891614    0.0002191049
   -8.4300000000    0.0898124397    0.0002186651
   -8.4200000000    0.0897357938    0.0002182264
   -8.4100000000    0.0896592237    0.0002177889
   -8.4000000000    0.0895827290    0.0002173525
   -8.3900000000    0.0895063095    0.0002169172
   -8.3800000000    0.0894299649    0.0002164831
   -8.3700000000    0.0893536951    0.0002160502
   -8.3600000000    0.0892774997    0.0002156183
   -8.3500000000    0.0892013785    0.0002151876
   -8.3400000000    0.0891253313    0.0002147580
   -8.3300000000    0.0890493579    0.0002143294
   -8.3200000000    0.0889734580    0.0002139020
   -8.3100000000    0.0888976313    0.0002134757
   -8.3000000000    0.0888218777    0.0002130505
   -8.2900000000    0.0887461969    0.0002126263
   -8.2800000000    0.0886705887    0.0002122032
   -8.2700000000    0.0885950528    0.0002117812
   -8.2600000000    0.0885195891    0.0002113603
   -8.2500000000    0.0884441972    0.0002109404
   -8.2400000000    0.0883688769    0.0002105216
   -8.2300000000    0.0882936281    0.0002101038
   -8.2200000000    0.0882184505    0.0002096871
   -8.2100000000    0.0881433438    0.0002092714
   -8.2000000000    0.0880683079    0.0002088567
   -8.1900000000    0.0879933426    0.0002084431
   -8.1800000000    0.0879184475    0.0002080305
   -8.1700000000    0.0878436225    0.0002076189
   -8.1600000000    0.0877688674    0.0002072083
   -8.1500000000    0.0876941819    0.0002067987
   -8.1400000000    0.0876195658    0.0002063901
   -8.1300000000    0.0875450189    0.0002059825
   -8.1200000000    0.0874705410    0.0002055759
   -8.1100000000    0.0873961319    0.0002051703
   -8.1000000000    0.0873217913    0.0002047657
   -8.0900000000    0.0872475191    0.0002043621
   -8.0800000000    0.0871733150    0.0002039594
   -8.0700000000    0.0870991788    0.0002035577
   -8.0600000000    0.0870251103    0.0002031569
   -8.0500000000    0.0869511093    0.0002027571
   -8.0400000000    0.0868771755    0.0002023583
   -8.0300000000    0.0868033089    0.0002019604
   -8.0200000000    0.0867295091    0.0002015634
   -8.0100000000    0.0866557759    0.0002011674
   -8.0000000000    0.0865821092    0.0002007723
   -7.9900000000    0.0865085088    0.0002003782
   -7.9800000000    0.0864349743    0.0001999849
   -7.9700000000    0.0863615058    0.0001995926
   -7.9600000000    0.0862881028    0.0001992012
   -7.9500000000    0.0862147653    0.0001988107
   -7.9400000000    0.0861414930    0.0001984211
   -7.9300000000    0.0860682857    0.0001980324
   -7.9200000000    0.0859951432    0.0001976446
   -7.9100000000    0.0859220654    0.0001972577
   -7.9000000000    0.0858490520    0.0001968717
   -7.8900000000    0.0857761028    0.0001964866
   -7.8800000000    0.0857032177    0.0001961023
   -7.8700000000    0.0856303964    0.0001957189
   -7.8600000000    0.0855576387    0.0001953364
   -7.8500000000    0.0854849445    0.0001949548
   -7.8400000000    0.0854123135    0.0001945740
   -7.8300000000    0.0853397456    0.0001941941
   -7.8200000000    0.0852672406    0.0001938150
   -7.8100000000    0.0851947982    0.0001934368
   -7.8000000000    0.0851224183    0.0001930594
   -7.7900000000    0.0850501008    0.0001926828
   -7.7800000000    0.0849778453    0.0001923071
   -7.7700000000    0.0849056517    0.0001919322
   -7.7600000000    0.0848335199    0.0001915582
   -7.7500000000    0.0847614496    0.0001911850
   -7.7400000000    0.0846894407    0.0001908126
   -7.7300000000    0.0846174929    0.0001904410
   -7.7200000000    0.0845456061    0.0001900702
   -7.7100000000    0.0844737801    0.0001897002
   -7.7000000000    0.0844020148    0.0001893310
   -7.6900000000    0.0843303099    0.0001889627
   -7.6800000000    0.0842586652    0.0001885951
   -7.6700000000    0.0841870806    0.0001882283
   -7.6600000000    0.0841155559    0.0001878623
   -7.6500000000    0.0840440908    0.0001874971
   -7.6400000000    0.0839726854    0.0001871327
   -7.6300000000    0.0839013392    0.0001867690
   -7.6200000000    0.0838300523    0.0001864061
   -7.6100000000    0.0837588243    0.0001860440
   -7.6000000000    0.0836876551    0.0001856827
   -7.5900000000    0.0836165446    0.0001853221
   -7.5800000000    0.0835454926    0.0001849623
   -7.5700000000    0.0834744988    0.0001846032
   -7.5600000000    0.0834035632    0.0001842449
   -7.5500000000    0.0833326855    0.0001838873
   -7.5400000000    0.0832618655    0.0001835305
   -7.5300000000    0.0831911032    0.0001831744
   -7.5200000000    0.0831203983    0.0001828191
   -7.5100000000    0.0830497506    0.0001824645
   -7.5000000000    0.0829791600    0.0001821106
   -7.4900000000    0.0829086263    0.0001817574
   -7.4800000000    0.0828381494    0.0001814050
   -7.4700000000    0.0827677290    0.0001810532
   -7.4600000000    0.0826973650    0.0001807022
   -7.4500000000    0.0826270573    0.0001803520
   -7.4400000000    0.0825568056    0.0001800024
   -7.4300000000    0.0824866099    0.0001796535
   -7.4200000000    0.0824164698    0.0001793053
   -7.4100000000    0.0823463854    0.0001789579
   -7.4000000000    0.0822763563    0.0001786111
   -7.3900000000    0.0822063825    0.0001782650
   -7.3800000000    0.0821364638    0.0001779196
   -7.3700000000    0.0820665999    0.0001775749
   -7.3600000000    0.0819967909    0.0001772309
   -7.3500000000    0.0819270364    0.0001768875
   -7.3400000000    0.0818573363    0.0001765448
   -7.3300000000    0.0817876905    0.0001762028
   -7.3200000000    0.0817180988    0.0001758615
   -7.3100000000    0.0816485610    0.0001755208
   -7.3000000000    0.0815790770    0.0001751808
   -7.2900000000    0.0815096467    0.0001748415
   -7.2800000000    0.0814402698    0.0001745028
   -7.2700000000    0.0813709462    0.0001741648
   -7.2600000000    0.0813016758    0.0001738274
   -7.2500000000    0.0812324584    0.0001734907
   -7.2400000000    0.0811632937    0.0001731546
   -7.2300000000    0.0810941818    0.0001728191
   -7.2200000000    0.0810251224    0.0001724843
   -7.2100000000    0.0809561154    0.0001721502
   -7.2000000000    0.0808871606    0.0001718166
   -7.1900000000    0.0808182578    0.0001714837
   -7.1800000000    0.0807494070    0.0001711514
   -7.1700000000    0.0806806079    0.0001708198
   -7.1600000000    0.0806118604    0.0001704888
   -7.1500000000    0.0805431644    0.0001701583
   -7.1400000000    0.0804745197    0.0001698285
   -7.1300000000    0.0804059261    0.0001694993
   -7.1200000000    0.0803373835    0.0001691708
   -7.1100000000    0.0802688917    0.0001688428
   -7.1000000000    0.0802004507    0.0001685154
   -7.0900000000    0.0801320602    0.0001681886
   -7.0800000000    0.0800637201    0.0001678625
   -7.0700000000    0.0799954302    0.0001675369
   -7.0600000000    0.0799271905    0.0001672119
   -7.0500000000    0.0798590007    0.0001668875
   -7.0400000000    0.0797908607    0.0001665637
   -7.0300000000    0.0797227703    0.0001662405
   -7.0200000000    0.0796547295    0.0001659178
   -7.0100000000    0.0795867381    0.0001655958
   -7.0000000000    0.0795187958    0.0001652743
   -6.9900000000    0.0794509027    0.0001649534
   -6.9800000000    0.0793830585    0.0001646330
   -6.9700000000    0.0793152631    0.0001643132
   -6.9600000000    0.0792475163    0.0001639940
   -6.9500000000    0.0791798180    0.0001636754
   -6.9400000000    0.0791121681    0.0001633573
   -6.9300000000    0.0790445664    0.0001630397
   -6.9200000000    0.0789770128    0.0001627228
   -6.9100000000    0.0789095071    0.0001624063
   -6.9000000000    0.0788420492    0.0001620904
   -6.8900000000    0.0787746389    0.0001617751
   -6.8800000000    0.0787072762    0.0001614603
   -6.8700000000    0.0786399609    0.0001611461
   -6.8600000000    0.0785726927    0.0001608324
   -6.8500000000    0.0785054717    0.0001605192
   -6.8400000000    0.0784382976    0.0001602065
   -6.8300000000    0.0783711704    0.0001598944
   -6.8200000000    0.0783040898    0.0001595829
   -6.8100000000    0.0782370557    0.0001592718
   -6.8000000000    0.0781700681    0.0001589613
   -6.7900000000    0.0781031267    0.0001586513
   -6.7800000000    0.0780362315    0.0001583418
   -6.7700000000    0.0779693822    0.0001580328
   -6.7600000000    0.0779025789    0.0001577243
   -6.7500000000    0.0778358212    0.0001574164
   -6.7400000000    0.0777691091    0.0001571089
   -6.7300000000    0.0777024425    0.0001568020
   -6.7200000000    0.0776358212    0.0001564956
   -6.7100000000    0.0775692451    0.0001561896
   -6.7000000000    0.0775027140    0.0001558842
   -6.6900000000    0.0774362278    0.0001555793
   -6.6800000000    0.0773697865    0.0001552748
   -6.6700000000    0.0773033897    0.0001549709
   -6.6600000000    0.0772370375    0.0001546674
   -6.6500000000    0.0771707297    0.0001543645
   -6.6400000000    0.0771044662    0.0001540620
   -6.6300000000    0.0770382468    0.0001537600
   -6.6200000000    0.0769720713    0.0001534585
   -6.6100000000    0.0769059398    0.0001531574
   -6.6000000000    0.0768398519    0.0001528569
   -6.5900000000    0.0767738077    0.0001525568
   -6.5800000000    0.0767078070    0.0001522571
   -6.5700000000    0.0766418496    0.0001519580
   -6.5600000000    0.0765759354    0.0001516593
   -6.5500000000    0.0765100643    0.0001513611
   -6.5400000000    0.0764442361    0.0001510633
   -6.5300000000    0.0763784508    0.0001507660
   -6.5200000000    0.0763127082    0.0001504692
   -6.5100000000    0.0762470082    0.0001501728
   -6.5000000000    0.0761813506    0.0001498769
   -6.4900000000    0.0761157353    0.0001495814
   -6.4800000000    0.0760501623    0.0001492863
   -6.4700000000    0.0759846313    0.0001489918
   -6.4600000000    0.0759191423    0.0001486976
   -6.4500000000    0.0758536950    0.0001484039
   -6.4400000000    0.0757882895    0.0001481107
   -6.4300000000    0.0757229256    0.0001478178
   -6.4200000000    0.0756576030    0.0001475254
   -6.4100000000    0.0755923218    0.0001472335
   -6.4000000000    0.0755270818    0.0001469420
   -6.3900000000    0.0754618829    0.0001466509
   -6.3800000000    0.0753967249    0.0001463602
   -6.3700000000    0.0753316078    0.0001460700
   -6.3600000000    0.0752665314    0.0001457801
   -6.3500000000    0.0752014955    0.0001454908
   -6.3400000000    0.0751365001    0.0001452018
   -6.3300000000    0.0750715450    0.0001449132
   -6.3200000000    0.0750066302    0.0001446251
   -6.3100000000    0.0749417554    0.0001443373
   -6.3000000000    0.0748769206    0.0001440500
   -6.2900000000    0.0748121257    0.0001437631
   -6.2800000000    0.0747473705    0.0001434766
   -6.2700000000    0.0746826549    0.0001431905
   -6.2600000000    0.0746179787    0.0001429048
   -6.2500000000    0.0745533420    0.0001426195
   -6.2400000000    0.0744887445    0.0001423346
   -6.2300000000    0.0744241862    0.0001420501
   -6.2200000000    0.0743596668    0.0001417659
   -6.2100000000    0.0742951863    0.0001414822
   -6.2000000000    0.0742307447    0.0001411989
   -6.1900000000    0.0741663416    0.0001409160
   -6.1800000000    0.0741019771    0.0001406334
   -6.1700000000    0.0740376511    0.0001403512
   -6.1600000000    0.0739733633    0.0001400694
   -6.1500000000    0.0739091137    0.0001397880
   -6.1400000000    0.0738449022    0.0001395070
   -6.1300000000    0.0737807286    0.0001392263
   -6.1200000000    0.0737165928    0.0001389460
   -6.1100000000    0.0736524948    0.0001386661
   -6.1000000000    0.0735884344    0.0001383866
   -6.0900000000    0.0735244114    0.0001381074
   -6.0800000000    0.0734604259    0.0001378286
   -6.0700000000    0.0733964775    0.0001375502
   -6.0600000000    0.0733325664    0.0001372721
   -6.0500000000    0.0732686922    0.0001369944
   -6.0400000000    0.0732048549    0.0001367170
   -6.0300000000    0.0731410545    0.0001364400
   -6.0200000000    0.0730772907    0.0001361634
   -6.0100000000    0.0730135634    0.0001358871
   -6.0000000000    0.0729498727    0.0001356111
   -5.9900000000    0.0728862182    0.0001353355
   -5.9800000000    0.0728226000    0.0001350603
   -5.9700000000    0.0727590179    0.0001347854
   -5.9600000000    0.0726954718    0.0001345108
   -5.9500000000    0.0726319615    0.0001342366
   -5.9400000000    0.0725684871    0.0001339627
   -5.9300000000    0.0725050482    0.0001336892
   -5.9200000000    0.0724416450    0.0001334160
   -5.9100000000    0.0723782771    0.0001331431
   -5.9000000000    0.0723149446    0.0001328706
   -5.8900000000    0.0722516473    0.0001325984
   -5.8800000000    0.0721883851    0.0001323265
   -5.8700000000    0.0721251578    0.0001320549
   -5.8600000000    0.0720619655    0.0001317837
   -5.8500000000    0.0719988079    0.0001315128
   -5.8400000000    0.0719356849    0.0001312422
   -5.8300000000    0.0718725965    0.0001309720
   -5.8200000000    0.0718095425    0.0001307020
   -5.8100000000    0.0717465228    0.0001304324
   -5.8000000000    0.0716835374    0.0001301631
   -5.7900000000    0.0716205860    0.0001298941
   -5.7800000000    0.0715576686    0.0001296254
   -5.7700000000    0.0714947851    0.0001293570
   -5.7600000000    0.0714319354    0.0001290889
   -5.7500000000    0.0713691193    0.0001288211
   -5.7400000000    0.0713063368    0.0001285537
   -5.7300000000    0.0712435878    0.0001282865
   -5.7200000000    0.0711808720    0.0001280196
   -5.7100000000    0.0711181895    0.0001277531
   -5.7000000000    0.0710555401    0.0001274868
   -5.6900000000    0.0709929237    0.0001272208
   -5.6800000000    0.0709303402    0.0001269551
   -5.6700000000    0.0708677895    0.0001266897
   -5.6600000000    0.0708052715    0.0001264246
   -5.6500000000    0.0707427860    0.0001261598
   -5.6400000000    0.0706803330    0.0001258952
   -5.6300000000    0.0706179124    0.0001256310
   -5.6200000000    0.0705555240    0.0001253670
   -5.6100000000    0.0704931678    0.0001251033
   -5.6000000000    0.0704308436    0.0001248399
   -5.5900000000    0.0703685513    0.0001245768
   -5.5800000000    0.0703062909    0.0001243139
   -5.5700000000    0.0702440622    0.0001240513
   -5.5600000000    0.0701818651    0.0001237890
   -5.5500000000    0.0701196995    0.0001235269
   -5.5400000000    0.0700575653    0.0001232652
   -5.5300000000    0.0699954623    0.0001230036
   -5.5200000000    0.0699333906    0.0001227424
   -5.5100000000    0.0698713500    0.0001224814
   -5.5000000000    0.0698093403    0.0001222207
   -5.4900000000    0.0697473615    0.0001219602
   -5.4800000000    0.0696854135    0.0001217000
   -5.4700000000    0.0696234961    0.0001214400
   -5.4600000000    0.0695616093    0.0001211803
   -5.4500000000    0.0694997529    0.0001209209
   -5.4400000000    0.0694379268    0.0001206617
   -5.4300000000    0.0693761311    0.0001204027
   -5.4200000000    0.0693143654    0.0001201440
   -5.4100000000    0.0692526298    0.0001198856
   -5.4000000000    0.0691909240    0.0001196274
   -5.3900000000    0.0691292482    0.0001193694
   -5.3800000000    0.0690676020    0.0001191117
   -5.3700000000    0.0690059854    0.0001188542
   -5.3600000000    0.0689443984    0.0001185969
   -5.3500000000    0.0688828407    0.0001183399
   -5.3400000000    0.0688213124    0.0001180831
   -5.3300000000    0.0687598132    0.0001178265
   -5.3200000000    0.0686983432    0.0001175702
   -5.3100000000    0.0686369021    0.0001173141
   -5.3000000000    0.0685754899    0.0001170583
   -5.2900000000    0.0685141065    0.0001168026
   -5.2800000000    0.0684527518    0.0001165472
   -5.2700000000    0.0683914256    0.0001162920
   -5.2600000000    0.0683301280    0.0001160370
   -5.2500000000    0.0682688586    0.0001157822
   -5.2400000000    0.0682076176    0.0001155277
   -5.2300000000    0.0681464047    0.0001152733
   -5.2200000000    0.0680852199    0.0001150192
   -5.2100000000    0.0680240631    0.0001147653
   -5.2000000000    0.0679629341    0.0001145116
   -5.1900000000    0.0679018328    0.0001142581
   -5.1800000000    0.0678407592    0.0001140048
   -5.1700000000    0.0677797132    0.0001137518
   -5.1600000000    0.0677186946    0.0001134989
   -5.1500000000    0.0676577033    0.0001132462
   -5.1400000000    0.0675967393    0.0001129937
   -5.1300000000    0.0675358024    0.0001127414
   -5.1200000000    0.0674748926    0.0001124894
   -5.1100000000    0.0674140097    0.0001122375
   -5.1000000000    0.0673531536    0.0001119858
   -5.0900000000    0.0672923243    0.0001117343
   -5.0800000000    0.0672315215    0.0001114829
   -5.0700000000    0.0671707454    0.0001112318
   -5.0600000000    0.0671099956    0.0001109809
   -5.0500000000    0.0670492722    0.0001107301
   -5.0400000000    0.0669885750    0.0001104795
   -5.0300000000    0.0669279039    0.0001102291
   -5.0200000000    0.0668672589    0.0001099789
   -5.0100000000    0.0668066397    0.0001097289
   -5.0000000000    0.0667460464    0.0001094790
   -4.9900000000    0.0666854788    0.0001092293
   -4.9800000000    0.0666249368    0.0001089798
   -4.9700000000    0.0665644204    0.0001087305
   -4.9600000000    0.0665039293    0.0001084813
   -4.9500000000    0.0664434636    0.0001082323
   -4.9400000000    0.0663830230    0.0001079834
   -4.9300000000    0.0663226076    0.0001077347
   -4.9200000000    0.0662622172    0.0001074862
   -4.9100000000    0.0662018517    0.0001072379
   -4.9000000000    0.0661415110    0.0001069897
   -4.8900000000    0.0660811950    0.0001067416
   -4.8800000000    0.0660209036    0.0001064937
   -4.8700000000    0.0659606368    0.0001062460
   -4.8600000000    0.0659003943    0.0001059984
   -4.8500000000    0.0658401761    0.0001057510
   -4.8400000000    0.0657799821    0.0001055037
   -4.8300000000    0.0657198123    0.0001052565
   -4.8200000000    0.0656596664    0.0001050096
   -4.8100000000    0.0655995445    0.0001047627
   -4.8000000000    0.0655394463    0.0001045160
   -4.7900000000    0.0654793718    0.0001042694
   -4.7800000000    0.0654193210    0.0001040230
   -4.7700000000    0.0653592936    0.0001037767
   -4.7600000000    0.0652992896    0.0001035305
   -4.7500000000    0.0652393090    0.0001032845
   -4.7400000000    0.0651793515    0.0001030386
   -4.7300000000    0.0651194171    0.0001027929
   -4.7200000000    0.0650595057    0.0001025472
   -4.7100000000    0.0649996173    0.0001023017
   -4.7000000000    0.0649397516    0.0001020563
   -4.6900000000    0.0648799086    0.0001018110
   -4.6800000000    0.0648200881    0.0001015659
   -4.6700000000    0.0647602902    0.0001013209
   -4.6600000000    0.0647005147    0.0001010760
   -4.6500000000    0.0646407615    0.0001008312
   -4.6400000000    0.0645810304    0.0001005865
   -4.6300000000    0.0645213215    0.0001003419
   -4.6200000000    0.0644616345    0.0001000975
   -4.6100000000    0.0644019694    0.0000998531
   -4.6000000000    0.0643423261    0.0000996089
   -4.5900000000    0.0642827045    0.0000993647
   -4.5800000000    0.0642231045    0.0000991207
   -4.5700000000    0.0641635259    0.0000988768
   -4.5600000000    0.0641039688    0.0000986329
   -4.5500000000    0.0640444329    0.0000983892
   -4.5400000000    0.0639849182    0.0000981456
   -4.5300000000    0.0639254246    0.0000979020
   -4.5200000000    0.0638659520    0.0000976585
   -4.5100000000    0.0638065002    0.0000974152
   -4.5000000000    0.0637470692    0.0000971719
   -4.4900000000    0.0636876589    0.0000969287
   -4.4800000000    0.0636282692    0.0000966856
   -4.4700000000    0.0635689000    0.0000964426
   -4.4600000000    0.0635095511    0.0000961997
   -4.4500000000    0.0634502225    0.0000959568
   -4.4400000000    0.0633909140    0.0000957140
   -4.4300000000    0.0633316257    0.0000954713
   -4.4200000000    0.0632723573    0.0000952287
   -4.4100000000    0.0632131087    0.0000949861
   -4.4000000000    0.0631538800    0.0000947436
   -4.3900000000    0.0630946709    0.0000945012
   -4.3800000000    0.0630354813    0.0000942589
   -4.3700000000    0.0629763112    0.0000940166
   -4.3600000000    0.0629171605    0.0000937743
   -4.3500000000    0.0628580290    0.0000935322
   -4.3400000000    0.0627989167    0.0000932901
   -4.3300000000    0.0627398234    0.0000930480
   -4.3200000000    0.0626807491    0.0000928060
   -4.3100000000    0.0626216937    0.0000925641
   -4.3000000000    0.0625626569    0.0000923222
   -4.2900000000    0.0625036388    0.0000920804
   -4.2800000000    0.0624446393    0.0000918386
   -4.2700000000    0.0623856582    0.0000915968
   -4.2600000000    0.0623266954    0.0000913551
   -4.2500000000    0.0622677509    0.0000911135
   -4.2400000000    0.0622088245    0.0000908718
   -4.2300000000    0.0621499161    0.0000906303
   -4.2200000000    0.0620910257    0.0000903887
   -4.2100000000    0.0620321530    0.0000901472
   -4.2000000000    0.0619732981    0.0000899057
   -4.1900000000    0.0619144608    0.0000896643
   -4.1800000000    0.0618556410    0.0000894228
   -4.1700000000    0.0617968386    0.0000891815
   -4.1600000000    0.0617380535    0.0000889401
   -4.1500000000    0.0616792857    0.0000886987
   -4.1400000000    0.0616205349    0.0000884574
   -4.1300000000    0.0615618011    0.0000882161
   -4.1200000000    0.0615030842    0.0000879748
   -4.1100000000    0.0614443841    0.0000877335
   -4.1000000000    0.0613857006    0.0000874923
   -4.0900000000    0.0613270337    0.0000872510
   -4.0800000000    0.0612683833    0.0000870098
   -4.0700000000    0.0612097493    0.0000867685
   -4.0600000000    0.0611511316    0.0000865273
   -4.0500000000    0.0610925299    0.0000862860
   -4.0400000000    0.0610339444    0.0000860448
   -4.0300000000    0.0609753748    0.0000858036
   -4.0200000000    0.0609168210    0.0000855623
   -4.0100000000    0.0608582829    0.0000853211
   -4.0000000000    0.0607997605    0.0000850798
   -3.9900000000    0.0607412537    0.0000848385
   -3.9800000000    0.0606827622    0.0000845973
   -3.9700000000    0.0606242860    0.0000843560
   -3.9600000000    0.0605658251    0.0000841146
   -3.9500000000    0.0605073792    0.0000838733
   -3.9400000000    0.0604489483    0.0000836319
   -3.9300000000    0.0603905324    0.0000833906
   -3.9200000000    0.0603321312    0.0000831492
   -3.9100000000    0.0602737446    0.0000829077
   -3.9000000000    0.0602153727    0.0000826663
   -3.8900000000    0.0601570152    0.0000824248
   -3.8800000000    0.0600986720    0.0000821832
   -3.8700000000    0.0600403431    0.0000819417
   -3.8600000000    0.0599820283    0.0000817001
   -3.8500000000    0.0599237275    0.0000814584
   -3.8400000000    0.0598654407    0.0000812167
   -3.8300000000    0.0598071676    0.0000809750
   -3.8200000000    0.0597489083    0.0000807332
   -3.8100000000    0.0596906625    0.0000804914
   -3.8000000000    0.0596324302    0.0000802495
   -3.7900000000    0.0595742113    0.0000800075
   -3.7800000000    0.0595160057    0.0000797655
   -3.7700000000    0.0594578132    0.0000795234
   -3.7600000000    0.0593996337    0.0000792813
   -3.7500000000    0.0593414672    0.0000790391
   -3.7400000000    0.0592833135    0.0000787969
   -3.7300000000    0.0592251725    0.0000785545
   -3.7200000000    0.0591670441    0.0000783121
   -3.7100000000    0.0591089282    0.0000780697
   -3.7000000000    0.0590508247    0.0000778271
   -3.6900000000    0.0589927334    0.0000775845
   -3.6800000000    0.0589346543    0.0000773418
   -3.6700000000    0.0588765872    0.0000770990
   -3.6600000000    0.0588185320    0.0000768561
   -3.6500000000    0.0587604887    0.0000766131
   -3.6400000000    0.0587024570    0.0000763701
   -3.6300000000    0.0586444370    0.0000761269
   -3.6200000000    0.0585864284    0.0000758836
   -3.6100000000    0.0585284312    0.0000756403
   -3.6000000000    0.0584704452    0.0000753968
   -3.5900000000    0.0584124704    0.0000751533
   -3.5800000000    0.0583545066    0.0000749096
   -3.5700000000    0.0582965537    0.0000746658
   -3.5600000000    0.0582386116    0.0000744219
   -3.5500000000    0.0581806801    0.0000741779
   -3.5400000000    0.0581227592    0.0000739338
   -3.5300000000    0.0580648488    0.0000736896
   -3.5200000000    0.0580069486    0.0000734452
   -3.5100000000    0.0579490587    0.0000732007
   -3.5000000000    0.0578911789    0.0000729561
   -3.4900000000    0.0578333090    0.0000727113
   -3.4800000000    0.0577754490    0.0000724665
   -3.4700000000    0.0577175988    0.0000722214
   -3.4600000000    0.0576597581    0.0000719763
   -3.4500000000    0.0576019270    0.0000717310
   -3.4400000000    0.0575441053    0.0000714855
   -3.4300000000    0.0574862928    0.0000712399
   -3.4200000000    0.0574284894    0.0000709942
   -3.4100000000    0.0573706951    0.0000707483
   -3.4000000000    0.0573129097    0.0000705022
   -3.3900000000    0.0572551331    0.0000702560
   -3.3800000000    0.0571973651    0.0000700096
   -3.3700000000    0.0571396057    0.0000697631
   -3.3600000000    0.0570818547    0.0000695164
   -3.3500000000    0.0570241120    0.0000692695
   -3.3400000000    0.0569663775    0.0000690224
   -3.3300000000    0.0569086510    0.0000687752
   -3.3200000000    0.0568509325    0.0000685278
   -3.3100000000    0.0567932217    0.0000682801
   -3.3000000000    0.0567355187    0.0000680324
   -3.2900000000    0.0566778232    0.0000677844
   -3.2800000000    0.0566201352    0.0000675362
   -3.2700000000    0.0565624544    0.0000672878
   -3.2600000000    0.0565047808    0.0000670393
   -3.2500000000    0.0564471143    0.0000667905
   -3.2400000000    0.0563894548    0.0000665415
   -3.2300000000    0.0563318020    0.0000662923
   -3.2200000000    0.0562741559    0.0000660429
   -3.2100000000    0.0562165164    0.0000657933
   -3.2000000000    0.0561588833    0.0000655435
   -3.1900000000    0.0561012565    0.0000652934
   -3.1800000000    0.0560436358    0.0000650431
   -3.1700000000    0.0559860212    0.0000647926
   -3.1600000000    0.0559284125    0.0000645419
   -3.1500000000    0.0558708095    0.0000642909
   -3.1400000000    0.0558132123    0.0000640397
   -3.1300000000    0.0557556205    0.0000637882
   -3.1200000000    0.0556980341    0.0000635365
   -3.1100000000    0.0556404529    0.0000632846
   -3.1000000000    0.0555828769    0.0000630323
   -3.0900000000    0.0555253059    0.0000627799
   -3.0800000000    0.0554677397    0.0000625271
   -3.0700000000    0.0554101782    0.0000622741
   -3.0600000000    0.0553526213    0.0000620209
   -3.0500000000    0.0552950688    0.0000617673
   -3.0400000000    0.0552375207    0.0000615135
   -3.0300000000    0.0551799767    0.0000612594
   -3.0200000000    0.0551224368    0.0000610050
   -3.0100000000    0.0550649008    0.0000607504
   -3.0000000000    0.0550073685    0.0000604954
   -2.9900000000    0.0549498399    0.0000602402
   -2.9800000000    0.0548923147    0.0000599846
   -2.9700000000    0.0548347929    0.0000597288
   -2.9600000000    0.0547772743    0.0000594726
   -2.9500000000    0.0547197587    0.0000592161
   -2.9400000000    0.0546622461    0.0000589594
   -2.9300000000    0.0546047362    0.0000587023
   -2.9200000000    0.0545472290    0.0000584448
   -2.9100000000    0.0544897243    0.0000581871
   -2.9000000000    0.0544322220    0.0000579290
   -2.8900000000    0.0543747218    0.0000576706
   -2.8800000000    0.0543172237    0.0000574118
   -2.8700000000    0.0542597275    0.0000571527
   -2.8600000000    0.0542022331    0.0000568932
   -2.8500000000    0.0541447403    0.0000566334
   -2.8400000000    0.0540872490    0.0000563733
   -2.8300000000    0.0540297590    0.0000561127
   -2.8200000000    0.0539722702    0.0000558518
   -2.8100000000    0.0539147824    0.0000555906
   -2.8000000000    0.0538572955    0.0000553289
   -2.7900000000    0.0537998093    0.0000550669
   -2.7800000000    0.0537423236    0.0000548045
   -2.7700000000    0.0536848384    0.0000545417
   -2.7600000000    0.0536273535    0.0000542785
   -2.7500000000    0.0535698687    0.0000540149
   -2.7400000000    0.0535123838    0.0000537509
   -2.7300000000    0.0534548988    0.0000534865
   -2.7200000000    0.0533974134    0.0000532217
   -2.7100000000    0.0533399274    0.0000529564
   -2.7000000000    0.0532824408    0.0000526908
   -2.6900000000    0.0532249534    0.0000524247
   -2.6800000000    0.0531674650    0.0000521582
   -2.6700000000    0.0531099755    0.0000518912
   -2.6600000000    0.0530524846    0.0000516238
   -2.6500000000    0.0529949923    0.0000513559
   -2.6400000000    0.0529374983    0.0000510876
   -2.6300000000    0.0528800025    0.0000508189
   -2.6200000000    0.0528225048    0.0000505496
   -2.6100000000    0.0527650050    0.0000502799
   -2.6000000000    0.0527075028    0.0000500097
   -2.5900000000    0.0526499982    0.0000497391
   -2.5800000000    0.0525924910    0.0000494679
   -2.5700000000    0.0525349810    0.0000491963
   -2.5600000000    0.0524774680    0.0000489241
   -2.5500000000    0.0524199519    0.0000486515
   -2.5400000000    0.0523624324    0.0000483783
   -2.5300000000    0.0523049095    0.0000481046
   -2.5200000000    0.0522473829    0.0000478304
   -2.5100000000    0.0521898525    0.0000475557
   -2.5000000000    0.0521323181    0.0000472804
   -2.4900000000    0.0520747795    0.0000470046
   -2.4800000000    0.0520172366    0.0000467283
   -2.4700000000    0.0519596891    0.0000464514
   -2.4600000000    0.0519021369    0.0000461739
   -2.4500000000    0.0518445798    0.0000458959
   -2.4400000000    0.0517870176    0.0000456173
   -2.4300000000    0.0517294502    0.0000453381
   -2.4200000000    0.0516718773    0.0000450583
   -2.4100000000    0.0516142988    0.0000447780
   -2.4000000000    0.0515567144    0.0000444970
   -2.3900000000    0.0514991241    0.0000442155
   -2.3800000000    0.0514415275    0.0000439333
   -2.3700000000    0.0513839246    0.0000436505
   -2.3600000000    0.0513263151    0.0000433671
   -2.3500000000    0.0512686989    0.0000430831
   -2.3400000000    0.0512110757    0.0000427984
   -2.3300000000    0.0511534453    0.0000425131
   -2.3200000000    0.0510958076    0.0000422271
   -2.3100000000    0.0510381623    0.0000419404
   -2.3000000000    0.0509805093    0.0000416531
   -2.2900000000    0.0509228484    0.0000413651
   -2.2800000000    0.0508651793    0.0000410764
   -2.2700000000    0.0508075018    0.0000407871
   -2.2600000000    0.0507498159    0.0000404970
   -2.2500000000    0.0506921211    0.0000402062
   -2.2400000000    0.0506344175    0.0000399147
   -2.2300000000    0.0505767046    0.0000396225
   -2.2200000000    0.0505189824    0.0000393296
   -2.2100000000    0.0504612506    0.0000390359
   -2.2000000000    0.0504035090    0.0000387415
   -2.1900000000    0.0503457574    0.0000384463
   -2.1800000000    0.0502879956    0.0000381503
   -2.1700000000    0.0502302233    0.0000378536
   -2.1600000000    0.0501724404    0.0000375561
   -2.1500000000    0.0501146466    0.0000372578
   -2.1400000000    0.0500568417    0.0000369587
   -2.1300000000    0.0499990255    0.0000366588
   -2.1200000000    0.0499411978    0.0000363581
   -2.1100000000    0.0498833583    0.0000360565
   -2.1000000000    0.0498255068    0.0000357541
   -2.0900000000    0.0497676431    0.0000354509
   -2.0800000000    0.0497097670    0.0000351468
   -2.0700000000    0.0496518782    0.0000348419
   -2.0600000000    0.0495939765    0.0000345361
   -2.0500000000    0.0495360616    0.0000342294
   -2.0400000000    0.0494781333    0.0000339218
   -2.0300000000    0.0494201914    0.0000336133
   -2.0200000000    0.0493622357    0.0000333039
   -2.0100000000    0.0493042659    0.0000329935
   -2.0000000000    0.0492462817    0.0000326823
   -1.9900000000    0.0491882829    0.0000323700
   -1.9800000000    0.0491302693    0.0000320569
   -1.9700000000    0.0490722406    0.0000317427
   -1.9600000000    0.0490141966    0.0000314276
   -1.9500000000    0.0489561370    0.0000311115
   -1.9400000000    0.0488980615    0.0000307944
   -1.9300000000    0.0488399699    0.0000304763
   -1.9200000000    0.0487818620    0.0000301572
   -1.9100000000    0.0487237374    0.0000298370
   -1.9000000000    0.0486655960    0.0000295158
   -1.8900000000    0.0486074374    0.0000291935
   -1.8800000000    0.0485492614    0.0000288702
   -1.8700000000    0.0484910677    0.0000285458
   -1.8600000000    0.0484328560    0.0000282203
   -1.8500000000    0.0483746261    0.0000278937
   -1.8400000000    0.0483163777    0.0000275659
   -1.8300000000    0.0482581106    0.0000272371
   -1.8200000000    0.0481998243    0.0000269070
   -1.8100000000    0.0481415187    0.0000265759
   -1.8000000000    0.0480831935    0.0000262435
   -1.7900000000    0.0480248483    0.0000259100
   -1.7800000000    0.0479664829    0.0000255753
   -1.7700000000    0.0479080970    0.0000252394
   -1.7600000000    0.0478496904    0.0000249022
   -1.7500000000    0.0477912626    0.0000245638
   -1.7400000000    0.0477328134    0.0000242242
   -1.7300000000    0.0476743425    0.0000238832
   -1.7200000000    0.0476158496    0.0000235410
   -1.7100000000    0.0475573344    0.0000231975
   -1.7000000000    0.0474987966    0.0000228527
   -1.6900000000    0.0474402358    0.0000225066
   -1.6800000000    0.0473816518    0.0000221591
   -1.6700000000    0.0473230442    0.0000218103
   -1.6600000000    0.0472644127    0.0000214600
   -1.6500000000    0.0472057570    0.0000211084
   -1.6400000000    0.0471470767    0.0000207554
   -1.6300000000    0.0470883716    0.0000204010
   -1.6200000000    0.0470296413    0.0000200451
   -1.6100000000    0.0469708854    0.0000196877
   -1.6000000000    0.0469121036    0.0000193289
   -1.5900000000    0.0468532956    0.0000189686
   -1.5800000000    0.0467944610    0.0000186068
   -1.5700000000    0.0467355994    0.0000182434
   -1.5600000000    0.0466767106    0.0000178785
   -1.5500000000    0.0466177942    0.0000175121
   -1.5400000000    0.0465588498    0.0000171440
   -1.5300000000    0.0464998770    0.0000167743
   -1.5200000000    0.0464408755    0.0000164031
   -1.5100000000    0.0463818449    0.0000160302
   -1.5000000000    0.0463227848    0.0000156556
   -1.4900000000    0.0462636949    0.0000152793
   -1.4800000000    0.0462045747    0.0000149013
   -1.4700000000    0.0461454240    0.0000145217
   -1.4600000000    0.0460862422    0.0000141402
   -1.4500000000    0.0460270291    0.0000137570
   -1.4400000000    0.0459677842    0.0000133720
   -1.4300000000    0.0459085070    0.0000129852
   -1.4200000000    0.0458491973    0.0000125966
   -1.4100000000    0.0457898546    0.0000122061
   -1.4000000000    0.0457305557    0.0000115987
   -1.3900000000    0.0456710686    0.0000114195
   -1.3800000000    0.0456116244    0.0000110233
   -1.3700000000    0.0455521456    0.0000106252
   -1.3600000000    0.0454926316    0.0000102251
   -1.3500000000    0.0454330821    0.0000098230
   -1.3400000000    0.0453734967    0.0000094189
   -1.3300000000    0.0453138748    0.0000090127
   -1.3200000000    0.0452542160    0.0000086045
   -1.3100000000    0.0451945200    0.0000081941
   -1.3000000000    0.0451347861    0.0000077817
   -1.2900000000    0.0450750141    0.0000073671
   -1.2800000000    0.0450152033    0.0000069503
   -1.2700000000    0.0449553533    0.0000065312
   -1.2600000000    0.0448954637    0.0000061100
   -1.2500000000    0.0448355340    0.0000056865
   -1.2400000000    0.0447755636    0.0000052607
   -1.2300000000    0.0447155522    0.0000048326
   -1.2200000000    0.0446554991    0.0000044021
   -1.2100000000    0.0445954038    0.0000039692
   -1.2000000000    0.0445352660    0.0000035340
   -1.1900000000    0.0444750850    0.0000030962
   -1.1800000000    0.0444148603    0.0000026560
   -1.1700000000    0.0443545915    0.0000022133
   -1.1600000000    0.0442942779    0.0000017680
   -1.1500000000    0.0442339191    0.0000013202
   -1.1400000000    0.0441735144    0.0000008698
   -1.1300000000    0.0441130634    0.0000004167
   -1.1200000000    0.0440525654   -0.0000000391
   -1.1100000000    0.0439920200   -0.0000004976
   -1.1000000000    0.0439314265   -0.0000009589
   -1.0900000000    0.0438707843   -0.0000014229
   -1.0800000000    0.0438100930   -0.0000018898
   -1.0700000000    0.0437493518   -0.0000023595
   -1.0600000000    0.0436885602   -0.0000028322
   -1.0500000000    0.0436277176   -0.0000033078
   -1.0400000000    0.0435668233   -0.0000037863
   -1.0300000000    0.0435058768   -0.0000042679
   -1.0200000000    0.0434448774   -0.0000047526
   -1.0100000000    0.0433838245   -0.0000052404
   -1.0000000000    0.0433227174   -0.0000057313
   -0.9900000000    0.0432615554   -0.0000062255
   -0.9800000000    0.0432003380   -0.0000067228
   -0.9700000000    0.0431390645   -0.0000072235
   -0.9600000000    0.0430777341   -0.0000077275
   -0.9500000000    0.0430163462   -0.0000082349
   -0.9400000000    0.0429549001   -0.0000087457
   -0.9300000000    0.0428933951   -0.0000092600
   -0.9200000000    0.0428318305   -0.0000097778
   -0.9100000000    0.0427702055   -0.0000102992
   -0.9000000000    0.0427085194   -0.0000108242
   -0.8900000000    0.0426467715   -0.0000113529
   -0.8800000000    0.0425849611   -0.0000118853
   -0.8700000000    0.0425230873   -0.0000124215
   -0.8600000000    0.0424611495   -0.0000129616
   -0.8500000000    0.0423991467   -0.0000135055
   -0.8400000000    0.0423370783   -0.0000140534
   -0.8300000000    0.0422749434   -0.0000146053
   -0.8200000000    0.0422127412   -0.0000151613
   -0.8100000000    0.0421504710   -0.0000157214
   -0.8000000000    0.0420881318   -0.0000162858
   -0.7900000000    0.0420257228   -0.0000168543
   -0.7800000000    0.0419632431   -0.0000174272
   -0.7700000000    0.0419006920   -0.0000180045
   -0.7600000000    0.0418380684   -0.0000185862
   -0.7500000000    0.0417753716   -0.0000191724
   -0.7400000000    0.0417126006   -0.0000197633
   -0.7300000000    0.0416497545   -0.0000203587
   -0.7200000000    0.0415868323   -0.0000209589
   -0.7100000000    0.0415238331   -0.0000215639
   -0.7000000000    0.0414607560   -0.0000221738
   -0.6900000000    0.0413976000   -0.0000227886
   -0.6800000000    0.0413343641   -0.0000234085
   -0.6700000000    0.0412710473   -0.0000240334
   -0.6600000000    0.0412076486   -0.0000246636
   -0.6500000000    0.0411441669   -0.0000252990
   -0.6400000000    0.0410806012   -0.0000259397
   -0.6300000000    0.0410169505   -0.0000265859
   -0.6200000000    0.0409532136   -0.0000272376
   -0.6100000000    0.0408893896   -0.0000278948
   -0.6000000000    0.0408254772   -0.0000285578
   -0.5900000000    0.0407614753   -0.0000292266
   -0.5800000000    0.0406973829   -0.0000299013
   -0.5700000000    0.0406331987   -0.0000305819
   -0.5600000000    0.0405689215   -0.0000312686
   -0.5500000000    0.0405045503   -0.0000319615
   -0.5400000000    0.0404400837   -0.0000326606
   -0.5300000000    0.0403755205   -0.0000333662
   -0.5200000000    0.0403108595   -0.0000340782
   -0.5100000000    0.0402460994   -0.0000347968
   -0.5000000000    0.0401812389   -0.0000355221
   -0.4900000000    0.0401162767   -0.0000362542
   -0.4800000000    0.0400512115   -0.0000369933
   -0.4700000000    0.0399860419   -0.0000377394
   -0.4600000000    0.0399207665   -0.0000384926
   -0.4500000000    0.0398553839   -0.0000392532
   -0.4400000000    0.0397898928   -0.0000400211
   -0.4300000000    0.0397242916   -0.0000407966
   -0.4200000000    0.0396585789   -0.0000415798
   -0.4100000000    0.0395927533   -0.0000423708
   -0.4000000000    0.0395268131   -0.0000431697
   -0.3900000000    0.0394607568   -0.0000439767
   -0.3800000000    0.0393945830   -0.0000447919
   -0.3700000000    0.0393282899   -0.0000456155
   -0.3600000000    0.0392618760   -0.0000464476
   -0.3500000000    0.0391953396   -0.0000472884
   -0.3400000000    0.0391286790   -0.0000481380
   -0.3300000000    0.0390618926   -0.0000489966
   -0.3200000000    0.0389949785   -0.0000498643
   -0.3100000000    0.0389279351   -0.0000507413
   -0.3000000000    0.0388607604   -0.0000516279
   -0.2900000000    0.0387934528   -0.0000525240
   -0.2800000000    0.0387260103   -0.0000534301
   -0.2700000000    0.0386584310   -0.0000543461
   -0.2600000000    0.0385907131   -0.0000552723
   -0.2500000000    0.0385228544   -0.0000562090
   -0.2400000000    0.0384548532   -0.0000571562
   -0.2300000000    0.0383867072   -0.0000581142
   -0.2200000000    0.0383184144   -0.0000590832
   -0.2100000000    0.0382499728   -0.0000600635
   -0.2000000000    0.0381813801   -0.0000610551
   -0.1900000000    0.0381126342   -0.0000620584
   -0.1800000000    0.0380437329   -0.0000630736
   -0.1700000000    0.0379746738   -0.0000641008
   -0.1600000000    0.0379054547   -0.0000651405
   -0.1500000000    0.0378360732   -0.0000661926
   -0.1400000000    0.0377665268   -0.0000672577
   -0.1300000000    0.0376968132   -0.0000683358
   -0.1200000000    0.0376269299   -0.0000694272
   -0.1100000000    0.0375568742   -0.0000705323
   -0.1000000000    0.0374866436   -0.0000716512
   -0.0900000000    0.0374162354   -0.0000727844
   -0.0800000000    0.0373456470   -0.0000739320
   -0.0700000000    0.0372748756   -0.0000750943
   -0.0600000000    0.0372039184   -0.0000762717
   -0.0500000000    0.0371327724   -0.0000774645
   -0.0400000000    0.0370614349   -0.0000786730
   -0.0300000000    0.0369899027   -0.0000798976
   -0.0200000000    0.0369181729   -0.0000811384
   -0.0100000000    0.0368462423   -0.0000823961
    0.0000000000    0.0367741078   -0.0000836707
