  -20.0000000000    0.1192697740    0.0694131828
  -19.9900000000    0.1128155220    0.0758138355
  -19.9800000000    0.1063054358    0.0825227535
  -19.9700000000    0.0993875592    0.0895424002
  -19.9600000000    0.0916201606    0.0971649484
  -19.9500000000    0.0826971568    0.1060203882
  -19.9400000000    0.0726187604    0.1169353033
  -19.9300000000    0.0616927634    0.1307778437
  -19.9200000000    0.0504919887    0.1484225248
  -19.9100000000    0.0399037304    0.1707725448
  -19.9000000000    0.0312819606    0.1987205299
  -19.8900000000    0.0266433581    0.2329703958
  -19.8800000000    0.0288328780    0.2736753054
  -19.8700000000    0.0415694261    0.3198312917
  -19.8600000000    0.0691257149    0.3683001713
  -19.8500000000    0.1149193953    0.4126215320
  -19.8400000000    0.1783832691    0.4431112781
  -19.8300000000    0.2520007894    0.4505605567
  -19.8200000000    0.3229978429    0.4322343164
  -19.8100000000    0.3800470427    0.3939308550
  -19.8000000000    0.4183719997    0.3456349518
  -19.7900000000    0.4392116290    0.2960780506
  -19.7800000000    0.4466066025    0.2505608568
  -19.7700000000    0.4449202400    0.2113478504
  -19.7600000000    0.4377215758    0.1787769413
  -19.7500000000    0.4275321575    0.1522274918
  -19.7400000000    0.4159692918    0.1307473850
  -19.7300000000    0.4039990145    0.1133780817
  -19.7200000000    0.3921633807    0.0992852240
  -19.7100000000    0.3807446030    0.0877892639
  -19.7000000000    0.3698717493    0.0783542105
  -19.6900000000    0.3595863583    0.0705634426
  -19.6800000000    0.3498815694    0.0640948286
  -19.6700000000    0.3407250197    0.0586993705
  -19.6600000000    0.3320720360    0.0541842035
  -19.6500000000    0.3238731004    0.0503995423
  -19.6400000000    0.3160779591    0.0472288452
  -19.6300000000    0.3086377849    0.0445814782
  -19.6200000000    0.3015062274    0.0423872882
  -19.6100000000    0.2946398589    0.0405926247
  -19.6000000000    0.2879983386    0.0391574664
  -19.5900000000    0.2815445217    0.0380533862
  -19.5800000000    0.2752447090    0.0372621269
  -19.5700000000    0.2690692328    0.0367745275
  -19.5600000000    0.2629935597    0.0365893939
  -19.5500000000    0.2569999390    0.0367115925
  -19.5400000000    0.2510789767    0.0371481946
  -19.5300000000    0.2452288368    0.0379015123
  -19.5200000000    0.2394471241    0.0389602947
  -19.5100000000    0.2337108288    0.0402977775
  -19.5000000000    0.2279522489    0.0418924336
  -19.4900000000    0.2220594725    0.0437725073
  -19.4800000000    0.2159183597    0.0460479887
  -19.4700000000    0.2094612954    0.0488971064
  -19.4600000000    0.2026807398    0.0525318326
  -19.4500000000    0.1956173402    0.0571840655
  -19.4400000000    0.1883557310    0.0631179085
  -19.4300000000    0.1810445285    0.0706508426
  -19.4200000000    0.1739434719    0.0801680686
  -19.4100000000    0.1674996977    0.0921158319
  -19.4000000000    0.1624549255    0.1069513558
  -19.3900000000    0.1599754836    0.1250100755
  -19.3800000000    0.1617642819    0.1462268968
  -19.3700000000    0.1700221522    0.1696353697
  -19.3600000000    0.1869383362    0.1926824609
  -19.3500000000    0.2133159530    0.2108867845
  -19.3400000000    0.2467259156    0.2190128174
  -19.3300000000    0.2812253544    0.2140843344
  -19.3200000000    0.3101815334    0.1976904609
  -19.3100000000    0.3298434252    0.1747923537
  -19.3000000000    0.3401851516    0.1505006990
  -19.2900000000    0.3432943900    0.1280878984
  -19.2800000000    0.3416200830    0.1089204845
  -19.2700000000    0.3371307573    0.0931808855
  -19.2600000000    0.3311681059    0.0805200370
  -19.2500000000    0.3245727481    0.0704319881
  -19.2400000000    0.3178487549    0.0624170635
  -19.2300000000    0.3112876803    0.0560306311
  -19.2200000000    0.3050385220    0.0508858710
  -19.2100000000    0.2991370148    0.0466563427
  -19.2000000000    0.2935292863    0.0430991684
  -19.1900000000    0.2881218346    0.0400763209
  -19.1800000000    0.2828403278    0.0375359545
  -19.1700000000    0.2776532018    0.0354644005
  -19.1600000000    0.2725579491    0.0338514767
  -19.1500000000    0.2675605584    0.0326830911
  -19.1400000000    0.2626656560    0.0319476689
  -19.1300000000    0.2578768196    0.0316438268
  -19.1200000000    0.2532024539    0.0317851718
  -19.1100000000    0.2486650081    0.0324017394
  -19.1000000000    0.2443134274    0.0335369653
  -19.0900000000    0.2402384687    0.0352363895
  -19.0800000000    0.2365860706    0.0375212303
  -19.0700000000    0.2335527550    0.0403415806
  -19.0600000000    0.2313332631    0.0435235114
  -19.0500000000    0.2300060241    0.0467709238
  -19.0400000000    0.2294349114    0.0498008259
  -19.0300000000    0.2293565435    0.0525527113
  -19.0200000000    0.2296624114    0.0552170116
  -19.0100000000    0.2305856634    0.0579648789
  -19.0000000000    0.2325625563    0.0606132344
  -18.9900000000    0.2358452712    0.0625144884
  -18.9800000000    0.2401048513    0.0628145822
  -18.9700000000    0.2443737944    0.0610249036
  -18.9600000000    0.2475508161    0.0574516330
  -18.9500000000    0.2490523539    0.0529928646
  -18.9400000000    0.2489774003    0.0485459989
  -18.9300000000    0.2478018309    0.0446223411
  -18.9200000000    0.2460146665    0.0413310550
  -18.9100000000    0.2439220003    0.0385575642
  -18.9000000000    0.2416362417    0.0361588860
  -18.8900000000    0.2391746418    0.0340622634
  -18.8800000000    0.2365475463    0.0322553222
  -18.8700000000    0.2337858474    0.0307445373
  -18.8600000000    0.2309354158    0.0295256061
  -18.8500000000    0.2280324933    0.0285698565
  -18.8400000000    0.2250750718    0.0278440843
  -18.8300000000    0.2220302300    0.0273531883
  -18.8200000000    0.2188788348    0.0271552010
  -18.8100000000    0.2156491249    0.0273348116
  -18.8000000000    0.2124179489    0.0279727103
  -18.7900000000    0.2093032549    0.0291326594
  -18.7800000000    0.2064676678    0.0308534333
  -18.7700000000    0.2041294742    0.0331259055
  -18.7600000000    0.2025625708    0.0358448415
  -18.7500000000    0.2020565453    0.0387376921
  -18.7400000000    0.2027953491    0.0413024829
  -18.7300000000    0.2046420480    0.0428602068
  -18.7200000000    0.2069832411    0.0428468789
  -18.7100000000    0.2089182150    0.0412038700
  -18.7000000000    0.2097422949    0.0384388517
  -18.6900000000    0.2092452614    0.0352678660
  -18.6800000000    0.2076092569    0.0322460838
  -18.6700000000    0.2051548038    0.0296576424
  -18.6600000000    0.2021725041    0.0275838916
  -18.6500000000    0.1988695143    0.0260017818
  -18.6400000000    0.1953752051    0.0248506140
  -18.6300000000    0.1917627293    0.0240654439
  -18.6200000000    0.1880687757    0.0235902970
  -18.6100000000    0.1843075263    0.0233817319
  -18.6000000000    0.1804795175    0.0234085585
  -18.5900000000    0.1765769611    0.0236504061
  -18.5800000000    0.1725868291    0.0240962496
  -18.5700000000    0.1684925831    0.0247432932
  -18.5600000000    0.1642751039    0.0255963239
  -18.5500000000    0.1599131639    0.0266675550
  -18.5400000000    0.1553836601    0.0279769685
  -18.5300000000    0.1506617615    0.0295531852
  -18.5200000000    0.1457211091    0.0314349326
  -18.5100000000    0.1405342264    0.0336732330
  -18.5000000000    0.1350733688    0.0363344925
  -18.4900000000    0.1293121723    0.0395047464
  -18.4800000000    0.1232287048    0.0432953823
  -18.4700000000    0.1168109376    0.0478506991
  -18.4600000000    0.1100663633    0.0533575722
  -18.4500000000    0.1030386532    0.0600570602
  -18.4400000000    0.0958360816    0.0682564869
  -18.4300000000    0.0886789788    0.0783372063
  -18.4200000000    0.0819758732    0.0907455871
  -18.4100000000    0.0764363137    0.1059388738
  -18.4000000000    0.0732103382    0.1242303164
  -18.3900000000    0.0739819572    0.1454500676
  -18.3800000000    0.0808032870    0.1683747664
  -18.3700000000    0.0953031504    0.1901435937
  -18.3600000000    0.1171475895    0.2064481484
  -18.3500000000    0.1427898111    0.2134050986
  -18.3400000000    0.1664731664    0.2102847805
  -18.3300000000    0.1833976365    0.2002500669
  -18.3200000000    0.1919555056    0.1881981628
  -18.3100000000    0.1933247626    0.1782550367
  -18.3000000000    0.1899047542    0.1729003708
  -18.2900000000    0.1842658903    0.1733167443
  -18.2800000000    0.1789090976    0.1799271639
  -18.2700000000    0.1764613244    0.1925847521
  -18.2600000000    0.1798777584    0.2102708742
  -18.2500000000    0.1921792255    0.2303753967
  -18.2400000000    0.2152105298    0.2480914360
  -18.2300000000    0.2475561892    0.2571871074
  -18.2200000000    0.2835155026    0.2530199379
  -18.2100000000    0.3154533370    0.2357497153
  -18.2000000000    0.3380655014    0.2100823394
  -18.1900000000    0.3503028683    0.1818550619
  -18.1800000000    0.3540450329    0.1552291194
  -18.1700000000    0.3519931688    0.1321451449
  -18.1600000000    0.3464614842    0.1130209171
  -18.1500000000    0.3390643745    0.0975391397
  -18.1400000000    0.3308106163    0.0851410918
  -18.1300000000    0.3222865950    0.0752607218
  -18.1200000000    0.3138116760    0.0674112483
  -18.1100000000    0.3055450141    0.0612040625
  -18.1000000000    0.2975528136    0.0563417792
  -18.0900000000    0.2898490831    0.0526042191
  -18.0800000000    0.2824201325    0.0498347493
  -18.0700000000    0.2752397279    0.0479294000
  -18.0600000000    0.2682794236    0.0468291187
  -18.0500000000    0.2615171651    0.0465146259
  -18.0400000000    0.2549464845    0.0470026603
  -18.0300000000    0.2485879655    0.0483413805
  -18.0200000000    0.2425031344    0.0506010772
  -18.0100000000    0.2368067313    0.0538551803
  -18.0000000000    0.2316653285    0.0581505979
  -17.9900000000    0.2272661989    0.0634848782
  -17.9800000000    0.2237682303    0.0698355658
  -17.9700000000    0.2213204685    0.0772630968
  -17.9600000000    0.2202456108    0.0859720482
  -17.9500000000    0.2212993981    0.0961235192
  -17.9400000000    0.2257160974    0.1073590996
  -17.9300000000    0.2347757226    0.1182699126
  -17.9200000000    0.2488287286    0.1262883271
  -17.9100000000    0.2662710772    0.1286044352
  -17.9000000000    0.2836883168    0.1239439658
  -17.8900000000    0.2976466386    0.1135642967
  -17.8800000000    0.3064839734    0.1002841986
  -17.8700000000    0.3104702962    0.0867454886
  -17.8600000000    0.3108430678    0.0745298781
  -17.8500000000    0.3089315307    0.0642378481
  -17.8400000000    0.3057817118    0.0558873383
  -17.8300000000    0.3021131659    0.0492343570
  -17.8200000000    0.2983872742    0.0439411794
  -17.8100000000    0.2948691450    0.0396427896
  -17.8000000000    0.2916497585    0.0359867500
  -17.7900000000    0.2886657929    0.0326992897
  -17.7800000000    0.2857763899    0.0296499841
  -17.7700000000    0.2828726508    0.0268391652
  -17.7600000000    0.2799296023    0.0243156765
  -17.7500000000    0.2769822700    0.0221088605
  -17.7400000000    0.2740820076    0.0202117984
  -17.7300000000    0.2712713021    0.0185929299
  -17.7200000000    0.2685771362    0.0172101708
  -17.7100000000    0.2660117324    0.0160194553
  -17.7000000000    0.2635741801    0.0149799787
  -17.6900000000    0.2612531837    0.0140592561
  -17.6800000000    0.2590330971    0.0132364587
  -17.6700000000    0.2569007352    0.0125005280
  -17.6600000000    0.2548480119    0.0118448157
  -17.6500000000    0.2528703472    0.0112631896
  -17.6400000000    0.2509643025    0.0107491381
  -17.6300000000    0.2491263539    0.0102963581
  -17.6200000000    0.2473526901    0.0098994609
  -17.6100000000    0.2456394670    0.0095543941
  -17.6000000000    0.2439832040    0.0092586374
  -17.5900000000    0.2423812607    0.0090112893
  -17.5800000000    0.2408324675    0.0088130809
  -17.5700000000    0.2393380482    0.0086662385
  -17.5600000000    0.2379029841    0.0085739125
  -17.5500000000    0.2365378268    0.0085385715
  -17.5400000000    0.2352603873    0.0085583209
  -17.5300000000    0.2340952053    0.0086201108
  -17.5200000000    0.2330663424    0.0086909829
  -17.5100000000    0.2321794395    0.0087151346
  -17.5000000000    0.2314003249    0.0086306943
  -17.4900000000    0.2306555196    0.0084063144
  -17.4800000000    0.2298684042    0.0080645583
  -17.4700000000    0.2289987549    0.0076636159
  -17.4600000000    0.2280483659    0.0072599194
  -17.4500000000    0.2270409506    0.0068878384
  -17.4400000000    0.2260028375    0.0065606473
  -17.4300000000    0.2249544038    0.0062790948
  -17.4200000000    0.2239089379    0.0060385941
  -17.4100000000    0.2228742059    0.0058332389
  -17.4000000000    0.2218543144    0.0056575654
  -17.3900000000    0.2208511468    0.0055071483
  -17.3800000000    0.2198653282    0.0053786991
  -17.3700000000    0.2188968534    0.0052699956
  -17.3600000000    0.2179455191    0.0051797810
  -17.3500000000    0.2170112769    0.0051076775
  -17.3400000000    0.2160946029    0.0050541040
  -17.3300000000    0.2151969716    0.0050201318
  -17.3200000000    0.2143215005    0.0050071270
  -17.3100000000    0.2134737322    0.0050158799
  -17.3000000000    0.2126621993    0.0050447666
  -17.2900000000    0.2118976757    0.0050866407
  -17.2800000000    0.2111891476    0.0051254658
  -17.2700000000    0.2105355597    0.0051367294
  -17.2600000000    0.2099183262    0.0050968636
  -17.2500000000    0.2093053889    0.0049983773
  -17.2400000000    0.2086680599    0.0048554721
  -17.2300000000    0.2079944783    0.0046931954
  -17.2200000000    0.2072884660    0.0045329907
  -17.2100000000    0.2065606489    0.0043867968
  -17.2000000000    0.2058215561    0.0042586320
  -17.1900000000    0.2050790003    0.0041481239
  -17.1800000000    0.2043379828    0.0040531403
  -17.1700000000    0.2036014019    0.0039711783
  -17.1600000000    0.2028707789    0.0038999442
  -17.1500000000    0.2021467933    0.0038375266
  -17.1400000000    0.2014296300    0.0037823998
  -17.1300000000    0.2007191922    0.0037333694
  -17.1200000000    0.2000152278    0.0036895075
  -17.1100000000    0.1993174032    0.0036500934
  -17.1000000000    0.1986253453    0.0036145670
  -17.0900000000    0.1979386655    0.0035824913
  -17.0800000000    0.1972569727    0.0035535245
  -17.0700000000    0.1965798798    0.0035273995
  -17.0600000000    0.1959070068    0.0035039075
  -17.0500000000    0.1952379811    0.0034828871
  -17.0400000000    0.1945724378    0.0034642147
  -17.0300000000    0.1939100179    0.0034477991
  -17.0200000000    0.1932503672    0.0034335758
  -17.0100000000    0.1925931343    0.0034215045
  -17.0000000000    0.1919379686    0.0034115660
  -16.9900000000    0.1912845188    0.0034037612
  -16.9800000000    0.1906324304    0.0033981101
  -16.9700000000    0.1899813438    0.0033946518
  -16.9600000000    0.1893308920    0.0033934452
  -16.9500000000    0.1886806984    0.0033945697
  -16.9400000000    0.1880303745    0.0033981274
  -16.9300000000    0.1873795171    0.0034042455
  -16.9200000000    0.1867277062    0.0034130798
  -16.9100000000    0.1860745019    0.0034248189
  -16.9000000000    0.1854194422    0.0034396908
  -16.8900000000    0.1847620405    0.0034579694
  -16.8800000000    0.1841017844    0.0034799848
  -16.8700000000    0.1834381356    0.0035061346
  -16.8600000000    0.1827705328    0.0035368990
  -16.8500000000    0.1820983991    0.0035728579
  -16.8400000000    0.1814211588    0.0036147083
  -16.8300000000    0.1807382659    0.0036632783
  -16.8200000000    0.1800492492    0.0037195235
  -16.8100000000    0.1793537674    0.0037844816
  -16.8000000000    0.1786516374    0.0038591515
  -16.7900000000    0.1779427340    0.0039442827
  -16.7800000000    0.1772266009    0.0040402003
  -16.7700000000    0.1765017549    0.0041470421
  -16.7600000000    0.1757652155    0.0042657780
  -16.7500000000    0.1750131075    0.0043995385
  -16.7400000000    0.1742421498    0.0045540128
  -16.7300000000    0.1734506633    0.0047367108
  -16.7200000000    0.1726385471    0.0049562887
  -16.7100000000    0.1718070163    0.0052227173
  -16.7000000000    0.1709589089    0.0055480659
  -16.6900000000    0.1700998687    0.0059474340
  -16.6800000000    0.1692406035    0.0064396686
  -16.6700000000    0.1684005966    0.0070473429
  -16.6600000000    0.1676137387    0.0077948170
  -16.6500000000    0.1669357984    0.0087019064
  -16.6400000000    0.1664512641    0.0097690205
  -16.6300000000    0.1662710067    0.0109498328
  -16.6200000000    0.1665032496    0.0121164536
  -16.6100000000    0.1671824273    0.0130475296
  -16.6000000000    0.1681834590    0.0134926834
  -16.5900000000    0.1692177919    0.0133169177
  -16.5800000000    0.1699714183    0.0126023118
  -16.5700000000    0.1702697330    0.0115864548
  -16.5600000000    0.1701133833    0.0105110673
  -16.5500000000    0.1696013998    0.0095301511
  -16.5400000000    0.1688488887    0.0087076953
  -16.5300000000    0.1679476389    0.0080519772
  -16.5200000000    0.1669593367    0.0075464382
  -16.5100000000    0.1659215116    0.0071674843
  -16.5000000000    0.1648553243    0.0068924546
  -16.4900000000    0.1637716872    0.0067023408
  -16.4800000000    0.1626753433    0.0065821944
  -16.4700000000    0.1615673893    0.0065206901
  -16.4600000000    0.1604467770    0.0065094889
  -16.4500000000    0.1593111837    0.0065426386
  -16.4400000000    0.1581575050    0.0066160883
  -16.4300000000    0.1569821235    0.0067273209
  -16.4200000000    0.1557810436    0.0068750900
  -16.4100000000    0.1545499472    0.0070592429
  -16.4000000000    0.1532842000    0.0072806129
  -16.3900000000    0.1519788269    0.0075409711
  -16.3800000000    0.1506284660    0.0078430280
  -16.3700000000    0.1492273083    0.0081904841
  -16.3600000000    0.1477690246    0.0085881286
  -16.3500000000    0.1462466824    0.0090419896
  -16.3400000000    0.1446526549    0.0095595470
  -16.3300000000    0.1429785221    0.0101500172
  -16.3200000000    0.1412149698    0.0108247312
  -16.3100000000    0.1393516913    0.0115976315
  -16.3000000000    0.1373773034    0.0124859227
  -16.2900000000    0.1352792967    0.0135109292
  -16.2800000000    0.1330440549    0.0146992244
  -16.2700000000    0.1306570020    0.0160841286
  -16.2600000000    0.1281029784    0.0177077003
  -16.2500000000    0.1253670164    0.0196233924
  -16.2400000000    0.1224358066    0.0218995933
  -16.2300000000    0.1193003498    0.0246243278
  -16.2200000000    0.1159606383    0.0279114130
  -16.2100000000    0.1124337942    0.0319082904
  -16.2000000000    0.1087680658    0.0368053935
  -16.1900000000    0.1050665949    0.0428458355
  -16.1800000000    0.1015269814    0.0503314683
  -16.1700000000    0.0985047006    0.0596150648
  -16.1600000000    0.0966072217    0.0710553093
  -16.1500000000    0.0968112875    0.0848886872
  -16.1400000000    0.1005451405    0.1009484234
  -16.1300000000    0.1095617837    0.1181871300
  -16.1200000000    0.1252972521    0.1341715326
  -16.1100000000    0.1475873836    0.1451909791
  -16.1000000000    0.1735619420    0.1477673346
  -16.0900000000    0.1983762861    0.1409663642
  -16.0800000000    0.2178384755    0.1271334999
  -16.0700000000    0.2303725948    0.1101374516
  -16.0600000000    0.2367325179    0.0931983192
  -16.0500000000    0.2386273522    0.0780708103
  -16.0400000000    0.2377048425    0.0653286265
  -16.0300000000    0.2351852876    0.0549046886
  -16.0200000000    0.2318622849    0.0464810663
  -16.0100000000    0.2282142954    0.0396909927
  -16.0000000000    0.2245145623    0.0342014817
  -15.9900000000    0.2209109162    0.0297371341
  -15.9800000000    0.2174772923    0.0260796168
  -15.9700000000    0.2142452030    0.0230590958
  -15.9600000000    0.2112224353    0.0205443753
  -15.9500000000    0.2084039854    0.0184341351
  -15.9400000000    0.2057783825    0.0166498558
  -15.9300000000    0.2033313010    0.0151303478
  -15.9200000000    0.2010475860    0.0138276047
  -15.9100000000    0.1989123541    0.0127036890
  -15.9000000000    0.1969115562    0.0117283955
  -15.8900000000    0.1950322329    0.0108774963
  -15.8800000000    0.1932625936    0.0101314162
  -15.8700000000    0.1915920009    0.0094742282
  -15.8600000000    0.1900109043    0.0088928860
  -15.8500000000    0.1885107521    0.0083766350
  -15.8400000000    0.1870838943    0.0079165557
  -15.8300000000    0.1857234881    0.0075052085
  -15.8200000000    0.1844234069    0.0071363550
  -15.8100000000    0.1831781581    0.0068047381
  -15.8000000000    0.1819828085    0.0065059072
  -15.7900000000    0.1808329175    0.0062360786
  -15.7800000000    0.1797244783    0.0059920237
  -15.7700000000    0.1786538659    0.0057709785
  -15.7600000000    0.1776177911    0.0055705701
  -15.7500000000    0.1766132604    0.0053887575
  -15.7400000000    0.1756375404    0.0052237825
  -15.7300000000    0.1746881267    0.0050741310
  -15.7200000000    0.1737627161    0.0049385004
  -15.7100000000    0.1728591826    0.0048157738
  -15.7000000000    0.1719755557    0.0047049999
  -15.6900000000    0.1711100015    0.0046053772
  -15.6800000000    0.1702608067    0.0045162429
  -15.6700000000    0.1694263640    0.0044370661
  -15.6600000000    0.1686051615    0.0043674456
  -15.6500000000    0.1677957744    0.0043071124
  -15.6400000000    0.1669968623    0.0042559383
  -15.6300000000    0.1662071738    0.0042139504
  -15.6200000000    0.1654255618    0.0041813537
  -15.6100000000    0.1646510194    0.0041585604
  -15.6000000000    0.1638827465    0.0041462235
  -15.5900000000    0.1631202679    0.0041452643
  -15.5800000000    0.1623636313    0.0041568639
  -15.5700000000    0.1616137138    0.0041823490
  -15.5600000000    0.1608726319    0.0042228301
  -15.5500000000    0.1601441125    0.0042783517
  -15.5400000000    0.1594333227    0.0043463276
  -15.5300000000    0.1587451246    0.0044195709
  -15.5200000000    0.1580798824    0.0044857766
  -15.5100000000    0.1574286686    0.0045316057
  -15.5000000000    0.1567737219    0.0045510979
  -15.4900000000    0.1560969102    0.0045506737
  -15.4800000000    0.1553884939    0.0045446460
  -15.4700000000    0.1546480357    0.0045468009
  -15.4600000000    0.1538797284    0.0045660881
  -15.4500000000    0.1530881271    0.0046070476
  -15.4400000000    0.1522763285    0.0046718104
  -15.4300000000    0.1514457496    0.0047617484
  -15.4200000000    0.1505964677    0.0048784622
  -15.4100000000    0.1497276410    0.0050243345
  -15.4000000000    0.1488378757    0.0052028856
  -15.3900000000    0.1479255497    0.0054190868
  -15.3800000000    0.1469891550    0.0056797227
  -15.3700000000    0.1460277525    0.0059938608
  -15.3600000000    0.1450416761    0.0063734576
  -15.3500000000    0.1440336936    0.0068340926
  -15.3400000000    0.1430109542    0.0073957291
  -15.3300000000    0.1419882186    0.0080831688
  -15.3200000000    0.1409930231    0.0089253470
  -15.3100000000    0.1400733125    0.0099515307
  -15.3000000000    0.1393068270    0.0111806330
  -15.2900000000    0.1388072526    0.0125979933
  -15.2800000000    0.1387125748    0.0141165355
  -15.2700000000    0.1391308599    0.0155373702
  -15.2600000000    0.1400357547    0.0165634541
  -15.2500000000    0.1411829878    0.0169270465
  -15.2400000000    0.1421801179    0.0165727673
  -15.2300000000    0.1427000339    0.0157036140
  -15.2200000000    0.1426276679    0.0146324076
  -15.2100000000    0.1420272415    0.0136129381
  -15.2000000000    0.1410316741    0.0127825602
  -15.1900000000    0.1397649796    0.0121883715
  -15.1800000000    0.1383158358    0.0118303625
  -15.1700000000    0.1367387390    0.0116917403
  -15.1600000000    0.1350630534    0.0117545982
  -15.1500000000    0.1333016308    0.0120065766
  -15.1400000000    0.1314570421    0.0124432577
  -15.1300000000    0.1295256907    0.0130689702
  -15.1200000000    0.1275005554    0.0138972908
  -15.1100000000    0.1253732534    0.0149518065
  -15.1000000000    0.1231360055    0.0162673595
  -15.0900000000    0.1207840088    0.0178918018
  -15.0800000000    0.1183186561    0.0198881248
  -15.0700000000    0.1157518503    0.0223367388
  -15.0600000000    0.1131113415    0.0253380215
  -15.0500000000    0.1104473980    0.0290166986
  -15.0400000000    0.1078448508    0.0335312398
  -15.0300000000    0.1054525247    0.0390869908
  -15.0200000000    0.1035439234    0.0459351612
  -15.0100000000    0.1026058318    0.0543231114
  -15.0000000000    0.1034248096    0.0643586891
  -14.9900000000    0.1071034169    0.0757534314
  -14.9800000000    0.1148550079    0.0874553423
  -14.9700000000    0.1273735787    0.0973941813
  -14.9600000000    0.1438774202    0.1028904994
  -14.9500000000    0.1617105506    0.1020498602
  -14.9400000000    0.1774695521    0.0951442201
  -14.9300000000    0.1888830878    0.0843966778
  -14.9200000000    0.1955777041    0.0724391194
  -14.9100000000    0.1984402782    0.0611135595
  -14.9000000000    0.1986897965    0.0512720066
  -14.8900000000    0.1973604043    0.0430978987
  -14.8800000000    0.1951733950    0.0364534206
  -14.8700000000    0.1925822751    0.0310946687
  -14.8600000000    0.1898542948    0.0267732290
  -14.8500000000    0.1871389296    0.0232735962
  -14.8400000000    0.1845148478    0.0204211264
  -14.8300000000    0.1820194484    0.0180786509
  -14.8200000000    0.1796666717    0.0161398714
  -14.8100000000    0.1774575045    0.0145227333
  -14.8000000000    0.1753860946    0.0131638077
  -14.7900000000    0.1734432696    0.0120138488
  -14.7800000000    0.1716185345    0.0110343908
  -14.7700000000    0.1699011786    0.0101951817
  -14.7600000000    0.1682808652    0.0094722572
  -14.7500000000    0.1667479218    0.0088464960
  -14.7400000000    0.1652934582    0.0083025332
  -14.7300000000    0.1639093894    0.0078279391
  -14.7200000000    0.1599225016    0.0148845061
  -14.7100000000    0.1613239193    0.0070482157
  -14.7000000000    0.1601099941    0.0067279830
  -14.6900000000    0.1589412806    0.0064462609
  -14.6800000000    0.1578129471    0.0061983752
  -14.6700000000    0.1567206171    0.0059804405
  -14.6600000000    0.1556603113    0.0057892246
  -14.6500000000    0.1546283960    0.0056220434
  -14.6400000000    0.1536215353    0.0054766771
  -14.6300000000    0.1526366493    0.0053513068
  -14.6200000000    0.1516708758    0.0052444658
  -14.6100000000    0.1507215361    0.0051550044
  -14.6000000000    0.1497861049    0.0050820668
  -14.5900000000    0.1488621819    0.0050250791
  -14.5800000000    0.1479474688    0.0049837485
  -14.5700000000    0.1470397481    0.0049580755
  -14.5600000000    0.1461368674    0.0049483796
  -14.5500000000    0.1452367306    0.0049553420
  -14.5400000000    0.1443372986    0.0049800706
  -14.5300000000    0.1434366071    0.0050241914
  -14.5200000000    0.1425328117    0.0050899768
  -14.5100000000    0.1416242798    0.0051805197
  -14.5000000000    0.1407097601    0.0052999641
  -14.4900000000    0.1397886870    0.0054538030
  -14.4800000000    0.1388617087    0.0056492353
  -14.4700000000    0.1379315932    0.0058955378
  -14.4600000000    0.1370047411    0.0062042987
  -14.4500000000    0.1360936178    0.0065891210
  -14.4400000000    0.1352203703    0.0070638959
  -14.4300000000    0.1344213406    0.0076378813
  -14.4200000000    0.1337502377    0.0083048864
  -14.4100000000    0.1332732670    0.0090248898
  -14.4000000000    0.1330444174    0.0097045712
  -14.3900000000    0.1330560319    0.0102014980
  -14.3800000000    0.1331962488    0.0103823005
  -14.3700000000    0.1332772556    0.0102116361
  -14.3600000000    0.1331364358    0.0097803743
  -14.3500000000    0.1327117946    0.0092378955
  -14.3400000000    0.1320307827    0.0087085703
  -14.3300000000    0.1311573594    0.0082604621
  -14.3200000000    0.1301529159    0.0079163558
  -14.3100000000    0.1290622367    0.0076745657
  -14.3000000000    0.1279135457    0.0075239328
  -14.2900000000    0.1267227900    0.0074515925
  -14.2800000000    0.1254978473    0.0074461578
  -14.2700000000    0.1242415677    0.0074986516
  -14.2600000000    0.1229537242    0.0076025111
  -14.2500000000    0.1216321893    0.0077532911
  -14.2400000000    0.1202736176    0.0079483246
  -14.2300000000    0.1188738252    0.0081864357
  -14.2200000000    0.1174279874    0.0084677255
  -14.2100000000    0.1159307264    0.0087934334
  -14.2000000000    0.1143761311    0.0091658638
  -14.1900000000    0.1127577332    0.0095883709
  -14.1800000000    0.1110684542    0.0100653972
  -14.1700000000    0.1093005299    0.0106025633
  -14.1600000000    0.1074454180    0.0112068116
  -14.1500000000    0.1054936887    0.0118866103
  -14.1400000000    0.1034349022    0.0126522259
  -14.1300000000    0.1012574726    0.0135160824
  -14.1200000000    0.0989485222    0.0144932266
  -14.1100000000    0.0964937291    0.0156019298
  -14.1000000000    0.0938771799    0.0168644676
  -14.0900000000    0.0910812429    0.0183081334
  -14.0800000000    0.0880864908    0.0199665601
  -14.0700000000    0.0848717266    0.0218814551
  -14.0600000000    0.0814141964    0.0241048876
  -14.0500000000    0.0776901398    0.0267023196
  -14.0400000000    0.0736759253    0.0297566320
  -14.0300000000    0.0693501941    0.0333734790
  -14.0200000000    0.0646977250    0.0376883792
  -14.0100000000    0.0597162317    0.0428759990
  -14.0000000000    0.0544281365    0.0491619977
  -13.9900000000    0.0489007381    0.0568373416
  -13.9800000000    0.0432803625    0.0662735884
  -13.9700000000    0.0378491708    0.0779340357
  -13.9600000000    0.0331165869    0.0923672427
  -13.9500000000    0.0299570484    0.1101517963
  -13.9400000000    0.0297896198    0.1317294543
  -13.9300000000    0.0347325473    0.1570245494
  -13.9200000000    0.0475111688    0.1847594255
  -13.9100000000    0.0706779581    0.2116159652
  -13.9000000000    0.1047974449    0.2320509253
  -13.8900000000    0.1464168918    0.2400844058
  -13.8800000000    0.1882990244    0.2329011395
  -13.8700000000    0.2230521888    0.2129895968
  -13.8600000000    0.2469201505    0.1862461724
  -13.8500000000    0.2602579920    0.1583375238
  -13.8400000000    0.2655637780    0.1327445040
  -13.8300000000    0.2655964540    0.1108541699
  -13.8200000000    0.2625289025    0.0927924805
  -13.8100000000    0.2578259722    0.0781316950
  -13.8000000000    0.2523931052    0.0662907260
  -13.7900000000    0.2467586191    0.0567130114
  -13.7800000000    0.2412154601    0.0489266447
  -13.7700000000    0.2359157881    0.0425526006
  -13.7600000000    0.2309298650    0.0372939642
  -13.7500000000    0.2262814707    0.0329205172
  -13.7400000000    0.2219688109    0.0292541570
  -13.7300000000    0.2179767121    0.0261567865
  -13.7200000000    0.2142836565    0.0235208088
  -13.7100000000    0.2108657779    0.0212618650
  -13.7000000000    0.2076990758    0.0193133506
  -13.6900000000    0.2047605887    0.0176222926
  -13.6800000000    0.2020289621    0.0161462483
  -13.6700000000    0.1994846712    0.0148509631
  -13.6600000000    0.1971100489    0.0137085954
  -13.6500000000    0.1948892104    0.0126963600
  -13.6400000000    0.1928079263    0.0117954884
  -13.6300000000    0.1908534749    0.0109904232
  -13.6200000000    0.1890144907    0.0102681918
  -13.6100000000    0.1872808189    0.0096179158
  -13.6000000000    0.1856433804    0.0090304236
  -13.5900000000    0.1840940486    0.0084979427
  -13.5800000000    0.1826255395    0.0080138549
  -13.5700000000    0.1812313143    0.0075724979
  -13.5600000000    0.1799054926    0.0071690070
  -13.5500000000    0.1786427771    0.0067991843
  -13.5400000000    0.1774383864    0.0064593936
  -13.5300000000    0.1762879972    0.0061464732
  -13.5200000000    0.1751876928    0.0058576638
  -13.5100000000    0.1741339183    0.0055905494
  -13.5000000000    0.1731234411    0.0053430072
  -13.4900000000    0.1721533166    0.0051131667
  -13.4800000000    0.1712208576    0.0048993744
  -13.4700000000    0.1703236074    0.0047001646
  -13.4600000000    0.1694593165    0.0045142346
  -13.4500000000    0.1686259213    0.0043404233
  -13.4400000000    0.1678215262    0.0041776934
  -13.4300000000    0.1670443868    0.0040251159
  -13.4200000000    0.1662928953    0.0038818569
  -13.4100000000    0.1655655679    0.0037471661
  -13.4000000000    0.1648610333    0.0036203673
  -13.3900000000    0.1641780218    0.0035008493
  -13.3800000000    0.1635153571    0.0033880590
  -13.3700000000    0.1628719470    0.0032814947
  -13.3600000000    0.1622467768    0.0031807007
  -13.3500000000    0.1616389024    0.0030852621
  -13.3400000000    0.1610474442    0.0029948007
  -13.3300000000    0.1604715819    0.0029089708
  -13.3200000000    0.1599105495    0.0028274567
  -13.3100000000    0.1593636311    0.0027499688
  -13.3000000000    0.1588301565    0.0026762415
  -13.2900000000    0.1583094982    0.0026060307
  -13.2800000000    0.1578010676    0.0025391120
  -13.2700000000    0.1573043122    0.0024752785
  -13.2600000000    0.1568187131    0.0024143392
  -13.2500000000    0.1563437819    0.0023561180
  -13.2400000000    0.1558790594    0.0023004517
  -13.2300000000    0.1554241125    0.0022471895
  -13.2200000000    0.1549785330    0.0021961914
  -13.2100000000    0.1545419358    0.0021473274
  -13.2000000000    0.1541139569    0.0021004770
  -13.1900000000    0.1536942524    0.0020555279
  -13.1800000000    0.1532824969    0.0020123755
  -13.1700000000    0.1528783824    0.0019709225
  -13.1600000000    0.1524816169    0.0019310782
  -13.1500000000    0.1520919238    0.0018927575
  -13.1400000000    0.1517090405    0.0018558813
  -13.1300000000    0.1513327177    0.0018203754
  -13.1200000000    0.1509627186    0.0017861703
  -13.1100000000    0.1505988180    0.0017532009
  -13.1000000000    0.1502408017    0.0017214063
  -13.0900000000    0.1498884658    0.0016907291
  -13.0800000000    0.1495416160    0.0016611155
  -13.0700000000    0.1492000673    0.0016325150
  -13.0600000000    0.1488636432    0.0016048798
  -13.0500000000    0.1485321752    0.0015781653
  -13.0400000000    0.1482055024    0.0015523291
  -13.0300000000    0.1478834714    0.0015273314
  -13.0200000000    0.1475659352    0.0015031348
  -13.0100000000    0.1472527535    0.0014797036
  -13.0000000000    0.1469437921    0.0014570045
  -12.9900000000    0.1466389222    0.0014350057
  -12.9800000000    0.1463380208    0.0014136772
  -12.9700000000    0.1460409699    0.0013929906
  -12.9600000000    0.1457476565    0.0013729192
  -12.9500000000    0.1454579720    0.0013534374
  -12.9400000000    0.1451718124    0.0013345211
  -12.9300000000    0.1448890778    0.0013161474
  -12.9200000000    0.1446096723    0.0012982944
  -12.9100000000    0.1443335037    0.0012809417
  -12.9000000000    0.1440604834    0.0012640694
  -12.8900000000    0.1437905263    0.0012476590
  -12.8800000000    0.1435235505    0.0012316928
  -12.8700000000    0.1432594770    0.0012161536
  -12.8600000000    0.1429982300    0.0012010256
  -12.8500000000    0.1427397363    0.0011862934
  -12.8400000000    0.1424839257    0.0011719423
  -12.8300000000    0.1422307301    0.0011579583
  -12.8200000000    0.1419800842    0.0011443283
  -12.8100000000    0.1417319248    0.0011310394
  -12.8000000000    0.1414861911    0.0011180796
  -12.7900000000    0.1412428243    0.0011054374
  -12.7800000000    0.1410017677    0.0010931015
  -12.7700000000    0.1407629665    0.0010810615
  -12.7600000000    0.1405263676    0.0010693071
  -12.7500000000    0.1402919201    0.0010578288
  -12.7400000000    0.1400595744    0.0010466173
  -12.7300000000    0.1398292828    0.0010356636
  -12.7200000000    0.1396009989    0.0010249593
  -12.7100000000    0.1393746780    0.0010144962
  -12.7000000000    0.1391502768    0.0010042665
  -12.6900000000    0.1389277534    0.0009942626
  -12.6800000000    0.1387070671    0.0009844775
  -12.6700000000    0.1384881786    0.0009749041
  -12.6600000000    0.1382710498    0.0009655360
  -12.6500000000    0.1380556437    0.0009563666
  -12.6400000000    0.1378419246    0.0009473899
  -12.6300000000    0.1376298577    0.0009385999
  -12.6200000000    0.1374194092    0.0009299912
  -12.6100000000    0.1372105465    0.0009215581
  -12.6000000000    0.1370032379    0.0009132956
  -12.5900000000    0.1367974526    0.0009051984
  -12.5800000000    0.1365931607    0.0008972619
  -12.5700000000    0.1363903330    0.0008894814
  -12.5600000000    0.1361889415    0.0008818523
  -12.5500000000    0.1359889587    0.0008743703
  -12.5400000000    0.1357903579    0.0008670312
  -12.5300000000    0.1355931133    0.0008598311
  -12.5200000000    0.1353971997    0.0008527661
  -12.5100000000    0.1352025925    0.0008458324
  -12.5000000000    0.1350092680    0.0008390264
  -12.4900000000    0.1348172030    0.0008323446
  -12.4800000000    0.1346263749    0.0008257837
  -12.4700000000    0.1344367617    0.0008193405
  -12.4600000000    0.1342483421    0.0008130117
  -12.4500000000    0.1340610953    0.0008067944
  -12.4400000000    0.1338750010    0.0008006856
  -12.4300000000    0.1336900394    0.0007946826
  -12.4200000000    0.1335061912    0.0007887825
  -12.4100000000    0.1333234378    0.0007829827
  -12.4000000000    0.1331417609    0.0007772808
  -12.3900000000    0.1329611426    0.0007716741
  -12.3800000000    0.1327815655    0.0007661604
  -12.3700000000    0.1326030127    0.0007607373
  -12.3600000000    0.1324254677    0.0007554025
  -12.3500000000    0.1322489143    0.0007501539
  -12.3400000000    0.1320733368    0.0007449894
  -12.3300000000    0.1318987198    0.0007399069
  -12.3200000000    0.1317250483    0.0007349045
  -12.3100000000    0.1315523077    0.0007299803
  -12.3000000000    0.1313804837    0.0007251323
  -12.2900000000    0.1312095624    0.0007203589
  -12.2800000000    0.1310395300    0.0007156582
  -12.2700000000    0.1308703733    0.0007110286
  -12.2600000000    0.1307020792    0.0007064685
  -12.2500000000    0.1305346350    0.0007019761
  -12.2400000000    0.1303680283    0.0006975501
  -12.2300000000    0.1302022470    0.0006931889
  -12.2200000000    0.1300338251    0.0006956744
  -12.2100000000    0.1298731130    0.0006846550
  -12.2000000000    0.1297097373    0.0006804796
  -12.1900000000    0.1295471409    0.0006763633
  -12.1800000000    0.1293853130    0.0006723051
  -12.1700000000    0.1292242429    0.0006683034
  -12.1600000000    0.1290639202    0.0006643573
  -12.1500000000    0.1289043347    0.0006604653
  -12.1400000000    0.1287454763    0.0006566265
  -12.1300000000    0.1285873354    0.0006528396
  -12.1200000000    0.1284299024    0.0006491036
  -12.1100000000    0.1282731678    0.0006454174
  -12.1000000000    0.1281171226    0.0006417800
  -12.0900000000    0.1279617577    0.0006381903
  -12.0800000000    0.1278070644    0.0006346474
  -12.0700000000    0.1276530339    0.0006311504
  -12.0600000000    0.1274996579    0.0006276983
  -12.0500000000    0.1273469281    0.0006242901
  -12.0400000000    0.1271948363    0.0006209251
  -12.0300000000    0.1270433745    0.0006176023
  -12.0200000000    0.1268925351    0.0006143210
  -12.0100000000    0.1267423103    0.0006110802
  -12.0000000000    0.1265926926    0.0006078793
  -11.9900000000    0.1264436746    0.0006047174
  -11.9800000000    0.1262952492    0.0006015938
  -11.9700000000    0.1261474093    0.0005985078
  -11.9600000000    0.1260001478    0.0005954585
  -11.9500000000    0.1258534581    0.0005924455
  -11.9400000000    0.1257073333    0.0005894678
  -11.9300000000    0.1255617670    0.0005865250
  -11.9200000000    0.1254167526    0.0005836163
  -11.9100000000    0.1252722839    0.0005807411
  -11.9000000000    0.1251283547    0.0005778988
  -11.8900000000    0.1249849588    0.0005750889
  -11.8800000000    0.1248420903    0.0005723105
  -11.8700000000    0.1246997432    0.0005695634
  -11.8600000000    0.1245579118    0.0005668468
  -11.8500000000    0.1244165905    0.0005641602
  -11.8400000000    0.1242757736    0.0005615031
  -11.8300000000    0.1241354556    0.0005588749
  -11.8200000000    0.1239956313    0.0005562753
  -11.8100000000    0.1238562952    0.0005537035
  -11.8000000000    0.1237174422    0.0005511593
  -11.7900000000    0.1235790673    0.0005486420
  -11.7800000000    0.1278597033    0.0106086325
  -11.7700000000    0.1233037313    0.0005436867
  -11.7600000000    0.1231667605    0.0005412476
  -11.7500000000    0.1230302480    0.0005388338
  -11.7400000000    0.1228941893    0.0005364448
  -11.7300000000    0.1227585797    0.0005340801
  -11.7200000000    0.1226234147    0.0005317394
  -11.7100000000    0.1224886897    0.0005294222
  -11.7000000000    0.1223544004    0.0005271282
  -11.6900000000    0.1222205425    0.0005248570
  -11.6800000000    0.1220871117    0.0005226082
  -11.6700000000    0.1219541038    0.0005203814
  -11.6600000000    0.1218215147    0.0005181764
  -11.6500000000    0.1216893404    0.0005159927
  -11.6400000000    0.1215575769    0.0005138300
  -11.6300000000    0.1214262203    0.0005116880
  -11.6200000000    0.1212952666    0.0005095664
  -11.6100000000    0.1211647121    0.0005074648
  -11.6000000000    0.1210345530    0.0005053829
  -11.5900000000    0.1209047856    0.0005033204
  -11.5800000000    0.1207754064    0.0005012770
  -11.5700000000    0.1206464117    0.0004992525
  -11.5600000000    0.1205177981    0.0004972465
  -11.5500000000    0.1203895619    0.0004952587
  -11.5400000000    0.1202616999    0.0004932889
  -11.5300000000    0.1201342086    0.0004913368
  -11.5200000000    0.1200070848    0.0004894021
  -11.5100000000    0.1198803252    0.0004874846
  -11.5000000000    0.1197539265    0.0004855841
  -11.4900000000    0.1196278855    0.0004837002
  -11.4800000000    0.1195021992    0.0004818327
  -11.4700000000    0.1193768645    0.0004799814
  -11.4600000000    0.1192518783    0.0004781461
  -11.4500000000    0.1191272376    0.0004763265
  -11.4400000000    0.1190029395    0.0004745224
  -11.4300000000    0.1188789811    0.0004727335
  -11.4200000000    0.1187553595    0.0004709597
  -11.4100000000    0.1186320718    0.0004692008
  -11.4000000000    0.1185091153    0.0004674564
  -11.3900000000    0.1183864872    0.0004657265
  -11.3800000000    0.1182641848    0.0004640109
  -11.3700000000    0.1181422055    0.0004623092
  -11.3600000000    0.1180205465    0.0004606214
  -11.3500000000    0.1178992054    0.0004589472
  -11.3400000000    0.1177781794    0.0004572865
  -11.3300000000    0.1176574662    0.0004556390
  -11.3200000000    0.1175370631    0.0004540047
  -11.3100000000    0.1174169677    0.0004523832
  -11.3000000000    0.1172971776    0.0004507745
  -11.2900000000    0.1171776904    0.0004491783
  -11.2800000000    0.1170585037    0.0004475946
  -11.2700000000    0.1169396152    0.0004460231
  -11.2600000000    0.1168210225    0.0004444636
  -11.2500000000    0.1167027234    0.0004429161
  -11.2400000000    0.1165847156    0.0004413803
  -11.2300000000    0.1164669969    0.0004398562
  -11.2200000000    0.1163495651    0.0004383435
  -11.2100000000    0.1162324181    0.0004368421
  -11.2000000000    0.1161155537    0.0004353518
  -11.1900000000    0.1159989698    0.0004338726
  -11.1800000000    0.1158826643    0.0004324043
  -11.1700000000    0.1157666351    0.0004309467
  -11.1600000000    0.1156508803    0.0004294997
  -11.1500000000    0.1155353978    0.0004280632
  -11.1400000000    0.1154201856    0.0004266370
  -11.1300000000    0.1153130501    0.0005326128
  -11.1200000000    0.1151905644    0.0004238152
  -11.1100000000    0.1150761515    0.0004224193
  -11.1000000000    0.1149620013    0.0004210332
  -11.0900000000    0.1148481119    0.0004196569
  -11.0800000000    0.1147344813    0.0004182901
  -11.0700000000    0.1146211079    0.0004169329
  -11.0600000000    0.1145079898    0.0004155850
  -11.0500000000    0.1143951251    0.0004142464
  -11.0400000000    0.1142825123    0.0004129169
  -11.0300000000    0.1141701495    0.0004115964
  -11.0200000000    0.1140580350    0.0004102849
  -11.0100000000    0.1139461671    0.0004089822
  -11.0000000000    0.1138345441    0.0004076883
  -10.9900000000    0.1137231644    0.0004064029
  -10.9800000000    0.1136120264    0.0004051261
  -10.9700000000    0.1135011283    0.0004038577
  -10.9600000000    0.1133904687    0.0004025977
  -10.9500000000    0.1132800459    0.0004013458
  -10.9400000000    0.1131698584    0.0004001021
  -10.9300000000    0.1130599045    0.0003988664
  -10.9200000000    0.1129501829    0.0003976387
  -10.9100000000    0.1128406919    0.0003964189
  -10.9000000000    0.1127314300    0.0003952068
  -10.8900000000    0.1126223959    0.0003940024
  -10.8800000000    0.1125135880    0.0003928056
  -10.8700000000    0.1124050048    0.0003916163
  -10.8600000000    0.1122966450    0.0003904344
  -10.8500000000    0.1121885071    0.0003892599
  -10.8400000000    0.1120805897    0.0003880927
  -10.8300000000    0.1119728914    0.0003869326
  -10.8200000000    0.1118654108    0.0003857797
  -10.8100000000    0.1117581467    0.0003846338
  -10.8000000000    0.1116510976    0.0003834949
  -10.7900000000    0.1115442622    0.0003823628
  -10.7800000000    0.1114376392    0.0003812376
  -10.7700000000    0.1113312273    0.0003801191
  -10.7600000000    0.1112250252    0.0003790072
  -10.7500000000    0.1111190317    0.0003779020
  -10.7400000000    0.1110132454    0.0003768032
  -10.7300000000    0.1109076651    0.0003757110
  -10.7200000000    0.1108022896    0.0003746251
  -10.7100000000    0.1106971177    0.0003735455
  -10.7000000000    0.1105921481    0.0003724722
  -10.6900000000    0.1104873796    0.0003714051
  -10.6800000000    0.1103828111    0.0003703442
  -10.6700000000    0.1102784414    0.0003692892
  -10.6600000000    0.1101742693    0.0003682403
  -10.6500000000    0.1100702936    0.0003671974
  -10.6400000000    0.1099665133    0.0003661603
  -10.6200000000    0.1097595341    0.0003641036
  -10.6100000000    0.1096563330    0.0003630838
  -10.6000000000    0.1095533227    0.0003620696
  -10.5900000000    0.1094505023    0.0003610611
  -10.5800000000    0.1093478705    0.0003600581
  -10.5700000000    0.1092454264    0.0003590606
  -10.5600000000    0.1091431688    0.0003580685
  -10.5500000000    0.1090410968    0.0003570818
  -10.5400000000    0.1089392093    0.0003561004
  -10.5300000000    0.1088375053    0.0003551243
  -10.5200000000    0.1087359837    0.0003541535
  -10.5100000000    0.1086346436    0.0003531877
  -10.5000000000    0.1085334839    0.0003522272
  -10.4900000000    0.1084325037    0.0003512716
  -10.4800000000    0.1083317020    0.0003503212
  -10.4700000000    0.1082310777    0.0003493757
  -10.4600000000    0.1081306301    0.0003484351
  -10.4500000000    0.1080303580    0.0003474994
  -10.4400000000    0.1079302606    0.0003465685
  -10.4300000000    0.1078303370    0.0003456425
  -10.4200000000    0.1077305861    0.0003447212
  -10.4100000000    0.1076310071    0.0003438045
  -10.4000000000    0.1075315991    0.0003428926
  -10.3900000000    0.1074323611    0.0003419853
  -10.3800000000    0.1073332923    0.0003410825
  -10.3700000000    0.1072343918    0.0003401843
  -10.3600000000    0.1071356587    0.0003392906
  -10.3500000000    0.1070370922    0.0003384013
  -10.3400000000    0.1069386913    0.0003375164
  -10.3300000000    0.1068404552    0.0003366359
  -10.3200000000    0.1067423831    0.0003357598
  -10.3100000000    0.1066444742    0.0003348879
  -10.3000000000    0.1065467276    0.0003340203
  -10.2900000000    0.1064491424    0.0003331569
  -10.2800000000    0.1063517179    0.0003322977
  -10.2700000000    0.1062544532    0.0003314426
  -10.2600000000    0.1061573475    0.0003305917
  -10.2500000000    0.1060604001    0.0003297448
  -10.2400000000    0.1059636102    0.0003289019
  -10.2300000000    0.1058669769    0.0003280631
  -10.2200000000    0.1057704995    0.0003272282
  -10.2100000000    0.1056741772    0.0003263973
  -10.2000000000    0.1055780093    0.0003255702
  -10.1900000000    0.1054819950    0.0003247470
  -10.1800000000    0.1053861334    0.0003239276
  -10.1700000000    0.1052904240    0.0003231121
  -10.1600000000    0.1051948660    0.0003223003
  -10.1500000000    0.1050994585    0.0003214922
  -10.1400000000    0.1050042009    0.0003206879
  -10.1300000000    0.1049090926    0.0003198872
  -10.1200000000    0.1048141326    0.0003190901
  -10.1100000000    0.1047193204    0.0003182967
  -10.1000000000    0.1046246552    0.0003175068
  -10.0900000000    0.1045301364    0.0003167205
  -10.0800000000    0.1044357632    0.0003159378
  -10.0700000000    0.1043415349    0.0003151585
  -10.0600000000    0.1042474509    0.0003143826
  -10.0500000000    0.1041535105    0.0003136102
  -10.0400000000    0.1040597131    0.0003128413
  -10.0300000000    0.1039660578    0.0003120757
  -10.0200000000    0.1038725442    0.0003113134
  -10.0100000000    0.1037791715    0.0003105545
  -10.0000000000    0.1036859390    0.0003097989
   -9.9900000000    0.1035928463    0.0003090465
   -9.9800000000    0.1034998925    0.0003082974
   -9.9700000000    0.1034070770    0.0003075515
   -9.9600000000    0.1033143993    0.0003068088
   -9.9500000000    0.1032218587    0.0003060693
   -9.9400000000    0.1031294545    0.0003053329
   -9.9300000000    0.1030371862    0.0003045997
   -9.9200000000    0.1029450532    0.0003038695
   -9.9100000000    0.1028530547    0.0003031424
   -9.9000000000    0.1027611903    0.0003024184
   -9.8900000000    0.1026694594    0.0003016974
   -9.8800000000    0.1025778613    0.0003009793
   -9.8700000000    0.1024863954    0.0003002643
   -9.8600000000    0.1023950612    0.0002995522
   -9.8500000000    0.1023038580    0.0002988430
   -9.8400000000    0.1022127854    0.0002981368
   -9.8300000000    0.1021218427    0.0002974334
   -9.8200000000    0.1020310293    0.0002967329
   -9.8100000000    0.1019403447    0.0002960353
   -9.8000000000    0.1018497884    0.0002953404
   -9.7900000000    0.1017593597    0.0002946484
   -9.7800000000    0.1016690582    0.0002939591
   -9.7700000000    0.1015788832    0.0002932726
   -9.7600000000    0.1014888342    0.0002925889
   -9.7500000000    0.1013989108    0.0002919078
   -9.7400000000    0.1013091122    0.0002912295
   -9.7300000000    0.1012194381    0.0002905538
   -9.7200000000    0.1011298879    0.0002898808
   -9.7100000000    0.1010404610    0.0002892105
   -9.7000000000    0.1009511570    0.0002885427
   -9.6900000000    0.1008619752    0.0002878776
   -9.6800000000    0.1007729153    0.0002872150
   -9.6700000000    0.1006839766    0.0002865550
   -9.6600000000    0.1005951588    0.0002858975
   -9.6500000000    0.1005064612    0.0002852426
   -9.6400000000    0.1004178833    0.0002845901
   -9.6300000000    0.1003294248    0.0002839402
   -9.6200000000    0.1002410850    0.0002832927
   -9.6100000000    0.1001528635    0.0002826477
   -9.6000000000    0.1000647598    0.0002820051
   -9.5900000000    0.0999767734    0.0002813650
   -9.5800000000    0.0998889038    0.0002807272
   -9.5700000000    0.0998011506    0.0002800918
   -9.5600000000    0.0997135133    0.0002794588
   -9.5500000000    0.0996259914    0.0002788282
   -9.5400000000    0.0995385844    0.0002781998
   -9.5300000000    0.0994512919    0.0002775738
   -9.5200000000    0.0993641134    0.0002769501
   -9.5100000000    0.0992770484    0.0002763287
   -9.5000000000    0.0991900965    0.0002757096
   -9.4900000000    0.0991032573    0.0002750927
   -9.4800000000    0.0990165303    0.0002744781
   -9.4700000000    0.0989299150    0.0002738656
   -9.4600000000    0.0988434109    0.0002732554
   -9.4500000000    0.0987570178    0.0002726474
   -9.4400000000    0.0986707350    0.0002720415
   -9.4300000000    0.0985845622    0.0002714379
   -9.4200000000    0.0984984990    0.0002708363
   -9.4100000000    0.0984125449    0.0002702370
   -9.4000000000    0.0983266994    0.0002696397
   -9.3900000000    0.0982409622    0.0002690445
   -9.3800000000    0.0981553328    0.0002684514
   -9.3700000000    0.0980698109    0.0002678605
   -9.3600000000    0.0979843959    0.0002672715
   -9.3500000000    0.0978990875    0.0002666846
   -9.3400000000    0.0978138853    0.0002660998
   -9.3300000000    0.0977287888    0.0002655170
   -9.3200000000    0.0976437977    0.0002649362
   -9.3100000000    0.0975589115    0.0002643574
   -9.3000000000    0.0974741299    0.0002637805
   -9.2900000000    0.0973894524    0.0002632057
   -9.2800000000    0.0973048786    0.0002626328
   -9.2700000000    0.0972204082    0.0002620619
   -9.2600000000    0.0971360408    0.0002614928
   -9.2500000000    0.0970517759    0.0002609257
   -9.2400000000    0.0969676131    0.0002603606
   -9.2300000000    0.0968835522    0.0002597973
   -9.2200000000    0.0967995927    0.0002592359
   -9.2100000000    0.0967157342    0.0002586763
   -9.2000000000    0.0966319763    0.0002581187
   -9.1900000000    0.0965483187    0.0002575628
   -9.1800000000    0.0964647610    0.0002570088
   -9.1700000000    0.0963813028    0.0002564567
   -9.1600000000    0.0962979437    0.0002559063
   -9.1500000000    0.0962146835    0.0002553578
   -9.1400000000    0.0961315216    0.0002548110
   -9.1300000000    0.0960484578    0.0002542660
   -9.1200000000    0.0959654917    0.0002537228
   -9.1100000000    0.0958826229    0.0002531814
   -9.1000000000    0.0957998511    0.0002526417
   -9.0900000000    0.0957171759    0.0002521037
   -9.0800000000    0.0956345970    0.0002515674
   -9.0700000000    0.0955521140    0.0002510329
   -9.0600000000    0.0954697265    0.0002505001
   -9.0500000000    0.0953874342    0.0002499689
   -9.0400000000    0.0953052369    0.0002494395
   -9.0300000000    0.0952231340    0.0002489117
   -9.0200000000    0.0951411253    0.0002483856
   -9.0100000000    0.0950592105    0.0002478611
   -9.0000000000    0.0949773891    0.0002473383
   -8.9900000000    0.0948956609    0.0002468171
   -8.9800000000    0.0948140256    0.0002462975
   -8.9700000000    0.0947324827    0.0002457795
   -8.9600000000    0.0946510321    0.0002452632
   -8.9500000000    0.0945696732    0.0002447484
   -8.9400000000    0.0944884059    0.0002442352
   -8.9300000000    0.0944072298    0.0002437236
   -8.9200000000    0.0943261445    0.0002432136
   -8.9100000000    0.0942451498    0.0002427051
   -8.9000000000    0.0941642452    0.0002421981
   -8.8900000000    0.0940834306    0.0002416927
   -8.8800000000    0.0940027056    0.0002411888
   -8.8700000000    0.0939220699    0.0002406865
   -8.8600000000    0.0938415231    0.0002401856
   -8.8500000000    0.0937610649    0.0002396863
   -8.8400000000    0.0936806951    0.0002391884
   -8.8300000000    0.0936004133    0.0002386920
   -8.8200000000    0.0935202193    0.0002381971
   -8.8100000000    0.0934401126    0.0002377037
   -8.8000000000    0.0933600931    0.0002372117
   -8.7900000000    0.0932801604    0.0002367212
   -8.7800000000    0.0932003142    0.0002362321
   -8.7700000000    0.0931205542    0.0002357444
   -8.7600000000    0.0930408801    0.0002352582
   -8.7500000000    0.0929612916    0.0002347734
   -8.7400000000    0.0928817885    0.0002342900
   -8.7300000000    0.0928023704    0.0002338080
   -8.7200000000    0.0927230370    0.0002333273
   -8.7100000000    0.0926437881    0.0002328481
   -8.7000000000    0.0925646233    0.0002323702
   -8.6900000000    0.0924855424    0.0002318937
   -8.6800000000    0.0924065452    0.0002314186
   -8.6700000000    0.0923276312    0.0002309448
   -8.6600000000    0.0922488002    0.0002304724
   -8.6500000000    0.0921700520    0.0002300013
   -8.6400000000    0.0920913862    0.0002295315
   -8.6300000000    0.0920128026    0.0002290631
   -8.6200000000    0.0919343010    0.0002285960
   -8.6100000000    0.0918558809    0.0002281301
   -8.6000000000    0.0917775423    0.0002276656
   -8.5900000000    0.0916992847    0.0002272024
   -8.5800000000    0.0916211079    0.0002267404
   -8.5700000000    0.0915430116    0.0002262798
   -8.5600000000    0.0914649957    0.0002258204
   -8.5500000000    0.0913870597    0.0002253623
   -8.5400000000    0.0913092035    0.0002249054
   -8.5300000000    0.0912314267    0.0002244498
   -8.5200000000    0.0911537292    0.0002239954
   -8.5100000000    0.0910761106    0.0002235423
   -8.5000000000    0.0909985707    0.0002230903
   -8.4900000000    0.0909211092    0.0002226397
   -8.4800000000    0.0908437259    0.0002221902
   -8.4700000000    0.0907664205    0.0002217419
   -8.4600000000    0.0906891928    0.0002212949
   -8.4500000000    0.0906120424    0.0002208490
   -8.4400000000    0.0905349692    0.0002204044
   -8.4300000000    0.0904579729    0.0002199609
   -8.4200000000    0.0903810533    0.0002195186
   -8.4100000000    0.0903042100    0.0002190774
   -8.4000000000    0.0902274429    0.0002186375
   -8.3900000000    0.0901507516    0.0002181987
   -8.3800000000    0.0900741360    0.0002177610
   -8.3700000000    0.0899975958    0.0002173245
   -8.3600000000    0.0899211308    0.0002168891
   -8.3500000000    0.0898447407    0.0002164549
   -8.3400000000    0.0897684252    0.0002160218
   -8.3300000000    0.0896921842    0.0002155898
   -8.3200000000    0.0896160173    0.0002151589
   -8.3100000000    0.0895399245    0.0002147292
   -8.3000000000    0.0894639053    0.0002143005
   -8.2900000000    0.0893879596    0.0002138730
   -8.2800000000    0.0893120871    0.0002134465
   -8.2700000000    0.0892362876    0.0002130212
   -8.2600000000    0.0891605609    0.0002125969
   -8.2500000000    0.0890849068    0.0002121737
   -8.2400000000    0.0890093249    0.0002117515
   -8.2300000000    0.0889338151    0.0002113304
   -8.2200000000    0.0888583772    0.0002109104
   -8.2100000000    0.0887830108    0.0002104914
   -8.2000000000    0.0887077159    0.0002100735
   -8.1900000000    0.0886324921    0.0002096566
   -8.1800000000    0.0885573393    0.0002092408
   -8.1700000000    0.0884822572    0.0002088260
   -8.1600000000    0.0884072455    0.0002084122
   -8.1500000000    0.0883323041    0.0002079995
   -8.1400000000    0.0882574328    0.0002075877
   -8.1300000000    0.0881826313    0.0002071770
   -8.1200000000    0.0881078993    0.0002067673
   -8.1100000000    0.0880332368    0.0002063585
   -8.1000000000    0.0879586434    0.0002059508
   -8.0900000000    0.0878841190    0.0002055441
   -8.0800000000    0.0878096633    0.0002051383
   -8.0700000000    0.0877352761    0.0002047335
   -8.0600000000    0.0876609572    0.0002043297
   -8.0500000000    0.0875867064    0.0002039269
   -8.0400000000    0.0875125234    0.0002035251
   -8.0300000000    0.0874384082    0.0002031241
   -8.0200000000    0.0873643604    0.0002027242
   -8.0100000000    0.0872903798    0.0002023252
   -8.0000000000    0.0872164662    0.0002019272
   -7.9900000000    0.0871426195    0.0002015300
   -7.9800000000    0.0870688394    0.0002011339
   -7.9700000000    0.0869951257    0.0002007386
   -7.9600000000    0.0869214782    0.0002003443
   -7.9500000000    0.0868478967    0.0001999509
   -7.9400000000    0.0867743810    0.0001995584
   -7.9300000000    0.0867009309    0.0001991669
   -7.9200000000    0.0866275462    0.0001987762
   -7.9100000000    0.0865542266    0.0001983865
   -7.9000000000    0.0864809721    0.0001979976
   -7.8900000000    0.0864077823    0.0001976097
   -7.8800000000    0.0863346571    0.0001972226
   -7.8700000000    0.0862615963    0.0001968364
   -7.8600000000    0.0861885997    0.0001964511
   -7.8500000000    0.0861156671    0.0001960667
   -7.8400000000    0.0860427983    0.0001956832
   -7.8300000000    0.0859699930    0.0001953005
   -7.8200000000    0.0858972512    0.0001949187
   -7.8100000000    0.0858245726    0.0001945377
   -7.8000000000    0.0857519571    0.0001941576
   -7.7900000000    0.0856794043    0.0001937784
   -7.7800000000    0.0856069142    0.0001934000
   -7.7700000000    0.0855344865    0.0001930225
   -7.7600000000    0.0854621211    0.0001926457
   -7.7500000000    0.0853898178    0.0001922699
   -7.7400000000    0.0853175763    0.0001918948
   -7.7300000000    0.0852453965    0.0001915206
   -7.7200000000    0.0851732782    0.0001911472
   -7.7100000000    0.0851012213    0.0001907746
   -7.7000000000    0.0850292254    0.0001904029
   -7.6900000000    0.0849572905    0.0001900319
   -7.6800000000    0.0848854164    0.0001896618
   -7.6700000000    0.0848136028    0.0001892924
   -7.6600000000    0.0847418497    0.0001889239
   -7.6500000000    0.0846701567    0.0001885561
   -7.6400000000    0.0845985238    0.0001881892
   -7.6300000000    0.0845269507    0.0001878230
   -7.6200000000    0.0844554373    0.0001874576
   -7.6100000000    0.0843839834    0.0001870930
   -7.6000000000    0.0843125887    0.0001867292
   -7.5900000000    0.0842412532    0.0001863661
   -7.5800000000    0.0841699767    0.0001860038
   -7.5700000000    0.0840987589    0.0001856423
   -7.5600000000    0.0840275998    0.0001852816
   -7.5500000000    0.0839564990    0.0001849215
   -7.5400000000    0.0838854565    0.0001845623
   -7.5300000000    0.0838144721    0.0001842038
   -7.5200000000    0.0837435456    0.0001838460
   -7.5100000000    0.0836726768    0.0001834890
   -7.5000000000    0.0836018655    0.0001831328
   -7.4900000000    0.0835311116    0.0001827772
   -7.4800000000    0.0834604150    0.0001824224
   -7.4700000000    0.0833897753    0.0001820684
   -7.4600000000    0.0833191926    0.0001817150
   -7.4500000000    0.0832486665    0.0001813624
   -7.4400000000    0.0831781970    0.0001810105
   -7.4300000000    0.0831077838    0.0001806593
   -7.4200000000    0.0830374268    0.0001803088
   -7.4100000000    0.0829671259    0.0001799590
   -7.4000000000    0.0828968808    0.0001796100
   -7.3900000000    0.0828266913    0.0001792616
   -7.3800000000    0.0827565575    0.0001789140
   -7.3700000000    0.0826864789    0.0001785670
   -7.3600000000    0.0826164556    0.0001782207
   -7.3500000000    0.0825464873    0.0001778751
   -7.3400000000    0.0824765739    0.0001775302
   -7.3300000000    0.0824067151    0.0001771860
   -7.3200000000    0.0823369109    0.0001768424
   -7.3100000000    0.0822671611    0.0001764996
   -7.3000000000    0.0821974656    0.0001761574
   -7.2900000000    0.0821278240    0.0001758159
   -7.2800000000    0.0820582364    0.0001754750
   -7.2700000000    0.0819887025    0.0001751348
   -7.2600000000    0.0819192222    0.0001747953
   -7.2500000000    0.0818497953    0.0001744564
   -7.2400000000    0.0817804217    0.0001741181
   -7.2300000000    0.0817111011    0.0001737806
   -7.2200000000    0.0816418336    0.0001734436
   -7.2100000000    0.0815726188    0.0001731073
   -7.2000000000    0.0815034566    0.0001727717
   -7.1900000000    0.0814343470    0.0001724367
   -7.1800000000    0.0813652896    0.0001721023
   -7.1700000000    0.0812962844    0.0001717686
   -7.1600000000    0.0812273313    0.0001714355
   -7.1500000000    0.0811584300    0.0001711030
   -7.1400000000    0.0810895804    0.0001707711
   -7.1300000000    0.0810207823    0.0001704399
   -7.1200000000    0.0809520357    0.0001701092
   -7.1100000000    0.0808833403    0.0001697792
   -7.1000000000    0.0808146960    0.0001694498
   -7.0900000000    0.0807461027    0.0001691210
   -7.0800000000    0.0806775601    0.0001687929
   -7.0700000000    0.0806090683    0.0001684653
   -7.0600000000    0.0805406269    0.0001681383
   -7.0500000000    0.0804722358    0.0001678119
   -7.0400000000    0.0804038950    0.0001674861
   -7.0300000000    0.0803356042    0.0001671609
   -7.0200000000    0.0802673633    0.0001668363
   -7.0100000000    0.0801991722    0.0001665123
   -7.0000000000    0.0801310307    0.0001661888
   -6.9900000000    0.0800629387    0.0001658660
   -6.9800000000    0.0799948960    0.0001655437
   -6.9700000000    0.0799269024    0.0001652220
   -6.9600000000    0.0798589579    0.0001649008
   -6.9500000000    0.0797910623    0.0001645803
   -6.9400000000    0.0797232154    0.0001642603
   -6.9300000000    0.0796554171    0.0001639408
   -6.9200000000    0.0795876673    0.0001636220
   -6.9100000000    0.0795199658    0.0001633037
   -6.9000000000    0.0794523124    0.0001629859
   -6.8900000000    0.0793847071    0.0001626687
   -6.8800000000    0.0793171496    0.0001623520
   -6.8700000000    0.0792496399    0.0001620359
   -6.8600000000    0.0791821778    0.0001617204
   -6.8500000000    0.0791147632    0.0001614053
   -6.8400000000    0.0790473959    0.0001610909
   -6.8300000000    0.0789800758    0.0001607769
   -6.8200000000    0.0789128027    0.0001604635
   -6.8100000000    0.0788455765    0.0001601507
   -6.8000000000    0.0787783971    0.0001598383
   -6.7900000000    0.0787112643    0.0001595265
   -6.7800000000    0.0786441780    0.0001592152
   -6.7700000000    0.0785771380    0.0001589045
   -6.7600000000    0.0785101443    0.0001585942
   -6.7500000000    0.0784431966    0.0001582845
   -6.7400000000    0.0783762949    0.0001579753
   -6.7300000000    0.0783094390    0.0001576666
   -6.7200000000    0.0782426288    0.0001573584
   -6.7100000000    0.0781758641    0.0001570507
   -6.7000000000    0.0781091448    0.0001567435
   -6.6900000000    0.0780424707    0.0001564369
   -6.6800000000    0.0779758418    0.0001561307
   -6.6700000000    0.0779092579    0.0001558250
   -6.6600000000    0.0778427189    0.0001555198
   -6.6500000000    0.0777762246    0.0001552152
   -6.6400000000    0.0777097749    0.0001549110
   -6.6300000000    0.0776433696    0.0001546073
   -6.6200000000    0.0775770087    0.0001543041
   -6.6100000000    0.0775106920    0.0001540013
   -6.6000000000    0.0774444194    0.0001536991
   -6.5900000000    0.0773781907    0.0001533973
   -6.5800000000    0.0773120058    0.0001530960
   -6.5700000000    0.0772458646    0.0001527952
   -6.5600000000    0.0771797670    0.0001524949
   -6.5500000000    0.0771137127    0.0001521950
   -6.5400000000    0.0770477018    0.0001518956
   -6.5300000000    0.0769817340    0.0001515966
   -6.5200000000    0.0769158093    0.0001512982
   -6.5100000000    0.0768499274    0.0001510001
   -6.5000000000    0.0767840884    0.0001507026
   -6.4900000000    0.0767182919    0.0001504055
   -6.4800000000    0.0766525380    0.0001501088
   -6.4700000000    0.0765868265    0.0001498127
   -6.4600000000    0.0765211573    0.0001495169
   -6.4500000000    0.0764555302    0.0001492216
   -6.4400000000    0.0763899451    0.0001489268
   -6.4300000000    0.0763244020    0.0001486324
   -6.4200000000    0.0762589005    0.0001483384
   -6.4100000000    0.0761934407    0.0001480449
   -6.4000000000    0.0761280225    0.0001477518
   -6.3900000000    0.0760626456    0.0001474591
   -6.3800000000    0.0759973099    0.0001471669
   -6.3700000000    0.0759320155    0.0001468751
   -6.3600000000    0.0758667620    0.0001465838
   -6.3500000000    0.0758015494    0.0001462928
   -6.3400000000    0.0757363776    0.0001460023
   -6.3300000000    0.0756712464    0.0001457122
   -6.3200000000    0.0756061558    0.0001454226
   -6.3100000000    0.0755411055    0.0001451333
   -6.3000000000    0.0754760956    0.0001448445
   -6.2900000000    0.0754111258    0.0001445561
   -6.2800000000    0.0753461960    0.0001442680
   -6.2700000000    0.0752813061    0.0001439804
   -6.2600000000    0.0752164560    0.0001436933
   -6.2500000000    0.0751516456    0.0001434065
   -6.2400000000    0.0750868748    0.0001431201
   -6.2300000000    0.0750221433    0.0001428341
   -6.2200000000    0.0749574512    0.0001425485
   -6.2100000000    0.0748927983    0.0001422633
   -6.2000000000    0.0748281844    0.0001419785
   -6.1900000000    0.0747636095    0.0001416941
   -6.1800000000    0.0746990734    0.0001414101
   -6.1700000000    0.0746345761    0.0001411265
   -6.1600000000    0.0745701173    0.0001408433
   -6.1500000000    0.0745056970    0.0001405604
   -6.1400000000    0.0744413150    0.0001402780
   -6.1300000000    0.0743769713    0.0001399959
   -6.1200000000    0.0743126657    0.0001397142
   -6.1100000000    0.0742483982    0.0001394329
   -6.1000000000    0.0741841685    0.0001391519
   -6.0900000000    0.0741199765    0.0001388713
   -6.0800000000    0.0740558223    0.0001385911
   -6.0700000000    0.0739917055    0.0001383113
   -6.0600000000    0.0739276262    0.0001380318
   -6.0500000000    0.0738635842    0.0001377527
   -6.0400000000    0.0737995794    0.0001374740
   -6.0300000000    0.0737356116    0.0001371956
   -6.0200000000    0.0736716808    0.0001369176
   -6.0100000000    0.0736077869    0.0001366399
   -6.0000000000    0.0735439297    0.0001363626
   -5.9900000000    0.0734801090    0.0001360856
   -5.9800000000    0.0734163249    0.0001358090
   -5.9700000000    0.0733525772    0.0001355328
   -5.9600000000    0.0732888657    0.0001352569
   -5.9500000000    0.0732251904    0.0001349813
   -5.9400000000    0.0731615512    0.0001347061
   -5.9300000000    0.0730979478    0.0001344312
   -5.9200000000    0.0730343803    0.0001341567
   -5.9100000000    0.0729708485    0.0001338825
   -5.9000000000    0.0729073522    0.0001336086
   -5.8900000000    0.0728438915    0.0001333351
   -5.8800000000    0.0727804661    0.0001330619
   -5.8700000000    0.0727170759    0.0001327891
   -5.8600000000    0.0726537209    0.0001325166
   -5.8500000000    0.0725904009    0.0001322444
   -5.8400000000    0.0725271159    0.0001319725
   -5.8300000000    0.0724638656    0.0001317009
   -5.8200000000    0.0724006500    0.0001314297
   -5.8100000000    0.0723374690    0.0001311588
   -5.8000000000    0.0722743225    0.0001308882
   -5.7900000000    0.0722112104    0.0001306179
   -5.7800000000    0.0721481324    0.0001303480
   -5.7700000000    0.0720850887    0.0001300783
   -5.7600000000    0.0720220789    0.0001298090
   -5.7500000000    0.0719591031    0.0001295399
   -5.7400000000    0.0718961611    0.0001292712
   -5.7300000000    0.0718332528    0.0001290028
   -5.7200000000    0.0717703780    0.0001287347
   -5.7100000000    0.0717075368    0.0001284669
   -5.7000000000    0.0716447289    0.0001281994
   -5.6900000000    0.0715819542    0.0001279322
   -5.6800000000    0.0715192128    0.0001276653
   -5.6700000000    0.0714565043    0.0001273986
   -5.6600000000    0.0713938288    0.0001271323
   -5.6500000000    0.0713311862    0.0001268663
   -5.6400000000    0.0712685762    0.0001266005
   -5.6300000000    0.0712059988    0.0001263351
   -5.6200000000    0.0711434540    0.0001260699
   -5.6100000000    0.0710809415    0.0001258050
   -5.6000000000    0.0710184614    0.0001255404
   -5.5900000000    0.0709560134    0.0001252761
   -5.5800000000    0.0708935974    0.0001250120
   -5.5700000000    0.0708312135    0.0001247482
   -5.5600000000    0.0707688614    0.0001244847
   -5.5500000000    0.0707065410    0.0001242215
   -5.5400000000    0.0706442523    0.0001239586
   -5.5300000000    0.0705819951    0.0001236959
   -5.5200000000    0.0705197693    0.0001234335
   -5.5100000000    0.0704575749    0.0001231713
   -5.5000000000    0.0703954117    0.0001229094
   -5.4900000000    0.0703332796    0.0001226478
   -5.4800000000    0.0702711785    0.0001223865
   -5.4700000000    0.0702091083    0.0001221254
   -5.4600000000    0.0701470688    0.0001218645
   -5.4500000000    0.0700850601    0.0001216039
   -5.4400000000    0.0700230819    0.0001213436
   -5.4300000000    0.0699611343    0.0001210835
   -5.4200000000    0.0698992169    0.0001208237
   -5.4100000000    0.0698373299    0.0001205641
   -5.4000000000    0.0697754730    0.0001203048
   -5.3900000000    0.0697136462    0.0001200457
   -5.3800000000    0.0696518493    0.0001197868
   -5.3700000000    0.0695900822    0.0001195282
   -5.3600000000    0.0695283449    0.0001192699
   -5.3500000000    0.0694666372    0.0001190118
   -5.3400000000    0.0694049591    0.0001187539
   -5.3300000000    0.0693433104    0.0001184962
   -5.3200000000    0.0692816910    0.0001182388
   -5.3100000000    0.0692201008    0.0001179816
   -5.3000000000    0.0691585397    0.0001177247
   -5.2900000000    0.0690970077    0.0001174679
   -5.2800000000    0.0690355045    0.0001172114
   -5.2700000000    0.0689740302    0.0001169552
   -5.2600000000    0.0689125845    0.0001166991
   -5.2500000000    0.0688511675    0.0001164433
   -5.2400000000    0.0687897789    0.0001161877
   -5.2300000000    0.0687284187    0.0001159323
   -5.2200000000    0.0686670868    0.0001156771
   -5.2100000000    0.0686057831    0.0001154221
   -5.2000000000    0.0685445074    0.0001151674
   -5.1900000000    0.0684832598    0.0001149128
   -5.1800000000    0.0684220400    0.0001146585
   -5.1700000000    0.0683608479    0.0001144044
   -5.1600000000    0.0682996836    0.0001141505
   -5.1500000000    0.0682385468    0.0001138968
   -5.1400000000    0.0681774374    0.0001136433
   -5.1300000000    0.0681163555    0.0001133900
   -5.1200000000    0.0680553007    0.0001131368
   -5.1100000000    0.0679942731    0.0001128839
   -5.1000000000    0.0679332726    0.0001126312
   -5.0900000000    0.0678722990    0.0001123787
   -5.0800000000    0.0678113523    0.0001121264
   -5.0700000000    0.0677504323    0.0001118742
   -5.0600000000    0.0676895390    0.0001116223
   -5.0500000000    0.0676286722    0.0001113705
   -5.0400000000    0.0675678318    0.0001111190
   -5.0300000000    0.0675070177    0.0001108676
   -5.0200000000    0.0674462299    0.0001106164
   -5.0100000000    0.0673854683    0.0001103653
   -5.0000000000    0.0673247326    0.0001101145
   -4.9900000000    0.0672640229    0.0001098638
   -4.9800000000    0.0672033390    0.0001096133
   -4.9700000000    0.0671426808    0.0001093630
   -4.9600000000    0.0670820483    0.0001091128
   -4.9500000000    0.0670214413    0.0001088629
   -4.9400000000    0.0669608596    0.0001086131
   -4.9300000000    0.0669003034    0.0001083634
   -4.9200000000    0.0668397723    0.0001081139
   -4.9100000000    0.0667792663    0.0001078646
   -4.9000000000    0.0667187854    0.0001076155
   -4.8900000000    0.0666583293    0.0001073665
   -4.8800000000    0.0665978981    0.0001071176
   -4.8700000000    0.0665374916    0.0001068690
   -4.8600000000    0.0664771097    0.0001066204
   -4.8500000000    0.0664167523    0.0001063721
   -4.8400000000    0.0663564193    0.0001061238
   -4.8300000000    0.0662961106    0.0001058758
   -4.8200000000    0.0662358261    0.0001056278
   -4.8100000000    0.0661755657    0.0001053801
   -4.8000000000    0.0661153293    0.0001051324
   -4.7900000000    0.0660551168    0.0001048850
   -4.7800000000    0.0659949282    0.0001046376
   -4.7700000000    0.0659347632    0.0001043904
   -4.7600000000    0.0658746218    0.0001041433
   -4.7500000000    0.0658145039    0.0001038964
   -4.7400000000    0.0657544094    0.0001036496
   -4.7300000000    0.0656943381    0.0001034029
   -4.7200000000    0.0656342901    0.0001031564
   -4.7100000000    0.0655742652    0.0001029100
   -4.7000000000    0.0655142632    0.0001026637
   -4.6900000000    0.0654542842    0.0001024175
   -4.6800000000    0.0653943279    0.0001021715
   -4.6700000000    0.0653343943    0.0001019256
   -4.6600000000    0.0652744833    0.0001016798
   -4.6500000000    0.0652145948    0.0001014341
   -4.6400000000    0.0651547287    0.0001011886
   -4.6300000000    0.0650948849    0.0001009431
   -4.6200000000    0.0650350632    0.0001006978
   -4.6100000000    0.0649752636    0.0001004526
   -4.6000000000    0.0649154860    0.0001002075
   -4.5900000000    0.0648557303    0.0000999625
   -4.5800000000    0.0647959963    0.0000997176
   -4.5700000000    0.0647362840    0.0000994728
   -4.5600000000    0.0646765933    0.0000992281
   -4.5500000000    0.0646169241    0.0000989835
   -4.5400000000    0.0645572762    0.0000987390
   -4.5300000000    0.0644976496    0.0000984946
   -4.5200000000    0.0644380442    0.0000982503
   -4.5100000000    0.0643784598    0.0000980061
   -4.5000000000    0.0643188964    0.0000977620
   -4.4900000000    0.0642593539    0.0000975180
   -4.4800000000    0.0641998321    0.0000972741
   -4.4700000000    0.0641403310    0.0000970302
   -4.4600000000    0.0640808504    0.0000967864
   -4.4500000000    0.0640213903    0.0000965428
   -4.4400000000    0.0639619506    0.0000962992
   -4.4300000000    0.0639025311    0.0000960556
   -4.4200000000    0.0638431318    0.0000958122
   -4.4100000000    0.0637837525    0.0000955688
   -4.4000000000    0.0637243932    0.0000953255
   -4.3900000000    0.0636650537    0.0000950823
   -4.3800000000    0.0636057339    0.0000948391
   -4.3700000000    0.0635464338    0.0000945960
   -4.3600000000    0.0634871532    0.0000943530
   -4.3500000000    0.0634278921    0.0000941101
   -4.3400000000    0.0633686503    0.0000938672
   -4.3300000000    0.0633094278    0.0000936243
   -4.3200000000    0.0632502243    0.0000933815
   -4.3100000000    0.0631910399    0.0000931388
   -4.3000000000    0.0631318744    0.0000928961
   -4.2900000000    0.0630727278    0.0000926535
   -4.2800000000    0.0630135998    0.0000924109
   -4.2700000000    0.0629544905    0.0000921684
   -4.2600000000    0.0628953997    0.0000919259
   -4.2500000000    0.0628363273    0.0000916835
   -4.2400000000    0.0627772732    0.0000914411
   -4.2300000000    0.0627182373    0.0000911988
   -4.2200000000    0.0626592195    0.0000909565
   -4.2100000000    0.0626002197    0.0000907142
   -4.2000000000    0.0625412378    0.0000904720
   -4.1900000000    0.0624822737    0.0000902298
   -4.1800000000    0.0624233273    0.0000899876
   -4.1700000000    0.0623643985    0.0000897454
   -4.1600000000    0.0623054871    0.0000895033
   -4.1500000000    0.0622465931    0.0000892612
   -4.1400000000    0.0621877164    0.0000890192
   -4.1300000000    0.0621288569    0.0000887771
   -4.1200000000    0.0620700144    0.0000885351
   -4.1100000000    0.0620111889    0.0000882931
   -4.1000000000    0.0619523802    0.0000880511
   -4.0900000000    0.0618935883    0.0000878091
   -4.0800000000    0.0618348130    0.0000875671
   -4.0700000000    0.0617760542    0.0000873252
   -4.0600000000    0.0617173119    0.0000870832
   -4.0500000000    0.0616585860    0.0000868412
   -4.0400000000    0.0615998762    0.0000865993
   -4.0300000000    0.0615411825    0.0000863573
   -4.0200000000    0.0614825049    0.0000861154
   -4.0100000000    0.0614238432    0.0000858734
   -4.0000000000    0.0613651973    0.0000856315
   -3.9900000000    0.0613065670    0.0000853895
   -3.9800000000    0.0612479524    0.0000851475
   -3.9700000000    0.0611893532    0.0000849055
   -3.9600000000    0.0611307694    0.0000846635
   -3.9500000000    0.0610722009    0.0000844215
   -3.9400000000    0.0610136475    0.0000841794
   -3.9300000000    0.0609551092    0.0000839373
   -3.9200000000    0.0608965858    0.0000836953
   -3.9100000000    0.0608380773    0.0000834531
   -3.9000000000    0.0607795835    0.0000832110
   -3.8900000000    0.0607211043    0.0000829688
   -3.8800000000    0.0606626396    0.0000827266
   -3.8700000000    0.0606041894    0.0000824844
   -3.8600000000    0.0605457534    0.0000822421
   -3.8500000000    0.0604873317    0.0000819998
   -3.8400000000    0.0604289240    0.0000817574
   -3.8300000000    0.0603705303    0.0000815150
   -3.8200000000    0.0603121504    0.0000812726
   -3.8100000000    0.0602537843    0.0000810301
   -3.8000000000    0.0601954319    0.0000807875
   -3.7900000000    0.0601370929    0.0000805449
   -3.7800000000    0.0600787674    0.0000803023
   -3.7700000000    0.0600204553    0.0000800596
   -3.7600000000    0.0599621563    0.0000798168
   -3.7500000000    0.0599038704    0.0000795740
   -3.7400000000    0.0598455975    0.0000793311
   -3.7300000000    0.0597873375    0.0000790881
   -3.7200000000    0.0597290902    0.0000788450
   -3.7100000000    0.0596708556    0.0000786019
   -3.7000000000    0.0596126335    0.0000783588
   -3.6900000000    0.0595544239    0.0000781155
   -3.6800000000    0.0594962265    0.0000778722
   -3.6700000000    0.0594380414    0.0000776287
   -3.6600000000    0.0593798683    0.0000773852
   -3.6500000000    0.0593217073    0.0000771417
   -3.6400000000    0.0592635581    0.0000768980
   -3.6300000000    0.0592054206    0.0000766542
   -3.6200000000    0.0591472948    0.0000764103
   -3.6100000000    0.0590891805    0.0000761664
   -3.6000000000    0.0590310776    0.0000759223
   -3.5900000000    0.0589729860    0.0000756781
   -3.5800000000    0.0589149056    0.0000754339
   -3.5700000000    0.0588568362    0.0000751895
   -3.5600000000    0.0587987778    0.0000749450
   -3.5500000000    0.0587407302    0.0000747004
   -3.5400000000    0.0586826933    0.0000744557
   -3.5300000000    0.0586246671    0.0000742109
   -3.5200000000    0.0585666513    0.0000739659
   -3.5100000000    0.0585086459    0.0000737209
   -3.5000000000    0.0584506507    0.0000734757
   -3.4900000000    0.0583926657    0.0000732303
   -3.4800000000    0.0583346907    0.0000729849
   -3.4700000000    0.0582767255    0.0000727393
   -3.4600000000    0.0582187702    0.0000724935
   -3.4500000000    0.0581608245    0.0000722477
   -3.4400000000    0.0581028884    0.0000720016
   -3.4300000000    0.0580449617    0.0000717555
   -3.4200000000    0.0579870443    0.0000715092
   -3.4100000000    0.0579291360    0.0000712627
   -3.4000000000    0.0578712368    0.0000710161
   -3.3900000000    0.0578133466    0.0000707693
   -3.3800000000    0.0577554652    0.0000705224
   -3.3700000000    0.0576975925    0.0000702753
   -3.3600000000    0.0576397284    0.0000700280
   -3.3500000000    0.0575818727    0.0000697806
   -3.3400000000    0.0575240253    0.0000695330
   -3.3300000000    0.0574661862    0.0000692852
   -3.3200000000    0.0574083552    0.0000690373
   -3.3100000000    0.0573505321    0.0000687891
   -3.3000000000    0.0572927168    0.0000685408
   -3.2900000000    0.0572349093    0.0000682923
   -3.2800000000    0.0571771094    0.0000680436
   -3.2700000000    0.0571193169    0.0000677947
   -3.2600000000    0.0570615318    0.0000675456
   -3.2500000000    0.0570037538    0.0000672964
   -3.2400000000    0.0569459830    0.0000670469
   -3.2300000000    0.0568882191    0.0000667972
   -3.2200000000    0.0568304621    0.0000665473
   -3.2100000000    0.0567727117    0.0000662971
   -3.2000000000    0.0567149680    0.0000660468
   -3.1900000000    0.0566572307    0.0000657962
   -3.1800000000    0.0565994997    0.0000655455
   -3.1700000000    0.0565417749    0.0000652944
   -3.1600000000    0.0564840561    0.0000650432
   -3.1500000000    0.0564263433    0.0000647917
   -3.1400000000    0.0563686363    0.0000645400
   -3.1300000000    0.0563109350    0.0000642881
   -3.1200000000    0.0562532391    0.0000640359
   -3.1100000000    0.0561955487    0.0000637834
   -3.1000000000    0.0561378636    0.0000635308
   -3.0900000000    0.0560801836    0.0000632778
   -3.0800000000    0.0560225086    0.0000630246
   -3.0700000000    0.0559648385    0.0000627711
   -3.0600000000    0.0559071731    0.0000625174
   -3.0500000000    0.0558495123    0.0000622634
   -3.0400000000    0.0557918560    0.0000620091
   -3.0300000000    0.0557342040    0.0000617546
   -3.0200000000    0.0556765562    0.0000614997
   -3.0100000000    0.0556189124    0.0000612446
   -3.0000000000    0.0555612726    0.0000609892
   -2.9900000000    0.0555036365    0.0000607335
   -2.9800000000    0.0554460041    0.0000604775
   -2.9700000000    0.0553883752    0.0000602212
   -2.9600000000    0.0553307496    0.0000599646
   -2.9500000000    0.0552731272    0.0000597077
   -2.9400000000    0.0552155080    0.0000594505
   -2.9300000000    0.0551578916    0.0000591930
   -2.9200000000    0.0551002781    0.0000589351
   -2.9100000000    0.0550426672    0.0000586769
   -2.9000000000    0.0549850588    0.0000584184
   -2.8900000000    0.0549274527    0.0000581596
   -2.8800000000    0.0548698489    0.0000579004
   -2.8700000000    0.0548122471    0.0000576409
   -2.8600000000    0.0547546473    0.0000573810
   -2.8500000000    0.0546970492    0.0000571208
   -2.8400000000    0.0546394528    0.0000568602
   -2.8300000000    0.0545818578    0.0000565993
   -2.8200000000    0.0545242642    0.0000563380
   -2.8100000000    0.0544666717    0.0000560763
   -2.8000000000    0.0544090803    0.0000558143
   -2.7900000000    0.0543514898    0.0000555519
   -2.7800000000    0.0542939000    0.0000552891
   -2.7700000000    0.0542363107    0.0000550259
   -2.7600000000    0.0541787219    0.0000547623
   -2.7500000000    0.0541211334    0.0000544984
   -2.7400000000    0.0540635449    0.0000542340
   -2.7300000000    0.0540059565    0.0000539692
   -2.7200000000    0.0539483678    0.0000537040
   -2.7100000000    0.0538907787    0.0000534384
   -2.7000000000    0.0538331892    0.0000531724
   -2.6900000000    0.0537755990    0.0000529060
   -2.6800000000    0.0537180079    0.0000526391
   -2.6700000000    0.0536604159    0.0000523718
   -2.6600000000    0.0536028227    0.0000521040
   -2.6500000000    0.0535452281    0.0000518358
   -2.6400000000    0.0534876321    0.0000515672
   -2.6300000000    0.0534300345    0.0000512981
   -2.6200000000    0.0533724351    0.0000510285
   -2.6100000000    0.0533148337    0.0000507584
   -2.6000000000    0.0532572301    0.0000504879
   -2.5900000000    0.0531996243    0.0000502169
   -2.5800000000    0.0531420159    0.0000499455
   -2.5700000000    0.0530844050    0.0000496735
   -2.5600000000    0.0530267912    0.0000494010
   -2.5500000000    0.0529691744    0.0000491281
   -2.5400000000    0.0529115545    0.0000488546
   -2.5300000000    0.0528539313    0.0000485806
   -2.5200000000    0.0527963046    0.0000483061
   -2.5100000000    0.0527386742    0.0000480311
   -2.5000000000    0.0526810399    0.0000477555
   -2.4900000000    0.0526234016    0.0000474794
   -2.4800000000    0.0525657592    0.0000472028
   -2.4700000000    0.0525081123    0.0000469256
   -2.4600000000    0.0524504609    0.0000466479
   -2.4500000000    0.0523928047    0.0000463696
   -2.4400000000    0.0523351437    0.0000460907
   -2.4300000000    0.0522774775    0.0000458112
   -2.4200000000    0.0522198060    0.0000455312
   -2.4100000000    0.0521621291    0.0000452506
   -2.4000000000    0.0521044465    0.0000449694
   -2.3900000000    0.0520467581    0.0000446876
   -2.3800000000    0.0519890636    0.0000444052
   -2.3700000000    0.0519313629    0.0000441221
   -2.3600000000    0.0518736558    0.0000438385
   -2.3500000000    0.0518159421    0.0000435542
   -2.3400000000    0.0517582216    0.0000432693
   -2.3300000000    0.0517004941    0.0000429837
   -2.3200000000    0.0516427594    0.0000426975
   -2.3100000000    0.0515850173    0.0000424106
   -2.3000000000    0.0515272677    0.0000421231
   -2.2900000000    0.0514695102    0.0000418349
   -2.2800000000    0.0514117448    0.0000415460
   -2.2700000000    0.0513539713    0.0000412564
   -2.2600000000    0.0512961893    0.0000409661
   -2.2500000000    0.0512383987    0.0000406752
   -2.2400000000    0.0511805994    0.0000403835
   -2.2300000000    0.0511227911    0.0000400911
   -2.2200000000    0.0510649735    0.0000397980
   -2.2100000000    0.0510071465    0.0000395041
   -2.2000000000    0.0509493099    0.0000392095
   -2.1900000000    0.0508914635    0.0000389141
   -2.1800000000    0.0508336070    0.0000386180
   -2.1700000000    0.0507757403    0.0000383211
   -2.1600000000    0.0507178630    0.0000380235
   -2.1500000000    0.0506599751    0.0000377250
   -2.1400000000    0.0506020762    0.0000374258
   -2.1300000000    0.0505441662    0.0000371257
   -2.1200000000    0.0504862448    0.0000368248
   -2.1100000000    0.0504283119    0.0000365232
   -2.1000000000    0.0503703671    0.0000362207
   -2.0900000000    0.0503124102    0.0000359173
   -2.0800000000    0.0502544411    0.0000356131
   -2.0700000000    0.0501964595    0.0000353080
   -2.0600000000    0.0501384652    0.0000350021
   -2.0500000000    0.0500804578    0.0000346953
   -2.0400000000    0.0500224373    0.0000343876
   -2.0300000000    0.0499644033    0.0000340790
   -2.0200000000    0.0499063557    0.0000337695
   -2.0100000000    0.0498482941    0.0000334591
   -2.0000000000    0.0497902183    0.0000331477
   -1.9900000000    0.0497321282    0.0000328354
   -1.9800000000    0.0496740233    0.0000325222
   -1.9700000000    0.0496159036    0.0000322080
   -1.9600000000    0.0495577687    0.0000318928
   -1.9500000000    0.0494996184    0.0000315767
   -1.9400000000    0.0494414524    0.0000312595
   -1.9300000000    0.0493832705    0.0000309414
   -1.9200000000    0.0493250725    0.0000306222
   -1.9100000000    0.0492668579    0.0000303020
   -1.9000000000    0.0492086267    0.0000299808
   -1.8900000000    0.0491503785    0.0000296585
   -1.8800000000    0.0490921131    0.0000293351
   -1.8700000000    0.0490338302    0.0000290107
   -1.8600000000    0.0489755295    0.0000286852
   -1.8500000000    0.0489172107    0.0000283586
   -1.8400000000    0.0488588737    0.0000280309
   -1.8300000000    0.0488005180    0.0000277020
   -1.8200000000    0.0487421435    0.0000273720
   -1.8100000000    0.0486837498    0.0000270409
   -1.8000000000    0.0486253366    0.0000267086
   -1.7900000000    0.0485669037    0.0000263751
   -1.7800000000    0.0485084508    0.0000260405
   -1.7700000000    0.0484499776    0.0000257046
   -1.7600000000    0.0483914838    0.0000253675
   -1.7500000000    0.0483329691    0.0000250292
   -1.7400000000    0.0482744331    0.0000246896
   -1.7300000000    0.0482158757    0.0000243488
   -1.7200000000    0.0481572965    0.0000240067
   -1.7100000000    0.0480986951    0.0000236633
   -1.7000000000    0.0480400713    0.0000233186
   -1.6900000000    0.0479814248    0.0000229725
   -1.6800000000    0.0479227552    0.0000226252
   -1.6700000000    0.0478640623    0.0000222764
   -1.6600000000    0.0478053456    0.0000219264
   -1.6500000000    0.0477466050    0.0000215749
   -1.6400000000    0.0476878400    0.0000212220
   -1.6300000000    0.0476290503    0.0000208677
   -1.6200000000    0.0475702356    0.0000205120
   -1.6100000000    0.0475113956    0.0000201549
   -1.6000000000    0.0474525299    0.0000197962
   -1.5900000000    0.0473936382    0.0000194361
   -1.5800000000    0.0473347201    0.0000190745
   -1.5700000000    0.0472757754    0.0000187113
   -1.5600000000    0.0472168035    0.0000183467
   -1.5500000000    0.0471578042    0.0000179804
   -1.5400000000    0.0470987772    0.0000176126
   -1.5300000000    0.0470397220    0.0000172432
   -1.5200000000    0.0469806383    0.0000168722
   -1.5100000000    0.0469215257    0.0000164995
   -1.5000000000    0.0468623839    0.0000161252
   -1.4900000000    0.0468032125    0.0000157492
   -1.4800000000    0.0467440111    0.0000153716
   -1.4700000000    0.0466847793    0.0000149922
   -1.4600000000    0.0466255167    0.0000146110
   -1.4500000000    0.0465662230    0.0000142282
   -1.4400000000    0.0465068977    0.0000138435
   -1.4300000000    0.0464475404    0.0000134571
   -1.4200000000    0.0463881508    0.0000130688
   -1.4100000000    0.0463287285    0.0000126787
   -1.4000000000    0.0462692729    0.0000122863
   -1.3900000000    0.0462097838    0.0000118928
   -1.3800000000    0.0461502607    0.0000114970
   -1.3700000000    0.0460907032    0.0000110993
   -1.3600000000    0.0460311108    0.0000106996
   -1.3500000000    0.0459714831    0.0000102979
   -1.3400000000    0.0459118197    0.0000098942
   -1.3300000000    0.0458521201    0.0000094885
   -1.3200000000    0.0457923839    0.0000090808
   -1.3100000000    0.0457326106    0.0000086709
   -1.3000000000    0.0456727999    0.0000082589
   -1.2900000000    0.0456129511    0.0000078448
   -1.2800000000    0.0455530639    0.0000074285
   -1.2700000000    0.0454931378    0.0000070100
   -1.2600000000    0.0454331723    0.0000065893
   -1.2500000000    0.0453731669    0.0000061664
   -1.2400000000    0.0453131212    0.0000057411
   -1.2300000000    0.0452530347    0.0000053136
   -1.2200000000    0.0451929068    0.0000048837
   -1.2100000000    0.0451327370    0.0000044514
   -1.2000000000    0.0450725249    0.0000040168
   -1.1900000000    0.0450122699    0.0000035797
   -1.1800000000    0.0449519716    0.0000031401
   -1.1700000000    0.0448916293    0.0000026981
   -1.1600000000    0.0448312426    0.0000022535
   -1.1500000000    0.0447708109    0.0000018064
   -1.1400000000    0.0447103337    0.0000013566
   -1.1300000000    0.0446498104    0.0000009043
   -1.1200000000    0.0445892405    0.0000004492
   -1.1100000000    0.0445286234   -0.0000000085
   -1.1000000000    0.0444679586   -0.0000004690
   -1.0900000000    0.0444072454   -0.0000009322
   -1.0800000000    0.0443464833   -0.0000013983
   -1.0700000000    0.0442856717   -0.0000018672
   -1.0600000000    0.0442248100   -0.0000023390
   -1.0500000000    0.0441638976   -0.0000028138
   -1.0400000000    0.0441029339   -0.0000032915
   -1.0300000000    0.0440419182   -0.0000037722
   -1.0200000000    0.0439808500   -0.0000042559
   -1.0100000000    0.0439197286   -0.0000047428
   -1.0000000000    0.0438585533   -0.0000052327
   -0.9900000000    0.0437973236   -0.0000057259
   -0.9800000000    0.0437360387   -0.0000062223
   -0.9700000000    0.0436746981   -0.0000067219
   -0.9600000000    0.0436133009   -0.0000072249
   -0.9500000000    0.0435518466   -0.0000077312
   -0.9400000000    0.0434903344   -0.0000082409
   -0.9300000000    0.0434287637   -0.0000087541
   -0.9200000000    0.0433671337   -0.0000092708
   -0.9100000000    0.0433054437   -0.0000097910
   -0.9000000000    0.0432436930   -0.0000103149
   -0.8900000000    0.0431818809   -0.0000108424
   -0.8800000000    0.0431200066   -0.0000113736
   -0.8700000000    0.0430580693   -0.0000119086
   -0.8600000000    0.0429960684   -0.0000124474
   -0.8500000000    0.0429340029   -0.0000129900
   -0.8400000000    0.0428718722   -0.0000135366
   -0.8300000000    0.0428096754   -0.0000140872
   -0.8200000000    0.0427474117   -0.0000146418
   -0.8100000000    0.0426850803   -0.0000152005
   -0.8000000000    0.0426226804   -0.0000157634
   -0.7900000000    0.0425602112   -0.0000163305
   -0.7800000000    0.0424976717   -0.0000169019
   -0.7700000000    0.0424350611   -0.0000174777
   -0.7600000000    0.0423723786   -0.0000180579
   -0.7500000000    0.0423096232   -0.0000186425
   -0.7400000000    0.0422467941   -0.0000192318
   -0.7300000000    0.0421838904   -0.0000198256
   -0.7200000000    0.0421209110   -0.0000204241
   -0.7100000000    0.0420578551   -0.0000210275
   -0.7000000000    0.0419947218   -0.0000216356
   -0.6900000000    0.0419315100   -0.0000222487
   -0.6800000000    0.0418682188   -0.0000228667
   -0.6700000000    0.0418048471   -0.0000234898
   -0.6600000000    0.0417413941   -0.0000241181
   -0.6500000000    0.0416778585   -0.0000247516
   -0.6400000000    0.0416142395   -0.0000253904
   -0.6300000000    0.0415505360   -0.0000260346
   -0.6200000000    0.0414867469   -0.0000266842
   -0.6100000000    0.0414228710   -0.0000273395
   -0.6000000000    0.0413589074   -0.0000280004
   -0.5900000000    0.0412948548   -0.0000286670
   -0.5800000000    0.0412307122   -0.0000293395
   -0.5700000000    0.0411664784   -0.0000300179
   -0.5600000000    0.0411021523   -0.0000307023
   -0.5500000000    0.0410377325   -0.0000313929
   -0.5400000000    0.0409732180   -0.0000320897
   -0.5300000000    0.0409086075   -0.0000327928
   -0.5200000000    0.0408438998   -0.0000335024
   -0.5100000000    0.0407790936   -0.0000342185
   -0.5000000000    0.0407141876   -0.0000349413
   -0.4900000000    0.0406491806   -0.0000356708
   -0.4800000000    0.0405840711   -0.0000364072
   -0.4700000000    0.0405188579   -0.0000371506
   -0.4600000000    0.0404535395   -0.0000379011
   -0.4500000000    0.0403881147   -0.0000386588
   -0.4400000000    0.0403225819   -0.0000394239
   -0.4300000000    0.0402569398   -0.0000401965
   -0.4200000000    0.0401911868   -0.0000409767
   -0.4100000000    0.0401253216   -0.0000417646
   -0.4000000000    0.0400593426   -0.0000425605
   -0.3900000000    0.0399932482   -0.0000433643
   -0.3800000000    0.0399270369   -0.0000441763
   -0.3700000000    0.0398607072   -0.0000449966
   -0.3600000000    0.0397942574   -0.0000458253
   -0.3500000000    0.0397276859   -0.0000466627
   -0.3400000000    0.0396609909   -0.0000475088
   -0.3300000000    0.0395941709   -0.0000483638
   -0.3200000000    0.0395272241   -0.0000492279
   -0.3100000000    0.0394601487   -0.0000501012
   -0.3000000000    0.0393929430   -0.0000509839
   -0.2900000000    0.0393256051   -0.0000518763
   -0.2800000000    0.0392581333   -0.0000527783
   -0.2700000000    0.0391905255   -0.0000536903
   -0.2600000000    0.0391227799   -0.0000546125
   -0.2500000000    0.0390548945   -0.0000555449
   -0.2400000000    0.0389868675   -0.0000564879
   -0.2300000000    0.0389186966   -0.0000574415
   -0.2200000000    0.0388503800   -0.0000584061
   -0.2100000000    0.0387819154   -0.0000593817
   -0.2000000000    0.0387133008   -0.0000603687
   -0.1900000000    0.0386445340   -0.0000613673
   -0.1800000000    0.0385756127   -0.0000623776
   -0.1700000000    0.0385065348   -0.0000633999
   -0.1600000000    0.0384372978   -0.0000644344
   -0.1500000000    0.0383678996   -0.0000654815
   -0.1400000000    0.0382983376   -0.0000665412
   -0.1300000000    0.0382286095   -0.0000676139
   -0.1200000000    0.0381587128   -0.0000686998
   -0.1100000000    0.0380886449   -0.0000697993
   -0.1000000000    0.0380184033   -0.0000709125
   -0.0900000000    0.0379479854   -0.0000720397
   -0.0800000000    0.0378773884   -0.0000731813
   -0.0700000000    0.0378066097   -0.0000743375
   -0.0600000000    0.0377356464   -0.0000755087
   -0.0500000000    0.0376644957   -0.0000766950
   -0.0400000000    0.0375931548   -0.0000778970
   -0.0300000000    0.0375216205   -0.0000791148
   -0.0200000000    0.0374498901   -0.0000803488
   -0.0100000000    0.0373779602   -0.0000815994
    0.0000000000    0.0373058279   -0.0000828669
