  -20.0000000000    0.0052524625    0.0124833043
  -19.9900000000    0.0042379947    0.0122084069
  -19.9800000000    0.0032327373    0.0119613768
  -19.9700000000    0.0022363829    0.0117394033
  -19.9600000000    0.0012485317    0.0115400121
  -19.9500000000    0.0002687216    0.0113610228
  -19.9400000000   -0.0007035504    0.0112005114
  -19.9300000000   -0.0016688110    0.0110567777
  -19.9200000000   -0.0026275989    0.0109283172
  -19.9100000000   -0.0035804558    0.0108137967
  -19.9000000000   -0.0045279193    0.0107120328
  -19.8900000000   -0.0054705187    0.0106219737
  -19.8800000000   -0.0064087716    0.0105426832
  -19.8700000000   -0.0073431820    0.0104733269
  -19.8600000000   -0.0082742386    0.0104131603
  -19.8500000000   -0.0092024143    0.0103615183
  -19.8400000000   -0.0101281662    0.0103178062
  -19.8300000000   -0.0110519352    0.0102814915
  -19.8200000000   -0.0119741470    0.0102520977
  -19.8100000000   -0.0128952120    0.0102291975
  -19.8000000000   -0.0138155264    0.0102124084
  -19.7900000000   -0.0147354727    0.0102013874
  -19.7800000000   -0.0156554207    0.0101958275
  -19.7700000000   -0.0165757282    0.0101954537
  -19.7600000000   -0.0174967420    0.0102000206
  -19.7500000000   -0.0184187982    0.0102093092
  -19.7400000000   -0.0193422240    0.0102231247
  -19.7300000000   -0.0202673374    0.0102412947
  -19.7200000000   -0.0211944489    0.0102636670
  -19.7100000000   -0.0221238618    0.0102901083
  -19.7000000000   -0.0230558730    0.0103205031
  -19.6900000000   -0.0239907740    0.0103547521
  -19.6800000000   -0.0249288510    0.0103927716
  -19.6700000000   -0.0258703863    0.0104344928
  -19.6600000000   -0.0268156584    0.0104798607
  -19.6500000000   -0.0277649428    0.0105288342
  -19.6400000000   -0.0287185126    0.0105813852
  -19.6300000000   -0.0296766393    0.0106374991
  -19.6200000000   -0.0306395929    0.0106971739
  -19.6100000000   -0.0316076426    0.0107604212
  -19.6000000000   -0.0325810575    0.0108272656
  -19.5900000000   -0.0335601067    0.0108977456
  -19.5800000000   -0.0345450600    0.0109719143
  -19.5700000000   -0.0355361882    0.0110498395
  -19.5600000000   -0.0365337631    0.0111316053
  -19.5500000000   -0.0375380582    0.0112173128
  -19.5400000000   -0.0385493486    0.0113070821
  -19.5300000000   -0.0395679108    0.0114010532
  -19.5200000000   -0.0405940229    0.0114993889
  -19.5100000000   -0.0416279641    0.0116022766
  -19.5000000000   -0.0426700140    0.0117099312
  -19.4900000000   -0.0437204514    0.0118225988
  -19.4800000000   -0.0447795535    0.0119405602
  -19.4700000000   -0.0458475931    0.0120641355
  -19.4600000000   -0.0469248362    0.0121936892
  -19.4500000000   -0.0480115380    0.0123296364
  -19.4400000000   -0.0491079378    0.0124724496
  -19.4300000000   -0.0502142516    0.0126226664
  -19.4200000000   -0.0513306637    0.0127808984
  -19.4100000000   -0.0524573135    0.0129478409
  -19.4000000000   -0.0535942801    0.0131242830
  -19.3900000000   -0.0547415607    0.0133111191
  -19.3800000000   -0.0558990437    0.0135093588
  -19.3700000000   -0.0570664720    0.0137201367
  -19.3600000000   -0.0582433977    0.0139447178
  -19.3500000000   -0.0594291229    0.0141844977
  -19.3400000000   -0.0606226257    0.0144409909
  -19.3300000000   -0.0618224684    0.0147158018
  -19.3200000000   -0.0630266881    0.0150105678
  -19.3100000000   -0.0642326697    0.0153268604
  -19.3000000000   -0.0654370114    0.0156660259
  -19.2900000000   -0.0666353972    0.0160289432
  -19.2800000000   -0.0678225122    0.0164156762
  -19.2700000000   -0.0689920536    0.0168250029
  -19.2600000000   -0.0701369229    0.0172538293
  -19.2500000000   -0.0712497020    0.0176965385
  -19.2400000000   -0.0723235224    0.0181444071
  -19.2300000000   -0.0733533770    0.0185853194
  -19.2200000000   -0.0743377828    0.0190040930
  -19.2100000000   -0.0752804684    0.0193837148
  -19.2000000000   -0.0761915135    0.0197075793
  -19.1900000000   -0.0770872829    0.0199624028
  -19.1800000000   -0.0779887610    0.0201410198
  -19.1700000000   -0.0789185055    0.0202440635
  -19.1600000000   -0.0798970977    0.0202798501
  -19.1500000000   -0.0809402277    0.0202625141
  -19.1400000000   -0.0820572261    0.0202091432
  -19.1300000000   -0.0832511752    0.0201369107
  -19.1200000000   -0.0845201540    0.0200609502
  -19.1100000000   -0.0858589512    0.0199932424
  -19.1000000000   -0.0872607002    0.0199423826
  -19.0900000000   -0.0887181398    0.0199139209
  -19.0800000000   -0.0902244316    0.0199109666
  -19.0700000000   -0.0917735961    0.0199348382
  -19.0600000000   -0.0933606773    0.0199856397
  -19.0500000000   -0.0949817379    0.0200627171
  -19.0400000000   -0.0966337666    0.0201649932
  -19.0300000000   -0.0983145491    0.0202912000
  -19.0200000000   -0.1000225327    0.0204400300
  -19.0100000000   -0.1017567026    0.0206102301
  -19.0000000000   -0.1035164743    0.0208006556
  -18.9900000000   -0.1053016053    0.0210102976
  -18.9800000000   -0.1071121230    0.0212382941
  -18.9700000000   -0.1089482689    0.0214839302
  -18.9600000000   -0.1108104548    0.0217466333
  -18.9500000000   -0.1126992286    0.0220259655
  -18.9400000000   -0.1146152494    0.0223216142
  -18.9300000000   -0.1165592676    0.0226333837
  -18.9200000000   -0.1185321108    0.0229611867
  -18.9100000000   -0.1205346736    0.0233050373
  -18.9000000000   -0.1225679093    0.0236650452
  -18.8900000000   -0.1246328254    0.0240414109
  -18.8800000000   -0.1267304792    0.0244344221
  -18.8700000000   -0.1288619763    0.0248444523
  -18.8600000000   -0.1310284694    0.0252719589
  -18.8500000000   -0.1332311572    0.0257174846
  -18.8400000000   -0.1354712855    0.0261816581
  -18.8300000000   -0.1377501474    0.0266651975
  -18.8200000000   -0.1400690839    0.0271689140
  -18.8100000000   -0.1424294855    0.0276937173
  -18.8000000000   -0.1448327929    0.0282406226
  -18.7900000000   -0.1472804981    0.0288107588
  -18.7800000000   -0.1497741448    0.0294053783
  -18.7700000000   -0.1523153288    0.0300258690
  -18.7600000000   -0.1549056972    0.0306737684
  -18.7500000000   -0.1575469472    0.0313507795
  -18.7400000000   -0.1602408233    0.0320587901
  -18.7300000000   -0.1629891121    0.0327998944
  -18.7200000000   -0.1657936357    0.0335764188
  -18.7100000000   -0.1686562413    0.0343909514
  -18.7000000000   -0.1715787865    0.0352463754
  -18.6900000000   -0.1745631192    0.0361459081
  -18.6800000000   -0.1776110501    0.0370931453
  -18.6700000000   -0.1807243155    0.0380921117
  -18.6600000000   -0.1839045276    0.0391473174
  -18.6500000000   -0.1871531078    0.0402638209
  -18.6400000000   -0.1904711996    0.0414472979
  -18.6300000000   -0.1938595520    0.0427041143
  -18.6200000000   -0.1973183685    0.0440414002
  -18.6100000000   -0.2008471088    0.0454671200
  -18.6000000000   -0.2044442324    0.0469901291
  -18.5900000000   -0.2081068690    0.0486202013
  -18.5800000000   -0.2118304004    0.0503680054
  -18.5700000000   -0.2156079368    0.0522449934
  -18.5600000000   -0.2194296781    0.0542631492
  -18.5500000000   -0.2232821584    0.0564345217
  -18.5400000000   -0.2271474014    0.0587704401
  -18.5300000000   -0.2310020553    0.0612802819
  -18.5200000000   -0.2348166589    0.0639696400
  -18.5100000000   -0.2385553066    0.0668377527
  -18.5000000000   -0.2421761414    0.0698741305
  -18.4900000000   -0.2456332821    0.0730545211
  -18.4800000000   -0.2488809026    0.0763367314
  -18.4700000000   -0.2518800671    0.0796574071
  -18.4600000000   -0.2546083673    0.0829315248
  -18.4500000000   -0.2570712190    0.0860567184
  -18.4400000000   -0.2593120219    0.0889240405
  -18.4300000000   -0.2614170189    0.0914348450
  -18.4200000000   -0.2635109008    0.0935204148
  -18.4100000000   -0.2657419039    0.0951582888
  -18.4000000000   -0.2682596095    0.0963791057
  -18.3900000000   -0.2711923038    0.0972611142
  -18.3800000000   -0.2746310022    0.0979146268
  -18.3700000000   -0.2786239033    0.0984623983
  -18.3600000000   -0.2831804826    0.0990222078
  -18.3500000000   -0.2882814156    0.0996954248
  -18.3400000000   -0.2938900264    0.1005621915
  -18.3300000000   -0.2999622294    0.1016817324
  -18.3200000000   -0.3064536301    0.1030956308
  -18.3100000000   -0.3133237290    0.1048322131
  -18.3000000000   -0.3205378073    0.1069108401
  -18.2900000000   -0.3280672225    0.1093455092
  -18.2800000000   -0.3358887416    0.1121475754
  -18.2700000000   -0.3439833624    0.1153276108
  -18.2600000000   -0.3523349120    0.1188964922
  -18.2500000000   -0.3609286033    0.1228658046
  -18.2400000000   -0.3697496812    0.1272476107
  -18.2300000000   -0.3787822956    0.1320535919
  -18.2200000000   -0.3880087956    0.1372935558
  -18.2100000000   -0.3974097379    0.1429733395
  -18.2000000000   -0.4069650124    0.1490922728
  -18.1900000000   -0.4166565462    0.1556406293
  -18.1800000000   -0.4264729381    0.1625978816
  -18.1700000000   -0.4364159462    0.1699330014
  -18.1600000000   -0.4465079106    0.1776082168
  -18.1500000000   -0.4567980854    0.1855871819
  -18.1400000000   -0.4673650479    0.1938471050
  -18.1300000000   -0.4783126968    0.2023923265
  -18.1200000000   -0.4897593589    0.2112652183
  -18.1100000000   -0.5018225104    0.2205505016
  -18.1000000000   -0.5146037961    0.2303715470
  -18.0900000000   -0.5281788355    0.2408806005
  -18.0800000000   -0.5425938640    0.2522470683
  -18.0700000000   -0.5578683012    0.2646478813
  -18.0600000000   -0.5740005451    0.2782621751
  -18.0500000000   -0.5909741581    0.2932704971
  -18.0400000000   -0.6087625012    0.3098574832
  -18.0300000000   -0.6273309514    0.3282166122
  -18.0200000000   -0.6466365825    0.3485558812
  -18.0100000000   -0.6666255139    0.3711036735
  -18.0000000000   -0.6872281419    0.3961144367
  -17.9900000000   -0.7083523257    0.4238739954
  -17.9800000000   -0.7298743895    0.4547043719
  -17.9700000000   -0.7516276025    0.4889679097
  -17.9600000000   -0.7733876080    0.5270703100
  -17.9500000000   -0.7948541253    0.5694618853
  -17.9400000000   -0.8156281511    0.6166358956
  -17.9300000000   -0.8351839020    0.6691222117
  -17.9200000000   -0.8528349511    0.7274737100
  -17.9100000000   -0.8676945884    0.7922417184
  -17.9000000000   -0.8786316273    0.8639355202
  -17.8900000000   -0.8842250619    0.9429595712
  -17.8800000000   -0.8827246072    1.0295211175
  -17.8700000000   -0.8720296704    1.1235012614
  -17.8600000000   -0.8497067448    1.2242858179
  -17.8500000000   -0.8130735990    1.3305609598
  -17.8400000000   -0.7593847129    1.4400953237
  -17.8300000000   -0.6861496494    1.5495561250
  -17.8200000000   -0.5915946538    1.6544379494
  -17.8100000000   -0.4752288071    1.7492054467
  -17.8000000000   -0.3384015753    1.8277401782
  -17.7900000000   -0.1846649420    1.8841111469
  -17.7800000000   -0.0197335703    1.9135564554
  -17.7700000000    0.1490770519    1.9134204049
  -17.7600000000    0.3138645342    1.8837303129
  -17.7500000000    0.4673321004    1.8271924345
  -17.7400000000    0.6037984085    1.7486083746
  -17.7300000000    0.7197530081    1.6539346070
  -17.7200000000    0.8138899476    1.5493011057
  -17.7100000000    0.8867413810    1.4402435648
  -17.7000000000    0.9401182794    1.3312600273
  -17.6900000000    0.9765445847    1.2256709858
  -17.6800000000    0.9987970284    1.1256919618
  -17.6700000000    1.0095883282    1.0326171735
  -17.6600000000    1.0113826588    0.9470358348
  -17.6500000000    1.0063110500    0.8690339826
  -17.6400000000    0.9961517345    0.7983608567
  -17.6300000000    0.9823467965    0.7345558521
  -17.6200000000    0.9660353573    0.6770410338
  -17.6100000000    0.9480918628    0.6251875404
  -17.6000000000    0.9291645895    0.5783639298
  -17.5900000000    0.9097137281    0.5359720374
  -17.5800000000    0.8900499409    0.4974725760
  -17.5700000000    0.8703732929    0.4624001135
  -17.5600000000    0.8508101889    0.4303666353
  -17.5500000000    0.8314444517    0.4010547221
  -17.5400000000    0.8123393663    0.3742039074
  -17.5300000000    0.7935499915    0.3495950378
  -17.5200000000    0.7751276193    0.3270366775
  -17.5100000000    0.7571195363    0.3063555705
  -17.5000000000    0.7395670125    0.2873912118
  -17.4900000000    0.7225034041    0.2699934747
  -17.4800000000    0.7059531703    0.2540220039
  -17.4700000000    0.6899318843    0.2393463462
  -17.4600000000    0.6744469781    0.2258461916
  -17.4500000000    0.6594988974    0.2134114318
  -17.4400000000    0.6450823975    0.2019419578
  -17.4300000000    0.6311878025    0.1913472235
  -17.4200000000    0.6178021324    0.1815456442
  -17.4100000000    0.6049100577    0.1724638990
  -17.4000000000    0.5924946784    0.1640361968
  -17.3900000000    0.5805381407    0.1562035462
  -17.3800000000    0.5690221151    0.1489130576
  -17.3700000000    0.5579281584    0.1421172933
  -17.3600000000    0.5472379824    0.1357736728
  -17.3500000000    0.5369336497    0.1298439356
  -17.3400000000    0.5269977111    0.1242936605
  -17.3300000000    0.5174132992    0.1190918376
  -17.3200000000    0.5081641886    0.1142104899
  -17.3100000000    0.4992348303    0.1096243374
  -17.3000000000    0.4906103667    0.1053105021
  -17.2900000000    0.4822766340    0.1012482474
  -17.2800000000    0.4742201526    0.0974187479
  -17.2700000000    0.4664281116    0.0938048871
  -17.2600000000    0.4588883481    0.0903910781
  -17.2500000000    0.4515893223    0.0871631060
  -17.2400000000    0.4445200915    0.0841079878
  -17.2300000000    0.4376702829    0.0812138486
  -17.2200000000    0.4310300650    0.0784698119
  -17.2100000000    0.4245901208    0.0758659020
  -17.2000000000    0.4183416196    0.0733929574
  -17.1900000000    0.4122761914    0.0710425534
  -17.1800000000    0.4063859006    0.0688069332
  -17.1700000000    0.4006632218    0.0666789464
  -17.1600000000    0.3951010163    0.0646519939
  -17.1500000000    0.3896925099    0.0627199784
  -17.1400000000    0.3844312715    0.0608772603
  -17.1300000000    0.3793111936    0.0591186175
  -17.1200000000    0.3743264730    0.0574392101
  -17.1100000000    0.3694715932    0.0558345478
  -17.1000000000    0.3647413073    0.0543004607
  -17.0900000000    0.3601306227    0.0528330731
  -17.0800000000    0.3556347862    0.0514287798
  -17.0700000000    0.3512492696    0.0500842244
  -17.0600000000    0.3469697568    0.0487962796
  -17.0500000000    0.3427921319    0.0475620301
  -17.0400000000    0.3387124669    0.0463787556
  -17.0300000000    0.3347270112    0.0452439168
  -17.0200000000    0.3308321813    0.0441551421
  -17.0100000000    0.3270245514    0.0431102148
  -17.0000000000    0.3233008437    0.0421070629
  -16.9900000000    0.3196579203    0.0411437485
  -16.9800000000    0.3160927754    0.0402184587
  -16.9700000000    0.3126025270    0.0393294973
  -16.9600000000    0.3091844104    0.0384752773
  -16.9500000000    0.3058357711    0.0376543135
  -16.9400000000    0.3025540583    0.0368652166
  -16.9300000000    0.2993368192    0.0361066873
  -16.9200000000    0.2961816930    0.0353775107
  -16.9100000000    0.2930864055    0.0346765522
  -16.9000000000    0.2900487640    0.0340027527
  -16.8900000000    0.2870666523    0.0333551247
  -16.8800000000    0.2841380259    0.0327327491
  -16.8700000000    0.2812609078    0.0321347718
  -16.8600000000    0.2784333838    0.0315604011
  -16.8500000000    0.2756535989    0.0310089054
  -16.8400000000    0.2729197528    0.0304796106
  -16.8300000000    0.2702300964    0.0299718989
  -16.8200000000    0.2675829280    0.0294852071
  -16.8100000000    0.2649765899    0.0290190253
  -16.8000000000    0.2624094646    0.0285728964
  -16.7900000000    0.2598799716    0.0281464152
  -16.7800000000    0.2573865645    0.0277392285
  -16.7700000000    0.2549277268    0.0273510352
  -16.7600000000    0.2525019697    0.0269815866
  -16.7500000000    0.2501078285    0.0266306876
  -16.7400000000    0.2477438596    0.0262981976
  -16.7300000000    0.2454086372    0.0259840325
  -16.7200000000    0.2431007510    0.0256881668
  -16.7100000000    0.2408188021    0.0254106360
  -16.7000000000    0.2385614013    0.0251515406
  -16.6900000000    0.2363271649    0.0249110490
  -16.6800000000    0.2341147129    0.0246894030
  -16.6700000000    0.2319226652    0.0244869228
  -16.6600000000    0.2297496395    0.0243040134
  -16.6500000000    0.2275942482    0.0241411718
  -16.6400000000    0.2254550961    0.0239989961
  -16.6300000000    0.2233307778    0.0238781946
  -16.6200000000    0.2212198755    0.0237795979
  -16.6100000000    0.2191209578    0.0237041718
  -16.6000000000    0.2170325779    0.0236530327
  -16.5900000000    0.2149532729    0.0236274652
  -16.5800000000    0.2128815649    0.0236289423
  -16.5700000000    0.2108159616    0.0236591496
  -16.5600000000    0.2087549598    0.0237200119
  -16.5500000000    0.2066970506    0.0238137251
  -16.5400000000    0.2046407273    0.0239427926
  -16.5300000000    0.2025844965    0.0241100678
  -16.5200000000    0.2005268951    0.0243188026
  -16.5100000000    0.1984665121    0.0245727048
  -16.5000000000    0.1964020196    0.0248760023
  -16.4900000000    0.1943322141    0.0252335198
  -16.4800000000    0.1922560713    0.0256507645
  -16.4700000000    0.1901728199    0.0261340256
  -16.4600000000    0.1880820386    0.0266904873
  -16.4500000000    0.1859837846    0.0273283556
  -16.4400000000    0.1838787620    0.0280569992
  -16.4300000000    0.1817685433    0.0288871034
  -16.4200000000    0.1796558591    0.0298308321
  -16.4100000000    0.1775449758    0.0309019910
  -16.4000000000    0.1754421853    0.0321161769
  -16.3900000000    0.1733564375    0.0334908915
  -16.3800000000    0.1713001499    0.0350455802
  -16.3700000000    0.1692902313    0.0368015389
  -16.3600000000    0.1673493570    0.0387815993
  -16.3500000000    0.1655075176    0.0410094620
  -16.3400000000    0.1638038362    0.0435084934
  -16.3300000000    0.1622885794    0.0462997359
  -16.3200000000    0.1610251734    0.0493988164
  -16.3100000000    0.1600918380    0.0528114001
  -16.3000000000    0.1595821568    0.0565268805
  -16.2900000000    0.1596035169    0.0605102158
  -16.2800000000    0.1602719498    0.0646923549
  -16.2700000000    0.1617017096    0.0689606611
  -16.2600000000    0.1639883280    0.0731521484
  -16.2500000000    0.1671854259    0.0770538125
  -16.2400000000    0.1712785476    0.0804149243
  -16.2300000000    0.1761631484    0.0829744270
  -16.2200000000    0.1816365754    0.0845015664
  -16.2100000000    0.1874124319    0.0848406900
  -16.2000000000    0.1931585179    0.0839457346
  -16.1900000000    0.1985491432    0.0818910644
  -16.1800000000    0.2033153534    0.0788541423
  -16.1700000000    0.2072776954    0.0750771755
  -16.1600000000    0.2103547709    0.0708220984
  -16.1500000000    0.2125509509    0.0663325348
  -16.1400000000    0.2139325095    0.0618100686
  -16.1300000000    0.2146016406    0.0574052098
  -16.1200000000    0.2146745800    0.0532192175
  -16.1100000000    0.2142662630    0.0493118924
  -16.1000000000    0.2134813012    0.0457113659
  -16.0900000000    0.2124098372    0.0424234355
  -16.0800000000    0.2111266191    0.0394393079
  -16.0700000000    0.2096919131    0.0367414735
  -16.0600000000    0.2081532851    0.0343078749
  -16.0500000000    0.2065476476    0.0321147045
  -16.0400000000    0.2049032409    0.0301381794
  -16.0300000000    0.2032413926    0.0283555944
  -16.0200000000    0.2015780036    0.0267458884
  -16.0100000000    0.1999247611    0.0252898947
  -16.0000000000    0.1982901100    0.0239703944
  -15.9900000000    0.1966800170    0.0227720531
  -15.9800000000    0.1950985670    0.0216812954
  -15.9700000000    0.1935484239    0.0206861486
  -15.9600000000    0.1920311856    0.0197760786
  -15.9500000000    0.1905476561    0.0189418275
  -15.9400000000    0.1890980534    0.0181752631
  -15.9300000000    0.1876821673    0.0174692392
  -15.9200000000    0.1862994805    0.0168174725
  -15.9100000000    0.1849492592    0.0162144320
  -15.9000000000    0.1836306224    0.0156552424
  -15.8900000000    0.1823425938    0.0151356000
  -15.8800000000    0.1810841403    0.0146516991
  -15.8700000000    0.1798542013    0.0142001686
  -15.8600000000    0.1786517097    0.0137780164
  -15.8500000000    0.1774756078    0.0133825823
  -15.8400000000    0.1763248580    0.0130114961
  -15.8300000000    0.1751984509    0.0126626421
  -15.8200000000    0.1740954102    0.0123341281
  -15.8100000000    0.1730147966    0.0120242587
  -15.8000000000    0.1719557091    0.0117315113
  -15.7900000000    0.1709172863    0.0114545167
  -15.7800000000    0.1698987060    0.0111920408
  -15.7700000000    0.1688991852    0.0109429694
  -15.7600000000    0.1679179788    0.0107062947
  -15.7500000000    0.1669543786    0.0104811036
  -15.7400000000    0.1660077117    0.0102665673
  -15.7300000000    0.1650773391    0.0100619322
  -15.7200000000    0.1641626544    0.0098665120
  -15.7100000000    0.1632630816    0.0096796808
  -15.7000000000    0.1623780741    0.0095008667
  -15.6900000000    0.1615071129    0.0093295463
  -15.6800000000    0.1606497049    0.0091652399
  -15.6700000000    0.1598053819    0.0090075075
  -15.6600000000    0.1589736989    0.0088559444
  -15.6500000000    0.1581542327    0.0087101782
  -15.6400000000    0.1573465808    0.0085698658
  -15.6300000000    0.1565503602    0.0084346904
  -15.6200000000    0.1557652062    0.0083043593
  -15.6100000000    0.1549907714    0.0081786016
  -15.6000000000    0.1542267247    0.0080571664
  -15.5900000000    0.1534727503    0.0079398209
  -15.5800000000    0.1527285466    0.0078263490
  -15.5700000000    0.1519938260    0.0077165496
  -15.5600000000    0.1512683135    0.0076102357
  -15.5500000000    0.1505517462    0.0075072329
  -15.5400000000    0.1498438728    0.0074073786
  -15.5300000000    0.1491444525    0.0073105209
  -15.5200000000    0.1484532549    0.0072165178
  -15.5100000000    0.1477700591    0.0071252363
  -15.5000000000    0.1470946534    0.0070365522
  -15.4900000000    0.1464268346    0.0069503485
  -15.4800000000    0.1457664076    0.0068665159
  -15.4700000000    0.1451131852    0.0067849515
  -15.4600000000    0.1444669872    0.0067055584
  -15.4500000000    0.1438276405    0.0066282457
  -15.4400000000    0.1431949787    0.0065529277
  -15.4300000000    0.1425688412    0.0064795234
  -15.4200000000    0.1419490736    0.0064079567
  -15.4100000000    0.1413355272    0.0063381556
  -15.4000000000    0.1407280582    0.0062700521
  -15.3900000000    0.1401265283    0.0062035817
  -15.3800000000    0.1395308039    0.0061386837
  -15.3700000000    0.1389407557    0.0060753004
  -15.3600000000    0.1383562592    0.0060133771
  -15.3500000000    0.1377771937    0.0059528621
  -15.3400000000    0.1372034426    0.0058937061
  -15.3300000000    0.1366348932    0.0058358624
  -15.3200000000    0.1360714361    0.0057792866
  -15.3100000000    0.1355129657    0.0057239366
  -15.3000000000    0.1349593793    0.0056697722
  -15.2900000000    0.1344105777    0.0056167551
  -15.2800000000    0.1338664644    0.0055648490
  -15.2700000000    0.1333269460    0.0055140190
  -15.2600000000    0.1327919317    0.0054642322
  -15.2500000000    0.1322613334    0.0054154568
  -15.2400000000    0.1317350654    0.0053676629
  -15.2300000000    0.1312130446    0.0053208214
  -15.2200000000    0.1306951900    0.0052749049
  -15.2100000000    0.1301814229    0.0052298871
  -15.2000000000    0.1296716667    0.0051857428
  -15.1900000000    0.1291658470    0.0051424479
  -15.1800000000    0.1286638911    0.0050999792
  -15.1700000000    0.1281657284    0.0050583147
  -15.1600000000    0.1276712898    0.0050174332
  -15.1500000000    0.1271805083    0.0049773143
  -15.1400000000    0.1266933182    0.0049379387
  -15.1300000000    0.1262096558    0.0048992875
  -15.1200000000    0.1257294585    0.0048613429
  -15.1100000000    0.1252526655    0.0048240876
  -15.1000000000    0.1247792173    0.0047875050
  -15.0900000000    0.1243090558    0.0047515794
  -15.0800000000    0.1238421242    0.0047162953
  -15.0700000000    0.1233783669    0.0046816382
  -15.0600000000    0.1229177297    0.0046475939
  -15.0500000000    0.1224601594    0.0046141487
  -15.0400000000    0.1220056041    0.0045812897
  -15.0300000000    0.1215540127    0.0045490043
  -15.0200000000    0.1211053355    0.0045172804
  -15.0100000000    0.1206595237    0.0044861062
  -15.0000000000    0.1202165294    0.0044554707
  -14.9900000000    0.1197763057    0.0044253629
  -14.9800000000    0.1193388066    0.0043957725
  -14.9700000000    0.1189039869    0.0043666895
  -14.9600000000    0.1184718025    0.0043381042
  -14.9500000000    0.1180422098    0.0043100074
  -14.9400000000    0.1176151663    0.0042823899
  -14.9300000000    0.1171906300    0.0042552433
  -14.9200000000    0.1167685597    0.0042285592
  -14.9100000000    0.1163489151    0.0042023295
  -14.9000000000    0.1159316563    0.0041765466
  -14.8900000000    0.1155167442    0.0041512030
  -14.8800000000    0.1151041403    0.0041262916
  -14.8700000000    0.1146938069    0.0041018055
  -14.8600000000    0.1142857066    0.0040777379
  -14.8500000000    0.1138798027    0.0040540826
  -14.8400000000    0.1134760592    0.0040308334
  -14.8300000000    0.1130744403    0.0040079842
  -14.8200000000    0.1126749110    0.0039855296
  -14.8100000000    0.1122774367    0.0039634639
  -14.8000000000    0.1118819832    0.0039417819
  -14.7900000000    0.1114885168    0.0039204785
  -14.7800000000    0.1110970044    0.0038995489
  -14.7700000000    0.1107074130    0.0038789885
  -14.7600000000    0.1103197104    0.0038587927
  -14.7500000000    0.1099338643    0.0038389574
  -14.7400000000    0.1095498433    0.0038194783
  -14.7300000000    0.1091676160    0.0038003516
  -14.7200000000    0.1087871514    0.0037815736
  -14.7100000000    0.1084084190    0.0037631406
  -14.7000000000    0.1080313883    0.0037450493
  -14.6900000000    0.1076560295    0.0037272965
  -14.6800000000    0.1072823127    0.0037098791
  -14.6700000000    0.1069102086    0.0036927942
  -14.6600000000    0.1065396879    0.0036760390
  -14.6500000000    0.1061707217    0.0036596109
  -14.6400000000    0.1058032812    0.0036435076
  -14.6300000000    0.1054373379    0.0036277267
  -14.6200000000    0.1050728636    0.0036122661
  -14.6100000000    0.1047098301    0.0035971238
  -14.6000000000    0.1043482096    0.0035822980
  -14.5900000000    0.1039879741    0.0035677871
  -14.5800000000    0.1036290962    0.0035535894
  -14.5700000000    0.1032715484    0.0035397036
  -14.5600000000    0.1029153033    0.0035261285
  -14.5500000000    0.1025603337    0.0035128629
  -14.5400000000    0.1022066125    0.0034999059
  -14.5300000000    0.1018541127    0.0034872568
  -14.5200000000    0.1015028073    0.0034749148
  -14.5100000000    0.1011526694    0.0034628794
  -14.5000000000    0.1008036723    0.0034511504
  -14.4900000000    0.1004557891    0.0034397275
  -14.4800000000    0.1001089931    0.0034286106
  -14.4700000000    0.0997632576    0.0034177999
  -14.4600000000    0.0994185557    0.0034072955
  -14.4500000000    0.0990748609    0.0033970980
  -14.4400000000    0.0987321462    0.0033872079
  -14.4300000000    0.0983903850    0.0033776258
  -14.4200000000    0.0980495503    0.0033683528
  -14.4100000000    0.0977096153    0.0033593898
  -14.4000000000    0.0973705530    0.0033507380
  -14.3900000000    0.0970323362    0.0033423990
  -14.3800000000    0.0966949379    0.0033343742
  -14.3700000000    0.0963583306    0.0033266653
  -14.3600000000    0.0960224871    0.0033192745
  -14.3500000000    0.0956873795    0.0033122036
  -14.3400000000    0.0953529803    0.0033054551
  -14.3300000000    0.0950192615    0.0032990315
  -14.3200000000    0.0946861950    0.0032929355
  -14.3100000000    0.0943537523    0.0032871699
  -14.3000000000    0.0940219050    0.0032817380
  -14.2900000000    0.0936906241    0.0032766431
  -14.2800000000    0.0933598807    0.0032718887
  -14.2700000000    0.0930296453    0.0032674787
  -14.2600000000    0.0926998882    0.0032634172
  -14.2500000000    0.0923705794    0.0032597084
  -14.2400000000    0.0920416886    0.0032563568
  -14.2300000000    0.0917131850    0.0032533674
  -14.2200000000    0.0913850376    0.0032507453
  -14.2100000000    0.0910572147    0.0032484957
  -14.2000000000    0.0907296845    0.0032466245
  -14.1900000000    0.0904024145    0.0032451375
  -14.1800000000    0.0900753718    0.0032440412
  -14.1700000000    0.0897485230    0.0032433421
  -14.1600000000    0.0894218342    0.0032430473
  -14.1500000000    0.0890952709    0.0032431642
  -14.1400000000    0.0887687978    0.0032437003
  -14.1300000000    0.0884423794    0.0032446640
  -14.1200000000    0.0881159792    0.0032460637
  -14.1100000000    0.0877895602    0.0032479083
  -14.1000000000    0.0874630846    0.0032502073
  -14.0900000000    0.0871365137    0.0032529706
  -14.0800000000    0.0868098083    0.0032562084
  -14.0700000000    0.0864829282    0.0032599317
  -14.0600000000    0.0861558323    0.0032641519
  -14.0500000000    0.0858284786    0.0032688809
  -14.0400000000    0.0855008243    0.0032741312
  -14.0300000000    0.0851728254    0.0032799160
  -14.0200000000    0.0848444369    0.0032862491
  -14.0100000000    0.0845156126    0.0032931450
  -14.0000000000    0.0841863054    0.0033006188
  -13.9900000000    0.0838564668    0.0033086865
  -13.9800000000    0.0835260471    0.0033173648
  -13.9700000000    0.0831949951    0.0033266712
  -13.9600000000    0.0828632584    0.0033366241
  -13.9500000000    0.0825307831    0.0033472428
  -13.9400000000    0.0821975138    0.0033585477
  -13.9300000000    0.0818633933    0.0033705600
  -13.9200000000    0.0815283630    0.0033833020
  -13.9100000000    0.0811923622    0.0033967974
  -13.9000000000    0.0808553287    0.0034110708
  -13.8900000000    0.0805171981    0.0034261481
  -13.8800000000    0.0801779040    0.0034420568
  -13.8700000000    0.0798373781    0.0034588254
  -13.8600000000    0.0794955495    0.0034764844
  -13.8500000000    0.0791523452    0.0034950654
  -13.8400000000    0.0788076896    0.0035146020
  -13.8300000000    0.0784615045    0.0035351294
  -13.8200000000    0.0781137090    0.0035566850
  -13.8100000000    0.0777642195    0.0035793078
  -13.8000000000    0.0774129490    0.0036030394
  -13.7900000000    0.0770598077    0.0036279232
  -13.7800000000    0.0767047023    0.0036540054
  -13.7700000000    0.0763475360    0.0036813347
  -13.7600000000    0.0759882082    0.0037099625
  -13.7500000000    0.0756266146    0.0037399431
  -13.7400000000    0.0752626467    0.0037713340
  -13.7300000000    0.0748961917    0.0038041962
  -13.7200000000    0.0745271323    0.0038385941
  -13.7100000000    0.0741553463    0.0038745959
  -13.7000000000    0.0737807065    0.0039122740
  -13.6900000000    0.0734030803    0.0039517053
  -13.6800000000    0.0730223297    0.0039929713
  -13.6700000000    0.0726383103    0.0040361585
  -13.6600000000    0.0722508719    0.0040813590
  -13.6500000000    0.0718598573    0.0041286706
  -13.6400000000    0.0714651024    0.0041781975
  -13.6300000000    0.0710664358    0.0042300505
  -13.6200000000    0.0706636780    0.0042843480
  -13.6100000000    0.0702566412    0.0043412161
  -13.6000000000    0.0698451291    0.0044007892
  -13.5900000000    0.0694289358    0.0044632112
  -13.5800000000    0.0690078454    0.0045286359
  -13.5700000000    0.0685816319    0.0045972277
  -13.5600000000    0.0681500578    0.0046691626
  -13.5500000000    0.0677128740    0.0047446296
  -13.5400000000    0.0672698188    0.0048238312
  -13.5300000000    0.0668206174    0.0049069848
  -13.5200000000    0.0663649807    0.0049943242
  -13.5100000000    0.0659026047    0.0050861008
  -13.5000000000    0.0654331695    0.0051825855
  -13.4900000000    0.0649563383    0.0052840702
  -13.4800000000    0.0644717564    0.0053908699
  -13.4700000000    0.0639790498    0.0055033251
  -13.4600000000    0.0634778244    0.0056218036
  -13.4500000000    0.0629676647    0.0057467042
  -13.4400000000    0.0624481321    0.0058784586
  -13.4300000000    0.0619187637    0.0060175358
  -13.4200000000    0.0613790710    0.0061644452
  -13.4100000000    0.0608285379    0.0063197410
  -13.4000000000    0.0602666195    0.0064840268
  -13.3900000000    0.0596927400    0.0066579614
  -13.3800000000    0.0591062913    0.0068422640
  -13.3700000000    0.0585066309    0.0070377215
  -13.3600000000    0.0578930802    0.0072451958
  -13.3500000000    0.0572649226    0.0074656324
  -13.3400000000    0.0566214016    0.0077000700
  -13.3300000000    0.0559617193    0.0079496515
  -13.3200000000    0.0552850347    0.0082156366
  -13.3100000000    0.0545904622    0.0084994156
  -13.3000000000    0.0538770706    0.0088025257
  -13.2900000000    0.0531438827    0.0091266695
  -13.2800000000    0.0523898753    0.0094737356
  -13.2700000000    0.0516139802    0.0098458230
  -13.2600000000    0.0508150862    0.0102452682
  -13.2500000000    0.0499920432    0.0106746773
  -13.2400000000    0.0491436680    0.0111369615
  -13.2300000000    0.0482687528    0.0116353795
  -13.2200000000    0.0473660780    0.0121735849
  -13.2100000000    0.0464344290    0.0127556816
  -13.2000000000    0.0454726200    0.0133862873
  -13.1900000000    0.0444795253    0.0140706064
  -13.1800000000    0.0434541217    0.0148145142
  -13.1700000000    0.0423955445    0.0156246532
  -13.1600000000    0.0413031614    0.0165085430
  -13.1500000000    0.0401766702    0.0174747057
  -13.1400000000    0.0390162257    0.0185328080
  -13.1300000000    0.0378226070    0.0196938193
  -13.1200000000    0.0365974351    0.0209701873
  -13.1100000000    0.0353434559    0.0223760273
  -13.1000000000    0.0340649081    0.0239273207
  -13.0900000000    0.0327679991    0.0256421126
  -13.0800000000    0.0314615180    0.0275406922
  -13.0700000000    0.0301576215    0.0296457258
  -13.0600000000    0.0288728336    0.0319822996
  -13.0500000000    0.0276293019    0.0345778013
  -13.0400000000    0.0264563546    0.0374615379
  -13.0300000000    0.0253923845    0.0406639368
  -13.0200000000    0.0244870558    0.0442151193
  -13.0100000000    0.0238037548    0.0481425564
  -13.0000000000    0.0234220787    0.0524674456
  -12.9900000000    0.0234399421    0.0571993968
  -12.9800000000    0.0239745578    0.0623290433
  -12.9700000000    0.0251611183    0.0678184110
  -12.9600000000    0.0271475320    0.0735894073
  -12.9500000000    0.0300832619    0.0795117969
  -12.9400000000    0.0341005635    0.0853935535
  -12.9300000000    0.0392878143    0.0909782343
  -12.9200000000    0.0456576228    0.0959551405
  -12.9100000000    0.0531167490    0.0999870027
  -12.9000000000    0.0614488134    0.1027553580
  -12.8900000000    0.0703211130    0.1040159246
  -12.8800000000    0.0793208836    0.1036485285
  -12.8700000000    0.0880149506    0.1016840197
  -12.8600000000    0.0960157938    0.0982975757
  -12.8500000000    0.1030338063    0.0937710307
  -12.8400000000    0.1089023082    0.0884385208
  -12.8300000000    0.1135739050    0.0826332553
  -12.8200000000    0.1170966318    0.0766483401
  -12.8100000000    0.1195817871    0.0707161440
  -12.8000000000    0.1211732333    0.0650038218
  -12.7900000000    0.1220234926    0.0596194524
  -12.7800000000    0.1222779876    0.0546232383
  -12.7700000000    0.1220663878    0.0500397450
  -12.7600000000    0.1214991385    0.0458689066
  -12.7500000000    0.1206672689    0.0420948817
  -12.7400000000    0.1196439949    0.0386926526
  -12.7300000000    0.1184871091    0.0356326601
  -12.7200000000    0.1172415483    0.0328838901
  -12.7100000000    0.1159418130    0.0304158196
  -12.7000000000    0.1146140910    0.0281995607
  -12.6900000000    0.1132780439    0.0262084643
  -12.6800000000    0.1119482688    0.0244183733
  -12.6700000000    0.1106354745    0.0228076559
  -12.6600000000    0.1093474158    0.0213571093
  -12.6500000000    0.1080896337    0.0200497900
  -12.6400000000    0.1068660399    0.0188708074
  -12.6300000000    0.1056793799    0.0178071017
  -12.6200000000    0.1045316025    0.0168472142
  -12.6100000000    0.1034241549    0.0159810539
  -12.6000000000    0.1023582171    0.0151996580
  -12.5900000000    0.1013348801    0.0144949389
  -12.5800000000    0.1003552644    0.0138594144
  -12.5700000000    0.0994205638    0.0132859177
  -12.5600000000    0.0985319931    0.0127672994
  -12.5500000000    0.0976906104    0.0122961483
  -12.5400000000    0.0968969972    0.0118645926
  -12.5300000000    0.0961508116    0.0114642627
  -12.5200000000    0.0954502888    0.0110865106
  -12.5100000000    0.0947918390    0.0107229362
  -12.5000000000    0.0941699358    0.0103661692
  -12.4900000000    0.0935774534    0.0100107168
  -12.4800000000    0.0930064588    0.0096535885
  -12.4700000000    0.0924492665    0.0092944457
  -12.4600000000    0.0918994305    0.0089352009
  -12.4500000000    0.0913523800    0.0085792161
  -12.4400000000    0.0908055736    0.0082303835
  -12.4300000000    0.0902582453    0.0078923518
  -12.4200000000    0.0897109233    0.0075680403
  -12.4100000000    0.0891649084    0.0072594444
  -12.4000000000    0.0886218322    0.0069676593
  -12.3900000000    0.0880833454    0.0066930242
  -12.3800000000    0.0875509312    0.0064353095
  -12.3700000000    0.0870258174    0.0061938968
  -12.3600000000    0.0865089535    0.0059679293
  -12.3500000000    0.0860010254    0.0057564251
  -12.3400000000    0.0855024891    0.0055583575
  -12.3300000000    0.0850136096    0.0053727085
  -12.3200000000    0.0845344999    0.0051985009
  -12.3100000000    0.0840651548    0.0050348168
  -12.3000000000    0.0836054801    0.0048808063
  -12.2900000000    0.0831553165    0.0047356898
  -12.2800000000    0.0827144579    0.0045987567
  -12.2700000000    0.0822826663    0.0044693615
  -12.2600000000    0.0818596829    0.0043469191
  -12.2500000000    0.0814452367    0.0042308998
  -12.2400000000    0.0810390509    0.0041208238
  -12.2300000000    0.0806408478    0.0040162567
  -12.2200000000    0.0802503518    0.0039168040
  -12.2100000000    0.0798672925    0.0038221078
  -12.2000000000    0.0794914056    0.0037318424
  -12.1900000000    0.0791224352    0.0036457108
  -12.1800000000    0.0787601335    0.0035634420
  -12.1700000000    0.0784042618    0.0034847883
  -12.1600000000    0.0780545905    0.0034095225
  -12.1500000000    0.0777108994    0.0033374361
  -12.1400000000    0.0773729771    0.0032683373
  -12.1300000000    0.0770406215    0.0032020495
  -12.1200000000    0.0767136389    0.0031384097
  -12.1100000000    0.0763918441    0.0030772672
  -12.1000000000    0.0760750599    0.0030184824
  -12.0900000000    0.0757631170    0.0029619260
  -12.0800000000    0.0754558536    0.0029074779
  -12.0700000000    0.0751531147    0.0028550262
  -12.0600000000    0.0748547523    0.0028044669
  -12.0500000000    0.0745606249    0.0027557030
  -12.0400000000    0.0742705969    0.0027086439
  -12.0300000000    0.0739845386    0.0026632049
  -12.0200000000    0.0737023262    0.0026193067
  -12.0100000000    0.0734238406    0.0025768750
  -12.0000000000    0.0731489682    0.0025358402
  -11.9900000000    0.0728775999    0.0024961369
  -11.9800000000    0.0726096313    0.0024577035
  -11.9700000000    0.0723449621    0.0024204824
  -11.9600000000    0.0720834962    0.0023844189
  -11.9500000000    0.0718251415    0.0023494618
  -11.9400000000    0.0715698094    0.0023155627
  -11.9300000000    0.0713174149    0.0022826758
  -11.9200000000    0.0710678763    0.0022507581
  -11.9100000000    0.0708211153    0.0022197686
  -11.9000000000    0.0705770564    0.0021896688
  -11.8900000000    0.0703356270    0.0021604220
  -11.8800000000    0.0700967573    0.0021319936
  -11.8700000000    0.0698603802    0.0021043507
  -11.8600000000    0.0696264310    0.0020774622
  -11.8500000000    0.0693948474    0.0020512985
  -11.8400000000    0.0691655694    0.0020258313
  -11.8300000000    0.0689385392    0.0020010340
  -11.8200000000    0.0687137010    0.0019768811
  -11.8100000000    0.0684910011    0.0019533485
  -11.8000000000    0.0682703875    0.0019304131
  -11.7900000000    0.0680518102    0.0019080528
  -11.7800000000    0.0678352209    0.0018862469
  -11.7700000000    0.0676205728    0.0018649753
  -11.7600000000    0.0674078208    0.0018442189
  -11.7500000000    0.0671969215    0.0018239597
  -11.7400000000    0.0669878326    0.0018041802
  -11.7300000000    0.0667805134    0.0017848638
  -11.7200000000    0.0665749245    0.0017659946
  -11.7100000000    0.0663710278    0.0017475576
  -11.7000000000    0.0661687864    0.0017295381
  -11.6900000000    0.0659681646    0.0017119223
  -11.6800000000    0.0657691278    0.0016946968
  -11.6700000000    0.0655716425    0.0016778489
  -11.6600000000    0.0653756762    0.0016613663
  -11.6500000000    0.0651811975    0.0016452375
  -11.6400000000    0.0649881759    0.0016294510
  -11.6300000000    0.0647965818    0.0016139962
  -11.6200000000    0.0646063865    0.0015988627
  -11.6100000000    0.0644175623    0.0015840404
  -11.6000000000    0.0642300820    0.0015695200
  -11.5900000000    0.0640439196    0.0015552922
  -11.5800000000    0.0638590495    0.0015413482
  -11.5700000000    0.0636754470    0.0015276795
  -11.5600000000    0.0634930882    0.0015142780
  -11.5500000000    0.0633119496    0.0015011357
  -11.5400000000    0.0631320087    0.0014882453
  -11.5300000000    0.0629532434    0.0014755993
  -11.5200000000    0.0627756323    0.0014631908
  -11.5100000000    0.0625991546    0.0014510130
  -11.5000000000    0.0624237899    0.0014390595
  -11.4900000000    0.0622495186    0.0014273240
  -11.4800000000    0.0620763214    0.0014158003
  -11.4700000000    0.0619041798    0.0014044828
  -11.4600000000    0.0617330755    0.0013933657
  -11.4500000000    0.0615629908    0.0013824437
  -11.4400000000    0.0613939085    0.0013717115
  -11.4300000000    0.0612258118    0.0013611641
  -11.4200000000    0.0610586842    0.0013507965
  -11.4100000000    0.0608925100    0.0013406041
  -11.4000000000    0.0607272735    0.0013305823
  -11.3900000000    0.0605629595    0.0013207267
  -11.3800000000    0.0603995533    0.0013110330
  -11.3700000000    0.0602370405    0.0013014972
  -11.3600000000    0.0600754071    0.0012921151
  -11.3500000000    0.0599146392    0.0012828831
  -11.3400000000    0.0597547235    0.0012737973
  -11.3300000000    0.0595956470    0.0012648541
  -11.3200000000    0.0594373969    0.0012560501
  -11.3100000000    0.0592799608    0.0012473818
  -11.3000000000    0.0591233264    0.0012388460
  -11.2900000000    0.0589674819    0.0012304395
  -11.2800000000    0.0588124158    0.0012221593
  -11.2700000000    0.0586581167    0.0012140023
  -11.2600000000    0.0585045734    0.0012059656
  -11.2500000000    0.0583517753    0.0011980465
  -11.2400000000    0.0581997117    0.0011902423
  -11.2300000000    0.0580483722    0.0011825502
  -11.2200000000    0.0578977469    0.0011749678
  -11.2100000000    0.0577478256    0.0011674926
  -11.2000000000    0.0575985989    0.0011601221
  -11.1900000000    0.0574500572    0.0011528540
  -11.1800000000    0.0573021913    0.0011456861
  -11.1700000000    0.0571549921    0.0011386162
  -11.1600000000    0.0570084508    0.0011316420
  -11.1500000000    0.0568625586    0.0011247615
  -11.1400000000    0.0567173071    0.0011179728
  -11.1300000000    0.0565726880    0.0011112738
  -11.1200000000    0.0564286931    0.0011046626
  -11.1100000000    0.0562853144    0.0010981374
  -11.1000000000    0.0561425441    0.0010916963
  -11.0900000000    0.0560003746    0.0010853377
  -11.0800000000    0.0558587984    0.0010790598
  -11.0700000000    0.0557178081    0.0010728609
  -11.0600000000    0.0555773964    0.0010667395
  -11.0500000000    0.0554375565    0.0010606939
  -11.0400000000    0.0552982812    0.0010547226
  -11.0300000000    0.0551595639    0.0010488242
  -11.0200000000    0.0550213979    0.0010429972
  -11.0100000000    0.0548837766    0.0010372401
  -11.0000000000    0.0547466937    0.0010315517
  -10.9900000000    0.0546101429    0.0010259305
  -10.9800000000    0.0544741180    0.0010203753
  -10.9700000000    0.0543386129    0.0010148847
  -10.9600000000    0.0542036218    0.0010094576
  -10.9500000000    0.0540691388    0.0010040928
  -10.9400000000    0.0539351582    0.0009987890
  -10.9300000000    0.0538016744    0.0009935451
  -10.9200000000    0.0536686819    0.0009883600
  -10.9100000000    0.0535361753    0.0009832326
  -10.9000000000    0.0534041493    0.0009781619
  -10.8900000000    0.0532725986    0.0009731467
  -10.8800000000    0.0531415181    0.0009681862
  -10.8700000000    0.0530109028    0.0009632792
  -10.8600000000    0.0528807478    0.0009584249
  -10.8500000000    0.0527510482    0.0009536223
  -10.8400000000    0.0526217993    0.0009488705
  -10.8300000000    0.0524929953    0.0009441633
  -10.8200000000    0.0523646345    0.0009395155
  -10.8100000000    0.0522367097    0.0009349107
  -10.8000000000    0.0521092171    0.0009303532
  -10.7900000000    0.0519821525    0.0009258422
  -10.7800000000    0.0518555116    0.0009213769
  -10.7700000000    0.0517292901    0.0009169565
  -10.7600000000    0.0516034839    0.0009125802
  -10.7500000000    0.0514780888    0.0009082474
  -10.7400000000    0.0513531009    0.0009039573
  -10.7300000000    0.0512285161    0.0008997091
  -10.7200000000    0.0511043306    0.0008955022
  -10.7100000000    0.0509805406    0.0008913360
  -10.7000000000    0.0508571422    0.0008872096
  -10.6900000000    0.0507341318    0.0008831226
  -10.6800000000    0.0506115056    0.0008790742
  -10.6700000000    0.0504892602    0.0008750638
  -10.6600000000    0.0503673919    0.0008710909
  -10.6500000000    0.0502458972    0.0008671548
  -10.6400000000    0.0501247728    0.0008632549
  -10.6300000000    0.0500040152    0.0008593908
  -10.6200000000    0.0498836211    0.0008555617
  -10.6100000000    0.0497635872    0.0008517672
  -10.6000000000    0.0496439104    0.0008480068
  -10.5900000000    0.0495245873    0.0008442799
  -10.5800000000    0.0494056150    0.0008405860
  -10.5700000000    0.0492869902    0.0008369246
  -10.5600000000    0.0491687100    0.0008332952
  -10.5500000000    0.0490507713    0.0008296973
  -10.5400000000    0.0489331713    0.0008261305
  -10.5300000000    0.0488159069    0.0008225944
  -10.5200000000    0.0486989753    0.0008190883
  -10.5100000000    0.0485823737    0.0008156120
  -10.5000000000    0.0484660994    0.0008121649
  -10.4900000000    0.0483501494    0.0008087467
  -10.4800000000    0.0482345212    0.0008053569
  -10.4700000000    0.0481192121    0.0008019952
  -10.4600000000    0.0480042194    0.0007986610
  -10.4500000000    0.0478895406    0.0007953541
  -10.4400000000    0.0477751730    0.0007920740
  -10.4300000000    0.0476611141    0.0007888204
  -10.4200000000    0.0475473616    0.0007855929
  -10.4100000000    0.0474339128    0.0007823912
  -10.4000000000    0.0473207653    0.0007792147
  -10.3900000000    0.0472079169    0.0007760634
  -10.3800000000    0.0470953650    0.0007729367
  -10.3700000000    0.0469831074    0.0007698343
  -10.3600000000    0.0468711418    0.0007667560
  -10.3500000000    0.0467594660    0.0007637013
  -10.3400000000    0.0466480776    0.0007606701
  -10.3300000000    0.0465369744    0.0007576619
  -10.3200000000    0.0464261544    0.0007546764
  -10.3100000000    0.0463156152    0.0007517134
  -10.3000000000    0.0462053549    0.0007487726
  -10.2900000000    0.0460953713    0.0007458536
  -10.2800000000    0.0459856623    0.0007429562
  -10.2700000000    0.0458762259    0.0007400801
  -10.2600000000    0.0457670600    0.0007372251
  -10.2500000000    0.0456581628    0.0007343908
  -10.2400000000    0.0455495321    0.0007315770
  -10.2300000000    0.0454411660    0.0007287835
  -10.2200000000    0.0453330627    0.0007260099
  -10.2100000000    0.0452252203    0.0007232560
  -10.2000000000    0.0451176367    0.0007205217
  -10.1900000000    0.0450103103    0.0007178066
  -10.1800000000    0.0449032392    0.0007151104
  -10.1700000000    0.0447964215    0.0007124331
  -10.1600000000    0.0446898555    0.0007097743
  -10.1500000000    0.0445835393    0.0007071338
  -10.1300000000    0.0443716499    0.0007019069
  -10.1200000000    0.0442660731    0.0006993200
  -10.1100000000    0.0441607394    0.0006967506
  -10.1000000000    0.0440556470    0.0006941984
  -10.0900000000    0.0439507944    0.0006916632
  -10.0800000000    0.0438461799    0.0006891449
  -10.0700000000    0.0437418019    0.0006866432
  -10.0600000000    0.0436376588    0.0006841579
  -10.0500000000    0.0435337490    0.0006816889
  -10.0400000000    0.0434300710    0.0006792360
  -10.0300000000    0.0433266233    0.0006767990
  -10.0200000000    0.0432234043    0.0006743776
  -10.0100000000    0.0431204125    0.0006719717
  -10.0000000000    0.0430176464    0.0006695812
   -9.9900000000    0.0429151046    0.0006672059
   -9.9800000000    0.0428127856    0.0006648455
   -9.9700000000    0.0427106879    0.0006625000
   -9.9600000000    0.0426088103    0.0006601692
   -9.9500000000    0.0425071511    0.0006578528
   -9.9400000000    0.0424057091    0.0006555508
   -9.9300000000    0.0423044828    0.0006532630
   -9.9200000000    0.0422034710    0.0006509892
   -9.9100000000    0.0421026722    0.0006487292
   -9.9000000000    0.0420020851    0.0006464830
   -9.8900000000    0.0419017084    0.0006442504
   -9.8800000000    0.0418015408    0.0006420312
   -9.8700000000    0.0417015810    0.0006398253
   -9.8600000000    0.0416018277    0.0006376325
   -9.8500000000    0.0415022796    0.0006354527
   -9.8400000000    0.0414029356    0.0006332858
   -9.8300000000    0.0413037943    0.0006311316
   -9.8200000000    0.0412048545    0.0006289901
   -9.8100000000    0.0411061150    0.0006268610
   -9.8000000000    0.0410075746    0.0006247442
   -9.7900000000    0.0409092321    0.0006226396
   -9.7800000000    0.0408110864    0.0006205471
   -9.7700000000    0.0407131362    0.0006184666
   -9.7600000000    0.0406153804    0.0006163980
   -9.7500000000    0.0405178178    0.0006143410
   -9.7400000000    0.0404204474    0.0006122956
   -9.7300000000    0.0403232680    0.0006102618
   -9.7200000000    0.0402262784    0.0006082393
   -9.7100000000    0.0401294777    0.0006062280
   -9.7000000000    0.0400328646    0.0006042279
   -9.6900000000    0.0399364381    0.0006022388
   -9.6800000000    0.0398401972    0.0006002607
   -9.6700000000    0.0397441407    0.0005982933
   -9.6600000000    0.0396482677    0.0005963367
   -9.6500000000    0.0395525770    0.0005943907
   -9.6400000000    0.0394570677    0.0005924552
   -9.6300000000    0.0393617388    0.0005905301
   -9.6200000000    0.0392665891    0.0005886152
   -9.6100000000    0.0391716178    0.0005867106
   -9.6000000000    0.0390768238    0.0005848161
   -9.5900000000    0.0389822061    0.0005829316
   -9.5800000000    0.0388877638    0.0005810570
   -9.5700000000    0.0387934959    0.0005791923
   -9.5600000000    0.0386994014    0.0005773372
   -9.5500000000    0.0386054794    0.0005754918
   -9.5400000000    0.0385117289    0.0005736560
   -9.5300000000    0.0384181491    0.0005718296
   -9.5200000000    0.0383247390    0.0005700126
   -9.5100000000    0.0382314976    0.0005682049
   -9.5000000000    0.0381384241    0.0005664063
   -9.4900000000    0.0380455175    0.0005646169
   -9.4800000000    0.0379527771    0.0005628365
   -9.4700000000    0.0378602018    0.0005610651
   -9.4600000000    0.0377677908    0.0005593026
   -9.4500000000    0.0376755433    0.0005575488
   -9.4400000000    0.0375834584    0.0005558037
   -9.4300000000    0.0374915351    0.0005540673
   -9.4200000000    0.0373997728    0.0005523395
   -9.4100000000    0.0373081705    0.0005506201
   -9.4000000000    0.0372167274    0.0005489091
   -9.3900000000    0.0371254427    0.0005472065
   -9.3800000000    0.0370343155    0.0005455121
   -9.3700000000    0.0369433451    0.0005438259
   -9.3600000000    0.0368525307    0.0005421478
   -9.3500000000    0.0367618714    0.0005404778
   -9.3400000000    0.0366713664    0.0005388157
   -9.3300000000    0.0365810150    0.0005371616
   -9.3200000000    0.0364908164    0.0005355153
   -9.3100000000    0.0364007698    0.0005338768
   -9.3000000000    0.0363108745    0.0005322459
   -9.2900000000    0.0362211296    0.0005306228
   -9.2800000000    0.0361315345    0.0005290072
   -9.2700000000    0.0360420884    0.0005273991
   -9.2600000000    0.0359527905    0.0005257984
   -9.2500000000    0.0358636401    0.0005242052
   -9.2400000000    0.0357746365    0.0005226193
   -9.2300000000    0.0356857789    0.0005210406
   -9.2200000000    0.0355970667    0.0005194692
   -9.2100000000    0.0355084991    0.0005179049
   -9.2000000000    0.0354200754    0.0005163477
   -9.1900000000    0.0353317949    0.0005147975
   -9.1800000000    0.0352436569    0.0005132543
   -9.1700000000    0.0351556608    0.0005117180
   -9.1600000000    0.0350678058    0.0005101886
   -9.1500000000    0.0349800912    0.0005086659
   -9.1400000000    0.0348925164    0.0005071501
   -9.1300000000    0.0348050807    0.0005056409
   -9.1200000000    0.0347177835    0.0005041384
   -9.1100000000    0.0346306240    0.0005026424
   -9.1000000000    0.0345436017    0.0005011530
   -9.0900000000    0.0344567158    0.0004996701
   -9.0800000000    0.0343699657    0.0004981936
   -9.0700000000    0.0342833509    0.0004967235
   -9.0600000000    0.0341968706    0.0004952597
   -9.0500000000    0.0341105242    0.0004938022
   -9.0400000000    0.0340243111    0.0004923510
   -9.0300000000    0.0339382307    0.0004909059
   -9.0200000000    0.0338522823    0.0004894670
   -9.0100000000    0.0337664654    0.0004880342
   -9.0000000000    0.0336807793    0.0004866074
   -8.9900000000    0.0335952234    0.0004851866
   -8.9800000000    0.0335097971    0.0004837718
   -8.9700000000    0.0334244999    0.0004823629
   -8.9600000000    0.0333393311    0.0004809598
   -8.9500000000    0.0332542901    0.0004795626
   -8.9400000000    0.0331693764    0.0004781711
   -8.9300000000    0.0330845894    0.0004767854
   -8.9200000000    0.0329999285    0.0004754054
   -8.9100000000    0.0329153932    0.0004740310
   -8.9000000000    0.0328309828    0.0004726622
   -8.8900000000    0.0327466968    0.0004712990
   -8.8800000000    0.0326625347    0.0004699413
   -8.8700000000    0.0325784958    0.0004685891
   -8.8600000000    0.0324945797    0.0004672423
   -8.8500000000    0.0324107858    0.0004659009
   -8.8400000000    0.0323271136    0.0004645649
   -8.8300000000    0.0322435624    0.0004632342
   -8.8200000000    0.0321601319    0.0004619088
   -8.8100000000    0.0320768213    0.0004605887
   -8.8000000000    0.0319936303    0.0004592737
   -8.7900000000    0.0319105583    0.0004579639
   -8.7800000000    0.0318276047    0.0004566593
   -8.7700000000    0.0317447691    0.0004553597
   -8.7600000000    0.0316620508    0.0004540652
   -8.7500000000    0.0315794495    0.0004527758
   -8.7400000000    0.0314969646    0.0004514913
   -8.7300000000    0.0314145956    0.0004502118
   -8.7200000000    0.0313323420    0.0004489372
   -8.7100000000    0.0312502033    0.0004476675
   -8.7000000000    0.0311681790    0.0004464026
   -8.6900000000    0.0310862686    0.0004451425
   -8.6800000000    0.0310044717    0.0004438873
   -8.6700000000    0.0309227876    0.0004426368
   -8.6600000000    0.0308412160    0.0004413909
   -8.6500000000    0.0307597564    0.0004401498
   -8.6400000000    0.0306784083    0.0004389134
   -8.6300000000    0.0305971712    0.0004376815
   -8.6200000000    0.0305160447    0.0004364542
   -8.6100000000    0.0304350282    0.0004352315
   -8.6000000000    0.0303541213    0.0004340134
   -8.5900000000    0.0302733236    0.0004327997
   -8.5800000000    0.0301926346    0.0004315905
   -8.5700000000    0.0301120538    0.0004303857
   -8.5600000000    0.0300315809    0.0004291853
   -8.5500000000    0.0299512152    0.0004279893
   -8.5400000000    0.0298709565    0.0004267976
   -8.5300000000    0.0297908041    0.0004256103
   -8.5200000000    0.0297107578    0.0004244272
   -8.5100000000    0.0296308170    0.0004232484
   -8.5000000000    0.0295509814    0.0004220738
   -8.4900000000    0.0294712505    0.0004209035
   -8.4800000000    0.0293916238    0.0004197373
   -8.4700000000    0.0293121009    0.0004185752
   -8.4600000000    0.0292326814    0.0004174173
   -8.4500000000    0.0291533649    0.0004162635
   -8.4400000000    0.0290741510    0.0004151137
   -8.4300000000    0.0289950391    0.0004139680
   -8.4200000000    0.0289160291    0.0004128262
   -8.4100000000    0.0288371203    0.0004116885
   -8.4000000000    0.0287583124    0.0004105547
   -8.3900000000    0.0286796050    0.0004094249
   -8.3800000000    0.0286009976    0.0004082990
   -8.3700000000    0.0285224899    0.0004071770
   -8.3600000000    0.0284440815    0.0004060588
   -8.3500000000    0.0283657720    0.0004049444
   -8.3400000000    0.0282875610    0.0004038339
   -8.3300000000    0.0282094480    0.0004027272
   -8.3200000000    0.0281314327    0.0004016242
   -8.3100000000    0.0280535147    0.0004005249
   -8.3000000000    0.0279756936    0.0003994294
   -8.2900000000    0.0278979690    0.0003983376
   -8.2800000000    0.0278203405    0.0003972494
   -8.2700000000    0.0277428078    0.0003961649
   -8.2600000000    0.0276653705    0.0003950840
   -8.2500000000    0.0275880281    0.0003940067
   -8.2400000000    0.0275107804    0.0003929329
   -8.2300000000    0.0274336269    0.0003918628
   -8.2200000000    0.0273565673    0.0003907961
   -8.2100000000    0.0272796012    0.0003897330
   -8.2000000000    0.0272027282    0.0003886734
   -8.1900000000    0.0271259480    0.0003876172
   -8.1800000000    0.0270492602    0.0003865645
   -8.1700000000    0.0269726645    0.0003855152
   -8.1600000000    0.0268961604    0.0003844693
   -8.1500000000    0.0268197477    0.0003834268
   -8.1400000000    0.0267434259    0.0003823877
   -8.1300000000    0.0266671947    0.0003813519
   -8.1200000000    0.0265910539    0.0003803194
   -8.1100000000    0.0265150029    0.0003792902
   -8.1000000000    0.0264390415    0.0003782643
   -8.0900000000    0.0263631693    0.0003772417
   -8.0800000000    0.0262873860    0.0003762223
   -8.0700000000    0.0262116913    0.0003752061
   -8.0600000000    0.0261360847    0.0003741932
   -8.0500000000    0.0260605660    0.0003731834
   -8.0400000000    0.0259851348    0.0003721768
   -8.0300000000    0.0259097908    0.0003711733
   -8.0200000000    0.0258345336    0.0003701730
   -8.0100000000    0.0257593630    0.0003691757
   -8.0000000000    0.0256842785    0.0003681816
   -7.9900000000    0.0256092799    0.0003671905
   -7.9800000000    0.0255343669    0.0003662025
   -7.9700000000    0.0254595390    0.0003652175
   -7.9600000000    0.0253847961    0.0003642356
   -7.9500000000    0.0253101376    0.0003632566
   -7.9400000000    0.0252355635    0.0003622806
   -7.9300000000    0.0251610732    0.0003613076
   -7.9200000000    0.0250866666    0.0003603376
   -7.9100000000    0.0250123432    0.0003593704
   -7.9000000000    0.0249381029    0.0003584062
   -7.8900000000    0.0248639452    0.0003574449
   -7.8800000000    0.0247898698    0.0003564865
   -7.8700000000    0.0247158765    0.0003555309
   -7.8600000000    0.0246419649    0.0003545782
   -7.8500000000    0.0245681348    0.0003536283
   -7.8400000000    0.0244943858    0.0003526812
   -7.8300000000    0.0244207176    0.0003517369
   -7.8200000000    0.0243471299    0.0003507954
   -7.8100000000    0.0242736225    0.0003498566
   -7.8000000000    0.0242001949    0.0003489207
   -7.7900000000    0.0241268470    0.0003479874
   -7.7800000000    0.0240535785    0.0003470569
   -7.7700000000    0.0239803889    0.0003461290
   -7.7600000000    0.0239072781    0.0003452039
   -7.7500000000    0.0238342458    0.0003442814
   -7.7400000000    0.0237612916    0.0003433616
   -7.7300000000    0.0236884153    0.0003424444
   -7.7200000000    0.0236156166    0.0003415299
   -7.7100000000    0.0235428951    0.0003406180
   -7.7000000000    0.0234702507    0.0003397086
   -7.6900000000    0.0233976830    0.0003388019
   -7.6800000000    0.0233251918    0.0003378977
   -7.6700000000    0.0232527767    0.0003369961
   -7.6600000000    0.0231804375    0.0003360970
   -7.6500000000    0.0231081740    0.0003352004
   -7.6400000000    0.0230359857    0.0003343064
   -7.6300000000    0.0229638725    0.0003334148
   -7.6200000000    0.0228918341    0.0003325258
   -7.6100000000    0.0228198702    0.0003316392
   -7.6000000000    0.0227479806    0.0003307550
   -7.5900000000    0.0226761649    0.0003298733
   -7.5800000000    0.0226044229    0.0003289941
   -7.5700000000    0.0225327544    0.0003281172
   -7.5600000000    0.0224611590    0.0003272428
   -7.5500000000    0.0223896365    0.0003263707
   -7.5400000000    0.0223181866    0.0003255010
   -7.5300000000    0.0222468091    0.0003246337
   -7.5200000000    0.0221755037    0.0003237687
   -7.5100000000    0.0221042702    0.0003229061
   -7.5000000000    0.0220331082    0.0003220458
   -7.4900000000    0.0219620176    0.0003211878
   -7.4800000000    0.0218909980    0.0003203321
   -7.4700000000    0.0218200493    0.0003194787
   -7.4600000000    0.0217491711    0.0003186275
   -7.4500000000    0.0216783632    0.0003177787
   -7.4400000000    0.0216076253    0.0003169320
   -7.4300000000    0.0215369573    0.0003160876
   -7.4200000000    0.0214663588    0.0003152455
   -7.4100000000    0.0213958296    0.0003144055
   -7.4000000000    0.0213253695    0.0003135678
   -7.3900000000    0.0212549781    0.0003127322
   -7.3800000000    0.0211846553    0.0003118988
   -7.3700000000    0.0211144008    0.0003110676
   -7.3600000000    0.0210442144    0.0003102385
   -7.3500000000    0.0209740958    0.0003094116
   -7.3400000000    0.0209040448    0.0003085868
   -7.3300000000    0.0208340611    0.0003077642
   -7.3200000000    0.0207641445    0.0003069436
   -7.3100000000    0.0206942948    0.0003061251
   -7.3000000000    0.0206245117    0.0003053087
   -7.2900000000    0.0205547949    0.0003044944
   -7.2800000000    0.0204851444    0.0003036822
   -7.2700000000    0.0204155597    0.0003028720
   -7.2600000000    0.0203460407    0.0003020638
   -7.2500000000    0.0202765871    0.0003012577
   -7.2400000000    0.0202071987    0.0003004536
   -7.2300000000    0.0201378754    0.0002996515
   -7.2200000000    0.0200686167    0.0002988514
   -7.2100000000    0.0199994226    0.0002980533
   -7.2000000000    0.0199302927    0.0002972572
   -7.1900000000    0.0198612270    0.0002964630
   -7.1800000000    0.0197922250    0.0002956708
   -7.1700000000    0.0197232867    0.0002948805
   -7.1600000000    0.0196544117    0.0002940922
   -7.1500000000    0.0195855999    0.0002933058
   -7.1400000000    0.0195168510    0.0002925213
   -7.1300000000    0.0194481648    0.0002917387
   -7.1200000000    0.0193795411    0.0002909580
   -7.1100000000    0.0193109797    0.0002901792
   -7.1000000000    0.0192424803    0.0002894023
   -7.0900000000    0.0191740428    0.0002886272
   -7.0800000000    0.0191056668    0.0002878540
   -7.0700000000    0.0190373522    0.0002870826
   -7.0600000000    0.0189690989    0.0002863131
   -7.0500000000    0.0189009064    0.0002855454
   -7.0400000000    0.0188327747    0.0002847795
   -7.0300000000    0.0187647036    0.0002840154
   -7.0200000000    0.0186966927    0.0002832531
   -7.0100000000    0.0186287420    0.0002824926
   -7.0000000000    0.0185608512    0.0002817339
   -6.9900000000    0.0184930200    0.0002809769
   -6.9800000000    0.0184252483    0.0002802217
   -6.9700000000    0.0183575358    0.0002794683
   -6.9600000000    0.0182898824    0.0002787165
   -6.9500000000    0.0182222879    0.0002779666
   -6.9400000000    0.0181547520    0.0002772183
   -6.9300000000    0.0180872745    0.0002764718
   -6.9200000000    0.0180198552    0.0002757269
   -6.9100000000    0.0179524940    0.0002749838
   -6.9000000000    0.0178851905    0.0002742424
   -6.8900000000    0.0178179447    0.0002735026
   -6.8800000000    0.0177507563    0.0002727645
   -6.8700000000    0.0176836251    0.0002720280
   -6.8600000000    0.0176165509    0.0002712932
   -6.8500000000    0.0175495335    0.0002705601
   -6.8400000000    0.0174825727    0.0002698286
   -6.8300000000    0.0174156683    0.0002690987
   -6.8200000000    0.0173488201    0.0002683704
   -6.8100000000    0.0172820279    0.0002676438
   -6.8000000000    0.0172152915    0.0002669187
   -6.7900000000    0.0171486108    0.0002661952
   -6.7800000000    0.0170819854    0.0002654733
   -6.7700000000    0.0170154153    0.0002647530
   -6.7600000000    0.0169489003    0.0002640343
   -6.7500000000    0.0168824400    0.0002633171
   -6.7400000000    0.0168160344    0.0002626015
   -6.7300000000    0.0167496833    0.0002618874
   -6.7200000000    0.0166833864    0.0002611748
   -6.7100000000    0.0166171435    0.0002604638
   -6.7000000000    0.0165509546    0.0002597543
   -6.6900000000    0.0164848193    0.0002590463
   -6.6800000000    0.0164187376    0.0002583398
   -6.6700000000    0.0163527091    0.0002576348
   -6.6600000000    0.0162867338    0.0002569313
   -6.6500000000    0.0162208114    0.0002562292
   -6.6400000000    0.0161549418    0.0002555287
   -6.6300000000    0.0160891247    0.0002548296
   -6.6200000000    0.0160233600    0.0002541319
   -6.6100000000    0.0159576475    0.0002534357
   -6.6000000000    0.0158919870    0.0002527410
   -6.5900000000    0.0158263783    0.0002520476
   -6.5800000000    0.0157608212    0.0002513557
   -6.5700000000    0.0156953157    0.0002506653
   -6.5600000000    0.0156298614    0.0002499762
   -6.5500000000    0.0155644581    0.0002492885
   -6.5400000000    0.0154991058    0.0002486022
   -6.5300000000    0.0154338043    0.0002479174
   -6.5200000000    0.0153685533    0.0002472338
   -6.5100000000    0.0153033526    0.0002465517
   -6.5000000000    0.0152382022    0.0002458710
   -6.4900000000    0.0151731018    0.0002451915
   -6.4800000000    0.0151080512    0.0002445135
   -6.4700000000    0.0150430503    0.0002438368
   -6.4600000000    0.0149780989    0.0002431614
   -6.4500000000    0.0149131967    0.0002424874
   -6.4400000000    0.0148483438    0.0002418146
   -6.4300000000    0.0147835397    0.0002411432
   -6.4200000000    0.0147187845    0.0002404731
   -6.4100000000    0.0146540779    0.0002398044
   -6.4000000000    0.0145894197    0.0002391369
   -6.3900000000    0.0145248098    0.0002384706
   -6.3800000000    0.0144602480    0.0002378057
   -6.3700000000    0.0143957341    0.0002371421
   -6.3600000000    0.0143312680    0.0002364797
   -6.3500000000    0.0142668494    0.0002358185
   -6.3400000000    0.0142024783    0.0002351587
   -6.3300000000    0.0141381543    0.0002345000
   -6.3200000000    0.0140738775    0.0002338426
   -6.3100000000    0.0140096476    0.0002331865
   -6.3000000000    0.0139454644    0.0002325316
   -6.2900000000    0.0138813278    0.0002318779
   -6.2800000000    0.0138172375    0.0002312254
   -6.2700000000    0.0137531935    0.0002305741
   -6.2600000000    0.0136891956    0.0002299240
   -6.2500000000    0.0136252436    0.0002292751
   -6.2400000000    0.0135613373    0.0002286274
   -6.2300000000    0.0134974766    0.0002279808
   -6.2200000000    0.0134336613    0.0002273355
   -6.2100000000    0.0133698912    0.0002266913
   -6.2000000000    0.0133061662    0.0002260483
   -6.1900000000    0.0132424861    0.0002254064
   -6.1800000000    0.0131788507    0.0002247657
   -6.1700000000    0.0131152600    0.0002241261
   -6.1600000000    0.0130517137    0.0002234876
   -6.1500000000    0.0129882116    0.0002228503
   -6.1400000000    0.0129247536    0.0002222141
   -6.1300000000    0.0128613396    0.0002215791
   -6.1200000000    0.0127979694    0.0002209451
   -6.1100000000    0.0127346428    0.0002203122
   -6.1000000000    0.0126713596    0.0002196804
   -6.0900000000    0.0126081198    0.0002190498
   -6.0800000000    0.0125449231    0.0002184202
   -6.0700000000    0.0124817694    0.0002177917
   -6.0600000000    0.0124186585    0.0002171642
   -6.0500000000    0.0123555902    0.0002165378
   -6.0400000000    0.0122925645    0.0002159125
   -6.0300000000    0.0122295812    0.0002152883
   -6.0200000000    0.0121666400    0.0002146650
   -6.0100000000    0.0121037409    0.0002140429
   -6.0000000000    0.0120408837    0.0002134217
   -5.9900000000    0.0119780682    0.0002128016
   -5.9800000000    0.0119152942    0.0002121826
   -5.9700000000    0.0118525617    0.0002115645
   -5.9600000000    0.0117898705    0.0002109474
   -5.9500000000    0.0117272204    0.0002103314
   -5.9400000000    0.0116646112    0.0002097164
   -5.9300000000    0.0116020429    0.0002091023
   -5.9200000000    0.0115395152    0.0002084892
   -5.9100000000    0.0114770280    0.0002078772
   -5.9000000000    0.0114145811    0.0002072661
   -5.8900000000    0.0113521745    0.0002066559
   -5.8800000000    0.0112898078    0.0002060467
   -5.8700000000    0.0112274811    0.0002054385
   -5.8600000000    0.0111651941    0.0002048313
   -5.8500000000    0.0111029467    0.0002042250
   -5.8400000000    0.0110407388    0.0002036196
   -5.8300000000    0.0109785701    0.0002030152
   -5.8200000000    0.0109164406    0.0002024117
   -5.8100000000    0.0108543501    0.0002018091
   -5.8000000000    0.0107922984    0.0002012074
   -5.7900000000    0.0107302854    0.0002006067
   -5.7800000000    0.0106683110    0.0002000068
   -5.7700000000    0.0106063749    0.0001994079
   -5.7600000000    0.0105444771    0.0001988098
   -5.7500000000    0.0104826174    0.0001982127
   -5.7400000000    0.0104207957    0.0001976164
   -5.7300000000    0.0103590117    0.0001970210
   -5.7200000000    0.0102972654    0.0001964265
   -5.7100000000    0.0102355567    0.0001958328
   -5.7000000000    0.0101738853    0.0001952400
   -5.6900000000    0.0101122511    0.0001946481
   -5.6800000000    0.0100506540    0.0001940570
   -5.6700000000    0.0099890938    0.0001934668
   -5.6600000000    0.0099275704    0.0001928774
   -5.6500000000    0.0098660836    0.0001922888
   -5.6400000000    0.0098046334    0.0001917011
   -5.6300000000    0.0097432194    0.0001911141
   -5.6200000000    0.0096818417    0.0001905280
   -5.6100000000    0.0096205001    0.0001899427
   -5.6000000000    0.0095591943    0.0001893583
   -5.5900000000    0.0094979244    0.0001887746
   -5.5800000000    0.0094366901    0.0001881917
   -5.5700000000    0.0093754912    0.0001876096
   -5.5600000000    0.0093143277    0.0001870282
   -5.5500000000    0.0092531994    0.0001864477
   -5.5400000000    0.0091921062    0.0001858679
   -5.5300000000    0.0091310478    0.0001852889
   -5.5200000000    0.0090700243    0.0001847107
   -5.5100000000    0.0090090354    0.0001841332
   -5.5000000000    0.0089480810    0.0001835565
   -5.4900000000    0.0088871609    0.0001829805
   -5.4800000000    0.0088262750    0.0001824052
   -5.4700000000    0.0087654232    0.0001818307
   -5.4600000000    0.0087046053    0.0001812569
   -5.4500000000    0.0086438213    0.0001806838
   -5.4400000000    0.0085830708    0.0001801115
   -5.4300000000    0.0085223539    0.0001795398
   -5.4200000000    0.0084616703    0.0001789689
   -5.4100000000    0.0084010200    0.0001783987
   -5.4000000000    0.0083404027    0.0001778291
   -5.3900000000    0.0082798184    0.0001772603
   -5.3800000000    0.0082192669    0.0001766921
   -5.3700000000    0.0081587480    0.0001761246
   -5.3600000000    0.0080982617    0.0001755578
   -5.3500000000    0.0080378078    0.0001749917
   -5.3400000000    0.0079773861    0.0001744262
   -5.3300000000    0.0079169966    0.0001738614
   -5.3200000000    0.0078566390    0.0001732972
   -5.3100000000    0.0077963132    0.0001727337
   -5.3000000000    0.0077360192    0.0001721708
   -5.2900000000    0.0076757567    0.0001716085
   -5.2800000000    0.0076155256    0.0001710469
   -5.2700000000    0.0075553258    0.0001704859
   -5.2600000000    0.0074951572    0.0001699256
   -5.2500000000    0.0074350195    0.0001693658
   -5.2400000000    0.0073749128    0.0001688066
   -5.2300000000    0.0073148367    0.0001682481
   -5.2200000000    0.0072547913    0.0001676901
   -5.2100000000    0.0071947763    0.0001671328
   -5.2000000000    0.0071347917    0.0001665760
   -5.1900000000    0.0070748372    0.0001660198
   -5.1800000000    0.0070149128    0.0001654642
   -5.1700000000    0.0069550183    0.0001649091
   -5.1600000000    0.0068951535    0.0001643546
   -5.1500000000    0.0068353184    0.0001638007
   -5.1400000000    0.0067755128    0.0001632473
   -5.1300000000    0.0067157366    0.0001626945
   -5.1200000000    0.0066559896    0.0001621422
   -5.1100000000    0.0065962717    0.0001615905
   -5.1000000000    0.0065365828    0.0001610392
   -5.0900000000    0.0064769226    0.0001604885
   -5.0800000000    0.0064172912    0.0001599384
   -5.0700000000    0.0063576883    0.0001593887
   -5.0600000000    0.0062981138    0.0001588395
   -5.0500000000    0.0062385676    0.0001582909
   -5.0400000000    0.0061790496    0.0001577427
   -5.0300000000    0.0061195595    0.0001571951
   -5.0200000000    0.0060600973    0.0001566479
   -5.0100000000    0.0060006629    0.0001561012
   -5.0000000000    0.0059412560    0.0001555550
   -4.9900000000    0.0058818767    0.0001550092
   -4.9800000000    0.0058225246    0.0001544639
   -4.9700000000    0.0057631998    0.0001539191
   -4.9600000000    0.0057039019    0.0001533747
   -4.9500000000    0.0056446311    0.0001528308
   -4.9400000000    0.0055853870    0.0001522873
   -4.9300000000    0.0055261695    0.0001517442
   -4.9200000000    0.0054669786    0.0001512016
   -4.9100000000    0.0054078141    0.0001506594
   -4.9000000000    0.0053486758    0.0001501176
   -4.8900000000    0.0052895636    0.0001495762
   -4.8800000000    0.0052304773    0.0001490352
   -4.8700000000    0.0051714170    0.0001484947
   -4.8600000000    0.0051123823    0.0001479545
   -4.8500000000    0.0050533732    0.0001474147
   -4.8400000000    0.0049943895    0.0001468753
   -4.8300000000    0.0049354311    0.0001463362
   -4.8200000000    0.0048764979    0.0001457976
   -4.8100000000    0.0048175897    0.0001452593
   -4.8000000000    0.0047587064    0.0001447213
   -4.7900000000    0.0046998478    0.0001441838
   -4.7800000000    0.0046410139    0.0001436465
   -4.7700000000    0.0045822044    0.0001431096
   -4.7600000000    0.0045234193    0.0001425730
   -4.7500000000    0.0044646584    0.0001420368
   -4.7400000000    0.0044059215    0.0001415009
   -4.7300000000    0.0043472086    0.0001409653
   -4.7200000000    0.0042885196    0.0001404300
   -4.7100000000    0.0042298541    0.0001398950
   -4.7000000000    0.0041712122    0.0001393603
   -4.6900000000    0.0041125937    0.0001388259
   -4.6800000000    0.0040539984    0.0001382918
   -4.6700000000    0.0039954263    0.0001377579
   -4.6600000000    0.0039368771    0.0001372244
   -4.6500000000    0.0038783508    0.0001366911
   -4.6400000000    0.0038198472    0.0001361580
   -4.6300000000    0.0037613662    0.0001356252
   -4.6200000000    0.0037029076    0.0001350927
   -4.6100000000    0.0036444713    0.0001345604
   -4.6000000000    0.0035860571    0.0001340283
   -4.5900000000    0.0035276650    0.0001334965
   -4.5800000000    0.0034692947    0.0001329649
   -4.5700000000    0.0034109462    0.0001324335
   -4.5600000000    0.0033526193    0.0001319023
   -4.5500000000    0.0032943138    0.0001313712
   -4.5400000000    0.0032360297    0.0001308404
   -4.5300000000    0.0031777668    0.0001303098
   -4.5200000000    0.0031195249    0.0001297794
   -4.5100000000    0.0030613039    0.0001292491
   -4.5000000000    0.0030031037    0.0001287190
   -4.4900000000    0.0029449242    0.0001281891
   -4.4800000000    0.0028867651    0.0001276593
   -4.4700000000    0.0028286263    0.0001271296
   -4.4600000000    0.0027705078    0.0001266001
   -4.4500000000    0.0027124094    0.0001260707
   -4.4400000000    0.0026543309    0.0001255415
   -4.4300000000    0.0025962721    0.0001250124
   -4.4200000000    0.0025382331    0.0001244833
   -4.4100000000    0.0024802135    0.0001239544
   -4.4000000000    0.0024222133    0.0001234256
   -4.3900000000    0.0023642323    0.0001228969
   -4.3800000000    0.0023062704    0.0001223682
   -4.3700000000    0.0022483274    0.0001218396
   -4.3600000000    0.0021904033    0.0001213111
   -4.3500000000    0.0021324977    0.0001207826
   -4.3400000000    0.0020746107    0.0001202542
   -4.3300000000    0.0020167421    0.0001197258
   -4.3200000000    0.0019588916    0.0001191975
   -4.3100000000    0.0019010593    0.0001186692
   -4.3000000000    0.0018432449    0.0001181409
   -4.2900000000    0.0017854482    0.0001176126
   -4.2800000000    0.0017276692    0.0001170844
   -4.2700000000    0.0016699077    0.0001165561
   -4.2600000000    0.0016121636    0.0001160278
   -4.2500000000    0.0015544366    0.0001154995
   -4.2400000000    0.0014967267    0.0001149711
   -4.2300000000    0.0014390338    0.0001144428
   -4.2200000000    0.0013813575    0.0001139143
   -4.2100000000    0.0013236979    0.0001133859
   -4.2000000000    0.0012660548    0.0001128573
   -4.1900000000    0.0012084280    0.0001123287
   -4.1800000000    0.0011508173    0.0001118000
   -4.1700000000    0.0010932227    0.0001112712
   -4.1600000000    0.0010356439    0.0001107424
   -4.1500000000    0.0009780808    0.0001102134
   -4.1400000000    0.0009205333    0.0001096843
   -4.1300000000    0.0008630012    0.0001091551
   -4.1200000000    0.0008054844    0.0001086257
   -4.1100000000    0.0007479827    0.0001080962
   -4.1000000000    0.0006904960    0.0001075666
   -4.0900000000    0.0006330240    0.0001070368
   -4.0800000000    0.0005755667    0.0001065068
   -4.0700000000    0.0005181239    0.0001059766
   -4.0600000000    0.0004606954    0.0001054463
   -4.0500000000    0.0004032812    0.0001049157
   -4.0400000000    0.0003458809    0.0001043850
   -4.0300000000    0.0002884945    0.0001038540
   -4.0200000000    0.0002311219    0.0001033228
   -4.0100000000    0.0001737627    0.0001027913
   -4.0000000000    0.0001164170    0.0001022597
   -3.9900000000    0.0000590846    0.0001017277
   -3.9800000000    0.0000017652    0.0001011955
   -3.9700000000   -0.0000555413    0.0001006630
   -3.9600000000   -0.0001128350    0.0001001302
   -3.9500000000   -0.0001701161    0.0000995971
   -3.9400000000   -0.0002273848    0.0000990637
   -3.9300000000   -0.0002846412    0.0000985300
   -3.9200000000   -0.0003418856    0.0000979959
   -3.9100000000   -0.0003991179    0.0000974615
   -3.9000000000   -0.0004563385    0.0000969268
   -3.8900000000   -0.0005135475    0.0000963917
   -3.8800000000   -0.0005707450    0.0000958562
   -3.8700000000   -0.0006279312    0.0000953203
   -3.8600000000   -0.0006851064    0.0000947840
   -3.8500000000   -0.0007422706    0.0000942473
   -3.8400000000   -0.0007994240    0.0000937101
   -3.8300000000   -0.0008565668    0.0000931725
   -3.8200000000   -0.0009136992    0.0000926345
   -3.8100000000   -0.0009708213    0.0000920960
   -3.8000000000   -0.0010279333    0.0000915571
   -3.7900000000   -0.0010850355    0.0000910176
   -3.7800000000   -0.0011421279    0.0000904777
   -3.7700000000   -0.0011992107    0.0000899372
   -3.7600000000   -0.0012562841    0.0000893962
   -3.7500000000   -0.0013133483    0.0000888547
   -3.7400000000   -0.0013704035    0.0000883126
   -3.7300000000   -0.0014274499    0.0000877699
   -3.7200000000   -0.0014844876    0.0000872267
   -3.7100000000   -0.0015415167    0.0000866829
   -3.7000000000   -0.0015985376    0.0000861384
   -3.6900000000   -0.0016555504    0.0000855934
   -3.6800000000   -0.0017125552    0.0000850477
   -3.6700000000   -0.0017695522    0.0000845013
   -3.6600000000   -0.0018265417    0.0000839543
   -3.6500000000   -0.0018835238    0.0000834066
   -3.6400000000   -0.0019404987    0.0000828582
   -3.6300000000   -0.0019974666    0.0000823091
   -3.6200000000   -0.0020544277    0.0000817593
   -3.6100000000   -0.0021113822    0.0000812087
   -3.6000000000   -0.0021683303    0.0000806573
   -3.5900000000   -0.0022252721    0.0000801052
   -3.5800000000   -0.0022822079    0.0000795523
   -3.5700000000   -0.0023391378    0.0000789986
   -3.5600000000   -0.0023960621    0.0000784440
   -3.5500000000   -0.0024529810    0.0000778886
   -3.5400000000   -0.0025098946    0.0000773324
   -3.5300000000   -0.0025668032    0.0000767752
   -3.5200000000   -0.0026237070    0.0000762172
   -3.5100000000   -0.0026806061    0.0000756583
   -3.5000000000   -0.0027375008    0.0000750984
   -3.4900000000   -0.0027943913    0.0000745376
   -3.4800000000   -0.0028512778    0.0000739758
   -3.4700000000   -0.0029081605    0.0000734130
   -3.4600000000   -0.0029650396    0.0000728492
   -3.4500000000   -0.0030219153    0.0000722844
   -3.4400000000   -0.0030787879    0.0000717185
   -3.4300000000   -0.0031356575    0.0000711515
   -3.4200000000   -0.0031925245    0.0000705835
   -3.4100000000   -0.0032493889    0.0000700144
   -3.4000000000   -0.0033062511    0.0000694441
   -3.3900000000   -0.0033631112    0.0000688727
   -3.3800000000   -0.0034199695    0.0000683001
   -3.3700000000   -0.0034768262    0.0000677263
   -3.3600000000   -0.0035336816    0.0000671513
   -3.3500000000   -0.0035905358    0.0000665750
   -3.3400000000   -0.0036473891    0.0000659975
   -3.3300000000   -0.0037042417    0.0000654187
   -3.3200000000   -0.0037610939    0.0000648386
   -3.3100000000   -0.0038179460    0.0000642571
   -3.3000000000   -0.0038747980    0.0000636743
   -3.2900000000   -0.0039316504    0.0000630901
   -3.2800000000   -0.0039885033    0.0000625045
   -3.2700000000   -0.0040453570    0.0000619175
   -3.2600000000   -0.0041022117    0.0000613290
   -3.2500000000   -0.0041590677    0.0000607390
   -3.2400000000   -0.0042159253    0.0000601475
   -3.2300000000   -0.0042727846    0.0000595544
   -3.2200000000   -0.0043296460    0.0000589598
   -3.2100000000   -0.0043865097    0.0000583636
   -3.2000000000   -0.0044433760    0.0000577657
   -3.1900000000   -0.0045002452    0.0000571662
   -3.1800000000   -0.0045571174    0.0000565650
   -3.1700000000   -0.0046139931    0.0000559621
   -3.1600000000   -0.0046708724    0.0000553574
   -3.1500000000   -0.0047277556    0.0000547510
   -3.1400000000   -0.0047846431    0.0000541428
   -3.1300000000   -0.0048415350    0.0000535327
   -3.1200000000   -0.0048984317    0.0000529207
   -3.1100000000   -0.0049553335    0.0000523068
   -3.1000000000   -0.0050122407    0.0000516910
   -3.0900000000   -0.0050691535    0.0000510732
   -3.0800000000   -0.0051260722    0.0000504534
   -3.0700000000   -0.0051829972    0.0000498315
   -3.0600000000   -0.0052399288    0.0000492076
   -3.0500000000   -0.0052968672    0.0000485815
   -3.0400000000   -0.0053538128    0.0000479533
   -3.0300000000   -0.0054107658    0.0000473228
   -3.0200000000   -0.0054677266    0.0000466902
   -3.0100000000   -0.0055246956    0.0000460552
   -3.0000000000   -0.0055816729    0.0000454180
   -2.9900000000   -0.0056386591    0.0000447784
   -2.9800000000   -0.0056956543    0.0000441363
   -2.9700000000   -0.0057526589    0.0000434919
   -2.9600000000   -0.0058096733    0.0000428449
   -2.9500000000   -0.0058666978    0.0000421954
   -2.9400000000   -0.0059237328    0.0000415434
   -2.9300000000   -0.0059807786    0.0000408887
   -2.9200000000   -0.0060378355    0.0000402313
   -2.9100000000   -0.0060949039    0.0000395713
   -2.9000000000   -0.0061519841    0.0000389084
   -2.8900000000   -0.0062090766    0.0000382428
   -2.8800000000   -0.0062661818    0.0000375743
   -2.8700000000   -0.0063232998    0.0000369028
   -2.8600000000   -0.0063804313    0.0000362284
   -2.8500000000   -0.0064375765    0.0000355510
   -2.8400000000   -0.0064947358    0.0000348705
   -2.8300000000   -0.0065519097    0.0000341868
   -2.8200000000   -0.0066090985    0.0000335000
   -2.8100000000   -0.0066663026    0.0000328099
   -2.8000000000   -0.0067235225    0.0000321165
   -2.7900000000   -0.0067807585    0.0000314197
   -2.7800000000   -0.0068380111    0.0000307195
   -2.7700000000   -0.0068952807    0.0000300158
   -2.7600000000   -0.0069525678    0.0000293086
   -2.7500000000   -0.0070098727    0.0000285977
   -2.7400000000   -0.0070671960    0.0000278831
   -2.7300000000   -0.0071245380    0.0000271648
   -2.7200000000   -0.0071818992    0.0000264427
   -2.7100000000   -0.0072392801    0.0000257166
   -2.7000000000   -0.0072966812    0.0000249866
   -2.6900000000   -0.0073541029    0.0000242526
   -2.6800000000   -0.0074115457    0.0000235144
   -2.6700000000   -0.0074690101    0.0000227720
   -2.6600000000   -0.0075264966    0.0000220253
   -2.6500000000   -0.0075840057    0.0000212743
   -2.6400000000   -0.0076415379    0.0000205189
   -2.6300000000   -0.0076990937    0.0000197589
   -2.6200000000   -0.0077566737    0.0000189943
   -2.6100000000   -0.0078142783    0.0000182250
   -2.6000000000   -0.0078719082    0.0000174510
   -2.5900000000   -0.0079295639    0.0000166720
   -2.5800000000   -0.0079872459    0.0000158881
   -2.5700000000   -0.0080449548    0.0000150991
   -2.5600000000   -0.0081026912    0.0000143049
   -2.5500000000   -0.0081604556    0.0000135055
   -2.5400000000   -0.0082182487    0.0000127007
   -2.5300000000   -0.0082760710    0.0000118905
   -2.5200000000   -0.0083339232    0.0000110746
   -2.5100000000   -0.0083918059    0.0000102531
   -2.5000000000   -0.0084497197    0.0000094257
   -2.4900000000   -0.0085076653    0.0000085925
   -2.4800000000   -0.0085656433    0.0000077532
   -2.4700000000   -0.0086236544    0.0000069077
   -2.4600000000   -0.0086816992    0.0000060560
   -2.4500000000   -0.0087397785    0.0000051978
   -2.4400000000   -0.0087978929    0.0000043331
   -2.4300000000   -0.0088560431    0.0000034618
   -2.4200000000   -0.0089142299    0.0000025836
   -2.4100000000   -0.0089724541    0.0000016985
   -2.4000000000   -0.0090307162    0.0000008064
   -2.3900000000   -0.0090890172   -0.0000000931
   -2.3800000000   -0.0091473578   -0.0000009999
   -2.3700000000   -0.0092057387   -0.0000019142
   -2.3600000000   -0.0092641608   -0.0000028362
   -2.3500000000   -0.0093226249   -0.0000037661
   -2.3400000000   -0.0093811318   -0.0000047040
   -2.3300000000   -0.0094396824   -0.0000056501
   -2.3200000000   -0.0094982775   -0.0000066045
   -2.3100000000   -0.0095569180   -0.0000075675
   -2.3000000000   -0.0096156048   -0.0000085392
   -2.2900000000   -0.0096743387   -0.0000095198
   -2.2800000000   -0.0097331208   -0.0000105095
   -2.2700000000   -0.0097919520   -0.0000115086
   -2.2600000000   -0.0098508332   -0.0000125171
   -2.2500000000   -0.0099097654   -0.0000135353
   -2.2400000000   -0.0099687496   -0.0000145634
   -2.2300000000   -0.0100277869   -0.0000156017
   -2.2200000000   -0.0100868782   -0.0000166504
   -2.2100000000   -0.0101460247   -0.0000177097
   -2.2000000000   -0.0102052273   -0.0000187798
   -2.1900000000   -0.0102644873   -0.0000198609
   -2.1800000000   -0.0103238057   -0.0000209535
   -2.1700000000   -0.0103831837   -0.0000220576
   -2.1600000000   -0.0104426225   -0.0000231735
   -2.1500000000   -0.0105021232   -0.0000243016
   -2.1400000000   -0.0105616871   -0.0000254421
   -2.1300000000   -0.0106213154   -0.0000265953
   -2.1200000000   -0.0106810094   -0.0000277615
   -2.1100000000   -0.0107407704   -0.0000289410
   -2.1000000000   -0.0108005996   -0.0000301341
   -2.0900000000   -0.0108604986   -0.0000313411
   -2.0800000000   -0.0109204686   -0.0000325624
   -2.0700000000   -0.0109805111   -0.0000337983
   -2.0600000000   -0.0110406276   -0.0000350492
   -2.0500000000   -0.0111008194   -0.0000363154
   -2.0400000000   -0.0111610881   -0.0000375973
   -2.0300000000   -0.0112214353   -0.0000388953
   -2.0200000000   -0.0112818625   -0.0000402098
   -2.0100000000   -0.0113423713   -0.0000415412
   -2.0000000000   -0.0114029635   -0.0000428899
   -1.9900000000   -0.0114636406   -0.0000442563
   -1.9800000000   -0.0115244045   -0.0000456410
   -1.9700000000   -0.0115852568   -0.0000470443
   -1.9600000000   -0.0116461995   -0.0000484667
   -1.9500000000   -0.0117072343   -0.0000499088
   -1.9400000000   -0.0117683632   -0.0000513710
   -1.9300000000   -0.0118295881   -0.0000528539
   -1.9200000000   -0.0118909110   -0.0000543580
   -1.9100000000   -0.0119523340   -0.0000558839
   -1.9000000000   -0.0120138590   -0.0000574321
   -1.8900000000   -0.0120754884   -0.0000590032
   -1.8800000000   -0.0121372243   -0.0000605979
   -1.8700000000   -0.0121990689   -0.0000622168
   -1.8600000000   -0.0122610245   -0.0000638605
   -1.8500000000   -0.0123230935   -0.0000655298
   -1.8400000000   -0.0123852784   -0.0000672253
   -1.8300000000   -0.0124475817   -0.0000689478
   -1.8200000000   -0.0125100058   -0.0000706980
   -1.8100000000   -0.0125725535   -0.0000724766
   -1.8000000000   -0.0126352273   -0.0000742847
   -1.7900000000   -0.0126980302   -0.0000761228
   -1.7800000000   -0.0127609649   -0.0000779920
   -1.7700000000   -0.0128240344   -0.0000798930
   -1.7600000000   -0.0128872416   -0.0000818269
   -1.7500000000   -0.0129505897   -0.0000837946
   -1.7400000000   -0.0130140817   -0.0000857971
   -1.7300000000   -0.0130777211   -0.0000878354
   -1.7200000000   -0.0131415110   -0.0000899107
   -1.7100000000   -0.0132054550   -0.0000920239
   -1.7000000000   -0.0132695566   -0.0000941764
   -1.6900000000   -0.0133338194   -0.0000963692
   -1.6800000000   -0.0133982472   -0.0000986036
   -1.6700000000   -0.0134628439   -0.0001008810
   -1.6600000000   -0.0135276134   -0.0001032026
   -1.6500000000   -0.0135925598   -0.0001055699
   -1.6400000000   -0.0136576874   -0.0001079843
   -1.6300000000   -0.0137230004   -0.0001104473
   -1.6200000000   -0.0137885034   -0.0001129606
   -1.6100000000   -0.0138542009   -0.0001155256
   -1.6000000000   -0.0139200978   -0.0001181443
   -1.5900000000   -0.0139861989   -0.0001208182
   -1.5800000000   -0.0140525093   -0.0001235492
   -1.5700000000   -0.0141190343   -0.0001263394
   -1.5600000000   -0.0141857791   -0.0001291906
   -1.5500000000   -0.0142527493   -0.0001321050
   -1.5400000000   -0.0143199508   -0.0001350848
   -1.5300000000   -0.0143873894   -0.0001381321
   -1.5200000000   -0.0144550712   -0.0001412495
   -1.5100000000   -0.0145230026   -0.0001444393
   -1.5000000000   -0.0145911902   -0.0001477042
   -1.4900000000   -0.0146596407   -0.0001510469
   -1.4800000000   -0.0147283610   -0.0001544701
   -1.4700000000   -0.0147973585   -0.0001579769
   -1.4600000000   -0.0148666406   -0.0001615703
   -1.4500000000   -0.0149362151   -0.0001652536
   -1.4400000000   -0.0150060900   -0.0001690301
   -1.4300000000   -0.0150762736   -0.0001729034
   -1.4200000000   -0.0151467746   -0.0001768772
   -1.4100000000   -0.0152176019   -0.0001809554
   -1.4000000000   -0.0152887647   -0.0001851420
   -1.3900000000   -0.0153602726   -0.0001894414
   -1.3800000000   -0.0154321357   -0.0001938580
   -1.3700000000   -0.0155043641   -0.0001983966
   -1.3600000000   -0.0155769688   -0.0002030621
   -1.3500000000   -0.0156499607   -0.0002078597
   -1.3400000000   -0.0157233516   -0.0002127949
   -1.3300000000   -0.0157971533   -0.0002178734
   -1.3200000000   -0.0158713785   -0.0002231014
   -1.3100000000   -0.0159460401   -0.0002284851
   -1.3000000000   -0.0160211516   -0.0002340313
   -1.2900000000   -0.0160967271   -0.0002397472
   -1.2800000000   -0.0161727814   -0.0002456402
   -1.2700000000   -0.0162493295   -0.0002517181
   -1.2600000000   -0.0163263874   -0.0002579893
   -1.2500000000   -0.0164039718   -0.0002644627
   -1.2400000000   -0.0164820998   -0.0002711474
   -1.2300000000   -0.0165607895   -0.0002780535
   -1.2200000000   -0.0166400597   -0.0002851912
   -1.2100000000   -0.0167199300   -0.0002925717
   -1.2000000000   -0.0168004209   -0.0003002066
   -1.1900000000   -0.0168815537   -0.0003081084
   -1.1800000000   -0.0169633510   -0.0003162901
   -1.1700000000   -0.0170458361   -0.0003247658
   -1.1600000000   -0.0171290335   -0.0003335503
   -1.1500000000   -0.0172129687   -0.0003426595
   -1.1400000000   -0.0172976687   -0.0003521101
   -1.1300000000   -0.0173831615   -0.0003619200
   -1.1200000000   -0.0174694766   -0.0003721084
   -1.1100000000   -0.0175566448   -0.0003826955
   -1.1000000000   -0.0176446985   -0.0003937032
   -1.0900000000   -0.0177336718   -0.0004051545
   -1.0800000000   -0.0178236003   -0.0004170743
   -1.0700000000   -0.0179145214   -0.0004294893
   -1.0600000000   -0.0180064746   -0.0004424277
   -1.0500000000   -0.0180995014   -0.0004559202
   -1.0400000000   -0.0181936451   -0.0004699993
   -1.0300000000   -0.0182889518   -0.0004847004
   -1.0200000000   -0.0183854697   -0.0005000611
   -1.0100000000   -0.0184832496   -0.0005161220
   -1.0000000000   -0.0185823451   -0.0005329271
   -0.9900000000   -0.0186828128   -0.0005505235
   -0.9800000000   -0.0187847122   -0.0005689622
   -0.9700000000   -0.0188881063   -0.0005882983
   -0.9600000000   -0.0189930614   -0.0006085914
   -0.9500000000   -0.0190996477   -0.0006299060
   -0.9400000000   -0.0192079394   -0.0006523122
   -0.9300000000   -0.0193180146   -0.0006758859
   -0.9200000000   -0.0194299563   -0.0007007098
   -0.9100000000   -0.0195438521   -0.0007268738
   -0.9000000000   -0.0196597945   -0.0007544759
   -0.8900000000   -0.0197778817   -0.0007836230
   -0.8800000000   -0.0198982174   -0.0008144322
   -0.8700000000   -0.0200209113   -0.0008470312
   -0.8600000000   -0.0201460797   -0.0008815603
   -0.8500000000   -0.0202738455   -0.0009181734
   -0.8400000000   -0.0204043388   -0.0009570396
   -0.8300000000   -0.0205376969   -0.0009983452
   -0.8200000000   -0.0206740652   -0.0010422955
   -0.8100000000   -0.0208135970   -0.0010891173
   -0.8000000000   -0.0209564542   -0.0011390616
   -0.7900000000   -0.0211028069   -0.0011924066
   -0.7800000000   -0.0212528342   -0.0012494610
   -0.7700000000   -0.0214067238   -0.0013105682
   -0.7600000000   -0.0215646718   -0.0013761107
   -0.7500000000   -0.0217268824   -0.0014465158
   -0.7400000000   -0.0218935671   -0.0015222608
   -0.7300000000   -0.0220649435   -0.0016038807
   -0.7200000000   -0.0222412338   -0.0016919761
   -0.7100000000   -0.0224226618   -0.0017872220
   -0.7000000000   -0.0226094502   -0.0018903789
   -0.6900000000   -0.0228018150   -0.0020023052
   -0.6800000000   -0.0229999601   -0.0021239710
   -0.6700000000   -0.0232040679   -0.0022564748
   -0.6600000000   -0.0234142883   -0.0024010620
   -0.6500000000   -0.0236307235   -0.0025591466
   -0.6400000000   -0.0238534078   -0.0027323357
   -0.6300000000   -0.0240822816   -0.0029224569
   -0.6200000000   -0.0243171567   -0.0031315892
   -0.6100000000   -0.0245576708   -0.0033620967
   -0.6000000000   -0.0248032285   -0.0036166647
   -0.5900000000   -0.0250529246   -0.0038983366
   -0.5800000000   -0.0253054435   -0.0042105493
   -0.5700000000   -0.0255589309   -0.0045571629
   -0.5600000000   -0.0258108285   -0.0049424771
   -0.5500000000   -0.0260576642   -0.0053712246
   -0.5400000000   -0.0262947900   -0.0058485234
   -0.5300000000   -0.0265160610   -0.0063797648
   -0.5200000000   -0.0267134521   -0.0069704004
   -0.5100000000   -0.0268766243   -0.0076255804
   -0.5000000000   -0.0269924657   -0.0083495796
   -0.4900000000   -0.0270446753   -0.0091449361
   -0.4800000000   -0.0270135035   -0.0100112278
   -0.4700000000   -0.0268758461   -0.0109434396
   -0.4600000000   -0.0266059715   -0.0119299538
   -0.4500000000   -0.0261772365   -0.0129503618
   -0.4400000000   -0.0255651270   -0.0139735546
   -0.4300000000   -0.0247517661   -0.0149568778
   -0.4200000000   -0.0237315326   -0.0158473910
   -0.4100000000   -0.0225166708   -0.0165861825
   -0.4000000000   -0.0211409809   -0.0171159816
   -0.3900000000   -0.0196594581   -0.0173909345
   -0.3800000000   -0.0181426436   -0.0173859122
   -0.3700000000   -0.0166664437   -0.0171021044
   -0.3600000000   -0.0153002871   -0.0165666945
   -0.3500000000   -0.0140973246   -0.0158267583
   -0.3400000000   -0.0130893421   -0.0149397874
   -0.3300000000   -0.0122868901   -0.0139640792
   -0.3200000000   -0.0116832397   -0.0129514739
   -0.3100000000   -0.0112600221   -0.0119433941
   -0.3000000000   -0.0109927254   -0.0109698405
   -0.2900000000   -0.0108550258   -0.0100503627
   -0.2800000000   -0.0108216676   -0.0091959955
   -0.2700000000   -0.0108700591   -0.0084114154
   -0.2600000000   -0.0109809293   -0.0076968938
   -0.2500000000   -0.0111383859   -0.0070498727
   -0.2400000000   -0.0113296463   -0.0064661396
   -0.2300000000   -0.0115446240   -0.0059406525
   -0.2200000000   -0.0117754804   -0.0054680886
   -0.2100000000   -0.0120162024   -0.0050431898
   -0.2000000000   -0.0122622315   -0.0046609658
   -0.1900000000   -0.0125101527   -0.0043168013
   -0.1800000000   -0.0127574403   -0.0040065010
   -0.1700000000   -0.0130022558   -0.0037262960
   -0.1600000000   -0.0132432869   -0.0034728280
   -0.1500000000   -0.0134796232   -0.0032431204
   -0.1400000000   -0.0137106587   -0.0030345443
   -0.1300000000   -0.0139360171   -0.0028447829
   -0.1200000000   -0.0141554940   -0.0026717970
   -0.1100000000   -0.0143690127   -0.0025137919
   -0.1000000000   -0.0145765903   -0.0023691880
   -0.0900000000   -0.0147783119   -0.0022365940
   -0.0800000000   -0.0149743112   -0.0021147832
   -0.0700000000   -0.0151647548   -0.0020026727
   -0.0600000000   -0.0153498318   -0.0018993049
   -0.0500000000   -0.0155297446   -0.0018038322
   -0.0400000000   -0.0157047031   -0.0017155026
   -0.0300000000   -0.0158749192   -0.0016336478
   -0.0200000000   -0.0160406042   -0.0015576730
   -0.0100000000   -0.0162019656   -0.0014870479
    0.0000000000   -0.0163592056   -0.0014212987
