  -20.0000000000    0.4167502063    0.6631590797
  -19.9900000000    0.4302633479    0.6382436008
  -19.9800000000    0.4416664364    0.6134894813
  -19.9700000000    0.4511051902    0.5890759300
  -19.9600000000    0.4587334941    0.5651503978
  -19.9500000000    0.4647081858    0.5418308785
  -19.9400000000    0.4691848861    0.5192087280
  -19.9300000000    0.4723148041    0.4973517392
  -19.9200000000    0.4742424098    0.4763072693
  -19.9100000000    0.4751038477    0.4561052716
  -19.9000000000    0.4750259631    0.4367611309
  -19.8900000000    0.4741258171    0.4182782435
  -19.8800000000    0.4725105776    0.4006503112
  -19.8700000000    0.4702776914    0.3838633411
  -19.8600000000    0.4675152550    0.3678973603
  -19.8500000000    0.4643025174    0.3527278625
  -19.8400000000    0.4607104634    0.3383270103
  -19.8300000000    0.4568024352    0.3246646215
  -19.8200000000    0.4526347616    0.3117089648
  -19.8100000000    0.4482573717    0.2994273938
  -19.8000000000    0.4437143763    0.2877868449
  -19.7900000000    0.4390446067    0.2767542230
  -19.7800000000    0.4342821034    0.2662966968
  -19.7700000000    0.4294565529    0.2563819268
  -19.7600000000    0.4245936720    0.2469782415
  -19.7500000000    0.4197155434    0.2380547810
  -19.7400000000    0.4148409098    0.2295816200
  -19.7300000000    0.4099854332    0.2215298839
  -19.7200000000    0.4051619324    0.2138718634
  -19.7100000000    0.4003806078    0.2065811330
  -19.7000000000    0.3956492667    0.1996326726
  -19.6900000000    0.3909735583    0.1930029870
  -19.6800000000    0.3863572253    0.1866702150
  -19.6700000000    0.3818023745    0.1806142185
  -19.6600000000    0.3773097640    0.1748166381
  -19.6500000000    0.3728790993    0.1692609085
  -19.6400000000    0.3685093276    0.1639322249
  -19.6300000000    0.3641989154    0.1588174614
  -19.6200000000    0.3599460976    0.1539050446
  -19.6100000000    0.3557490862    0.1491847908
  -19.6000000000    0.3516062309    0.1446477207
  -19.5900000000    0.3475161296    0.1402858631
  -19.5800000000    0.3434776920    0.1360920633
  -19.5700000000    0.3394901588    0.1320598043
  -19.5600000000    0.3355530897    0.1281830519
  -19.5500000000    0.3316663249    0.1244561252
  -19.5400000000    0.3278299330    0.1208735965
  -19.5300000000    0.3240441516    0.1174302170
  -19.5200000000    0.3203093270    0.1141208677
  -19.5100000000    0.3166258595    0.1109405286
  -19.5000000000    0.3129941546    0.1078842647
  -19.4900000000    0.3094145841    0.1049472227
  -19.4800000000    0.3058874557    0.1021246352
  -19.4700000000    0.3024129916    0.0994118296
  -19.4600000000    0.2989913141    0.0968042393
  -19.4500000000    0.2956224389    0.0942974151
  -19.4400000000    0.2923062725    0.0918870357
  -19.4300000000    0.2890426144    0.0895689174
  -19.4200000000    0.2858311621    0.0873390209
  -19.4100000000    0.2826715179    0.0851934570
  -19.4000000000    0.2795631974    0.0831284897
  -19.3900000000    0.2765056381    0.0811405380
  -19.3800000000    0.2734982090    0.0792261757
  -19.3700000000    0.2705402197    0.0773821298
  -19.3600000000    0.2676309287    0.0756052781
  -19.3500000000    0.2647695521    0.0738926457
  -19.3400000000    0.2619552711    0.0722414003
  -19.3300000000    0.2591872388    0.0706488482
  -19.3200000000    0.2564645866    0.0691124285
  -19.3100000000    0.2537864300    0.0676297079
  -19.3000000000    0.2511518735    0.0661983753
  -19.2900000000    0.2485600148    0.0648162365
  -19.2800000000    0.2460099488    0.0634812079
  -19.2700000000    0.2435007713    0.0621913121
  -19.2600000000    0.2410315812    0.0609446718
  -19.2500000000    0.2386014834    0.0597395051
  -19.2400000000    0.2362095908    0.0585741208
  -19.2300000000    0.2338550262    0.0574469129
  -19.2200000000    0.2315369233    0.0563563568
  -19.2100000000    0.2292544284    0.0553010049
  -19.2000000000    0.2270067013    0.0542794821
  -19.1900000000    0.2247929158    0.0532904826
  -19.1800000000    0.2226122605    0.0523327654
  -19.1700000000    0.2204639392    0.0514051519
  -19.1600000000    0.2183471715    0.0505065215
  -19.1500000000    0.2162611925    0.0496358096
  -19.1400000000    0.2142052534    0.0487920038
  -19.1300000000    0.2121786210    0.0479741420
  -19.1200000000    0.2101805784    0.0471813093
  -19.1100000000    0.2082104242    0.0464126357
  -19.1000000000    0.2062674728    0.0456672942
  -19.0900000000    0.2043510540    0.0449444983
  -19.0800000000    0.2024605128    0.0442435001
  -19.0700000000    0.2005952092    0.0435635888
  -19.0600000000    0.1987545180    0.0429040888
  -19.0500000000    0.1969378283    0.0422643576
  -19.0400000000    0.1951445434    0.0416437854
  -19.0300000000    0.1933740802    0.0410417926
  -19.0200000000    0.1916258695    0.0404578291
  -19.0100000000    0.1898993548    0.0398913731
  -19.0000000000    0.1881939927    0.0393419298
  -18.9900000000    0.1865092521    0.0388090304
  -18.9800000000    0.1848446143    0.0382922313
  -18.9700000000    0.1831995723    0.0377911131
  -18.9600000000    0.1815736307    0.0373052798
  -18.9500000000    0.1799663054    0.0368343583
  -18.9400000000    0.1783771232    0.0363779972
  -18.9300000000    0.1768056217    0.0359358670
  -18.9200000000    0.1752513489    0.0355076591
  -18.9100000000    0.1737138629    0.0350930852
  -18.9000000000    0.1721927320    0.0346918773
  -18.8900000000    0.1706875341    0.0343037874
  -18.8800000000    0.1691978568    0.0339285868
  -18.8700000000    0.1677232973    0.0335660663
  -18.8600000000    0.1662634618    0.0332160359
  -18.8500000000    0.1648179661    0.0328783248
  -18.8400000000    0.1633864352    0.0325527815
  -18.8300000000    0.1619685031    0.0322392734
  -18.8200000000    0.1605638133    0.0319376876
  -18.8100000000    0.1591720186    0.0316479305
  -18.8000000000    0.1577927812    0.0313699285
  -18.7900000000    0.1564257734    0.0311036281
  -18.7800000000    0.1550706771    0.0308489962
  -18.7700000000    0.1537271851    0.0306060209
  -18.7600000000    0.1523950009    0.0303747116
  -18.7500000000    0.1510738395    0.0301551003
  -18.7400000000    0.1497634283    0.0299472414
  -18.7300000000    0.1484635078    0.0297512131
  -18.7200000000    0.1471738326    0.0295671182
  -18.7100000000    0.1458941727    0.0293950846
  -18.7000000000    0.1446243149    0.0292352667
  -18.6900000000    0.1433640645    0.0290878461
  -18.6800000000    0.1421132472    0.0289530329
  -18.6700000000    0.1408717110    0.0288310667
  -18.6600000000    0.1396393294    0.0287222176
  -18.6500000000    0.1384160039    0.0286267873
  -18.6400000000    0.1372016674    0.0285451105
  -18.6300000000    0.1359962885    0.0284775553
  -18.6200000000    0.1347998752    0.0284245246
  -18.6100000000    0.1336124806    0.0283864561
  -18.6000000000    0.1324342081    0.0283638233
  -18.5900000000    0.1312652183    0.0283571349
  -18.5800000000    0.1301057357    0.0283669343
  -18.5700000000    0.1289560572    0.0283937987
  -18.5600000000    0.1278165610    0.0284383364
  -18.5500000000    0.1266877164    0.0285011839
  -18.5400000000    0.1255700949    0.0285830015
  -18.5300000000    0.1244643818    0.0286844663
  -18.5200000000    0.1233713891    0.0288062646
  -18.5100000000    0.1222920689    0.0289490803
  -18.5000000000    0.1212275273    0.0291135817
  -18.4900000000    0.1201790382    0.0293004038
  -18.4800000000    0.1191480570    0.0295101266
  -18.4700000000    0.1181362330    0.0297432496
  -18.4600000000    0.1171454200    0.0300001604
  -18.4500000000    0.1161776830    0.0302810977
  -18.4400000000    0.1152353007    0.0305861091
  -18.4300000000    0.1143207609    0.0309150026
  -18.4200000000    0.1134367474    0.0312672933
  -18.4100000000    0.1125861151    0.0316421457
  -18.4000000000    0.1117718525    0.0320383137
  -18.3900000000    0.1109970265    0.0324540816
  -18.3800000000    0.1102647108    0.0328872096
  -18.3700000000    0.1095778932    0.0333348888
  -18.3600000000    0.1089393659    0.0337937129
  -18.3500000000    0.1083515968    0.0342596718
  -18.3400000000    0.1078165908    0.0347281766
  -18.3300000000    0.1073357450    0.0351941202
  -18.3200000000    0.1069097109    0.0356519793
  -18.3100000000    0.1065382754    0.0360959585
  -18.3000000000    0.1062202765    0.0365201729
  -18.2900000000    0.1059535657    0.0369188600
  -18.2800000000    0.1057350306    0.0372866066
  -18.2700000000    0.1055606835    0.0376185705
  -18.2600000000    0.1054258134    0.0379106748
  -18.2500000000    0.1053251940    0.0381597523
  -18.2400000000    0.1052533268    0.0383636232
  -18.2300000000    0.1052046973    0.0385210942
  -18.2200000000    0.1051740140    0.0386318784
  -18.2100000000    0.1051564056    0.0386964471
  -18.2000000000    0.1051475527    0.0387158317
  -18.1900000000    0.1051437433    0.0386914025
  -18.1800000000    0.1051418492    0.0386246530
  -18.1700000000    0.1051392310    0.0385170184
  -18.1600000000    0.1051335915    0.0383697479
  -18.1500000000    0.1051228001    0.0381838484
  -18.1400000000    0.1051047171    0.0379600996
  -18.1300000000    0.1050770432    0.0376991378
  -18.1200000000    0.1050372176    0.0374015908
  -18.1100000000    0.1049823794    0.0370682440
  -18.1000000000    0.1049093971    0.0367002093
  -18.0900000000    0.1048149635    0.0362990744
  -18.0800000000    0.1046957427    0.0358670087
  -18.0700000000    0.1045485485    0.0354068109
  -18.0600000000    0.1043705323    0.0349218939
  -18.0500000000    0.1041593572    0.0344162065
  -18.0400000000    0.1039133386    0.0338941057
  -18.0300000000    0.1036315393    0.0333601924
  -18.0200000000    0.1033138110    0.0328191308
  -18.0100000000    0.1029607848    0.0322754676
  -18.0000000000    0.1025738143    0.0317334662
  -17.9900000000    0.1021548830    0.0311969674
  -17.9800000000    0.1017064847    0.0306692820
  -17.9700000000    0.1012314894    0.0301531187
  -17.9600000000    0.1007330036    0.0296505458
  -17.9500000000    0.1002142319    0.0291629850
  -17.9400000000    0.0996783482    0.0286912332
  -17.9300000000    0.0991283774    0.0282355086
  -17.9200000000    0.0985670947    0.0277955171
  -17.9100000000    0.0979969416    0.0273705351
  -17.9000000000    0.0974199636    0.0269595061
  -17.8900000000    0.0968377705    0.0265611450
  -17.8800000000    0.0962515204    0.0261740469
  -17.8700000000    0.0956619296    0.0257967950
  -17.8600000000    0.0950693060    0.0254280604
  -17.8500000000    0.0944736055    0.0250666892
  -17.8400000000    0.0938745058    0.0247117703
  -17.8300000000    0.0932714929    0.0243626806
  -17.8200000000    0.0926639519    0.0240191047
  -17.8100000000    0.0920512564    0.0236810300
  -17.8000000000    0.0914328481    0.0233487193
  -17.7900000000    0.0908083023    0.0230226662
  -17.7800000000    0.0901773755    0.0227035382
  -17.7700000000    0.0895400341    0.0223921142
  -17.7600000000    0.0888964650    0.0220892221
  -17.7500000000    0.0882470709    0.0217956812
  -17.7400000000    0.0875924528    0.0215122513
  -17.7300000000    0.0869333844    0.0212395927
  -17.7200000000    0.0862707814    0.0209782343
  -17.7100000000    0.0856056677    0.0207285517
  -17.7000000000    0.0849391426    0.0204907532
  -17.6900000000    0.0842723479    0.0202648717
  -17.6800000000    0.0836064372    0.0200507616
  -17.6700000000    0.0829425464    0.0198481002
  -17.6600000000    0.0822817659    0.0196563917
  -17.6500000000    0.0816251134    0.0194749739
  -17.6400000000    0.0809735065    0.0193030287
  -17.6300000000    0.0803277364    0.0191395961
  -17.6200000000    0.0796884419    0.0189835926
  -17.6100000000    0.0790560848    0.0188338350
  -17.6000000000    0.0784309285    0.0186890707
  -17.5900000000    0.0778130210    0.0185480136
  -17.5800000000    0.0772021858    0.0184093857
  -17.5700000000    0.0765980212    0.0182719626
  -17.5600000000    0.0759999115    0.0181346205
  -17.5500000000    0.0754070489    0.0179963810
  -17.5400000000    0.0748184685    0.0178564505
  -17.5300000000    0.0742330921    0.0177142506
  -17.5200000000    0.0736497795    0.0175694361
  -17.5100000000    0.0730673825    0.0174218987
  -17.5000000000    0.0724847973    0.0172717569
  -17.4900000000    0.0719010119    0.0171193329
  -17.4800000000    0.0713151435    0.0169651191
  -17.4700000000    0.0707264653    0.0168097373
  -17.4600000000    0.0701344202    0.0166538960
  -17.4500000000    0.0695386236    0.0164983479
  -17.4400000000    0.0689388558    0.0163438513
  -17.4300000000    0.0683350469    0.0161911378
  -17.4200000000    0.0677272556    0.0160408867
  -17.4100000000    0.0671156468    0.0158937076
  -17.4000000000    0.0665004664    0.0157501292
  -17.3900000000    0.0658820197    0.0156105945
  -17.3800000000    0.0652606493    0.0154754611
  -17.3700000000    0.0646367182    0.0153450051
  -17.3600000000    0.0640105947    0.0152194273
  -17.3500000000    0.0633826404    0.0150988613
  -17.3400000000    0.0627532018    0.0149833824
  -17.3300000000    0.0621226042    0.0148730162
  -17.3200000000    0.0614911473    0.0147677471
  -17.3100000000    0.0608591028    0.0146675262
  -17.3000000000    0.0602267141    0.0145722784
  -17.2900000000    0.0595941957    0.0144819087
  -17.2800000000    0.0589617342    0.0143963077
  -17.2700000000    0.0583294900    0.0143153558
  -17.2600000000    0.0576975987    0.0142389272
  -17.2500000000    0.0570661730    0.0141668932
  -17.2400000000    0.0564353046    0.0140991244
  -17.2300000000    0.0558050664    0.0140354927
  -17.2200000000    0.0551755141    0.0139758733
  -17.2100000000    0.0545466880    0.0139201454
  -17.2000000000    0.0539186149    0.0138681933
  -17.1900000000    0.0532913095    0.0138199072
  -17.1800000000    0.0526647757    0.0137751834
  -17.1700000000    0.0520390080    0.0137339248
  -17.1600000000    0.0514139928    0.0136960410
  -17.1500000000    0.0507897089    0.0136614484
  -17.1400000000    0.0501661291    0.0136300702
  -17.1300000000    0.0495432203    0.0136018365
  -17.1200000000    0.0489209449    0.0135766840
  -17.1100000000    0.0482992608    0.0135545560
  -17.1000000000    0.0476781225    0.0135354025
  -17.0900000000    0.0470574810    0.0135191797
  -17.0800000000    0.0464372849    0.0135058502
  -17.0700000000    0.0458174802    0.0134953828
  -17.0600000000    0.0451980110    0.0134877522
  -17.0500000000    0.0445788194    0.0134829393
  -17.0400000000    0.0439598463    0.0134809308
  -17.0300000000    0.0433410312    0.0134817193
  -17.0200000000    0.0427223125    0.0134853031
  -17.0100000000    0.0421036277    0.0134916864
  -17.0000000000    0.0414849139    0.0135008792
  -16.9900000000    0.0408661072    0.0135128973
  -16.9800000000    0.0402471436    0.0135277623
  -16.9700000000    0.0396279587    0.0135455017
  -16.9600000000    0.0390084882    0.0135661491
  -16.9500000000    0.0383886676    0.0135897441
  -16.9400000000    0.0377684327    0.0136163327
  -16.9300000000    0.0371477196    0.0136459669
  -16.9200000000    0.0365264648    0.0136787057
  -16.9100000000    0.0359046056    0.0137146146
  -16.9000000000    0.0352820801    0.0137537661
  -16.8900000000    0.0346588272    0.0137962398
  -16.8800000000    0.0340347872    0.0138421231
  -16.8700000000    0.0334099019    0.0138915108
  -16.8600000000    0.0327841146    0.0139445060
  -16.8500000000    0.0321573705    0.0140012201
  -16.8400000000    0.0315296173    0.0140617736
  -16.8300000000    0.0309008048    0.0141262960
  -16.8200000000    0.0302708860    0.0141949265
  -16.8100000000    0.0296398168    0.0142678149
  -16.8000000000    0.0290075569    0.0143451217
  -16.7900000000    0.0283740699    0.0144270188
  -16.7800000000    0.0277393240    0.0145136906
  -16.7700000000    0.0271032926    0.0146053348
  -16.7600000000    0.0264659549    0.0147021632
  -16.7500000000    0.0258272971    0.0148044028
  -16.7400000000    0.0251873130    0.0149122974
  -16.7300000000    0.0245460058    0.0150261084
  -16.7200000000    0.0239033895    0.0151461167
  -16.7100000000    0.0232594907    0.0152726238
  -16.7000000000    0.0226143515    0.0154059534
  -16.6900000000    0.0219680315    0.0155464528
  -16.6800000000    0.0213206115    0.0156944943
  -16.6700000000    0.0206721969    0.0158504762
  -16.6600000000    0.0200229220    0.0160148234
  -16.6500000000    0.0193729539    0.0161879890
  -16.6400000000    0.0187224984    0.0163704536
  -16.6300000000    0.0180718046    0.0165627259
  -16.6200000000    0.0174211715    0.0167653423
  -16.6100000000    0.0167709544    0.0169788659
  -16.6000000000    0.0161215720    0.0172038854
  -16.5900000000    0.0154735147    0.0174410126
  -16.5800000000    0.0148273531    0.0176908799
  -16.5700000000    0.0141837481    0.0179541364
  -16.5600000000    0.0135434608    0.0182314422
  -16.5500000000    0.0129073646    0.0185234618
  -16.5400000000    0.0122764571    0.0188308552
  -16.5300000000    0.0116518734    0.0191542663
  -16.5200000000    0.0110348997    0.0194943086
  -16.5100000000    0.0104269868    0.0198515472
  -16.5000000000    0.0098297640    0.0202264770
  -16.4900000000    0.0092450513    0.0206194959
  -16.4800000000    0.0086748706    0.0210308729
  -16.4700000000    0.0081214531    0.0214607100
  -16.4600000000    0.0075872426    0.0219088983
  -16.4500000000    0.0070748930    0.0223750675
  -16.4400000000    0.0065872563    0.0228585288
  -16.4300000000    0.0061273610    0.0233582128
  -16.4200000000    0.0056983754    0.0238726024
  -16.4100000000    0.0053035550    0.0243996643
  -16.4000000000    0.0049461705    0.0249367820
  -16.3900000000    0.0046294131    0.0254806946
  -16.3800000000    0.0043562771    0.0260274480
  -16.3700000000    0.0041294186    0.0265723656
  -16.3600000000    0.0039509931    0.0271100473
  -16.3500000000    0.0038224771    0.0276344055
  -16.3400000000    0.0037444813    0.0281387460
  -16.3300000000    0.0037165688    0.0286159010
  -16.3200000000    0.0037370927    0.0290584176
  -16.3100000000    0.0038030710    0.0294587990
  -16.3000000000    0.0039101178    0.0298097915
  -16.2900000000    0.0040524475    0.0301047012
  -16.2800000000    0.0042229633    0.0303377200
  -16.2700000000    0.0044134353    0.0305042336
  -16.2600000000    0.0046147629    0.0306010830
  -16.2500000000    0.0048173068    0.0306267546
  -16.2400000000    0.0050112663    0.0305814764
  -16.2300000000    0.0051870706    0.0304672113
  -16.2200000000    0.0053357534    0.0302875469
  -16.2100000000    0.0054492781    0.0300474938
  -16.2000000000    0.0055207917    0.0297532137
  -16.1900000000    0.0055447927    0.0294117032
  -16.1800000000    0.0055172079    0.0290304637
  -16.1700000000    0.0054353846    0.0286171818
  -16.1600000000    0.0052980102    0.0281794435
  -16.1500000000    0.0051049772    0.0277244953
  -16.1400000000    0.0048572117    0.0272590611
  -16.1300000000    0.0045564841    0.0267892151
  -16.1200000000    0.0042052177    0.0263203077
  -16.1100000000    0.0038063063    0.0258569366
  -16.1000000000    0.0033629506    0.0254029549
  -16.0900000000    0.0028785158    0.0249615071
  -16.0800000000    0.0023564157    0.0245350834
  -16.0700000000    0.0018000189    0.0241255861
  -16.0600000000    0.0012125798    0.0237344008
  -16.0500000000    0.0005971875    0.0233624686
  -16.0400000000   -0.0000432672    0.0230103551
  -16.0300000000   -0.0007061114    0.0226783152
  -16.0200000000   -0.0013888988    0.0223663513
  -16.0100000000   -0.0020894106    0.0220742641
  -16.0000000000   -0.0028056492    0.0218016980
  -15.9900000000   -0.0035358289    0.0215481789
  -15.9800000000   -0.0042783631    0.0213131459
  -15.9700000000   -0.0050318501    0.0210959779
  -15.9600000000   -0.0057950583    0.0208960155
  -15.9500000000   -0.0065669109    0.0207125782
  -15.9400000000   -0.0073464715    0.0205449783
  -15.9300000000   -0.0081329298    0.0203925321
  -15.9200000000   -0.0089255885    0.0202545678
  -15.9100000000   -0.0097238512    0.0201304320
  -15.9000000000   -0.0105272113    0.0200194947
  -15.8900000000   -0.0113352413    0.0199211517
  -15.8800000000   -0.0121475842    0.0198348277
  -15.8700000000   -0.0129639450    0.0197599768
  -15.8600000000   -0.0137840831    0.0196960837
  -15.8500000000   -0.0146078060    0.0196426634
  -15.8400000000   -0.0154349634    0.0195992609
  -15.8300000000   -0.0162654420    0.0195654509
  -15.8200000000   -0.0170991610    0.0195408369
  -15.8100000000   -0.0179360678    0.0195250498
  -15.8000000000   -0.0187761348    0.0195177474
  -15.7900000000   -0.0196193564    0.0195186131
  -15.7800000000   -0.0204657456    0.0195273546
  -15.7700000000   -0.0213153322    0.0195437030
  -15.7600000000   -0.0221681606    0.0195674115
  -15.7500000000   -0.0230242878    0.0195982545
  -15.7400000000   -0.0238837817    0.0196360265
  -15.7300000000   -0.0247467201    0.0196805412
  -15.7200000000   -0.0256131887    0.0197316302
  -15.7100000000   -0.0264832809    0.0197891429
  -15.7000000000   -0.0273570960    0.0198529447
  -15.6900000000   -0.0282347389    0.0199229173
  -15.6800000000   -0.0291163188    0.0199989573
  -15.6700000000   -0.0300019489    0.0200809759
  -15.6600000000   -0.0308917457    0.0201688981
  -15.6500000000   -0.0317858282    0.0202626627
  -15.6400000000   -0.0326843174    0.0203622211
  -15.6300000000   -0.0335873357    0.0204675376
  -15.6200000000   -0.0344950066    0.0205785889
  -15.6100000000   -0.0354074539    0.0206953633
  -15.6000000000   -0.0363248014    0.0208178611
  -15.5900000000   -0.0372471722    0.0209460940
  -15.5800000000   -0.0381746880    0.0210800850
  -15.5700000000   -0.0391074687    0.0212198680
  -15.5600000000   -0.0400456318    0.0213654881
  -15.5500000000   -0.0409892911    0.0215170009
  -15.5400000000   -0.0419385568    0.0216744728
  -15.5300000000   -0.0428935337    0.0218379802
  -15.5200000000   -0.0438543207    0.0220076100
  -15.5100000000   -0.0448210098    0.0221834586
  -15.5000000000   -0.0457936842    0.0223656319
  -15.4900000000   -0.0467724180    0.0225542445
  -15.4800000000   -0.0477572737    0.0227494194
  -15.4700000000   -0.0487483010    0.0229512866
  -15.4600000000   -0.0497455353    0.0231599824
  -15.4500000000   -0.0507489954    0.0233756476
  -15.4400000000   -0.0517586815    0.0235984257
  -15.4300000000   -0.0527745734    0.0238284608
  -15.4200000000   -0.0537966284    0.0240658943
  -15.4100000000   -0.0548247791    0.0243108619
  -15.4000000000   -0.0558589316    0.0245634885
  -15.3900000000   -0.0568989642    0.0248238840
  -15.3800000000   -0.0579447265    0.0250921366
  -15.3700000000   -0.0589960390    0.0253683058
  -15.3600000000   -0.0600526940    0.0256524147
  -15.3500000000   -0.0611144583    0.0259444406
  -15.3400000000   -0.0621810773    0.0262443055
  -15.3300000000   -0.0632522817    0.0265518658
  -15.3200000000   -0.0643277968    0.0268669018
  -15.3100000000   -0.0654073550    0.0271891079
  -15.3000000000   -0.0664907125    0.0275180842
  -15.2900000000   -0.0675776687    0.0278533307
  -15.2800000000   -0.0686680898    0.0281942448
  -15.2700000000   -0.0697619349    0.0285401244
  -15.2600000000   -0.0708592843    0.0288901773
  -15.2500000000   -0.0719603678    0.0292435382
  -15.2400000000   -0.0730655905    0.0295992943
  -15.2300000000   -0.0741755547    0.0299565191
  -15.2200000000   -0.0752910733    0.0303143138
  -15.2100000000   -0.0764131731    0.0306718542
  -15.2000000000   -0.0775430859    0.0310284400
  -15.1900000000   -0.0786822251    0.0313835426
  -15.1800000000   -0.0798321503    0.0317368471
  -15.1700000000   -0.0809945191    0.0320882836
  -15.1600000000   -0.0821710327    0.0324380456
  -15.1500000000   -0.0833633772    0.0327865928
  -15.1400000000   -0.0845731668    0.0331346372
  -15.1300000000   -0.0858018946    0.0334831163
  -15.1200000000   -0.0870508925    0.0338331540
  -15.1100000000   -0.0883213050    0.0341860148
  -15.1000000000   -0.0896140761    0.0345430553
  -15.0900000000   -0.0909299496    0.0349056773
  -15.0800000000   -0.0922694803    0.0352752851
  -15.0700000000   -0.0936330536    0.0356532505
  -15.0600000000   -0.0950209105    0.0360408860
  -15.0500000000   -0.0964331762    0.0364394261
  -15.0400000000   -0.0978698878    0.0368500174
  -15.0300000000   -0.0993310219    0.0372737146
  -15.0200000000   -0.1008165181    0.0377114828
  -15.0100000000   -0.1023263007    0.0381642038
  -15.0000000000   -0.1038602950    0.0386326850
  -14.9900000000   -0.1054184416    0.0391176702
  -14.9800000000   -0.1070007055    0.0396198515
  -14.9700000000   -0.1086070844    0.0401398806
  -14.9600000000   -0.1102376122    0.0406783803
  -14.9500000000   -0.1118923623    0.0412359554
  -14.9400000000   -0.1135714485    0.0418132023
  -14.9300000000   -0.1152750239    0.0424107180
  -14.9200000000   -0.1170032808    0.0430291084
  -14.9100000000   -0.1187564474    0.0436689947
  -14.9000000000   -0.1205347865    0.0443310207
  -14.8900000000   -0.1223385919    0.0450158575
  -14.8800000000   -0.1241681856    0.0457242094
  -14.8700000000   -0.1260239142    0.0464568180
  -14.8600000000   -0.1279061462    0.0472144662
  -14.8500000000   -0.1298152675    0.0479979826
  -14.8400000000   -0.1317516785    0.0488082442
  -14.8300000000   -0.1337157897    0.0496461806
  -14.8200000000   -0.1357080181    0.0505127764
  -14.8100000000   -0.1377287823    0.0514090745
  -14.8000000000   -0.1397784984    0.0523361787
  -14.7900000000   -0.1418575748    0.0532952565
  -14.7800000000   -0.1439664066    0.0542875414
  -14.7700000000   -0.1461053701    0.0553143349
  -14.7600000000   -0.1482748158    0.0563770086
  -14.7500000000   -0.1504750615    0.0574770056
  -14.7400000000   -0.1527063842    0.0586158409
  -14.7300000000   -0.1549690117    0.0597951021
  -14.7200000000   -0.1572631124    0.0610164483
  -14.7100000000   -0.1595887856    0.0622816079
  -14.7000000000   -0.1619460495    0.0635923758
  -14.6900000000   -0.1643348293    0.0649506078
  -14.6800000000   -0.1667549443    0.0663582129
  -14.6700000000   -0.1692060943    0.0678171439
  -14.6600000000   -0.1716878457    0.0693293833
  -14.6500000000   -0.1741996182    0.0708969271
  -14.6400000000   -0.1767406719    0.0725217624
  -14.6300000000   -0.1793100964    0.0742058421
  -14.6200000000   -0.1819068021    0.0759510522
  -14.6100000000   -0.1845295167    0.0777591749
  -14.6000000000   -0.1871767867    0.0796318444
  -14.5900000000   -0.1898469879    0.0815704975
  -14.5800000000   -0.1925383460    0.0835763190
  -14.5700000000   -0.1952489709    0.0856501833
  -14.5600000000   -0.1979769076    0.0877925944
  -14.5500000000   -0.2007202058    0.0900036280
  -14.5400000000   -0.2034770115    0.0922828815
  -14.5300000000   -0.2062456815    0.0946294357
  -14.5200000000   -0.2090249199    0.0970418382
  -14.5100000000   -0.2118139360    0.0995181166
  -14.5000000000   -0.2146126154    0.1020558286
  -14.4900000000   -0.2174216980    0.1046521605
  -14.4800000000   -0.2202429477    0.1073040771
  -14.4700000000   -0.2230792992    0.1100085278
  -14.4600000000   -0.2259349636    0.1127627052
  -14.4500000000   -0.2288154729    0.1155643465
  -14.4400000000   -0.2317276484    0.1184120623
  -14.4300000000   -0.2346794814    0.1213056677
  -14.4200000000   -0.2376799240    0.1242464906
  -14.4100000000   -0.2407385971    0.1272376262
  -14.4000000000   -0.2438654326    0.1302841148
  -14.3900000000   -0.2470702778    0.1333930210
  -14.3800000000   -0.2503624923    0.1365734099
  -14.3700000000   -0.2537505707    0.1398362215
  -14.3600000000   -0.2572418206    0.1431940591
  -14.3500000000   -0.2608421165    0.1466609153
  -14.3400000000   -0.2645557407    0.1502518629
  -14.3300000000   -0.2683853128    0.1539827398
  -14.3200000000   -0.2723317991    0.1578698528
  -14.3100000000   -0.2763945875    0.1619297186
  -14.3000000000   -0.2805716113    0.1661788548
  -14.2900000000   -0.2848595019    0.1706336257
  -14.2800000000   -0.2892537561    0.1753101433
  -14.2700000000   -0.2937489045    0.1802242182
  -14.2600000000   -0.2983386710    0.1853913555
  -14.2500000000   -0.3030161184    0.1908267893
  -14.2400000000   -0.3077737764    0.1965455506
  -14.2300000000   -0.3126037493    0.2025625642
  -14.2200000000   -0.3174978032    0.2088927748
  -14.2100000000   -0.3224474280    0.2155513009
  -14.2000000000   -0.3274438710    0.2225536179
  -14.1900000000   -0.3324781333    0.2299157703
  -14.1800000000   -0.3375409217    0.2376546136
  -14.1700000000   -0.3426225408    0.2457880785
  -14.1600000000   -0.3477127156    0.2543354522
  -14.1500000000   -0.3528003320    0.2633176601
  -14.1400000000   -0.3578730856    0.2727575321
  -14.1300000000   -0.3629170364    0.2826800297
  -14.1200000000   -0.3679160715    0.2931124109
  -14.1100000000   -0.3728512851    0.3040843093
  -14.1000000000   -0.3777002910    0.3156277095
  -14.0900000000   -0.3824364867    0.3277768024
  -14.0800000000   -0.3870282893    0.3405677128
  -14.0700000000   -0.3914383620    0.3540380970
  -14.0600000000   -0.3956228453    0.3682266081
  -14.0500000000   -0.3995306050    0.3831722311
  -14.0400000000   -0.4031025032    0.3989134840
  -14.0300000000   -0.4062706974    0.4154874774
  -14.0200000000   -0.4089579753    0.4329288186
  -14.0100000000   -0.4110771369    0.4512683382
  -14.0000000000   -0.4125304445    0.4705316125
  -13.9900000000   -0.4132091749    0.4907372517
  -13.9800000000   -0.4129933212    0.5118949222
  -13.9700000000   -0.4117515127    0.5340030783
  -13.9600000000   -0.4093412374    0.5570463878
  -13.9500000000   -0.4056094756    0.5809928540
  -13.9400000000   -0.4003938683    0.6057906618
  -13.9300000000   -0.3935245599    0.6313648122
  -13.9200000000   -0.3848268653    0.6576136539
  -13.9100000000   -0.3741249017    0.6844054774
  -13.9000000000   -0.3612463111    0.7115754007
  -13.8900000000   -0.3460281507    0.7389228436
  -13.8800000000   -0.3283239573    0.7662099550
  -13.8700000000   -0.3080118878    0.7931614071
  -13.8600000000   -0.2850036978    0.8194659960
  -13.8500000000   -0.2592541575    0.8447804660
  -13.8400000000   -0.2307703254    0.8687358928
  -13.8300000000   -0.1996199371    0.8909468042
  -13.8200000000   -0.1659380388    0.9110229808
  -13.8100000000   -0.1299309591    0.9285835824
  -13.8000000000   -0.0918767782    0.9432729056
  -13.7900000000   -0.0521216661    0.9547767592
  -13.7800000000   -0.0110718014    0.9628381903
  -13.7700000000    0.0308189690    0.9672711792
  -13.7600000000    0.0730650775    0.9679709848
  -13.7500000000    0.1151676853    0.9649200804
  -13.7400000000    0.1566341932    0.9581890477
  -13.7300000000    0.1969972267    0.9479323323
  -13.7200000000    0.2358315791    0.9343793154
  -13.7100000000    0.2727678707    0.9178216316
  -13.7000000000    0.3075021044    0.8985979907
  -13.6900000000    0.3398007880    0.8770778910
  -13.6800000000    0.3695017705    0.8536455576
  -13.6700000000    0.3965113265    0.8286852265
  -13.6600000000    0.4207982821    0.8025685861
  -13.6500000000    0.4423860982    0.7756448441
  -13.6400000000    0.4613438146    0.7482335667
  -13.6300000000    0.4777766607    0.7206201687
  -13.6200000000    0.4918169740    0.6930537501
  -13.6100000000    0.5036158855    0.6657468626
  -13.6000000000    0.5133360536    0.6388767537
  -13.5900000000    0.5211455741    0.6125876507
  -13.5800000000    0.5272130738    0.5869936980
  -13.5700000000    0.5317039146    0.5621822297
  -13.5600000000    0.5347773831    0.5382171351
  -13.5500000000    0.5365847187    0.5151421427
  -13.5400000000    0.5372678301    0.4929839098
  -13.5300000000    0.5369585605    0.4717548519
  -13.5200000000    0.5357783770    0.4514556793
  -13.5100000000    0.5338383799    0.4320776349
  -13.5000000000    0.5312395465    0.4136044419
  -13.4900000000    0.5280731406    0.3960139793
  -13.4800000000    0.5244212327    0.3792797069
  -13.4700000000    0.5203572910    0.3633718674
  -13.4600000000    0.5159468083    0.3482584876
  -13.4500000000    0.5112479421    0.3339062046
  -13.4400000000    0.5063121497    0.3202809404
  -13.4300000000    0.5011848032    0.3073484438
  -13.4200000000    0.4959057775    0.2950747208
  -13.4100000000    0.4905100038    0.2834263701
  -13.4000000000    0.4850279848    0.2723708378
  -13.3900000000    0.4794862707    0.2618766068
  -13.3800000000    0.4739078950    0.2519133310
  -13.3700000000    0.4683127709    0.2424519247
  -13.3600000000    0.4627180502    0.2334646169
  -13.3500000000    0.4571384466    0.2249249755
  -13.3400000000    0.4515865254    0.2168079103
  -13.3300000000    0.4460729623    0.2090896578
  -13.3200000000    0.4406067744    0.2017477529
  -13.3100000000    0.4351955252    0.1947609905
  -13.3000000000    0.4298455060    0.1881093809
  -13.2900000000    0.4245618971    0.1817740994
  -13.2800000000    0.4193489099    0.1757374333
  -13.2700000000    0.4142099115    0.1699827280
  -13.2600000000    0.4091475359    0.1644943315
  -13.2500000000    0.4041637804    0.1592575404
  -13.2400000000    0.3992600914    0.1542585458
  -13.2300000000    0.3944374390    0.1494843818
  -13.2200000000    0.3896963829    0.1449228752
  -13.2100000000    0.3850371297    0.1405625974
  -13.2000000000    0.3804595840    0.1363928187
  -13.1900000000    0.3759633920    0.1324034646
  -13.1800000000    0.3715479803    0.1285850747
  -13.1700000000    0.3672125898    0.1249287636
  -13.1600000000    0.3629563053    0.1214261848
  -13.1500000000    0.3587780808    0.1180694957
  -13.1400000000    0.3546767623    0.1148513256
  -13.1300000000    0.3506511073    0.1117647454
  -13.1200000000    0.3466998017    0.1088032398
  -13.1100000000    0.3428214746    0.1059606798
  -13.1000000000    0.3390147111    0.1032312993
  -13.0900000000    0.3352780633    0.1006096711
  -13.0800000000    0.3316100601    0.0980906860
  -13.0700000000    0.3280092153    0.0956695325
  -13.0600000000    0.3244740346    0.0933416784
  -13.0500000000    0.3210030220    0.0911028531
  -13.0400000000    0.3175946846    0.0889490318
  -13.0300000000    0.3142475375    0.0868764202
  -13.0200000000    0.3109601072    0.0848814408
  -13.0100000000    0.3077309348    0.0829607195
  -13.0000000000    0.3045585789    0.0811110738
  -12.9900000000    0.3014416174    0.0793295013
  -12.9800000000    0.2983786496    0.0776131694
  -12.9700000000    0.2953682978    0.0759594056
  -12.9600000000    0.2924092079    0.0743656883
  -12.9500000000    0.2895000510    0.0728296385
  -12.9400000000    0.2866395237    0.0713490121
  -12.9300000000    0.2838263486    0.0699216924
  -12.9200000000    0.2810592751    0.0685456839
  -12.9100000000    0.2783370789    0.0672191055
  -12.9000000000    0.2756585629    0.0659401854
  -12.8900000000    0.2730225567    0.0647072552
  -12.8800000000    0.2704279170    0.0635187456
  -12.8700000000    0.2678735270    0.0623731815
  -12.8600000000    0.2653582968    0.0612691781
  -12.8500000000    0.2628811629    0.0602054371
  -12.8400000000    0.2604410882    0.0591807433
  -12.8300000000    0.2580370620    0.0581939615
  -12.8200000000    0.2556680997    0.0572440335
  -12.8100000000    0.2533332428    0.0563299761
  -12.8000000000    0.2510315588    0.0554508784
  -12.7900000000    0.2487621413    0.0546059000
  -12.7800000000    0.2465241102    0.0537942695
  -12.7700000000    0.2443166118    0.0530152829
  -12.7600000000    0.2421388192    0.0522683024
  -12.7500000000    0.2399899328    0.0515527558
  -12.7400000000    0.2378691806    0.0508681352
  -12.7300000000    0.2357758196    0.0502139975
  -12.7200000000    0.2337091363    0.0495899632
  -12.7100000000    0.2316684480    0.0489957170
  -12.7000000000    0.2296531046    0.0484310081
  -12.6900000000    0.2276624900    0.0478956503
  -12.6800000000    0.2256960248    0.0473895228
  -12.6700000000    0.2237531683    0.0469125711
  -12.6600000000    0.2218334219    0.0464648082
  -12.6500000000    0.2199363326    0.0460463153
  -12.6400000000    0.2180614968    0.0456572435
  -12.6300000000    0.2162085656    0.0452978152
  -12.6200000000    0.2143772499    0.0449683254
  -12.6100000000    0.2125673272    0.0446691431
  -12.6000000000    0.2107786483    0.0444007128
  -12.5900000000    0.2090111466    0.0441635558
  -12.5800000000    0.2072648468    0.0439582708
  -12.5700000000    0.2055398768    0.0437855344
  -12.5600000000    0.2038364793    0.0436461010
  -12.5500000000    0.2021550264    0.0435408019
  -12.5400000000    0.2004960354    0.0434705426
  -12.5300000000    0.1988601865    0.0434362995
  -12.5200000000    0.1972483427    0.0434391141
  -12.5100000000    0.1956615722    0.0434800849
  -12.5000000000    0.1941011722    0.0435603561
  -12.4900000000    0.1925686956    0.0436811029
  -12.4800000000    0.1910659798    0.0438435113
  -12.4700000000    0.1895951766    0.0440487535
  -12.4600000000    0.1881587845    0.0442979553
  -12.4500000000    0.1867596808    0.0445921559
  -12.4400000000    0.1854011534    0.0449322584
  -12.4300000000    0.1840869310    0.0453189690
  -12.4200000000    0.1828212089    0.0457527243
  -12.4100000000    0.1816086682    0.0462336046
  -12.4000000000    0.1804544850    0.0467612327
  -12.3900000000    0.1793643248    0.0473346569
  -12.3800000000    0.1783443178    0.0479522204
  -12.3700000000    0.1774010081    0.0486114164
  -12.3600000000    0.1765412705    0.0493087337
  -12.3500000000    0.1757721888    0.0500394975
  -12.3400000000    0.1751008870    0.0507977146
  -12.3300000000    0.1745343096    0.0515759337
  -12.3200000000    0.1740789464    0.0523651352
  -12.3100000000    0.1737405030    0.0531546691
  -12.3000000000    0.1735235232    0.0539322620
  -12.2900000000    0.1734309757    0.0546841115
  -12.2800000000    0.1734638267    0.0553950904
  -12.2700000000    0.1736206294    0.0560490729
  -12.2600000000    0.1738971670    0.0566293893
  -12.2500000000    0.1742861928    0.0571194005
  -12.2400000000    0.1747773100    0.0575031711
  -12.2300000000    0.1753570288    0.0577661996
  -12.2200000000    0.1760090230    0.0578961531
  -12.2100000000    0.1767145926    0.0578835402
  -12.2000000000    0.1774533116    0.0577222588
  -12.1900000000    0.1782038186    0.0574099593
  -12.1800000000    0.1789446874    0.0569481830
  -12.1700000000    0.1796553043    0.0563422609
  -12.1600000000    0.1803166761    0.0556009836
  -12.1500000000    0.1809121042    0.0547360785
  -12.1400000000    0.1814276782    0.0537615518
  -12.1300000000    0.1818525659    0.0526929581
  -12.1200000000    0.1821791007    0.0515466645
  -12.1100000000    0.1824026864    0.0503391647
  -12.1000000000    0.1825215566    0.0490864857
  -12.0900000000    0.1825364292    0.0478037127
  -12.0800000000    0.1824501008    0.0465046424
  -12.0700000000    0.1822670193    0.0452015596
  -12.0600000000    0.1819928656    0.0439051267
  -12.0500000000    0.1816341688    0.0426243643
  -12.0400000000    0.1811979683    0.0413667042
  -12.0300000000    0.1806915290    0.0401380933
  -12.0200000000    0.1801221133    0.0389431297
  -12.0100000000    0.1794968047    0.0377852169
  -12.0000000000    0.1788223787    0.0366667226
  -11.9900000000    0.1781052145    0.0355891347
  -11.9800000000    0.1773512400    0.0345532074
  -11.9700000000    0.1765659034    0.0335590951
  -11.9600000000    0.1757541657    0.0326064710
  -11.9500000000    0.1749205081    0.0316946304
  -11.9400000000    0.1740689501    0.0308225795
  -11.9300000000    0.1732030753    0.0299891101
  -11.9200000000    0.1723260611    0.0291928615
  -11.9100000000    0.1714407109    0.0284323714
  -11.9000000000    0.1705494868    0.0277061172
  -11.8900000000    0.1696545421    0.0270125483
  -11.8800000000    0.1687577518    0.0263501126
  -11.8700000000    0.1678607426    0.0257172756
  -11.8600000000    0.1669649194    0.0251125360
  -11.8500000000    0.1660714909    0.0245344363
  -11.8400000000    0.1651814917    0.0239815712
  -11.8300000000    0.1642958036    0.0234525924
  -11.8200000000    0.1634151735    0.0229462121
  -11.8100000000    0.1625402302    0.0224612044
  -11.8000000000    0.1616714992    0.0219964060
  -11.7900000000    0.1608094156    0.0215507155
  -11.7800000000    0.1599543356    0.0211230921
  -11.7700000000    0.1591065472    0.0207125540
  -11.7600000000    0.1582662784    0.0203181759
  -11.7500000000    0.1574337057    0.0199390869
  -11.7400000000    0.1566089610    0.0195744682
  -11.7300000000    0.1557921372    0.0192235497
  -11.7200000000    0.1549832942    0.0188856084
  -11.7100000000    0.1541824631    0.0185599648
  -11.7000000000    0.1533896504    0.0182459811
  -11.6900000000    0.1526048415    0.0179430583
  -11.6800000000    0.1518280041    0.0176506339
  -11.6700000000    0.1510590905    0.0173681800
  -11.6600000000    0.1502980402    0.0170952002
  -11.6500000000    0.1495447819    0.0168312288
  -11.6400000000    0.1487992353    0.0165758278
  -11.6300000000    0.1480613125    0.0163285855
  -11.6200000000    0.1473309197    0.0160891150
  -11.6100000000    0.1466079582    0.0158570522
  -11.6000000000    0.1458923251    0.0156320545
  -11.5900000000    0.1451839148    0.0154137993
  -11.5800000000    0.1444826191    0.0152019827
  -11.5700000000    0.1437883284    0.0149963186
  -11.5600000000    0.1431009319    0.0147965368
  -11.5500000000    0.1424203184    0.0146023828
  -11.5400000000    0.1417463764    0.0144136163
  -11.5300000000    0.1410789946    0.0142300102
  -11.5200000000    0.1404180622    0.0140513503
  -11.5100000000    0.1397634692    0.0138774337
  -11.5000000000    0.1391151065    0.0137080688
  -11.4900000000    0.1384728662    0.0135430741
  -11.4800000000    0.1378366417    0.0133822779
  -11.4700000000    0.1372063277    0.0132255174
  -11.4600000000    0.1365818206    0.0130726383
  -11.4500000000    0.1359630184    0.0129234945
  -11.4400000000    0.1353498205    0.0127779470
  -11.4300000000    0.1347421282    0.0126358640
  -11.4200000000    0.1341398447    0.0124971204
  -11.4100000000    0.1335428746    0.0123615971
  -11.4000000000    0.1329511245    0.0122291810
  -11.3900000000    0.1323645029    0.0120997645
  -11.3800000000    0.1317829199    0.0119732450
  -11.3700000000    0.1312062873    0.0118495250
  -11.3600000000    0.1306345190    0.0117285114
  -11.3500000000    0.1300675303    0.0116101156
  -11.3400000000    0.1295052384    0.0114942531
  -11.3300000000    0.1289475623    0.0113808430
  -11.3200000000    0.1283944223    0.0112698085
  -11.3100000000    0.1278457408    0.0111610759
  -11.3000000000    0.1273014416    0.0110545748
  -11.2900000000    0.1267614501    0.0109502381
  -11.2800000000    0.1262256933    0.0108480014
  -11.2700000000    0.1256940996    0.0107478033
  -11.2600000000    0.1251665990    0.0106495848
  -11.2500000000    0.1246431230    0.0105532895
  -11.2400000000    0.1241236045    0.0104588633
  -11.2300000000    0.1236079776    0.0103662546
  -11.2200000000    0.1230961781    0.0102754135
  -11.2100000000    0.1225881427    0.0101862926
  -11.2000000000    0.1220838098    0.0100988460
  -11.1900000000    0.1215831187    0.0100130299
  -11.1800000000    0.1210860102    0.0099288022
  -11.1700000000    0.1205924262    0.0098461224
  -11.1600000000    0.1201023096    0.0097649516
  -11.1500000000    0.1196156047    0.0096852524
  -11.1400000000    0.1191322567    0.0096069889
  -11.1300000000    0.1186522119    0.0095301266
  -11.1200000000    0.1181754177    0.0094546321
  -11.1100000000    0.1177018225    0.0093804736
  -11.1000000000    0.1172313756    0.0093076201
  -11.0900000000    0.1167640272    0.0092360420
  -11.0800000000    0.1162997288    0.0091657108
  -11.0700000000    0.1158384323    0.0090965990
  -11.0600000000    0.1153800908    0.0090286800
  -11.0500000000    0.1149246582    0.0089619282
  -11.0400000000    0.1144720892    0.0088963192
  -11.0300000000    0.1140223392    0.0088318290
  -11.0200000000    0.1135753646    0.0087684349
  -11.0100000000    0.1131311223    0.0087061147
  -11.0000000000    0.1126895702    0.0086448472
  -10.9900000000    0.1122506667    0.0085846118
  -10.9800000000    0.1118143711    0.0085253887
  -10.9700000000    0.1113806431    0.0084671587
  -10.9600000000    0.1109494433    0.0084099035
  -10.9500000000    0.1105207329    0.0083536052
  -10.9400000000    0.1100944737    0.0082982467
  -10.9300000000    0.1096706279    0.0082438113
  -10.9200000000    0.1092491586    0.0081902831
  -10.9100000000    0.1088300294    0.0081376466
  -10.9000000000    0.1084132041    0.0080858869
  -10.8900000000    0.1079986475    0.0080349897
  -10.8800000000    0.1075863247    0.0079849411
  -10.8700000000    0.1071762013    0.0079357277
  -10.8600000000    0.1067682434    0.0078873367
  -10.8500000000    0.1063624176    0.0078397555
  -10.8400000000    0.1059586908    0.0077929722
  -10.8300000000    0.1055570307    0.0077469752
  -10.8200000000    0.1051574050    0.0077017535
  -10.8100000000    0.1047597820    0.0076572962
  -10.8000000000    0.1043641306    0.0076135930
  -10.7900000000    0.1039704197    0.0075706341
  -10.7800000000    0.1035786189    0.0075284097
  -10.7700000000    0.1031886980    0.0074869109
  -10.7600000000    0.1028006271    0.0074461286
  -10.7500000000    0.1024143769    0.0074060545
  -10.7400000000    0.1020299181    0.0073666804
  -10.7300000000    0.1016472219    0.0073279984
  -10.7200000000    0.1012662597    0.0072900012
  -10.7100000000    0.1008870034    0.0072526816
  -10.7000000000    0.1005094249    0.0072160328
  -10.6900000000    0.1001334966    0.0071800482
  -10.6800000000    0.0997591910    0.0071447216
  -10.6700000000    0.0993864809    0.0071100472
  -10.6600000000    0.0990153394    0.0070760193
  -10.6500000000    0.0986457397    0.0070426326
  -10.6400000000    0.0982776554    0.0070098820
  -10.6300000000    0.0979110601    0.0069777629
  -10.6200000000    0.0975459277    0.0069462708
  -10.6100000000    0.0971822323    0.0069154014
  -10.6000000000    0.0968199481    0.0068851510
  -10.5900000000    0.0964590497    0.0068555158
  -10.5800000000    0.0960995115    0.0068264925
  -10.5700000000    0.0957413082    0.0067980781
  -10.5600000000    0.0953844149    0.0067702697
  -10.5500000000    0.0950288063    0.0067430648
  -10.5400000000    0.0946744577    0.0067164612
  -10.5300000000    0.0943213443    0.0066904568
  -10.5200000000    0.0939694414    0.0066650500
  -10.5100000000    0.0936187244    0.0066402392
  -10.5000000000    0.0932691688    0.0066160234
  -10.4900000000    0.0929207501    0.0065924015
  -10.4800000000    0.0925734440    0.0065693731
  -10.4700000000    0.0922272262    0.0065469376
  -10.4600000000    0.0918820724    0.0065250952
  -10.4500000000    0.0915379583    0.0065038459
  -10.4400000000    0.0911948597    0.0064831902
  -10.4300000000    0.0908527524    0.0064631290
  -10.4200000000    0.0905116122    0.0064436634
  -10.4100000000    0.0901714149    0.0064247946
  -10.4000000000    0.0898321362    0.0064065244
  -10.3900000000    0.0894937520    0.0063888548
  -10.3800000000    0.0891562379    0.0063717881
  -10.3700000000    0.0888195695    0.0063553267
  -10.3600000000    0.0884837225    0.0063394738
  -10.3500000000    0.0881486725    0.0063242325
  -10.3400000000    0.0878143948    0.0063096065
  -10.3300000000    0.0874808649    0.0062955996
  -10.3200000000    0.0871480580    0.0062822162
  -10.3100000000    0.0868159493    0.0062694609
  -10.3000000000    0.0864845138    0.0062573388
  -10.2900000000    0.0861537265    0.0062458552
  -10.2800000000    0.0858235621    0.0062350159
  -10.2700000000    0.0854939951    0.0062248271
  -10.2600000000    0.0851650001    0.0062152955
  -10.2500000000    0.0848365513    0.0062064280
  -10.2400000000    0.0845086227    0.0061982321
  -10.2300000000    0.0841811881    0.0061907157
  -10.2200000000    0.0838542213    0.0061838873
  -10.2100000000    0.0835276956    0.0061777556
  -10.2000000000    0.0832015840    0.0061723300
  -10.1900000000    0.0828758596    0.0061676205
  -10.1800000000    0.0825504949    0.0061636373
  -10.1700000000    0.0822254622    0.0061603915
  -10.1600000000    0.0819007336    0.0061578946
  -10.1500000000    0.0815762806    0.0061561588
  -10.1400000000    0.0812520746    0.0061551966
  -10.1300000000    0.0809280866    0.0061550216
  -10.1200000000    0.0806042873    0.0061556478
  -10.1100000000    0.0802806468    0.0061570899
  -10.1000000000    0.0799571349    0.0061593634
  -10.0900000000    0.0796337211    0.0061624844
  -10.0800000000    0.0793103742    0.0061664699
  -10.0700000000    0.0789870628    0.0061713378
  -10.0600000000    0.0786637549    0.0061771066
  -10.0500000000    0.0783404179    0.0061837960
  -10.0400000000    0.0780170188    0.0061914262
  -10.0300000000    0.0776935241    0.0062000188
  -10.0200000000    0.0773698996    0.0062095961
  -10.0100000000    0.0770461106    0.0062201815
  -10.0000000000    0.0767221217    0.0062317998
   -9.9900000000    0.0763978971    0.0062444765
   -9.9800000000    0.0760734000    0.0062582386
   -9.9700000000    0.0757485932    0.0062731143
   -9.9600000000    0.0754234387    0.0062891330
   -9.9500000000    0.0750978977    0.0063063256
   -9.9400000000    0.0747719307    0.0063247246
   -9.9300000000    0.0744454974    0.0063443636
   -9.9200000000    0.0741185568    0.0063652783
   -9.9100000000    0.0737910668    0.0063875057
   -9.9000000000    0.0734629848    0.0064110848
   -9.8900000000    0.0731342670    0.0064360564
   -9.8800000000    0.0728048689    0.0064624631
   -9.8700000000    0.0724747448    0.0064903497
   -9.8600000000    0.0721438481    0.0065197633
   -9.8500000000    0.0718121315    0.0065507530
   -9.8400000000    0.0714795462    0.0065833704
   -9.8300000000    0.0711460425    0.0066176698
   -9.8200000000    0.0708115699    0.0066537079
   -9.8100000000    0.0704760763    0.0066915444
   -9.8000000000    0.0701395087    0.0067312420
   -9.7900000000    0.0698018129    0.0067728663
   -9.7800000000    0.0694629336    0.0068164866
   -9.7700000000    0.0691228139    0.0068621754
   -9.7600000000    0.0687813961    0.0069100090
   -9.7500000000    0.0684386210    0.0069600676
   -9.7400000000    0.0680944280    0.0070124357
   -9.7300000000    0.0677487553    0.0070672020
   -9.7200000000    0.0674015399    0.0071244600
   -9.7100000000    0.0670527172    0.0071843081
   -9.7000000000    0.0667022215    0.0072468500
   -9.6900000000    0.0663499856    0.0073121948
   -9.6800000000    0.0659959410    0.0073804576
   -9.6700000000    0.0656400180    0.0074517599
   -9.6600000000    0.0652821454    0.0075262296
   -9.6500000000    0.0649222508    0.0076040019
   -9.6400000000    0.0645602607    0.0076852193
   -9.6300000000    0.0641961004    0.0077700325
   -9.6200000000    0.0638296938    0.0078586007
   -9.6100000000    0.0634609643    0.0079510920
   -9.6000000000    0.0630898339    0.0080476843
   -9.5900000000    0.0627162243    0.0081485658
   -9.5800000000    0.0623400561    0.0082539355
   -9.5700000000    0.0619612499    0.0083640043
   -9.5600000000    0.0615797258    0.0084789955
   -9.5500000000    0.0611954041    0.0085991456
   -9.5400000000    0.0608082053    0.0087247054
   -9.5300000000    0.0604180508    0.0088559409
   -9.5200000000    0.0600248628    0.0089931343
   -9.5100000000    0.0596285653    0.0091365850
   -9.5000000000    0.0592290845    0.0092866109
   -9.4900000000    0.0588263490    0.0094435499
   -9.4800000000    0.0584202911    0.0096077607
   -9.4700000000    0.0580108475    0.0097796249
   -9.4600000000    0.0575979599    0.0099595480
   -9.4500000000    0.0571815765    0.0101479614
   -9.4400000000    0.0567616531    0.0103453242
   -9.4300000000    0.0563381547    0.0105521248
   -9.4200000000    0.0559110567    0.0107688835
   -9.4100000000    0.0554803475    0.0109961538
   -9.4000000000    0.0550460300    0.0112345255
   -9.3900000000    0.0546081246    0.0114846267
   -9.3800000000    0.0541666716    0.0117471263
   -9.3700000000    0.0537217347    0.0120227370
   -9.3600000000    0.0532734046    0.0123122178
   -9.3500000000    0.0528218032    0.0126163769
   -9.3400000000    0.0523670884    0.0129360748
   -9.3300000000    0.0519094595    0.0132722275
   -9.3200000000    0.0514491636    0.0136258093
   -9.3100000000    0.0509865023    0.0139978562
   -9.3000000000    0.0505218401    0.0143894686
   -9.2900000000    0.0500556132    0.0148018144
   -9.2800000000    0.0495883399    0.0152361316
   -9.2700000000    0.0491206325    0.0156937306
   -9.2600000000    0.0486532100    0.0161759958
   -9.2500000000    0.0481869134    0.0166843868
   -9.2400000000    0.0477227222    0.0172204384
   -9.2300000000    0.0472617732    0.0177857593
   -9.2200000000    0.0468053816    0.0183820293
   -9.2100000000    0.0463550637    0.0190109947
   -9.2000000000    0.0459125637    0.0196744601
   -9.1900000000    0.0454798810    0.0203742783
   -9.1800000000    0.0450593023    0.0211123349
   -9.1700000000    0.0446534342    0.0218905287
   -9.1600000000    0.0442652398    0.0227107460
   -9.1500000000    0.0438980764    0.0235748271
   -9.1400000000    0.0435557346    0.0244845252
   -9.1300000000    0.0432424781    0.0254414541
   -9.1200000000    0.0429630823    0.0264470249
   -9.1100000000    0.0427228698    0.0275023689
   -9.1000000000    0.0425277407    0.0286082457
   -9.0900000000    0.0423841942    0.0297649340
   -9.0800000000    0.0422993367    0.0309721058
   -9.0700000000    0.0422808724    0.0322286817
   -9.0600000000    0.0423370692    0.0335326685
   -9.0500000000    0.0424766935    0.0348809822
   -9.0400000000    0.0427089053    0.0362692586
   -9.0300000000    0.0430431063    0.0376916596
   -9.0200000000    0.0434887326    0.0391406842
   -9.0100000000    0.0440549851    0.0406069979
   -9.0000000000    0.0447504946    0.0420792972
   -8.9900000000    0.0455829216    0.0435442313
   -8.9800000000    0.0465584961    0.0449864030
   -8.9700000000    0.0476815150    0.0463884744
   -8.9600000000    0.0489538172    0.0477314007
   -8.9500000000    0.0503742741    0.0489948087
   -8.9400000000    0.0519383360    0.0501575302
   -8.9300000000    0.0536376857    0.0511982827
   -8.9200000000    0.0554600499    0.0520964757
   -8.9100000000    0.0573892136    0.0528330998
   -8.9000000000    0.0594052725    0.0533916383
   -8.8900000000    0.0614851319    0.0537589285
   -8.8800000000    0.0636032422    0.0539258934
   -8.8700000000    0.0657325253    0.0538880726
   -8.8600000000    0.0678454276    0.0536458950
   -8.8500000000    0.0699150135    0.0532046640
   -8.8400000000    0.0719160111    0.0525742570
   -8.8300000000    0.0738257257    0.0517685692
   -8.8200000000    0.0756247552    0.0508047617
   -8.8100000000    0.0772974680    0.0497023853
   -8.8000000000    0.0788322308    0.0484824607
   -8.7900000000    0.0802213999    0.0471665871
   -8.7800000000    0.0814611100    0.0457761383
   -8.7700000000    0.0825509095    0.0443315895
   -8.7600000000    0.0834932915    0.0428519942
   -8.7500000000    0.0842931718    0.0413546172
   -8.7400000000    0.0849573579    0.0398547136
   -8.7300000000    0.0854940406    0.0383654354
   -8.7200000000    0.0859123330    0.0368978409
   -8.7100000000    0.0862218707    0.0354609830
   -8.7000000000    0.0864324786    0.0340620519
   -8.6900000000    0.0865539040    0.0327065512
   -8.6800000000    0.0865956120    0.0313984907
   -8.6700000000    0.0865666357    0.0301405820
   -8.6600000000    0.0864754723    0.0289344291
   -8.6500000000    0.0863300182    0.0277807059
   -8.6400000000    0.0861375336    0.0266793182
   -8.6300000000    0.0859046297    0.0256295489
   -8.6200000000    0.0856372732    0.0246301858
   -8.6100000000    0.0853408030    0.0236796334
   -8.6000000000    0.0850199546    0.0227760094
   -8.5900000000    0.0846788911    0.0219172299
   -8.5800000000    0.0843212376    0.0211010814
   -8.5700000000    0.0839501191    0.0203252851
   -8.5600000000    0.0835682005    0.0195875511
   -8.5500000000    0.0831777295    0.0188856252
   -8.5400000000    0.0827805803    0.0182173280
   -8.5300000000    0.0823782996    0.0175805858
   -8.5200000000    0.0819721524    0.0169734538
   -8.5100000000    0.0815631679    0.0163941307
   -8.5000000000    0.0811521832    0.0158409662
   -8.4900000000    0.0807398836    0.0153124608
   -8.4800000000    0.0803268390    0.0148072591
   -8.4700000000    0.0799135345    0.0143241392
   -8.4600000000    0.0795003953    0.0138619972
   -8.4500000000    0.0790878053    0.0134198317
   -8.4400000000    0.0786761206    0.0129967268
   -8.4300000000    0.0782656778    0.0125918363
   -8.4200000000    0.0778567984    0.0122043701
   -8.4100000000    0.0774497901    0.0118335823
   -8.4000000000    0.0770449469    0.0114787620
   -8.3900000000    0.0766425468    0.0111392263
   -8.3800000000    0.0762428503    0.0108143158
   -8.3700000000    0.0758460979    0.0105033912
   -8.3600000000    0.0754525086    0.0102058319
   -8.3500000000    0.0750622787    0.0099210352
   -8.3400000000    0.0746755810    0.0096484163
   -8.3300000000    0.0742925650    0.0093874087
   -8.3200000000    0.0739133570    0.0091374648
   -8.3100000000    0.0735380613    0.0088980563
   -8.3000000000    0.0731667609    0.0086686752
   -8.2900000000    0.0727995194    0.0084488336
   -8.2800000000    0.0724363824    0.0082380643
   -8.2700000000    0.0720773789    0.0080359208
   -8.2600000000    0.0717225232    0.0078419771
   -8.2500000000    0.0713718161    0.0076558277
   -8.2400000000    0.0710252469    0.0074770867
   -8.2300000000    0.0706827948    0.0073053878
   -8.2200000000    0.0703444298    0.0071403835
   -8.2100000000    0.0700101144    0.0069817441
   -8.2000000000    0.0696798045    0.0068291578
   -8.1900000000    0.0693534506    0.0066823290
   -8.1800000000    0.0690309985    0.0065409783
   -8.1700000000    0.0687123903    0.0064048412
   -8.1600000000    0.0683975650    0.0062736679
   -8.1500000000    0.0680864592    0.0061472219
   -8.1400000000    0.0677790078    0.0060252797
   -8.1300000000    0.0674751441    0.0059076300
   -8.1200000000    0.0671748007    0.0057940731
   -8.1100000000    0.0668779095    0.0056844200
   -8.1000000000    0.0665844022    0.0055784921
   -8.0900000000    0.0662942107    0.0054761202
   -8.0800000000    0.0660072670    0.0053771445
   -8.0700000000    0.0657235035    0.0052814134
   -8.0600000000    0.0654428536    0.0051887837
   -8.0500000000    0.0651652510    0.0050991195
   -8.0400000000    0.0648906308    0.0050122923
   -8.0300000000    0.0646189288    0.0049281800
   -8.0200000000    0.0643500820    0.0048466671
   -8.0100000000    0.0640840283    0.0047676439
   -8.0000000000    0.0638207072    0.0046910063
   -7.9900000000    0.0635600591    0.0046166556
   -7.9800000000    0.0633020258    0.0045444979
   -7.9700000000    0.0630465503    0.0044744441
   -7.9600000000    0.0627935770    0.0044064095
   -7.9500000000    0.0625430515    0.0043403136
   -7.9400000000    0.0622949207    0.0042760798
   -7.9300000000    0.0620491327    0.0042136351
   -7.9200000000    0.0618056370    0.0041529101
   -7.9100000000    0.0615643843    0.0040938388
   -7.9000000000    0.0613253266    0.0040363581
   -7.8900000000    0.0610884169    0.0039804081
   -7.8800000000    0.0608536097    0.0039259314
   -7.8700000000    0.0606208605    0.0038728736
   -7.8600000000    0.0603901260    0.0038211824
   -7.8500000000    0.0601613639    0.0037708082
   -7.8400000000    0.0599345333    0.0037217035
   -7.8300000000    0.0597095940    0.0036738228
   -7.8200000000    0.0594865072    0.0036271228
   -7.8100000000    0.0592652349    0.0035815620
   -7.8000000000    0.0590457402    0.0035371008
   -7.7900000000    0.0588279872    0.0034937012
   -7.7800000000    0.0586119408    0.0034513268
   -7.7700000000    0.0583975670    0.0034099429
   -7.7600000000    0.0581848326    0.0033695163
   -7.7500000000    0.0579737053    0.0033300148
   -7.7400000000    0.0577641537    0.0032914081
   -7.7300000000    0.0575561470    0.0032536667
   -7.7200000000    0.0573496555    0.0032167625
   -7.7100000000    0.0571446501    0.0031806685
   -7.7000000000    0.0569411026    0.0031453588
   -7.6900000000    0.0567389853    0.0031108086
   -7.6800000000    0.0565382714    0.0030769939
   -7.6700000000    0.0563389348    0.0030438918
   -7.6600000000    0.0561409500    0.0030114803
   -7.6500000000    0.0559442921    0.0029797382
   -7.6400000000    0.0557489369    0.0029486450
   -7.6300000000    0.0555548609    0.0029181812
   -7.6200000000    0.0553620411    0.0028883280
   -7.6100000000    0.0551704551    0.0028590671
   -7.6000000000    0.0549800809    0.0028303812
   -7.5900000000    0.0547908973    0.0028022534
   -7.5800000000    0.0546028836    0.0027746674
   -7.5700000000    0.0544160194    0.0027476077
   -7.5600000000    0.0542302850    0.0027210593
   -7.5500000000    0.0540456611    0.0026950076
   -7.5400000000    0.0538621289    0.0026694386
   -7.5300000000    0.0536796701    0.0026443389
   -7.5200000000    0.0534982667    0.0026196955
   -7.5100000000    0.0533179012    0.0025954958
   -7.5000000000    0.0531385566    0.0025717276
   -7.4900000000    0.0529602162    0.0025483794
   -7.4800000000    0.0527828638    0.0025254397
   -7.4700000000    0.0526064833    0.0025028977
   -7.4600000000    0.0524310595    0.0024807428
   -7.4500000000    0.0522565769    0.0024589649
   -7.4400000000    0.0520830210    0.0024375541
   -7.4300000000    0.0519103771    0.0024165008
   -7.4200000000    0.0517386312    0.0023957960
   -7.4100000000    0.0515677694    0.0023754306
   -7.4000000000    0.0513977782    0.0023553960
   -7.3900000000    0.0512286445    0.0023356839
   -7.3800000000    0.0510603553    0.0023162863
   -7.3700000000    0.0508928979    0.0022971953
   -7.3600000000    0.0507262601    0.0022784034
   -7.3500000000    0.0505604298    0.0022599032
   -7.3400000000    0.0503953951    0.0022416876
   -7.3300000000    0.0502311445    0.0022237498
   -7.3200000000    0.0500676668    0.0022060831
   -7.3100000000    0.0499049507    0.0021886810
   -7.3000000000    0.0497429856    0.0021715373
   -7.2900000000    0.0495817607    0.0021546459
   -7.2800000000    0.0494212658    0.0021380008
   -7.2700000000    0.0492614907    0.0021215965
   -7.2600000000    0.0491024253    0.0021054273
   -7.2500000000    0.0489440601    0.0020894879
   -7.2400000000    0.0487863854    0.0020737731
   -7.2300000000    0.0486293918    0.0020582777
   -7.2200000000    0.0484730703    0.0020429968
   -7.2100000000    0.0483174119    0.0020279257
   -7.2000000000    0.0481624077    0.0020130598
   -7.1900000000    0.0480080491    0.0019983945
   -7.1800000000    0.0478543278    0.0019839254
   -7.1700000000    0.0477012353    0.0019696482
   -7.1600000000    0.0475487637    0.0019555590
   -7.1500000000    0.0473969049    0.0019416535
   -7.1400000000    0.0472456511    0.0019279279
   -7.1300000000    0.0470949947    0.0019143784
   -7.1200000000    0.0469449282    0.0019010013
   -7.1100000000    0.0467954441    0.0018877929
   -7.1000000000    0.0466465354    0.0018747499
   -7.0900000000    0.0464981948    0.0018618687
   -7.0800000000    0.0463504154    0.0018491461
   -7.0700000000    0.0462031904    0.0018365788
   -7.0600000000    0.0460565131    0.0018241636
   -7.0500000000    0.0459103769    0.0018118976
   -7.0400000000    0.0457647754    0.0017997777
   -7.0300000000    0.0456197021    0.0017878010
   -7.0200000000    0.0454751509    0.0017759648
   -7.0100000000    0.0453311156    0.0017642661
   -7.0000000000    0.0451875903    0.0017527024
   -6.9900000000    0.0450445689    0.0017412711
   -6.9800000000    0.0449020458    0.0017299695
   -6.9700000000    0.0447600153    0.0017187952
   -6.9600000000    0.0446184716    0.0017077457
   -6.9500000000    0.0444774094    0.0016968188
   -6.9400000000    0.0443368231    0.0016860120
   -6.9300000000    0.0441967076    0.0016753232
   -6.9200000000    0.0440570575    0.0016647501
   -6.9100000000    0.0439178678    0.0016542907
   -6.9000000000    0.0437791333    0.0016439427
   -6.8900000000    0.0436408491    0.0016337042
   -6.8800000000    0.0435030103    0.0016235731
   -6.8700000000    0.0433656121    0.0016135476
   -6.8600000000    0.0432304980    0.0015689044
   -6.8500000000    0.0430939361    0.0015592879
   -6.8400000000    0.0429578015    0.0015497685
   -6.8300000000    0.0428220897    0.0015403448
   -6.8200000000    0.0426867963    0.0015310148
   -6.8100000000    0.0425519169    0.0015217772
   -6.8000000000    0.0424174470    0.0015126302
   -6.7900000000    0.0422833826    0.0015035723
   -6.7800000000    0.0421497195    0.0014946019
   -6.7700000000    0.0420164534    0.0014857177
   -6.7600000000    0.0418835804    0.0014769181
   -6.7500000000    0.0417510965    0.0014682018
   -6.7400000000    0.0416189977    0.0014595672
   -6.7300000000    0.0414872801    0.0014510131
   -6.7200000000    0.0413559401    0.0014425382
   -6.7100000000    0.0412249737    0.0014341411
   -6.7000000000    0.0410943773    0.0014258206
   -6.6900000000    0.0409641473    0.0014175754
   -6.6800000000    0.0408342801    0.0014094044
   -6.6700000000    0.0407047721    0.0014013062
   -6.6600000000    0.0405756198    0.0013932798
   -6.6500000000    0.0404468198    0.0013853239
   -6.6400000000    0.0403183687    0.0013774376
   -6.6300000000    0.0401902632    0.0013696196
   -6.6200000000    0.0400625000    0.0013618690
   -6.6100000000    0.0399350757    0.0013541846
   -6.6000000000    0.0398079873    0.0013465655
   -6.5900000000    0.0396812315    0.0013390106
   -6.5800000000    0.0395548053    0.0013315189
   -6.5700000000    0.0394287055    0.0013240895
   -6.5600000000    0.0393029292    0.0013167214
   -6.5500000000    0.0391774733    0.0013094137
   -6.5400000000    0.0390523348    0.0013021655
   -6.5300000000    0.0389275109    0.0012949758
   -6.5200000000    0.0388029987    0.0012878439
   -6.5100000000    0.0386787954    0.0012807688
   -6.5000000000    0.0385548981    0.0012737498
   -6.4900000000    0.0384313041    0.0012667859
   -6.4800000000    0.0383080106    0.0012598764
   -6.4700000000    0.0381850150    0.0012530205
   -6.4600000000    0.0380623145    0.0012462173
   -6.4500000000    0.0379399067    0.0012394663
   -6.4400000000    0.0378177887    0.0012327665
   -6.4300000000    0.0376959582    0.0012261172
   -6.4200000000    0.0375744125    0.0012195178
   -6.4100000000    0.0374531492    0.0012129675
   -6.4000000000    0.0373321658    0.0012064657
   -6.3900000000    0.0372114598    0.0012000116
   -6.3800000000    0.0370910288    0.0011936045
   -6.3700000000    0.0369708705    0.0011872439
   -6.3600000000    0.0368509824    0.0011809291
   -6.3500000000    0.0367313623    0.0011746594
   -6.3400000000    0.0366120078    0.0011684342
   -6.3300000000    0.0364929167    0.0011622529
   -6.3200000000    0.0363740867    0.0011561149
   -6.3100000000    0.0362555156    0.0011500196
   -6.3000000000    0.0361372011    0.0011439665
   -6.2900000000    0.0360191412    0.0011379549
   -6.2800000000    0.0359013336    0.0011319843
   -6.2700000000    0.0357837762    0.0011260541
   -6.2600000000    0.0356664669    0.0011201639
   -6.2500000000    0.0355494036    0.0011143131
   -6.2400000000    0.0354325842    0.0011085011
   -6.2300000000    0.0353160068    0.0011027274
   -6.2200000000    0.0351996692    0.0010969916
   -6.2100000000    0.0350835695    0.0010912931
   -6.2000000000    0.0349677057    0.0010856315
   -6.1900000000    0.0348520758    0.0010800063
   -6.0800000000    0.0336333629    0.0000000000
   -6.0700000000    0.0335200522    0.0000000000
   -6.0600000000    0.0334069555    0.0000000000
   -6.0500000000    0.0332940710    0.0000000000
   -6.0400000000    0.0331813970    0.0000000000
   -6.0300000000    0.0330689317    0.0000000000
   -6.0200000000    0.0329566733    0.0000000000
   -6.0100000000    0.0328446202    0.0000000000
   -6.0000000000    0.0327327706    0.0000000000
   -5.9900000000    0.0326211228    0.0000000000
   -5.9800000000    0.0325096752    0.0000000000
   -5.9700000000    0.0323984261    0.0000000000
   -5.9600000000    0.0322873738    0.0000000000
   -5.9500000000    0.0321765167    0.0000000000
   -5.9400000000    0.0320658531    0.0000000000
   -5.9300000000    0.0319553815    0.0000000000
   -5.9200000000    0.0318451003    0.0000000000
   -5.9100000000    0.0317350078    0.0000000000
   -5.9000000000    0.0316251025    0.0000000000
   -5.8900000000    0.0315153828    0.0000000000
   -5.8800000000    0.0314058472    0.0000000000
   -5.8700000000    0.0312964941    0.0000000000
   -5.8600000000    0.0311873220    0.0000000000
   -5.8500000000    0.0310783293    0.0000000000
   -5.8400000000    0.0309695146    0.0000000000
   -5.8300000000    0.0308608763    0.0000000000
   -5.8200000000    0.0307524130    0.0000000000
   -5.8100000000    0.0306441231    0.0000000000
   -5.8000000000    0.0305360053    0.0000000000
   -5.7900000000    0.0304280579    0.0000000000
   -5.7800000000    0.0303202797    0.0000000000
   -5.7700000000    0.0302126691    0.0000000000
   -5.7600000000    0.0301052246    0.0000000000
   -5.7500000000    0.0299979449    0.0000000000
   -5.7400000000    0.0298908286    0.0000000000
   -5.7300000000    0.0297838741    0.0000000000
   -5.7200000000    0.0296770802    0.0000000000
   -5.7100000000    0.0295704453    0.0000000000
   -5.7000000000    0.0294639682    0.0000000000
   -5.6900000000    0.0293576473    0.0000000000
   -5.6800000000    0.0292514815    0.0000000000
   -5.6700000000    0.0291454691    0.0000000000
   -5.6600000000    0.0290396090    0.0000000000
   -5.6500000000    0.0289338997    0.0000000000
   -5.6400000000    0.0288283398    0.0000000000
   -5.6300000000    0.0287229280    0.0000000000
   -5.6200000000    0.0286176631    0.0000000000
   -5.6100000000    0.0285125435    0.0000000000
   -5.6000000000    0.0284075680    0.0000000000
   -5.5900000000    0.0283027352    0.0000000000
   -5.5800000000    0.0281980439    0.0000000000
   -5.5700000000    0.0280934926    0.0000000000
   -5.5600000000    0.0279890801    0.0000000000
   -5.5500000000    0.0278848050    0.0000000000
   -5.5400000000    0.0277806660    0.0000000000
   -5.5300000000    0.0276766619    0.0000000000
   -5.5200000000    0.0275727912    0.0000000000
   -5.5100000000    0.0274690527    0.0000000000
   -5.5000000000    0.0273654451    0.0000000000
   -5.4900000000    0.0272619671    0.0000000000
   -5.4800000000    0.0271586173    0.0000000000
   -5.4700000000    0.0270553945    0.0000000000
   -5.4600000000    0.0269522973    0.0000000000
   -5.4500000000    0.0268493245    0.0000000000
   -5.4400000000    0.0267464748    0.0000000000
   -5.4300000000    0.0266437468    0.0000000000
   -5.4200000000    0.0265411393    0.0000000000
   -5.4100000000    0.0264386509    0.0000000000
   -5.4000000000    0.0263362804    0.0000000000
   -5.3900000000    0.0262340265    0.0000000000
   -5.3800000000    0.0261318879    0.0000000000
   -5.3700000000    0.0260298632    0.0000000000
   -5.3600000000    0.0259279512    0.0000000000
   -5.3500000000    0.0258261505    0.0000000000
   -5.3400000000    0.0257244599    0.0000000000
   -5.3300000000    0.0256228781    0.0000000000
   -5.3200000000    0.0255214037    0.0000000000
   -5.3100000000    0.0254200354    0.0000000000
   -5.3000000000    0.0253187719    0.0000000000
   -5.2900000000    0.0252176119    0.0000000000
   -5.2800000000    0.0251165541    0.0000000000
   -5.2700000000    0.0250155971    0.0000000000
   -5.2600000000    0.0249147396    0.0000000000
   -5.2500000000    0.0248139803    0.0000000000
   -5.2400000000    0.0247133179    0.0000000000
   -5.2300000000    0.0246127509    0.0000000000
   -5.2200000000    0.0245122781    0.0000000000
   -5.2100000000    0.0244118980    0.0000000000
   -5.2000000000    0.0243116094    0.0000000000
   -5.1900000000    0.0242114108    0.0000000000
   -5.1800000000    0.0241113009    0.0000000000
   -5.1700000000    0.0240112783    0.0000000000
   -5.1600000000    0.0239113416    0.0000000000
   -5.1500000000    0.0238114894    0.0000000000
   -5.1400000000    0.0237117203    0.0000000000
   -5.1300000000    0.0236120329    0.0000000000
   -5.1200000000    0.0235124258    0.0000000000
   -5.1100000000    0.0234128974    0.0000000000
   -5.1000000000    0.0233134465    0.0000000000
   -5.0900000000    0.0232140714    0.0000000000
   -5.0800000000    0.0231147709    0.0000000000
   -5.0700000000    0.0230155433    0.0000000000
   -5.0600000000    0.0229163872    0.0000000000
   -5.0500000000    0.0228173011    0.0000000000
   -5.0400000000    0.0227182835    0.0000000000
   -5.0300000000    0.0226193328    0.0000000000
   -5.0200000000    0.0225204475    0.0000000000
   -5.0100000000    0.0224216261    0.0000000000
   -5.0000000000    0.0223228670    0.0000000000
   -4.9900000000    0.0222241685    0.0000000000
   -4.9800000000    0.0221255292    0.0000000000
   -4.9700000000    0.0220269473    0.0000000000
   -4.9600000000    0.0219284212    0.0000000000
   -4.9500000000    0.0218299494    0.0000000000
   -4.9400000000    0.0217315300    0.0000000000
   -4.9300000000    0.0216331614    0.0000000000
   -4.9200000000    0.0215348420    0.0000000000
   -4.9100000000    0.0214365699    0.0000000000
   -4.9000000000    0.0213383434    0.0000000000
   -4.8900000000    0.0212401608    0.0000000000
   -4.8800000000    0.0211420201    0.0000000000
   -4.8700000000    0.0210439197    0.0000000000
   -4.8600000000    0.0209458577    0.0000000000
   -4.8500000000    0.0208478321    0.0000000000
   -4.8400000000    0.0207498411    0.0000000000
   -4.8300000000    0.0206518827    0.0000000000
   -4.8200000000    0.0205539551    0.0000000000
   -4.8100000000    0.0204560561    0.0000000000
   -4.8000000000    0.0203581838    0.0000000000
   -4.7900000000    0.0202766418   -0.0001319002
   -4.7800000000    0.0201791557   -0.0001337589
   -4.7700000000    0.0200816982   -0.0001356483
   -4.7600000000    0.0199842676   -0.0001375692
   -4.7500000000    0.0198868619   -0.0001395222
   -4.7400000000    0.0197894792   -0.0001415083
   -4.7300000000    0.0196921174   -0.0001435283
   -4.7200000000    0.0195947746   -0.0001455831
   -4.7100000000    0.0194974488   -0.0001476736
   -4.7000000000    0.0194001378   -0.0001498006
   -4.6900000000    0.0193028396   -0.0001519653
   -4.6800000000    0.0192055521   -0.0001541684
   -4.6700000000    0.0191082730   -0.0001564112
   -4.6600000000    0.0190110002   -0.0001586945
   -4.6500000000    0.0189137315   -0.0001610195
   -4.6400000000    0.0188164645   -0.0001633874
   -4.6300000000    0.0187191970   -0.0001657992
   -4.6200000000    0.0186219266   -0.0001682562
   -4.6100000000    0.0185246508   -0.0001707595
   -4.6000000000    0.0184273674   -0.0001733105
   -4.5900000000    0.0183300737   -0.0001759104
   -4.5800000000    0.0182327673   -0.0001785606
   -4.5700000000    0.0181354455   -0.0001812626
   -4.5600000000    0.0180381058   -0.0001840176
   -4.5500000000    0.0179407454   -0.0001868273
   -4.5400000000    0.0178433617   -0.0001896932
   -4.5300000000    0.0177459519   -0.0001926168
   -4.5200000000    0.0176485131   -0.0001955998
   -4.5100000000    0.0175510425   -0.0001986440
   -4.5000000000    0.0174535370   -0.0002017510
   -4.4900000000    0.0173559937   -0.0002049227
   -4.4800000000    0.0172584096   -0.0002081610
   -4.4700000000    0.0171607814   -0.0002114679
   -4.4600000000    0.0170631060   -0.0002148454
   -4.4500000000    0.0169653802   -0.0002182955
   -4.4400000000    0.0168676004   -0.0002218206
   -4.4300000000    0.0167697635   -0.0002254227
   -4.4200000000    0.0166718658   -0.0002291043
   -4.4100000000    0.0165739038   -0.0002328679
   -4.4000000000    0.0164758738   -0.0002367158
   -4.3900000000    0.0163777722   -0.0002406507
   -4.3800000000    0.0162795950   -0.0002446754
   -4.3700000000    0.0161813385   -0.0002487927
   -4.3600000000    0.0160829986   -0.0002530054
   -4.3500000000    0.0159845711   -0.0002573167
   -4.3400000000    0.0158860520   -0.0002617297
   -4.3300000000    0.0157874370   -0.0002662476
   -4.3200000000    0.0156887215   -0.0002708739
   -4.3100000000    0.0155899013   -0.0002756121
   -4.3000000000    0.0154909715   -0.0002804659
   -4.2900000000    0.0153919276   -0.0002854393
   -4.2800000000    0.0152927647   -0.0002905360
   -4.2700000000    0.0151934778   -0.0002957604
   -4.2600000000    0.0150940618   -0.0003011168
   -4.2500000000    0.0149945116   -0.0003066096
   -4.2400000000    0.0148948217   -0.0003122436
   -4.2300000000    0.0147949867   -0.0003180238
   -4.2200000000    0.0146950009   -0.0003239551
   -4.2100000000    0.0145948586   -0.0003300430
   -4.2000000000    0.0144945539   -0.0003362930
   -4.1900000000    0.0143940806   -0.0003427110
   -4.1800000000    0.0142934325   -0.0003493030
   -4.1700000000    0.0141926033   -0.0003560753
   -4.1600000000    0.0140915862   -0.0003630347
   -4.1500000000    0.0139903746   -0.0003701879
   -4.1400000000    0.0138889615   -0.0003775424
   -4.1300000000    0.0137873399   -0.0003851055
   -4.1200000000    0.0136855022   -0.0003928854
   -4.1100000000    0.0135834412   -0.0004008902
   -4.1000000000    0.0134811489   -0.0004091286
   -4.0900000000    0.0133786175   -0.0004176099
   -4.0800000000    0.0132758389   -0.0004263434
   -4.0700000000    0.0131728046   -0.0004353393
   -4.0600000000    0.0130695061   -0.0004446079
   -4.0500000000    0.0129659345   -0.0004541604
   -4.0400000000    0.0128620808   -0.0004640082
   -4.0300000000    0.0127579356   -0.0004741635
   -4.0200000000    0.0126534894   -0.0004846390
   -4.0100000000    0.0125487324   -0.0004954481
   -4.0000000000    0.0124436544   -0.0005066050
   -3.9900000000    0.0123382451   -0.0005181242
   -3.9800000000    0.0122324939   -0.0005300216
   -3.9700000000    0.0121263900   -0.0005423134
   -3.9600000000    0.0120199221   -0.0005550169
   -3.9500000000    0.0119130789   -0.0005681503
   -3.9400000000    0.0118058485   -0.0005817327
   -3.9300000000    0.0116982190   -0.0005957845
   -3.9200000000    0.0115901781   -0.0006103268
   -3.9100000000    0.0114817133   -0.0006253822
   -3.9000000000    0.0113728117   -0.0006409745
   -3.8900000000    0.0112634602   -0.0006571287
   -3.8800000000    0.0111536455   -0.0006738714
   -3.8700000000    0.0110433539   -0.0006912307
   -3.8600000000    0.0109325716   -0.0007092361
   -3.8500000000    0.0108212845   -0.0007279192
   -3.8400000000    0.0107094784   -0.0007473130
   -3.8300000000    0.0105971388   -0.0007674530
   -3.8200000000    0.0104842512   -0.0007883763
   -3.8100000000    0.0103708009   -0.0008101225
   -3.8000000000    0.0102567731   -0.0008327337
   -3.7900000000    0.0101421530   -0.0008562544
   -3.7800000000    0.0100269261   -0.0008807319
   -3.7700000000    0.0099110775   -0.0009062163
   -3.7600000000    0.0097945931   -0.0009327612
   -3.7500000000    0.0096774586   -0.0009604233
   -3.7400000000    0.0095596605   -0.0009892629
   -3.7300000000    0.0094411856   -0.0010193443
   -3.7200000000    0.0093220214   -0.0010507359
   -3.7100000000    0.0092021563   -0.0010835104
   -3.7000000000    0.0090815799   -0.0011177455
   -3.6900000000    0.0089602830   -0.0011535237
   -3.6800000000    0.0088382577   -0.0011909332
   -3.6700000000    0.0087154984   -0.0012300679
   -3.6600000000    0.0085920015   -0.0012710280
   -3.6500000000    0.0084677660   -0.0013139202
   -3.6400000000    0.0083427939   -0.0013588586
   -3.6300000000    0.0082170910   -0.0014059647
   -3.6200000000    0.0080906672   -0.0014553682
   -3.6100000000    0.0079635373   -0.0015072075
   -3.6000000000    0.0078357219   -0.0015616302
   -3.5900000000    0.0077072480   -0.0016187937
   -3.5800000000    0.0075781503   -0.0016788658
   -3.5700000000    0.0074484725   -0.0017420251
   -3.5600000000    0.0073182684   -0.0018084621
   -3.5500000000    0.0071876033   -0.0018783792
   -3.5400000000    0.0070565561   -0.0019519915
   -3.5300000000    0.0069252212   -0.0020295274
   -3.5200000000    0.0067937107   -0.0021112289
   -3.5100000000    0.0066621568   -0.0021973519
   -3.5000000000    0.0065307150   -0.0022881663
   -3.4900000000    0.0063995670   -0.0023839562
   -3.4800000000    0.0062689247   -0.0024850195
   -3.4700000000    0.0061390339   -0.0025916670
   -3.4600000000    0.0060101792   -0.0027042218
   -3.4500000000    0.0058826888   -0.0028230173
   -3.4400000000    0.0057569401   -0.0029483952
   -3.4300000000    0.0056333655   -0.0030807021
   -3.4200000000    0.0055124594   -0.0032202856
   -3.4100000000    0.0053947845   -0.0033674886
   -3.4000000000    0.0052809793   -0.0035226428
   -3.3900000000    0.0051717657   -0.0036860597
   -3.3800000000    0.0050679558   -0.0038580199
   -3.3700000000    0.0049704594   -0.0040387601
   -3.3600000000    0.0048802898   -0.0042284571
   -3.3500000000    0.0047985683   -0.0044272091
   -3.3400000000    0.0047265275   -0.0046350133
   -3.3300000000    0.0046655103   -0.0048517407
   -3.3200000000    0.0046169652   -0.0050771071
   -3.3100000000    0.0045824368   -0.0053106414
   -3.3000000000    0.0045635486   -0.0055516509
   -3.2900000000    0.0045619776   -0.0057991865
   -3.2800000000    0.0045794190   -0.0060520069
   -3.2700000000    0.0046175399   -0.0063085465
   -3.2600000000    0.0046779206   -0.0065668892
   -3.2500000000    0.0047619839   -0.0068247510
   -3.2400000000    0.0048709132   -0.0070794778
   -3.2300000000    0.0050055620   -0.0073280604
   -3.2200000000    0.0051663586   -0.0075671736
   -3.2100000000    0.0053532134   -0.0077932410
   -3.2000000000    0.0055654343   -0.0080025284
   -3.1900000000    0.0058016620   -0.0081912635
   -3.1800000000    0.0060598329   -0.0083557805
   -3.1700000000    0.0063371783   -0.0084926789
   -3.1600000000    0.0066302673   -0.0085989882
   -3.1500000000    0.0069350936   -0.0086723230
   -3.1400000000    0.0072472064   -0.0087110156
   -3.1300000000    0.0075618750   -0.0087142126
   -3.1200000000    0.0078742772   -0.0086819238
   -3.1100000000    0.0081796944   -0.0086150206
   -3.1000000000    0.0084736977   -0.0085151816
   -3.0900000000    0.0087523100   -0.0083847934
   -3.0800000000    0.0090121324   -0.0082268161
   -3.0700000000    0.0092504272   -0.0080446276
   -3.0600000000    0.0094651564   -0.0078418606
   -3.0500000000    0.0096549783   -0.0076222454
   -3.0400000000    0.0098192080   -0.0073894694
   -3.0300000000    0.0099577520   -0.0071470600
   -3.0200000000    0.0100710242   -0.0068982946
   -3.0100000000    0.0101598540   -0.0066461385
   -3.0000000000    0.0102253928   -0.0063932079
   -2.9900000000    0.0102690259   -0.0061417561
   -2.9800000000    0.0102922921   -0.0058936762
   -2.9700000000    0.0102968156   -0.0056505189
   -2.9600000000    0.0102842488   -0.0054135178
   -2.9500000000    0.0102562270   -0.0051836216
   -2.9400000000    0.0102143348   -0.0049615277
   -2.9300000000    0.0101600808   -0.0047477173
   -2.9200000000    0.0100948817   -0.0045424882
   -2.9100000000    0.0100200521   -0.0043459862
   -2.9000000000    0.0099368003   -0.0041582325
   -2.8900000000    0.0098462272   -0.0039791490
   -2.8800000000    0.0097493291   -0.0038085792
   -2.8700000000    0.0096470021   -0.0036463072
   -2.8600000000    0.0095400478   -0.0034920727
   -2.8500000000    0.0094291800   -0.0033455841
   -2.8400000000    0.0093150314   -0.0032065288
   -2.8300000000    0.0091981612   -0.0030745818
   -2.8200000000    0.0090790615   -0.0029494124
   -2.8100000000    0.0089581643   -0.0028306900
   -2.8000000000    0.0088358474   -0.0027180876
   -2.7900000000    0.0087124407   -0.0026112853
   -2.7800000000    0.0085882310   -0.0025099725
   -2.7700000000    0.0084634671   -0.0024138498
   -2.7600000000    0.0083383643   -0.0023226297
   -2.7500000000    0.0082131082   -0.0022360377
   -2.7400000000    0.0080878582   -0.0021538123
   -2.7300000000    0.0079627509   -0.0020757054
   -2.7200000000    0.0078379026   -0.0020014820
   -2.7100000000    0.0077134120   -0.0019309200
   -2.7000000000    0.0075893625   -0.0018638099
   -2.6900000000    0.0074658238   -0.0017999544
   -2.6800000000    0.0073428541   -0.0017391676
   -2.6700000000    0.0072205010   -0.0016812748
   -2.6600000000    0.0070988034   -0.0016261119
   -2.6500000000    0.0069777924   -0.0015735247
   -2.6400000000    0.0068574924   -0.0015233684
   -2.6300000000    0.0067379219   -0.0014755073
   -2.6200000000    0.0066190943   -0.0014298138
   -2.6100000000    0.0065010190   -0.0013861683
   -2.6000000000    0.0063837011   -0.0013444587
   -2.5900000000    0.0062671430   -0.0013045795
   -2.5800000000    0.0061513441   -0.0012664321
   -2.5700000000    0.0060363013   -0.0012299236
   -2.5600000000    0.0059220099   -0.0011949670
   -2.5500000000    0.0058084633   -0.0011614805
   -2.5400000000    0.0056956533   -0.0011293873
   -2.5300000000    0.0055835709   -0.0010986152
   -2.5200000000    0.0054722059   -0.0010690965
   -2.5100000000    0.0053615473   -0.0010407673
   -2.5000000000    0.0052515835   -0.0010135676
   -2.4900000000    0.0051423023   -0.0009874411
   -2.4800000000    0.0050336914   -0.0009623345
   -2.4700000000    0.0049257378   -0.0009381978
   -2.4600000000    0.0048184285   -0.0009149840
   -2.4500000000    0.0047117505   -0.0008926484
   -2.4400000000    0.0046056905   -0.0008711493
   -2.4300000000    0.0045002353   -0.0008504471
   -2.4200000000    0.0043953717   -0.0008305044
   -2.4100000000    0.0042910867   -0.0008112861
   -2.4000000000    0.0041873672   -0.0007927589
   -2.3900000000    0.0040842003   -0.0007748912
   -2.3800000000    0.0039815735   -0.0007576534
   -2.3700000000    0.0038794742   -0.0007410173
   -2.3600000000    0.0037778901   -0.0007249563
   -2.3500000000    0.0036768090   -0.0007094451
   -2.3400000000    0.0035762193   -0.0006944599
   -2.3300000000    0.0034761091   -0.0006799781
   -2.3200000000    0.0033764671   -0.0006659781
   -2.3100000000    0.0032772823   -0.0006524396
   -2.3000000000    0.0031785435   -0.0006393433
   -2.2900000000    0.0030802403   -0.0006266709
   -2.2800000000    0.0029823621   -0.0006144048
   -2.2700000000    0.0028848988   -0.0006025287
   -2.2600000000    0.0027878405   -0.0005910267
   -2.2500000000    0.0026911775   -0.0005798839
   -2.2400000000    0.0025949003   -0.0005690860
   -2.2300000000    0.0024989997   -0.0005586195
   -2.2200000000    0.0024034668   -0.0005484715
   -2.2100000000    0.0023082928   -0.0005386297
   -2.2000000000    0.0022134692   -0.0005290824
   -2.1900000000    0.0021189876   -0.0005198184
   -2.1800000000    0.0020248400   -0.0005108272
   -2.1700000000    0.0019310185   -0.0005020984
   -2.1600000000    0.0018375155   -0.0004936225
   -2.1500000000    0.0017443233   -0.0004853902
   -2.1400000000    0.0016514349   -0.0004773926
   -2.1300000000    0.0015588430   -0.0004696213
   -2.1200000000    0.0014665408   -0.0004620682
   -2.1100000000    0.0013745216   -0.0004547257
   -2.1000000000    0.0012827787   -0.0004475863
   -2.0900000000    0.0011913059   -0.0004406429
   -2.0800000000    0.0011000968   -0.0004338889
   -2.0700000000    0.0010091455   -0.0004273177
   -2.0600000000    0.0009184461   -0.0004209231
   -2.0500000000    0.0008279928   -0.0004146993
   -2.0400000000    0.0007377800   -0.0004086404
   -2.0300000000    0.0006478023   -0.0004027411
   -2.0200000000    0.0005580544   -0.0003969961
   -2.0100000000    0.0004685310   -0.0003914005
   -2.0000000000    0.0003792272   -0.0003859493
   -1.9900000000    0.0002901379   -0.0003806380
   -1.9800000000    0.0002012585   -0.0003754621
   -1.9700000000    0.0001125843   -0.0003704174
   -1.9600000000    0.0000241106   -0.0003654997
   -1.9500000000   -0.0000641670   -0.0003607052
   -1.9400000000   -0.0001522528   -0.0003560300
   -1.9300000000   -0.0002401510   -0.0003514706
   -1.9200000000   -0.0003278658   -0.0003470233
   -1.9100000000   -0.0004154012   -0.0003426849
   -1.9000000000   -0.0005027611   -0.0003384521
   -1.8900000000   -0.0005899494   -0.0003343218
   -1.8800000000   -0.0006769699   -0.0003302910
   -1.8700000000   -0.0007638262   -0.0003263568
   -1.8600000000   -0.0008505218   -0.0003225165
   -1.8500000000   -0.0009370603   -0.0003187672
   -1.8400000000   -0.0010234452   -0.0003151065
   -1.8300000000   -0.0011096796   -0.0003115319
   -1.8200000000   -0.0011957670   -0.0003080409
   -1.8100000000   -0.0012817104   -0.0003046312
   -1.8000000000   -0.0013675131   -0.0003013007
   -1.7900000000   -0.0014531780   -0.0002980471
   -1.7800000000   -0.0015387082   -0.0002948684
   -1.7700000000   -0.0016241065   -0.0002917625
   -1.7600000000   -0.0017093759   -0.0002887275
   -1.7500000000   -0.0017945190   -0.0002857616
   -1.7400000000   -0.0018795388   -0.0002828629
   -1.7300000000   -0.0019644377   -0.0002800297
   -1.7200000000   -0.0020492186   -0.0002772603
   -1.7100000000   -0.0021338839   -0.0002745530
   -1.7000000000   -0.0022184361   -0.0002719063
   -1.6900000000   -0.0023028778   -0.0002693187
   -1.6800000000   -0.0023872113   -0.0002667887
   -1.6700000000   -0.0024714391   -0.0002643148
   -1.6600000000   -0.0025555634   -0.0002618957
   -1.6500000000   -0.0026395865   -0.0002595301
   -1.6400000000   -0.0027235107   -0.0002572166
   -1.6300000000   -0.0028073381   -0.0002549539
   -1.6200000000   -0.0028910710   -0.0002527410
   -1.6100000000   -0.0029747114   -0.0002505766
   -1.6000000000   -0.0030582615   -0.0002484596
   -1.5900000000   -0.0031417232   -0.0002463888
   -1.5800000000   -0.0032250985   -0.0002443633
   -1.5700000000   -0.0033083895   -0.0002423819
   -1.5600000000   -0.0033915980   -0.0002404437
   -1.5500000000   -0.0034747259   -0.0002385478
   -1.5400000000   -0.0035577752   -0.0002366931
   -1.5300000000   -0.0036407477   -0.0002348788
   -1.5200000000   -0.0037236451   -0.0002331039
   -1.5100000000   -0.0038064693   -0.0002313677
   -1.5000000000   -0.0038892220   -0.0002296693
   -1.4900000000   -0.0039719048   -0.0002280079
   -1.4800000000   -0.0040545196   -0.0002263827
   -1.4700000000   -0.0041370680   -0.0002247929
   -1.4600000000   -0.0042195516   -0.0002232379
   -1.4500000000   -0.0043019720   -0.0002217168
   -1.4400000000   -0.0043843308   -0.0002202291
   -1.4300000000   -0.0044666297   -0.0002187741
   -1.4200000000   -0.0045488701   -0.0002173510
   -1.4100000000   -0.0046310535   -0.0002159593
   -1.4000000000   -0.0047131816   -0.0002145984
   -1.3900000000   -0.0047952557   -0.0002132676
   -1.3800000000   -0.0048772773   -0.0002119664
   -1.3700000000   -0.0049592479   -0.0002106942
   -1.3600000000   -0.0050411689   -0.0002094504
   -1.3500000000   -0.0051230417   -0.0002082347
   -1.3400000000   -0.0052048677   -0.0002070463
   -1.3300000000   -0.0052866483   -0.0002058849
   -1.3200000000   -0.0053683848   -0.0002047499
   -1.3100000000   -0.0054500785   -0.0002036409
   -1.3000000000   -0.0055317309   -0.0002025574
   -1.2900000000   -0.0056133432   -0.0002014990
   -1.2800000000   -0.0056949166   -0.0002004652
   -1.2700000000   -0.0057764526   -0.0001994557
   -1.2600000000   -0.0058579523   -0.0001984700
   -1.2500000000   -0.0059394170   -0.0001975077
   -1.2400000000   -0.0060208479   -0.0001965684
   -1.2300000000   -0.0061022463   -0.0001956519
   -1.2200000000   -0.0061836134   -0.0001947576
   -1.2100000000   -0.0062649504   -0.0001938852
   -1.2000000000   -0.0063462586   -0.0001930345
   -1.1900000000   -0.0064275389   -0.0001922051
   -1.1800000000   -0.0065087928   -0.0001913966
   -1.1700000000   -0.0065900212   -0.0001906088
   -1.1600000000   -0.0066712255   -0.0001898414
   -1.1500000000   -0.0067524066   -0.0001890939
   -1.1400000000   -0.0068335658   -0.0001883663
   -1.1300000000   -0.0069147042   -0.0001876581
   -1.1200000000   -0.0069958228   -0.0001869692
   -1.1100000000   -0.0070769229   -0.0001862992
   -1.1000000000   -0.0071580055   -0.0001856479
   -1.0900000000   -0.0072390717   -0.0001850151
   -1.0800000000   -0.0073201227   -0.0001844005
   -1.0700000000   -0.0074011593   -0.0001838039
   -1.0600000000   -0.0074821829   -0.0001832251
   -1.0500000000   -0.0075631944   -0.0001826638
   -1.0400000000   -0.0076441949   -0.0001821199
   -1.0300000000   -0.0077251854   -0.0001815931
   -1.0200000000   -0.0078061670   -0.0001810832
   -1.0100000000   -0.0078871408   -0.0001805901
   -1.0000000000   -0.0079681078   -0.0001801136
   -0.9900000000   -0.0080490690   -0.0001796534
   -0.9800000000   -0.0081300255   -0.0001792095
   -0.9700000000   -0.0082109783   -0.0001787816
   -0.9600000000   -0.0082919284   -0.0001783696
   -0.9500000000   -0.0083728769   -0.0001779733
   -0.9400000000   -0.0084538248   -0.0001775926
   -0.9300000000   -0.0085347730   -0.0001772274
   -0.9200000000   -0.0086157227   -0.0001768774
   -0.9100000000   -0.0086966748   -0.0001765426
   -0.9000000000   -0.0087776303   -0.0001762229
   -0.8900000000   -0.0088585903   -0.0001759180
   -0.8800000000   -0.0089395557   -0.0001756280
   -0.8700000000   -0.0090205276   -0.0001753526
   -0.8600000000   -0.0091015069   -0.0001750918
   -0.8500000000   -0.0091824947   -0.0001748454
   -0.8400000000   -0.0092634920   -0.0001746134
   -0.8300000000   -0.0093444998   -0.0001743957
   -0.8200000000   -0.0094255190   -0.0001741922
   -0.8100000000   -0.0095065507   -0.0001740027
   -0.8000000000   -0.0095875958   -0.0001738273
   -0.7900000000   -0.0096686555   -0.0001736657
   -0.7800000000   -0.0097497306   -0.0001735181
   -0.7700000000   -0.0098308222   -0.0001733842
   -0.7600000000   -0.0099119313   -0.0001732640
   -0.7500000000   -0.0099930588   -0.0001731575
   -0.7400000000   -0.0100742059   -0.0001730646
   -0.7300000000   -0.0101553735   -0.0001729852
   -0.7200000000   -0.0102365626   -0.0001729193
   -0.7100000000   -0.0103177743   -0.0001728669
   -0.7000000000   -0.0103990094   -0.0001728279
   -0.6900000000   -0.0104802692   -0.0001728022
   -0.6800000000   -0.0105615545   -0.0001727899
   -0.6700000000   -0.0106428664   -0.0001727909
   -0.6600000000   -0.0107242060   -0.0001728052
   -0.6500000000   -0.0108055742   -0.0001728327
   -0.6400000000   -0.0108869722   -0.0001728735
   -0.6300000000   -0.0109684008   -0.0001729275
   -0.6200000000   -0.0110498613   -0.0001729947
   -0.6100000000   -0.0111313545   -0.0001730751
   -0.6000000000   -0.0112128816   -0.0001731687
   -0.5900000000   -0.0112944437   -0.0001732755
   -0.5800000000   -0.0113760417   -0.0001733955
   -0.5700000000   -0.0114576768   -0.0001735287
   -0.5600000000   -0.0115393500   -0.0001736752
   -0.5500000000   -0.0116113802   -0.0003877761
   -0.5400000000   -0.0116939280   -0.0003891762
   -0.5300000000   -0.0117756357   -0.0003905975
   -0.5200000000   -0.0118573848   -0.0003920399
   -0.5100000000   -0.0119391763   -0.0003935038
   -0.5000000000   -0.0120210114   -0.0003949891
   -0.4900000000   -0.0121028911   -0.0003964961
   -0.4800000000   -0.0121848166   -0.0003980250
   -0.4700000000   -0.0122667889   -0.0003995757
   -0.4600000000   -0.0123488092   -0.0004011487
   -0.4500000000   -0.0124308785   -0.0004027439
   -0.4400000000   -0.0125129981   -0.0004043616
   -0.4300000000   -0.0125951691   -0.0004060020
   -0.4200000000   -0.0126773926   -0.0004076652
   -0.4100000000   -0.0127596697   -0.0004093515
   -0.4000000000   -0.0128420017   -0.0004110610
   -0.3900000000   -0.0129243897   -0.0004127940
   -0.3800000000   -0.0130068349   -0.0004145506
   -0.3700000000   -0.0130893384   -0.0004163312
   -0.3600000000   -0.0131719016   -0.0004181358
   -0.3500000000   -0.0132545256   -0.0004199648
   -0.3400000000   -0.0133372115   -0.0004218184
   -0.3300000000   -0.0134199608   -0.0004236968
   -0.3200000000   -0.0135027746   -0.0004256004
   -0.3100000000   -0.0135856541   -0.0004275292
   -0.3000000000   -0.0136686007   -0.0004294837
   -0.2900000000   -0.0137516156   -0.0004314641
   -0.2800000000   -0.0138347002   -0.0004334707
   -0.2700000000   -0.0139178557   -0.0004355038
   -0.2600000000   -0.0140010834   -0.0004375636
   -0.2500000000   -0.0140843847   -0.0004396505
   -0.2400000000   -0.0141677609   -0.0004417649
   -0.2300000000   -0.0142512135   -0.0004439069
   -0.2200000000   -0.0143347437   -0.0004460770
   -0.2100000000   -0.0144183529   -0.0004482755
   -0.2000000000   -0.0145020427   -0.0004505028
   -0.1900000000   -0.0145858143   -0.0004527592
   -0.1800000000   -0.0146696693   -0.0004550451
   -0.1700000000   -0.0147536090   -0.0004573608
   -0.1600000000   -0.0148376350   -0.0004597068
   -0.1500000000   -0.0149217488   -0.0004620835
   -0.1400000000   -0.0150059518   -0.0004644912
   -0.1300000000   -0.0150902456   -0.0004669304
   -0.1200000000   -0.0151746317   -0.0004694015
   -0.1100000000   -0.0152591117   -0.0004719050
   -0.1000000000   -0.0153436872   -0.0004744413
   -0.0900000000   -0.0154283597   -0.0004770108
   -0.0800000000   -0.0155131309   -0.0004796142
   -0.0700000000   -0.0155980025   -0.0004822517
   -0.0600000000   -0.0156829760   -0.0004849240
   -0.0500000000   -0.0157680533   -0.0004876316
   -0.0400000000   -0.0158532359   -0.0004903749
   -0.0300000000   -0.0159385256   -0.0004931546
   -0.0200000000   -0.0160239243   -0.0004959711
   -0.0100000000   -0.0161094335   -0.0004988251
    0.0000000000   -0.0161950553   -0.0005017172
