      -20.0000000000            1.7390591977
      -19.9900000000            1.6926658648
      -19.9800000000            1.6480427250
      -19.9700000000            1.6051839075
      -19.9600000000            1.5640720055
      -19.9500000000            1.5246800202
      -19.9400000000            1.4869731799
      -19.9300000000            1.4509105909
      -19.9200000000            1.4164466935
      -19.9100000000            1.3835325140
      -19.9000000000            1.3521167120
      -19.8900000000            1.3221464309
      -19.8800000000            1.2935679634
      -19.8700000000            1.2663272474
      -19.8600000000            1.2403702081
      -19.8500000000            1.2156429647
      -19.8400000000            1.1920919173
      -19.8300000000            1.1696637355
      -19.8200000000            1.1483052654
      -19.8100000000            1.1279633805
      -19.8000000000            1.1085847994
      -19.7900000000            1.0901159001
      -19.7800000000            1.0725025638
      -19.7700000000            1.0556900851
      -19.7600000000            1.0396231857
      -19.7500000000            1.0242461701
      -19.7400000000            1.0095032551
      -19.7300000000            0.9953390949
      -19.7200000000            0.9816995046
      -19.7100000000            0.9685323653
      -19.7000000000            0.9557886656
      -19.6900000000            0.9434236077
      -19.6800000000            0.9313976858
      -19.6700000000            0.9196776334
      -19.6600000000            0.9082371368
      -19.6500000000            0.8970572332
      -19.6400000000            0.8861263409
      -19.6300000000            0.8754399149
      -19.6200000000            0.8649997593
      -19.6100000000            0.8548130686
      -19.6000000000            0.8448912938
      -19.5900000000            0.8352489373
      -19.5800000000            0.8259023770
      -19.5700000000            0.8168688011
      -19.5600000000            0.8081653102
      -19.5500000000            0.7998082194
      -19.5400000000            0.7918125654
      -19.5300000000            0.7841918086
      -19.5200000000            0.7769577035
      -19.5100000000            0.7701203078
      -19.5000000000            0.7636880956
      -19.4900000000            0.7576681438
      -19.4800000000            0.7520663647
      -19.4700000000            0.7468877619
      -19.4600000000            0.7421366931
      -19.4500000000            0.7378171278
      -19.4400000000            0.7339328917
      -19.4300000000            0.7304878931
      -19.4200000000            0.7274863300
      -19.4100000000            0.7249328767
      -19.4000000000            0.7228328516
      -19.3900000000            0.7211923672
      -19.3800000000            0.7200184651
      -19.3700000000            0.7193192366
      -19.3600000000            0.7191039332
      -19.3500000000            0.7193830651
      -19.3400000000            0.7201684935
      -19.3300000000            0.7214735129
      -19.3200000000            0.7233129273
      -19.3100000000            0.7257031183
      -19.3000000000            0.7286621041
      -19.2900000000            0.7322095890
      -19.2800000000            0.7363669997
      -19.2700000000            0.7411575055
      -19.2600000000            0.7466060178
      -19.2500000000            0.7527391632
      -19.2400000000            0.7595852225
      -19.2300000000            0.7671740269
      -19.2200000000            0.7755368001
      -19.2100000000            0.7847059335
      -19.2000000000            0.7947146776
      -19.1900000000            0.8055967329
      -19.1800000000            0.8173857176
      -19.1700000000            0.8301144891
      -19.1600000000            0.8438142926
      -19.1500000000            0.8585137081
      -19.1400000000            0.8742373685
      -19.1300000000            0.8910044185
      -19.1200000000            0.9088266924
      -19.1100000000            0.9277065910
      -19.1000000000            0.9476346544
      -19.0900000000            0.9685868394
      -19.0800000000            0.9905215401
      -19.0700000000            1.0133764143
      -19.0600000000            1.0370651248
      -19.0500000000            1.0614741404
      -19.0400000000            1.0864597956
      -19.0300000000            1.1118458514
      -19.0200000000            1.1374218391
      -19.0100000000            1.1629424992
      -19.0000000000            1.1881286266
      -18.9900000000            1.2126696156
      -18.9800000000            1.2362279392
      -18.9700000000            1.2584457044
      -18.9600000000            1.2789533013
      -18.9500000000            1.2973800076
      -18.9400000000            1.3133662316
      -18.9300000000            1.3265768896
      -18.9200000000            1.3367152282
      -18.9100000000            1.3435362401
      -18.9000000000            1.3468587155
      -18.8900000000            1.3465749408
      -18.8800000000            1.3426571422
      -18.8700000000            1.3351599794
      -18.8600000000            1.3242187214
      -18.8500000000            1.3100431445
      -18.8400000000            1.2929076185
      -18.8300000000            1.2731382239
      -18.8200000000            1.2510980050
      -18.8100000000            1.2271715646
      -18.8000000000            1.2017501589
      -18.7900000000            1.1752182561
      -18.7800000000            1.1479422531
      -18.7700000000            1.1202617361
      -18.7600000000            1.0924833847
      -18.7500000000            1.0648773832
      -18.7400000000            1.0376760360
      -18.7300000000            1.0110741905
      -18.7200000000            0.9852310368
      -18.7100000000            0.9602728695
      -18.7000000000            0.9362964419
      -18.6900000000            0.9133726067
      -18.6800000000            0.8915500050
      -18.6700000000            0.8708586295
      -18.6600000000            0.8513131451
      -18.6500000000            0.8329158974
      -18.6400000000            0.8156595754
      -18.6300000000            0.7995295212
      -18.6200000000            0.7845056990
      -18.6100000000            0.7705643449
      -18.6000000000            0.7576793278
      -18.5900000000            0.7458232524
      -18.5800000000            0.7349683360
      -18.5700000000            0.7250870874
      -18.5600000000            0.7161528153
      -18.5500000000            0.7081399878
      -18.5400000000            0.7010244613
      -18.5300000000            0.6947835937
      -18.5200000000            0.6893962519
      -18.5100000000            0.6848427213
      -18.5000000000            0.6811045199
      -18.4900000000            0.6781641194
      -18.4800000000            0.6760045707
      -18.4700000000            0.6746090321
      -18.4600000000            0.6739601975
      -18.4500000000            0.6740396216
      -18.4400000000            0.6748269439
      -18.4300000000            0.6762990166
      -18.4200000000            0.6784289496
      -18.4100000000            0.6811850948
      -18.4000000000            0.6845300076
      -18.3900000000            0.6884194374
      -18.3800000000            0.6928014166
      -18.3700000000            0.6976155369
      -18.3600000000            0.7027925156
      -18.3500000000            0.7082541624
      -18.3400000000            0.7139138557
      -18.3300000000            0.7196776161
      -18.3200000000            0.7254458286
      -18.3100000000            0.7311156040
      -18.3000000000            0.7365836964
      -18.2900000000            0.7417498081
      -18.2800000000            0.7465200359
      -18.2700000000            0.7508101586
      -18.2600000000            0.7545484475
      -18.2500000000            0.7576777133
      -18.2400000000            0.7601563877
      -18.2300000000            0.7619585560
      -18.2200000000            0.7630729958
      -18.2100000000            0.7635014081
      -18.2000000000            0.7632561215
      -18.1900000000            0.7623575968
      -18.1800000000            0.7608320545
      -18.1700000000            0.7587094887
      -18.1600000000            0.7560222460
      -18.1500000000            0.7528042443
      -18.1400000000            0.7490908064
      -18.1300000000            0.7449189976
      -18.1200000000            0.7403282939
      -18.1100000000            0.7353613759
      -18.1000000000            0.7300648375
      -18.0900000000            0.7244896261
      -18.0800000000            0.7186910775
      -18.0700000000            0.7127284800
      -18.0600000000            0.7066641700
      -18.0500000000            0.7005622318
      -18.0400000000            0.6944869203
      -18.0300000000            0.6885009558
      -18.0200000000            0.6826638392
      -18.0100000000            0.6770303185
      -18.0000000000            0.6716491048
      -17.9900000000            0.6665618983
      -17.9800000000            0.6618027502
      -17.9700000000            0.6573977562
      -17.9600000000            0.6533650634
      -17.9500000000            0.6497151588
      -17.9400000000            0.6464514092
      -17.9300000000            0.6435708252
      -17.9200000000            0.6410650212
      -17.9100000000            0.6389213475
      -17.9000000000            0.6371241639
      -17.8900000000            0.6356562143
      -17.8800000000            0.6345000497
      -17.8700000000            0.6336394318
      -17.8600000000            0.6330606380
      -17.8500000000            0.6327535863
      -17.8400000000            0.6327127033
      -17.8300000000            0.6329374787
      -17.8200000000            0.6334326749
      -17.8100000000            0.6342081983
      -17.8000000000            0.6352786647
      -17.7900000000            0.6366627268
      -17.7800000000            0.6383822380
      -17.7700000000            0.6404613406
      -17.7600000000            0.6429255492
      -17.7500000000            0.6458008921
      -17.7400000000            0.6491131472
      -17.7300000000            0.6528871901
      -17.7200000000            0.6571464547
      -17.7100000000            0.6619124888
      -17.7000000000            0.6672045833
      -17.6900000000            0.6730394448
      -17.6800000000            0.6794308866
      -17.6700000000            0.6863895116
      -17.6600000000            0.6939223712
      -17.6500000000            0.7020325870
      -17.6400000000            0.7107189302
      -17.6300000000            0.7199753619
      -17.6200000000            0.7297905412
      -17.6100000000            0.7401473116
      -17.6000000000            0.7510221828
      -17.5900000000            0.7623848230
      -17.5800000000            0.7741975795
      -17.5700000000            0.7864150505
      -17.5600000000            0.7989837334
      -17.5500000000            0.8118417879
      -17.5400000000            0.8249189704
      -17.5300000000            0.8381368139
      -17.5200000000            0.8514091564
      -17.5100000000            0.8646431355
      -17.5000000000            0.8777407727
      -17.4900000000            0.8906012540
      -17.4800000000            0.9031239634
      -17.4700000000            0.9152122511
      -17.4600000000            0.9267778096
      -17.4500000000            0.9377454220
      -17.4400000000            0.9480577372
      -17.4300000000            0.9576796573
      -17.4200000000            0.9666018978
      -17.4100000000            0.9748433268
      -17.4000000000            0.9824517923
      -17.3900000000            0.9895032994
      -17.3800000000            0.9960995753
      -17.3700000000            1.0023642312
      -17.3600000000            1.0084378605
      -17.3500000000            1.0144724922
      -17.3400000000            1.0206258360
      -17.3300000000            1.0270557082
      -17.3200000000            1.0339149458
      -17.3100000000            1.0413470052
      -17.3000000000            1.0494823347
      -17.2900000000            1.0584355134
      -17.2800000000            1.0683030792
      -17.2700000000            1.0791619306
      -17.2600000000            1.0910681746
      -17.2500000000            1.1040563061
      -17.2400000000            1.1181386372
      -17.2300000000            1.1333049342
      -17.2200000000            1.1495222667
      -17.2100000000            1.1667351136
      -17.2000000000            1.1848657997
      -17.1900000000            1.2038153512
      -17.1800000000            1.2234648459
      -17.1700000000            1.2436773020
      -17.1600000000            1.2643000902
      -17.1500000000            1.2851677806
      -17.1400000000            1.3061052644
      -17.1300000000            1.3269309233
      -17.1200000000            1.3474596000
      -17.1100000000            1.3675051418
      -17.1000000000            1.3868823659
      -17.0900000000            1.4054084208
      -17.0800000000            1.4229036640
      -17.0700000000            1.4391923193
      -17.0600000000            1.4541032762
      -17.0500000000            1.4674714217
      -17.0400000000            1.4791398412
      -17.0300000000            1.4889630884
      -17.0200000000            1.4968115342
      -17.0100000000            1.5025765927
      -17.0000000000            1.5061764298
      -16.9900000000            1.5075616185
      -16.9800000000            1.5067201416
      -16.9700000000            1.5036811567
      -16.9600000000            1.4985170359
      -16.9500000000            1.4913433462
      -16.9400000000            1.4823166373
      -16.9300000000            1.4716301151
      -16.9200000000            1.4595074858
      -16.9100000000            1.4461954242
      -16.9000000000            1.4319552321
      -16.8900000000            1.4170542963
      -16.8800000000            1.4017579253
      -16.8700000000            1.3863220538
      -16.8600000000            1.3709871678
      -16.8500000000            1.3559736498
      -16.8400000000            1.3414785982
      -16.8300000000            1.3276740479
      -16.8200000000            1.3147064350
      -16.8100000000            1.3026970937
      -16.8000000000            1.2917435618
      -16.7900000000            1.2819214759
      -16.7800000000            1.2732868696
      -16.7700000000            1.2658787184
      -16.7600000000            1.2597216116
      -16.7500000000            1.2548284624
      -16.7400000000            1.2512031874
      -16.7300000000            1.2488433001
      -16.7200000000            1.2477423700
      -16.7100000000            1.2478922952
      -16.7000000000            1.2492853386
      -16.6900000000            1.2519158770
      -16.6800000000            1.2557818187
      -16.6700000000            1.2608856599
      -16.6600000000            1.2672351700
      -16.6500000000            1.2748437192
      -16.6400000000            1.2837302847
      -16.6300000000            1.2939191926
      -16.6200000000            1.3054396595
      -16.6100000000            1.3183252021
      -16.6000000000            1.3326129728
      -16.5900000000            1.3483430652
      -16.5800000000            1.3655578147
      -16.5700000000            1.3843010987
      -16.5600000000            1.4046176224
      -16.5500000000            1.4265521634
      -16.5400000000            1.4501487316
      -16.5300000000            1.4754495994
      -16.5200000000            1.5024941482
      -16.5100000000            1.5313174770
      -16.5000000000            1.5619487234
      -16.4900000000            1.5944090480
      -16.4800000000            1.6287092469
      -16.4700000000            1.6648469689
      -16.4600000000            1.7028035359
      -16.4500000000            1.7425403975
      -16.4400000000            1.7839952897
      -16.4300000000            1.8270782217
      -16.4200000000            1.8716674837
      -16.4100000000            1.9176059395
      -16.4000000000            1.9646979566
      -16.3900000000            2.0127074038
      -16.3800000000            2.0613572101
      -16.3700000000            2.1103310129
      -16.3600000000            2.1592774001
      -16.3500000000            2.2078171510
      -16.3400000000            2.2555536965
      -16.3300000000            2.3020867356
      -16.3200000000            2.3470285862
      -16.3100000000            2.3900224447
      -16.3000000000            2.4307613498
      -16.2900000000            2.4690063556
      -16.2800000000            2.5046022951
      -16.2700000000            2.5374896132
      -16.2600000000            2.5677110722
      -16.2500000000            2.5954126523
      -16.2400000000            2.6208386037
      -16.2300000000            2.6443212429
      -16.2200000000            2.6662666188
      -16.2100000000            2.6871375190
      -16.2000000000            2.7074354048
      -16.1900000000            2.7276827672
      -16.1800000000            2.7484071277
      -16.1700000000            2.7701275462
      -16.1600000000            2.7933441083
      -16.1500000000            2.8185305099
      -16.1400000000            2.8461295757
      -16.1300000000            2.8765513585
      -16.1200000000            2.9101733600
      -16.1100000000            2.9473423904
      -16.1000000000            2.9883776082
      -16.0900000000            3.0335743483
      -16.0800000000            3.0832084303
      -16.0700000000            3.1375407265
      -16.0600000000            3.1968218557
      -16.0500000000            3.2612969412
      -16.0400000000            3.3312104323
      -16.0300000000            3.4068110268
      -16.0200000000            3.4883567508
      -16.0100000000            3.5761202507
      -16.0000000000            3.6703943208
      -15.9900000000            3.7714976477
      -15.9800000000            3.8797806807
      -15.9700000000            3.9956314728
      -15.9600000000            4.1194812590
      -15.9500000000            4.2518094875
      -15.9400000000            4.3931479865
      -15.9300000000            4.5440839463
      -15.9200000000            4.7052614216
      -15.9100000000            4.8773810979
      -15.9000000000            5.0611981049
      -15.8900000000            5.2575176768
      -15.8800000000            5.4671884376
      -15.8700000000            5.6910930156
      -15.8600000000            5.9301355680
      -15.8500000000            6.1852256218
      -15.8400000000            6.4572574344
      -15.8300000000            6.7470838612
      -15.8200000000            7.0554835170
      -15.8100000000            7.3831198699
      -15.8000000000            7.7304908429
      -15.7900000000            8.0978675901
      -15.7800000000            8.4852214185
      -15.7700000000            8.8921384430
      -15.7600000000            9.3177225901
      -15.7500000000            9.7604891163
      -15.7400000000           10.2182529638
      -15.7300000000           10.6880190522
      -15.7200000000           11.1658849072
      -15.7100000000           11.6469695330
      -15.7000000000           12.1253855786
      -15.6900000000           12.5942737409
      -15.6800000000           13.0459178613
      -15.6700000000           13.4719551301
      -15.6600000000           13.8636873415
      -15.6500000000           14.2124861975
      -15.6400000000           14.5102694740
      -15.6300000000           14.7500082023
      -15.6200000000           14.9262118153
      -15.6100000000           15.0353326556
      -15.6000000000           15.0760362911
      -15.5900000000           15.0493001499
      -15.5800000000           14.9583272905
      -15.5700000000           14.8082892963
      -15.5600000000           14.6059360741
      -15.5500000000           14.3591256022
      -15.5400000000           14.0763310098
      -15.5300000000           13.7661764687
      -15.5200000000           13.4370403163
      -15.5100000000           13.0967476985
      -15.5000000000           12.7523595630
      -15.4900000000           12.4100525652
      -15.4800000000           12.0750764640
      -15.4700000000           11.7517717591
      -15.4600000000           11.4436298151
      -15.4500000000           11.1533794220
      -15.4400000000           10.8830865989
      -15.4300000000           10.6342576628
      -15.4200000000           10.4079386108
      -15.4100000000           10.2048064313
      -15.4000000000           10.0252499613
      -15.3900000000            9.8694393625
      -15.3800000000            9.7373842737
      -15.3700000000            9.6289813154
      -15.3600000000            9.5440519645
      -15.3500000000            9.4823719812
      -15.3400000000            9.4436936168
      -15.3300000000            9.4277618197
      -15.3200000000            9.4343256199
      -15.3100000000            9.4631458383
      -15.3000000000            9.5140002403
      -15.2900000000            9.5866872442
      -15.2800000000            9.6810292782
      -15.2700000000            9.7968768508
      -15.2600000000            9.9341143216
      -15.2500000000           10.0926682069
      -15.2400000000           10.2725186008
      -15.2300000000           10.4737139325
      -15.2200000000           10.6963888136
      -15.2100000000           10.9407842036
      -15.2000000000           11.2072685924
      -15.1900000000           11.4963584414
      -15.1800000000           11.8087358125
      -15.1700000000           12.1452609807
      -15.1600000000           12.5069778672
      -15.1500000000           12.8951102897
      -15.1400000000           13.3110472124
      -15.1300000000           13.7563152954
      -15.1200000000           14.2325370325
      -15.1100000000           14.7413726120
      -15.1000000000           15.2844433992
      -15.0900000000           15.8632347231
      -15.0800000000           16.4789755893
      -15.0700000000           17.1324931917
      -15.0600000000           17.8240408041
      -15.0500000000           18.5530989808
      -15.0400000000           19.3181521641
      -15.0300000000           20.1164460063
      -15.0200000000           20.9437351431
      -15.0100000000           21.7940368801
      -15.0000000000           22.6594131006
      -14.9900000000           23.5298100672
      -14.9800000000           24.3929924673
      -14.9700000000           25.2346121655
      -14.9600000000           26.0384512112
      -14.9500000000           26.7868700858
      -14.9400000000           27.4614740161
      -14.9300000000           28.0439822158
      -14.9200000000           28.5172498103
      -14.9100000000           28.8663559538
      -14.9000000000           29.0796429474
      -14.8900000000           29.1495792277
      -14.8800000000           29.0733304608
      -14.8700000000           28.8529584738
      -14.8600000000           28.4952211491
      -14.8500000000           28.0110057591
      -14.8400000000           27.4144796750
      -14.8300000000           26.7220747673
      -14.8200000000           25.9514300672
      -14.8100000000           25.1204032184
      -14.8000000000           24.2462319526
      -14.7900000000           23.3448913626
      -14.7800000000           22.4306592779
      -14.7700000000           21.5158759318
      -14.7600000000           20.6108675019
      -14.7500000000           19.7239955552
      -14.7400000000           18.8617939715
      -14.7300000000           18.0291590659
      -14.7200000000           17.2295650987
      -14.7100000000           16.4652844303
      -14.7000000000           15.7375981332
      -14.6900000000           15.0469883543
      -14.6800000000           14.3933079471
      -14.6700000000           13.7759259303
      -14.6600000000           13.1938493502
      -14.6500000000           12.6458233549
      -14.6400000000           12.1304119354
      -14.6300000000           11.6460620303
      -14.6200000000           11.1911536719
      -14.6100000000           10.7640386626
      -14.6000000000           10.3630699966
      -14.5900000000            9.9866239207
      -14.5800000000            9.6331161929
      -14.5700000000            9.3010137750
      -14.5600000000            8.9888429022
      -14.5500000000            8.6951942219
      -14.5400000000            8.4187255033
      -14.5300000000            8.1581623000
      -14.5200000000            7.9122969015
      -14.5100000000            7.6799859289
      -14.5000000000            7.4601470020
      -14.4900000000            7.2517549988
      -14.4800000000            7.0538385055
      -14.4700000000            6.8654770894
      -14.4600000000            6.6857999727
      -14.4500000000            6.5139865457
      -14.4400000000            6.3492689090
      -14.4300000000            6.1909363246
      -14.4200000000            6.0383411048
      -14.4100000000            5.8909051528
      -14.4000000000            5.7481261409
      -14.3900000000            5.6095822363
      -14.3800000000            5.4749343816
      -14.3700000000            5.3439254118
      -14.3600000000            5.2163756906
      -14.3500000000            5.0921754038
      -14.3400000000            4.9712740735
      -14.3300000000            4.8536681732
      -14.3200000000            4.7393878860
      -14.3100000000            4.6284840446
      -14.3000000000            4.5210161493
      -14.2900000000            4.4170421243
      -14.2800000000            4.3166101992
      -14.2700000000            4.2197530457
      -14.2600000000            4.1264840818
      -14.2500000000            4.0367957109
      -14.2400000000            3.9506591736
      -14.2300000000            3.8680256616
      -14.2200000000            3.7888283555
      -14.2100000000            3.7129850827
      -14.2000000000            3.6404013464
      -14.1900000000            3.5709735247
      -14.1800000000            3.5045920927
      -14.1700000000            3.4411447541
      -14.1600000000            3.3805193985
      -14.1500000000            3.3226068133
      -14.1400000000            3.2673030821
      -14.1300000000            3.2145116000
      -14.1200000000            3.1641446363
      -14.1100000000            3.1161243774
      -14.1000000000            3.0703834013
      -14.0900000000            3.0268645602
      -14.0800000000            2.9855202854
      -14.0700000000            2.9463113636
      -14.0600000000            2.9092052691
      -14.0500000000            2.8741741520
      -14.0400000000            2.8411925927
      -14.0300000000            2.8102352194
      -14.0200000000            2.7812742688
      -14.0100000000            2.7542771427
      -14.0000000000            2.7292039931
      -13.9900000000            2.7060053511
      -13.9800000000            2.6846198079
      -13.9700000000            2.6649717684
      -13.9600000000            2.6469693140
      -13.9500000000            2.6305022438
      -13.9400000000            2.6154404038
      -13.9300000000            2.6016324558
      -13.9200000000            2.5889052763
      -13.9100000000            2.5770642062
      -13.9000000000            2.5658943798
      -13.8900000000            2.5551633413
      -13.8800000000            2.5446250980
      -13.8700000000            2.5340256582
      -13.8600000000            2.5231099643
      -13.8500000000            2.5116299609
      -13.8400000000            2.4993533635
      -13.8300000000            2.4860725411
      -13.8200000000            2.4716128225
      -13.8100000000            2.4558395162
      -13.8000000000            2.4386630087
      -13.7900000000            2.4200414658
      -13.7800000000            2.3999809017
      -13.7700000000            2.3785326443
      -13.7600000000            2.3557884828
      -13.7500000000            2.3318739937
      -13.7400000000            2.3069406713
      -13.7300000000            2.2811575357
      -13.7200000000            2.2547028570
      -13.7100000000            2.2277565355
      -13.7000000000            2.2004935466
      -13.6900000000            2.1730787052
      -13.6800000000            2.1456628608
      -13.6700000000            2.1183805064
      -13.6600000000            2.0913486775
      -13.6500000000            2.0646669407
      -13.6400000000            2.0384182225
      -13.6300000000            2.0126702017
      -13.6200000000            1.9874769969
      -13.6100000000            1.9628809079
      -13.6000000000            1.9389140187
      -13.5900000000            1.9155995391
      -13.5800000000            1.8929528323
      -13.5700000000            1.8709821460
      -13.5600000000            1.8496891215
      -13.5500000000            1.8290691919
      -13.5400000000            1.8091119953
      -13.5300000000            1.7898019194
      -13.5200000000            1.7711188634
      -13.5100000000            1.7530392641
      -13.5000000000            1.7355373772
      -13.4900000000            1.7185867580
      -13.4800000000            1.7021618429
      -13.4700000000            1.6862394999
      -13.4600000000            1.6708004134
      -13.4500000000            1.6558301743
      -13.4400000000            1.6413199820
      -13.4300000000            1.6272669097
      -13.4200000000            1.6136737381
      -13.4100000000            1.6005484096
      -13.4000000000            1.5879031969
      -13.3900000000            1.5757536981
      -13.3800000000            1.5641177733
      -13.3700000000            1.5530145290
      -13.3600000000            1.5424634268
      -13.3500000000            1.5324835699
      -13.3400000000            1.5230931894
      -13.3300000000            1.5143093294
      -13.3200000000            1.5061477118
      -13.3100000000            1.4986227527
      -13.3000000000            1.4917476929
      -13.2900000000            1.4855348106
      -13.2800000000            1.4799956829
      -13.2700000000            1.4751414687
      -13.2600000000            1.4709831904
      -13.2500000000            1.4675319971
      -13.2400000000            1.4647993953
      -13.2300000000            1.4627974358
      -13.2200000000            1.4615388486
      -13.2100000000            1.4610371164
      -13.2000000000            1.4613064801
      -13.1900000000            1.4623618657
      -13.1800000000            1.4642187240
      -13.1700000000            1.4668927683
      -13.1600000000            1.4703995978
      -13.1500000000            1.4747541881
      -13.1400000000            1.4799702306
      -13.1300000000            1.4860592987
      -13.1200000000            1.4930298222
      -13.1100000000            1.5008858458
      -13.1000000000            1.5096255580
      -13.0900000000            1.5192395796
      -13.0800000000            1.5297090129
      -13.0700000000            1.5410032721
      -13.0600000000            1.5530777381
      -13.0500000000            1.5658713132
      -13.0400000000            1.5793039928
      -13.0300000000            1.5932746156
      -13.0200000000            1.6076590040
      -13.0100000000            1.6223087553
      -13.0000000000            1.6370509769
      -12.9900000000            1.6516892760
      -12.9800000000            1.6660062901
      -12.9700000000            1.6797679807
      -12.9600000000            1.6927297865
      -12.9500000000            1.7046445620
      -12.9400000000            1.7152720085
      -12.9300000000            1.7243890764
      -12.9200000000            1.7318006098
      -12.9100000000            1.7373493633
      -12.9000000000            1.7409244812
      -12.8900000000            1.7424676212
      -12.8800000000            1.7419761122
      -12.8700000000            1.7395028453
      -12.8600000000            1.7351529495
      -12.8500000000            1.7290776412
      -12.8400000000            1.7214659064
      -12.8300000000            1.7125348367
      -12.8200000000            1.7025194832
      -12.8100000000            1.6916630238
      -12.8000000000            1.6802078892
      -12.7900000000            1.6683882968
      -12.7800000000            1.6564244330
      -12.7700000000            1.6445183404
      -12.7600000000            1.6328514143
      -12.7500000000            1.6215833137
      -12.7400000000            1.6108520308
      -12.7300000000            1.6007748499
      -12.7200000000            1.5914499335
      -12.7100000000            1.5829583042
      -12.7000000000            1.5753660326
      -12.6900000000            1.5687264801
      -12.6800000000            1.5630824882
      -12.6700000000            1.5584684406
      -12.6600000000            1.5549121504
      -12.6500000000            1.5524365515
      -12.6400000000            1.5510611844
      -12.6300000000            1.5508034814
      -12.6200000000            1.5516798610
      -12.6100000000            1.5537066439
      -12.6000000000            1.5569008075
      -12.5900000000            1.5612805895
      -12.5800000000            1.5668659545
      -12.5700000000            1.5736789304
      -12.5600000000            1.5817438186
      -12.5500000000            1.5910872800
      -12.5400000000            1.6017382895
      -12.5300000000            1.6137279506
      -12.5200000000            1.6270891550
      -12.5100000000            1.6418560646
      -12.5000000000            1.6580633909
      -12.4900000000            1.6757454372
      -12.4800000000            1.6949348669
      -12.4700000000            1.7156611545
      -12.4600000000            1.7379486733
      -12.4500000000            1.7618143744
      -12.4400000000            1.7872650140
      -12.4300000000            1.8142938963
      -12.4200000000            1.8428771179
      -12.4100000000            1.8729693257
      -12.4000000000            1.9044990447
      -12.3900000000            1.9373636883
      -12.3800000000            1.9714244376
      -12.3700000000            2.0065012681
      -12.3600000000            2.0423685055
      -12.3500000000            2.0787513972
      -12.3400000000            2.1153242840
      -12.3300000000            2.1517110214
      -12.3200000000            2.1874883029
      -12.3100000000            2.2221924641
      -12.3000000000            2.2553301511
      -12.2900000000            2.2863929296
      -12.2800000000            2.3148754875
      -12.2700000000            2.3402965853
      -12.2600000000            2.3622214169
      -12.2500000000            2.3802836292
      -12.2400000000            2.3942050332
      -12.2300000000            2.4038110774
      -12.2200000000            2.4090404916
      -12.2100000000            2.4099480963
      -12.2000000000            2.4067005382
      -12.1900000000            2.3995654972
      -12.1800000000            2.3888956008
      -12.1700000000            2.3751087494
      -12.1600000000            2.3586667523
      -12.1500000000            2.3400541001
      -12.1400000000            2.3197584102
      -12.1300000000            2.2982536588
      -12.1200000000            2.2759868461
      -12.1100000000            2.2533683068
      -12.1000000000            2.2307655244
      -12.0900000000            2.2085000587
      -12.0800000000            2.1868470515
      -12.0700000000            2.1660367272
      -12.0600000000            2.1462573157
      -12.0500000000            2.1276588921
      -12.0400000000            2.1103577082
      -12.0300000000            2.0944406847
      -12.0200000000            2.0799698217
      -12.0100000000            2.0669863595
      -12.0000000000            2.0555145899
      -11.9900000000            2.0455652620
      -11.9800000000            2.0371385685
      -11.9700000000            2.0302267201
      -11.9600000000            2.0248161338
      -11.9500000000            2.0208892695
      -11.9400000000            2.0184261547
      -11.9300000000            2.0174056369
      -11.9200000000            2.0178064033
      -11.9100000000            2.0196078044
      -11.9000000000            2.0227905120
      -11.8900000000            2.0273370444
      -11.8800000000            2.0332321802
      -11.8700000000            2.0404632853
      -11.8600000000            2.0490205699
      -11.8500000000            2.0588972923
      -11.8400000000            2.0700899213
      -11.8300000000            2.0825982699
      -11.8200000000            2.0964256078
      -11.8100000000            2.1115787612
      -11.8000000000            2.1280682065
      -11.7900000000            2.1459081622
      -11.7800000000            2.1651166845
      -11.7700000000            2.1857157710
      -11.7600000000            2.2077314736
      -11.7500000000            2.2311940263
      -11.7400000000            2.2561379893
      -11.7300000000            2.2826024118
      -11.7200000000            2.3106310170
      -11.7100000000            2.3402724108
      -11.7000000000            2.3715803178
      -11.6900000000            2.4046138462
      -11.6800000000            2.4394377853
      -11.6700000000            2.4761229387
      -11.6600000000            2.5147464957
      -11.6500000000            2.5553924466
      -11.6400000000            2.5981520436
      -11.6300000000            2.6431243142
      -11.6200000000            2.6904166308
      -11.6100000000            2.7401453442
      -11.6000000000            2.7924364851
      -11.5900000000            2.8474265438
      -11.5800000000            2.9052633353
      -11.5700000000            2.9661069586
      -11.5600000000            3.0301308636
      -11.5500000000            3.0975230352
      -11.5400000000            3.1684873102
      -11.5300000000            3.2432448431
      -11.5200000000            3.3220357381
      -11.5100000000            3.4051208681
      -11.5000000000            3.4927839052
      -11.4900000000            3.5853335884
      -11.4800000000            3.6831062601
      -11.4700000000            3.7864687063
      -11.4600000000            3.8958213403
      -11.4500000000            4.0116017777
      -11.4400000000            4.1342888532
      -11.4300000000            4.2644071433
      -11.4200000000            4.4025320612
      -11.4100000000            4.5492956088
      -11.4000000000            4.7053928739
      -11.3900000000            4.8715893838
      -11.3800000000            5.0487294345
      -11.3700000000            5.2377455400
      -11.3600000000            5.4396691624
      -11.3500000000            5.6556429107
      -11.3400000000            5.8869344238
      -11.3300000000            6.1349521808
      -11.3200000000            6.4012635211
      -11.3100000000            6.6876151900
      -11.3000000000            6.9959567671
      -11.2900000000            7.3284673776
      -11.2800000000            7.6875861230
      -11.2700000000            8.0760467072
      -11.2600000000            8.4969167543
      -11.2500000000            8.9536423171
      -11.2400000000            9.4500980440
      -11.2300000000            9.9906433749
      -11.2200000000           10.5801849526
      -11.2100000000           11.2242451045
      -11.2000000000           11.9290357011
      -11.1900000000           12.7015358252
      -11.1800000000           13.5495703349
      -11.1700000000           14.4818843614
      -11.1600000000           15.5082057520
      -11.1500000000           16.6392830462
      -11.1400000000           17.8868802531
      -11.1300000000           19.2637008431
      -11.1200000000           20.7832013099
      -11.1100000000           22.4592388276
      -11.1000000000           24.3054778265
      -11.0900000000           26.3344578487
      -11.0800000000           28.5562033476
      -11.0700000000           30.9762431451
      -11.0600000000           33.5929181308
      -11.0500000000           36.3939152788
      -11.0400000000           39.3521090492
      -11.0300000000           42.4210557565
      -11.0200000000           45.5308920896
      -11.0100000000           48.5858937310
      -11.0000000000           51.4653927089
      -10.9900000000           54.0298184641
      -10.9800000000           56.1329215184
      -10.9700000000           57.6395343956
      -10.9600000000           58.4458405731
      -10.9500000000           58.4971045561
      -10.9400000000           57.7975232769
      -10.9300000000           56.4089712586
      -10.9200000000           54.4391462003
      -10.9100000000           52.0230673313
      -10.9000000000           49.3033449197
      -10.8900000000           46.4137894239
      -10.8800000000           43.4687306683
      -10.8700000000           40.5581974811
      -10.8600000000           37.7476986556
      -10.8500000000           35.0808786529
      -10.8400000000           32.5835017905
      -10.8300000000           30.2676726494
      -10.8200000000           28.1356649711
      -10.8100000000           26.1830860794
      -10.8000000000           24.4013274183
      -10.7900000000           22.7793688638
      -10.7800000000           21.3050507607
      -10.7700000000           19.9659337129
      -10.7600000000           18.7498530154
      -10.7500000000           17.6452547801
      -10.7400000000           16.6413807508
      -10.7300000000           15.7283513830
      -10.7200000000           14.8971827861
      -10.7100000000           14.1397624697
      -10.7000000000           13.4488009851
      -10.6900000000           12.8177709134
      -10.6800000000           12.2408406868
      -10.6700000000           11.7128079810
      -10.6600000000           11.2290355532
      -10.6500000000           10.7853911467
      -10.6400000000           10.3781922647
      -10.6300000000           10.0041560888
      -10.6200000000            9.6603544918
      -10.6100000000            9.3441739032
      -10.6000000000            9.0532796793
      -10.5900000000            8.7855845854
      -10.5800000000            8.5392209855
      -10.5700000000            8.3125163442
      -10.5600000000            8.1039716729
      -10.5500000000            7.9122425777
      -10.5400000000            7.7361226013
      -10.5300000000            7.5745285834
      -10.5200000000            7.4264877939
      -10.5100000000            7.2911266234
      -10.5000000000            7.1676606408
      -10.4900000000            7.0553858517
      -10.4800000000            6.9536710133
      -10.4700000000            6.8619508796
      -10.4600000000            6.7797202655
      -10.4500000000            6.7065288369
      -10.4400000000            6.6419765430
      -10.4300000000            6.5857096182
      -10.4200000000            6.5374170950
      -10.4100000000            6.4968277712
      -10.4000000000            6.4637075880
      -10.3900000000            6.4378573795
      -10.3800000000            6.4191109595
      -10.3700000000            6.4073335188
      -10.3600000000            6.4024203086
      -10.3500000000            6.4042955914
      -10.3400000000            6.4129118439
      -10.3300000000            6.4282492004
      -10.3200000000            6.4503151275
      -10.3100000000            6.4791443255
      -10.3000000000            6.5147988540
      -10.2900000000            6.5573684819
      -10.2800000000            6.6069712662
      -10.2700000000            6.6637543665
      -10.2600000000            6.7278951038
      -10.2500000000            6.7996022791
      -10.2400000000            6.8791177662
      -10.2300000000            6.9667184027
      -10.2200000000            7.0627182014
      -10.2100000000            7.1674709146
      -10.2000000000            7.2813729865
      -10.1900000000            7.4048669345
      -10.1800000000            7.5384452102
      -10.1700000000            7.6826545961
      -10.1600000000            7.8381012052
      -10.1500000000            8.0054561612
      -10.1400000000            8.1854620489
      -10.1300000000            8.3789402406
      -10.1200000000            8.5867992206
      -10.1100000000            8.8100440502
      -10.1000000000            9.0497871396
      -10.0900000000            9.3072605217
      -10.0800000000            9.5838298538
      -10.0700000000            9.8810104157
      -10.0600000000           10.2004854151
      -10.0500000000           10.5441269683
      -10.0400000000           10.9140201890
      -10.0300000000           11.3124908941
      -10.0200000000           11.7421375273
      -10.0100000000           12.2058680116
      -10.0000000000           12.7069423685
       -9.9900000000           13.2490220963
       -9.9800000000           13.8362274830
       -9.9700000000           14.4732042395
       -9.9600000000           15.1652010932
       -9.9500000000           15.9181602753
       -9.9400000000           16.7388231702
       -9.9300000000           17.6348537823
       -9.9200000000           18.6149831039
       -9.9100000000           19.6891779226
       -9.9000000000           20.8688380780
       -9.8900000000           22.1670265976
       -9.8800000000           23.5987374419
       -9.8700000000           25.1812056098
       -9.8600000000           26.9342638594
       -9.8500000000           28.8807488871
       -9.8400000000           31.0469568372
       -9.8300000000           33.4631424873
       -9.8200000000           36.1640468025
       -9.8100000000           39.1894213928
       -9.8000000000           42.5844921926
       -9.7900000000           46.4002632566
       -9.7800000000           50.6934978549
       -9.7700000000           55.5261189966
       -9.7600000000           60.9636352007
       -9.7500000000           67.0720126885
       -9.7400000000           73.9121870688
       -9.7300000000           81.5311719424
       -9.7200000000           89.9485797477
       -9.7100000000           99.1375380049
       -9.7000000000          108.9998414431
       -9.6900000000          119.3372493083
       -9.6800000000          129.8245466340
       -9.6700000000          139.9950353309
       -9.6600000000          149.2534505641
       -9.6500000000          156.9305059770
       -9.6400000000          162.3823109569
       -9.6300000000          165.1164274816
       -9.6200000000          164.9043672583
       -9.6100000000          161.8353939125
       -9.6000000000          156.2883849131
       -9.5900000000          148.8357138325
       -9.5800000000          140.1203317247
       -9.5700000000          130.7486617538
       -9.5600000000          121.2232538496
       -9.5500000000          111.9172028364
       -9.5400000000          103.0790227104
       -9.5300000000           94.8536395023
       -9.5200000000           87.3082221776
       -9.5100000000           80.4562304236
       -9.5000000000           74.2768701515
       -9.4900000000           68.7294799894
       -9.4800000000           63.7634815327
       -9.4700000000           59.3248775615
       -9.4600000000           55.3602549218
       -9.4500000000           51.8190765966
       -9.4400000000           48.6548503597
       -9.4300000000           45.8255891597
       -9.4200000000           43.2938448367
       -9.4100000000           41.0265000469
       -9.4000000000           38.9944362264
       -9.3900000000           37.1721504096
       -9.3800000000           35.5373642234
       -9.3700000000           34.0706494845
       -9.3600000000           32.7550829825
       -9.3500000000           31.5759357987
       -9.3400000000           30.5203982386
       -9.3300000000           29.5773390584
       -9.3200000000           28.7370964297
       -9.3100000000           27.9912975547
       -9.3000000000           27.3327037284
       -9.2900000000           26.7550777541
       -9.2800000000           26.2530708524
       -9.2700000000           25.8221264740
       -9.2600000000           25.4583987125
       -9.2500000000           25.1586832745
       -9.2400000000           24.9203591882
       -9.2300000000           24.7413396229
       -9.2200000000           24.6200303235
       -9.2100000000           24.5552942448
       -9.2000000000           24.5464209959
       -9.1900000000           24.5930996479
       -9.1800000000           24.6953933381
       -9.1700000000           24.8537138734
       -9.1600000000           25.0687942094
       -9.1500000000           25.3416562171
       -9.1400000000           25.6735705411
       -9.1300000000           26.0660045816
       -9.1200000000           26.5205536906
       -9.1100000000           27.0388495813
       -9.1000000000           27.6224387674
       -9.0900000000           28.2726227068
       -9.0800000000           28.9902504674
       -9.0700000000           29.7754545726
       -9.0600000000           30.6273218684
       -9.0500000000           31.5434946997
       -9.0400000000           32.5197046243
       -9.0300000000           33.5492527163
       -9.0200000000           34.6224685126
       -9.0100000000           35.7262042965
       -9.0000000000           36.8434513308
       -8.9900000000           37.9531951445
       -8.9800000000           39.0306488223
       -8.9700000000           40.0480024780
       -8.9600000000           40.9757876529
       -8.9500000000           41.7848655401
       -8.9400000000           42.4489101575
       -8.9300000000           42.9470975621
       -8.9200000000           43.2665795915
       -8.9100000000           43.4042748679
       -8.9000000000           43.3675921026
       -8.8900000000           43.1739061137
       -8.8800000000           42.8488762552
       -8.8700000000           42.4239396336
       -8.8600000000           41.9334483676
       -8.8500000000           41.4119196066
       -8.8400000000           40.8917528919
       -8.8300000000           40.4016001214
       -8.8200000000           39.9654097376
       -8.8100000000           39.6020486763
       -8.8000000000           39.3253454579
       -8.7900000000           39.1443873336
       -8.7800000000           39.0639261956
       -8.7700000000           39.0847847867
       -8.7600000000           39.2041942801
       -8.7500000000           39.4160299725
       -8.7400000000           39.7109415484
       -8.7300000000           40.0763986033
       -8.7200000000           40.4966921856
       -8.7100000000           40.9529499418
       -8.7000000000           41.4232356436
       -8.6900000000           41.8828114070
       -8.6800000000           42.3046390676
       -8.6700000000           42.6601814182
       -8.6600000000           42.9205305304
       -8.6500000000           43.0578385213
       -8.6400000000           43.0469608948
       -8.6300000000           42.8671560415
       -8.6200000000           42.5036344328
       -8.6100000000           41.9487362083
       -8.6000000000           41.2025485257
       -8.5900000000           40.2728531638
       -8.5800000000           39.1744037545
       -8.5700000000           37.9276427677
       -8.5600000000           36.5570519709
       -8.5500000000           35.0893671209
       -8.5400000000           33.5518746299
       -8.5300000000           31.9709563368
       -8.5200000000           30.3709781776
       -8.5100000000           28.7735494536
       -8.5000000000           27.1971255474
       -8.4900000000           25.6568941948
       -8.4800000000           24.1648727039
       -8.4700000000           22.7301456853
       -8.4600000000           21.3591836782
       -8.4500000000           20.0561971237
       -8.4400000000           18.8234938265
       -8.4300000000           17.6618194605
       -8.4200000000           16.5706692697
       -8.4100000000           15.5485651073
       -8.4000000000           14.5932959025
       -8.3900000000           13.7021221170
       -8.3800000000           12.8719462525
       -8.3700000000           12.0994523224
       -8.3600000000           11.3812176393
       -8.3500000000           10.7138004277
       -8.3400000000           10.0938067346
       -8.3300000000            9.5179399429
       -8.3200000000            8.9830359294
       -8.3100000000            8.4860865989
       -8.3000000000            8.0242541806
       -8.2900000000            7.5948783361
       -8.2800000000            7.1954777946
       -8.2700000000            6.8237479328
       -8.2600000000            6.4775554464
       -8.2500000000            6.1549310244
       -8.2400000000            5.8540607409
       -8.2300000000            5.5732767126
       -8.2200000000            5.3110474344
       -8.2100000000            5.0659680967
       -8.2000000000            4.8367511026
       -8.1900000000            4.6222169341
       -8.1800000000            4.4212854646
       -8.1700000000            4.2329677760
       -8.1600000000            4.0563585090
       -8.1500000000            3.8906287515
       -8.1400000000            3.7350194570
       -8.1300000000            3.5888353714
       -8.1200000000            3.4514394402
       -8.1100000000            3.3222476622
       -8.1000000000            3.2007243533
       -8.0900000000            3.0863777809
       -8.0800000000            2.9787561309
       -8.0700000000            2.8774437649
       -8.0600000000            2.7820577295
       -8.0500000000            2.6922444785
       -8.0400000000            2.6076767685
       -8.0300000000            2.5280506920
       -8.0200000000            2.4530828135
       -8.0100000000            2.3825073785
       -8.0000000000            2.3160735671
       -7.9900000000            2.2535427776
       -7.9800000000            2.1946859277
       -7.9700000000            2.1392807815
       -7.9600000000            2.0871093242
       -7.9500000000            2.0379552291
       -7.9400000000            1.9916014893
       -7.9300000000            1.9478283123
       -7.9200000000            1.9064114098
       -7.9100000000            1.8671208350
       -7.9000000000            1.8297205439
       -7.8900000000            1.7939688516
       -7.8800000000            1.7596199393
       -7.8700000000            1.7264265102
       -7.8600000000            1.6941436155
       -7.8500000000            1.6625335484
       -7.8400000000            1.6313715769
       -7.8300000000            1.6004521377
       -7.8200000000            1.5695950029
       -7.8100000000            1.5386508528
       -7.8000000000            1.5075056903
       -7.7900000000            1.4760836092
       -7.7800000000            1.4443475862
       -7.7700000000            1.4122981750
       -7.7600000000            1.3799702158
       -7.7500000000            1.3474278815
       -7.7400000000            1.3147585463
       -7.7300000000            1.2820660371
       -7.7200000000            1.2494638366
       -7.7100000000            1.2170687281
       -7.7000000000            1.1849952608
       -7.6900000000            1.1533512683
       -7.6800000000            1.1222345359
       -7.6700000000            1.0917305961
       -7.6600000000            1.0619115432
       -7.6500000000            1.0328357057
       -7.6400000000            1.0045479911
       -7.6300000000            0.9770807189
       -7.6200000000            0.9504547751
       -7.6100000000            0.9246809441
       -7.6000000000            0.8997613092
       -7.5900000000            0.8756906348
       -7.5800000000            0.8524576748
       -7.5700000000            0.8300463707
       -7.5600000000            0.8084369183
       -7.5500000000            0.7876066992
       -7.5400000000            0.7675310761
       -7.5300000000            0.7481840619
       -7.5200000000            0.7295388725
       -7.5100000000            0.7115683767
       -7.5000000000            0.6942454558
       -7.4900000000            0.6775432866
       -7.4800000000            0.6614355590
       -7.4700000000            0.6458966395
       -7.4600000000            0.6309016901
       -7.4500000000            0.6164267497
       -7.4400000000            0.6024487877
       -7.4300000000            0.5889457330
       -7.4200000000            0.5758964849
       -7.4100000000            0.5632809098
       -7.4000000000            0.5510798269
       -7.3900000000            0.5392749861
       -7.3800000000            0.5278490393
       -7.3700000000            0.5167855084
       -7.3600000000            0.5060687500
       -7.3500000000            0.4956839185
       -7.3400000000            0.4856169291
       -7.3300000000            0.4758544203
       -7.3200000000            0.4663837164
       -7.3100000000            0.4571927921
       -7.3000000000            0.4482702367
       -7.2900000000            0.4396052208
       -7.2800000000            0.4311874637
       -7.2700000000            0.4230072028
       -7.2600000000            0.4150551639
       -7.2500000000            0.4073225335
       -7.2400000000            0.3998009327
       -7.2300000000            0.3924823919
       -7.2200000000            0.3853593281
       -7.2100000000            0.3784245222
       -7.2000000000            0.3716710985
       -7.1900000000            0.3650925054
       -7.1800000000            0.3586824972
       -7.1700000000            0.3524351163
       -7.1600000000            0.3463446781
       -7.1500000000            0.3404057549
       -7.1400000000            0.3346131626
       -7.1300000000            0.3289619468
       -7.1200000000            0.3234473707
       -7.1100000000            0.3180649032
       -7.1000000000            0.3128102080
       -7.0900000000            0.3076791335
       -7.0800000000            0.3026677026
       -7.0700000000            0.2977721043
       -7.0600000000            0.2929886847
       -7.0500000000            0.2883139392
       -7.0400000000            0.2837445047
       -7.0300000000            0.2792771529
       -7.0200000000            0.2749087832
       -7.0100000000            0.2706364168
       -7.0000000000            0.2664571906
       -6.9900000000            0.2623683516
       -6.9800000000            0.2583672517
       -6.9700000000            0.2544513426
       -6.9600000000            0.2506181713
       -6.9500000000            0.2468653758
       -6.9400000000            0.2431906805
       -6.9300000000            0.2395918925
       -6.9200000000            0.2360668980
       -6.9100000000            0.2326136586
       -6.9000000000            0.2292302078
       -6.8900000000            0.2259146483
       -6.8800000000            0.2226651486
       -6.8700000000            0.2194799403
       -6.8500000000            0.1584101522
       -6.8400000000            0.1561524011
       -6.8300000000            0.1539399032
       -6.8200000000            0.1517714419
       -6.8100000000            0.1496458426
       -6.8000000000            0.1475619702
       -6.7900000000            0.1455187281
       -6.7800000000            0.1435150562
       -6.7700000000            0.1415499296
       -6.7600000000            0.1396223570
       -6.7500000000            0.1377313796
       -6.7400000000            0.1358760694
       -6.7300000000            0.1340555284
       -6.7200000000            0.1322688871
       -6.7100000000            0.1305153036
       -6.7000000000            0.1287939624
       -6.6900000000            0.1271040733
       -6.6800000000            0.1254448707
       -6.6700000000            0.1238156124
       -6.6600000000            0.1222155789
       -6.6500000000            0.1206440725
       -6.6400000000            0.1191004162
       -6.6300000000            0.1175839536
       -6.6200000000            0.1160940475
       -6.6100000000            0.1146300795
       -6.6000000000            0.1131914492
       -6.5900000000            0.1117775738
       -6.5800000000            0.1103878872
       -6.5700000000            0.1090218395
       -6.5600000000            0.1076788965
       -6.5500000000            0.1063585389
       -6.5400000000            0.1050602622
       -6.5300000000            0.1037835759
       -6.5200000000            0.1025280031
       -6.5100000000            0.1012930800
       -6.5000000000            0.1000783554
       -6.4900000000            0.0988833906
       -6.4800000000            0.0977077585
       -6.4700000000            0.0965510437
       -6.4600000000            0.0954128415
       -6.4500000000            0.0942927584
       -6.4400000000            0.0931904109
       -6.4300000000            0.0921054257
       -6.4200000000            0.0910374392
       -6.4100000000            0.0899860972
       -6.4000000000            0.0889510545
       -6.3900000000            0.0879319750
       -6.3800000000            0.0869285308
       -6.3700000000            0.0859404024
       -6.3600000000            0.0849672785
       -6.3500000000            0.0840088552
       -6.3400000000            0.0830648366
       -6.3300000000            0.0821349336
       -6.3200000000            0.0812188645
       -6.3100000000            0.0803163544
       -6.3000000000            0.0794271351
       -6.2900000000            0.0785509447
       -6.2800000000            0.0776875277
       -6.2700000000            0.0768366347
       -6.2600000000            0.0759980221
       -6.2500000000            0.0751714521
       -6.2400000000            0.0743566924
       -6.2300000000            0.0735535162
       -6.2200000000            0.0727617019
       -6.2100000000            0.0719810329
       -6.2000000000            0.0712112977
       -6.1900000000            0.0704522895
       -6.1800000000            0.0697038062
       -6.1700000000            0.0689656502
       -6.1600000000            0.0682376283
       -6.1500000000            0.0675195517
       -6.1400000000            0.0668112356
       -6.1200000000            0.0000000000
       -6.1100000000            0.0000000000
       -6.1000000000            0.0000000000
       -6.0900000000            0.0000000000
       -6.0800000000            0.0000000000
       -6.0700000000            0.0000000000
       -6.0600000000            0.0000000000
       -6.0500000000            0.0000000000
       -6.0400000000            0.0000000000
       -6.0300000000            0.0000000000
       -6.0200000000            0.0000000000
       -6.0100000000            0.0000000000
       -6.0000000000            0.0000000000
       -5.9900000000            0.0000000000
       -5.9800000000            0.0000000000
       -5.9700000000            0.0000000000
       -5.9600000000            0.0000000000
       -5.9500000000            0.0000000000
       -5.9400000000            0.0000000000
       -5.9300000000            0.0000000000
       -5.9200000000            0.0000000000
       -5.9100000000            0.0000000000
       -5.9000000000            0.0000000000
       -5.8900000000            0.0000000000
       -5.8800000000            0.0000000000
       -5.8700000000            0.0000000000
       -5.8600000000            0.0000000000
       -5.8500000000            0.0000000000
       -5.8400000000            0.0000000000
       -5.8300000000            0.0000000000
       -5.8200000000            0.0000000000
       -5.8100000000            0.0000000000
       -5.8000000000            0.0000000000
       -5.7900000000            0.0000000000
       -5.7800000000            0.0000000000
       -5.7700000000            0.0000000000
       -5.7600000000            0.0000000000
       -5.7500000000            0.0000000000
       -5.7400000000            0.0000000000
       -5.7300000000            0.0000000000
       -5.7200000000            0.0000000000
       -5.7100000000            0.0000000000
       -5.7000000000            0.0000000000
       -5.6900000000            0.0000000000
       -5.6800000000            0.0000000000
       -5.6700000000            0.0000000000
       -5.6600000000            0.0000000000
       -5.6500000000            0.0000000000
       -5.6400000000            0.0000000000
       -5.6300000000            0.0000000000
       -5.6200000000            0.0000000000
       -5.6100000000            0.0000000000
       -5.6000000000            0.0000000000
       -5.5900000000            0.0000000000
       -5.5800000000            0.0000000000
       -5.5700000000            0.0000000000
       -5.5600000000            0.0000000000
       -5.5500000000            0.0000000000
       -5.5400000000            0.0000000000
       -5.5300000000            0.0000000000
       -5.5200000000            0.0000000000
       -5.5100000000            0.0000000000
       -5.5000000000            0.0000000000
       -5.4900000000            0.0000000000
       -5.4800000000            0.0000000000
       -5.4700000000            0.0000000000
       -5.4600000000            0.0000000000
       -5.4500000000            0.0000000000
       -5.4400000000            0.0000000000
       -5.4300000000            0.0000000000
       -5.4200000000            0.0000000000
       -5.4100000000            0.0000000000
       -5.4000000000            0.0000000000
       -5.3900000000            0.0000000000
       -5.3800000000            0.0000000000
       -5.3700000000            0.0000000000
       -5.3600000000            0.0000000000
       -5.3500000000            0.0000000000
       -5.3400000000            0.0000000000
       -5.3300000000            0.0000000000
       -5.3200000000            0.0000000000
       -5.3100000000            0.0000000000
       -5.3000000000            0.0000000000
       -5.2900000000            0.0000000000
       -5.2800000000            0.0000000000
       -5.2700000000            0.0000000000
       -5.2600000000            0.0000000000
       -5.2500000000            0.0000000000
       -5.2400000000            0.0000000000
       -5.2300000000            0.0000000000
       -5.2200000000            0.0000000000
       -5.2100000000            0.0000000000
       -5.2000000000            0.0000000000
       -5.1900000000            0.0000000000
       -5.1800000000            0.0000000000
       -5.1700000000            0.0000000000
       -5.1600000000            0.0000000000
       -5.1500000000            0.0000000000
       -5.1400000000            0.0000000000
       -5.1300000000            0.0000000000
       -5.1200000000            0.0000000000
       -5.1100000000            0.0000000000
       -5.1000000000            0.0000000000
       -5.0900000000            0.0000000000
       -5.0800000000            0.0000000000
       -5.0700000000            0.0000000000
       -5.0600000000            0.0000000000
       -5.0500000000            0.0000000000
       -5.0400000000            0.0000000000
       -5.0300000000            0.0000000000
       -5.0200000000            0.0000000000
       -5.0100000000            0.0000000000
       -5.0000000000            0.0000000000
       -4.9900000000            0.0000000000
       -4.9800000000            0.0000000000
       -4.9700000000            0.0000000000
       -4.9600000000            0.0000000000
       -4.9500000000            0.0000000000
       -4.9400000000            0.0000000000
       -4.9300000000            0.0000000000
       -4.9200000000            0.0000000000
       -4.9100000000            0.0000000000
       -4.9000000000            0.0000000000
       -4.8900000000            0.0000000000
       -4.8800000000            0.0000000000
       -4.8700000000            0.0000000000
       -4.8600000000            0.0000000000
       -4.8500000000            0.0000000000
       -4.8400000000            0.0000000000
       -4.8300000000            0.0000000000
       -4.8200000000            0.0000000000
       -4.8100000000            0.0000000000
       -4.8000000000            0.0000000000
       -4.7800000000            0.0373415467
       -4.7700000000            0.0378293537
       -4.7600000000            0.0383255307
       -4.7500000000            0.0388302740
       -4.7400000000            0.0393437856
       -4.7300000000            0.0398662733
       -4.7200000000            0.0403979506
       -4.7100000000            0.0409390372
       -4.7000000000            0.0414897590
       -4.6900000000            0.0420503485
       -4.6800000000            0.0426210449
       -4.6700000000            0.0432020947
       -4.6600000000            0.0437937511
       -4.6500000000            0.0443962754
       -4.6400000000            0.0450099363
       -4.6300000000            0.0456350105
       -4.6200000000            0.0462717835
       -4.6100000000            0.0469205490
       -4.6000000000            0.0475816100
       -4.5900000000            0.0482552785
       -4.5800000000            0.0489418766
       -4.5700000000            0.0496417359
       -4.5600000000            0.0503551989
       -4.5500000000            0.0510826186
       -4.5400000000            0.0518243593
       -4.5300000000            0.0525807969
       -4.5200000000            0.0533523195
       -4.5100000000            0.0541393277
       -4.5000000000            0.0549422350
       -4.4900000000            0.0557614689
       -4.4800000000            0.0565974705
       -4.4700000000            0.0574506958
       -4.4600000000            0.0583216163
       -4.4500000000            0.0592107189
       -4.4400000000            0.0601185075
       -4.4300000000            0.0610455028
       -4.4200000000            0.0619922436
       -4.4100000000            0.0629592874
       -4.4000000000            0.0639472112
       -4.3900000000            0.0649566119
       -4.3800000000            0.0659881079
       -4.3700000000            0.0670423394
       -4.3600000000            0.0681199697
       -4.3500000000            0.0692216858
       -4.3400000000            0.0703482001
       -4.3300000000            0.0715002508
       -4.3200000000            0.0726786033
       -4.3100000000            0.0738840518
       -4.3000000000            0.0751174198
       -4.2900000000            0.0763795622
       -4.2800000000            0.0776713664
       -4.2700000000            0.0789937535
       -4.2600000000            0.0803476805
       -4.2500000000            0.0817341415
       -4.2400000000            0.0831541694
       -4.2300000000            0.0846088382
       -4.2200000000            0.0860992644
       -4.2100000000            0.0876266095
       -4.2000000000            0.0891920818
       -4.1900000000            0.0907969390
       -4.1800000000            0.0924424904
       -4.1700000000            0.0941300997
       -4.1600000000            0.0958611873
       -4.1500000000            0.0976372336
       -4.1400000000            0.0994597820
       -4.1300000000            0.1013304417
       -4.1200000000            0.1032508916
       -4.1100000000            0.1052228837
       -4.1000000000            0.1072482469
       -4.0900000000            0.1093288912
       -4.0800000000            0.1114668117
       -4.0700000000            0.1136640940
       -4.0600000000            0.1159229179
       -4.0500000000            0.1182455636
       -4.0400000000            0.1206344168
       -4.0300000000            0.1230919745
       -4.0200000000            0.1256208515
       -4.0100000000            0.1282237869
       -4.0000000000            0.1309036511
       -3.9900000000            0.1336634538
       -3.9800000000            0.1365063516
       -3.9700000000            0.1394356568
       -3.9600000000            0.1424548468
       -3.9500000000            0.1455675736
       -3.9400000000            0.1487776745
       -3.9300000000            0.1520891833
       -3.9200000000            0.1555063425
       -3.9100000000            0.1590336158
       -3.9000000000            0.1626757021
       -3.8900000000            0.1664375503
       -3.8800000000            0.1703243750
       -3.8700000000            0.1743416735
       -3.8600000000            0.1784952439
       -3.8500000000            0.1827912047
       -3.8400000000            0.1872360156
       -3.8300000000            0.1918365001
       -3.8200000000            0.1965998694
       -3.8100000000            0.2015337484
       -3.8000000000            0.2066462037
       -3.7900000000            0.2119457728
       -3.7800000000            0.2174414971
       -3.7700000000            0.2231429557
       -3.7600000000            0.2290603024
       -3.7500000000            0.2352043061
       -3.7400000000            0.2415863927
       -3.7300000000            0.2482186914
       -3.7200000000            0.2551140838
       -3.7100000000            0.2622862563
       -3.7000000000            0.2697497571
       -3.6900000000            0.2775200561
       -3.6800000000            0.2856136097
       -3.6700000000            0.2940479297
       -3.6600000000            0.3028416564
       -3.6500000000            0.3120146370
       -3.6400000000            0.3215880079
       -3.6300000000            0.3315842818
       -3.6200000000            0.3420274396
       -3.6100000000            0.3529430264
       -3.6000000000            0.3643582507
       -3.5900000000            0.3763020879
       -3.5800000000            0.3888053849
       -3.5700000000            0.4019009660
       -3.5600000000            0.4156237380
       -3.5500000000            0.4300107923
       -3.5400000000            0.4451014998
       -3.5300000000            0.4609375965
       -3.5200000000            0.4775632539
       -3.5100000000            0.4950251271
       -3.5000000000            0.5133723748
       -3.4900000000            0.5326566388
       -3.4800000000            0.5529319736
       -3.4700000000            0.5742547092
       -3.4600000000            0.5966832313
       -3.4500000000            0.6202776559
       -3.4400000000            0.6450993747
       -3.4300000000            0.6712104410
       -3.4200000000            0.6986727633
       -3.4100000000            0.7275470677
       -3.4000000000            0.7578915885
       -3.3900000000            0.7897604419
       -3.3800000000            0.8232016390
       -3.3700000000            0.8582546957
       -3.3600000000            0.8949478041
       -3.3500000000            0.9332945473
       -3.3400000000            0.9732901585
       -3.3300000000            1.0149073624
       -3.3200000000            1.0580918849
       -3.3100000000            1.1027577785
       -3.3000000000            1.1487827898
       -3.2900000000            1.1960040856
       -3.2800000000            1.2442147518
       -3.2700000000            1.2931615687
       -3.2600000000            1.3425446407
       -3.2500000000            1.3920194825
       -3.2400000000            1.4412021292
       -3.2300000000            1.4896777065
       -3.2200000000            1.5370126639
       -3.2100000000            1.5827705395
       -3.2000000000            1.6265307017
       -3.1900000000            1.6679090710
       -3.1800000000            1.7065794099
       -3.1700000000            1.7422934919
       -3.1600000000            1.7748983713
       -3.1500000000            1.8043491386
       -3.1400000000            1.8307159520
       -3.1300000000            1.8541847291
       -3.1200000000            1.8750515768
       -3.1100000000            1.8937117063
       -3.1000000000            1.9106441183
       -3.0900000000            1.9263936753
       -3.0800000000            1.9415522699
       -3.0700000000            1.9567406754
       -3.0600000000            1.9725923689
       -3.0500000000            1.9897402400
       -3.0400000000            2.0088066890
       -3.0300000000            2.0303972559
       -3.0200000000            2.0550976334
       -3.0100000000            2.0834737178
       -3.0000000000            2.1160742476
       -2.9900000000            2.1534355485
       -2.9800000000            2.1960879338
       -2.9700000000            2.2445633761
       -2.9600000000            2.2994041511
       -2.9500000000            2.3611722513
       -2.9400000000            2.4304594608
       -2.9300000000            2.5078980660
       -2.9200000000            2.5941722575
       -2.9100000000            2.6900303480
       -2.9000000000            2.7962979931
       -2.8900000000            2.9138926653
       -2.8800000000            3.0438396880
       -2.8700000000            3.1872902043
       -2.8600000000            3.3455415225
       -2.8500000000            3.5200603638
       -2.8400000000            3.7125096334
       -2.8300000000            3.9247794519
       -2.8200000000            4.1590233254
       -2.8100000000            4.4177005001
       -2.8000000000            4.7036257542
       -2.7900000000            5.0200281309
       -2.7800000000            5.3706204106
       -2.7700000000            5.7596814824
       -2.7600000000            6.1921541927
       -2.7500000000            6.6737617393
       -2.7400000000            7.2111462322
       -2.7300000000            7.8120336471
       -2.7200000000            8.4854300113
       -2.7100000000            9.2418542120
       -2.7000000000           10.0936131557
       -2.6900000000           11.0551248740
       -2.6800000000           12.1432941254
       -2.6700000000           13.3779423218
       -2.6600000000           14.7822879896
       -2.6500000000           16.3834634529
       -2.6400000000           18.2130348695
       -2.6300000000           20.3074613631
       -2.6200000000           22.7083777815
       -2.6100000000           25.4625050187
       -2.6000000000           28.6208704106
       -2.5900000000           32.2368483640
       -2.5800000000           36.3623086662
       -2.5700000000           41.0409190611
       -2.5600000000           46.2974930179
       -2.5500000000           52.1224366323
       -2.5400000000           58.4512458140
       -2.5300000000           65.1411833012
       -2.5200000000           71.9510518804
       -2.5100000000           78.5346341116
       -2.5000000000           84.4610011311
       -2.4900000000           89.2706143279
       -2.4800000000           92.5616596869
       -2.4700000000           94.0810653548
       -2.4600000000           93.7835250743
       -2.4500000000           91.8325588205
       -2.4400000000           88.5459701319
       -2.4300000000           84.3133853002
       -2.4200000000           79.5190678787
       -2.4100000000           74.4906191767
       -2.4000000000           69.4771048254
       -2.3900000000           64.6492563736
       -2.3800000000           60.1116124505
       -2.3700000000           55.9185340220
       -2.3600000000           52.0893770349
       -2.3500000000           48.6208262573
       -2.3400000000           45.4960278098
       -2.3300000000           42.6909170548
       -2.3200000000           40.1783717441
       -2.3100000000           37.9307992966
       -2.3000000000           35.9216531971
       -2.2900000000           34.1262460832
       -2.2800000000           32.5221175419
       -2.2700000000           31.0891308092
       -2.2600000000           29.8094124768
       -2.2500000000           28.6672079974
       -2.2400000000           27.6486982084
       -2.2300000000           26.7418040951
       -2.2200000000           25.9359954979
       -2.2100000000           25.2221122501
       -2.2000000000           24.5922017972
       -2.1900000000           24.0393747197
       -2.1800000000           23.5576780797
       -2.1700000000           23.1419857204
       -2.1600000000           22.7879042892
       -2.1500000000           22.4916936417
       -2.1400000000           22.2502003092
       -2.1300000000           22.0608027964
       -2.1200000000           21.9213675724
       -2.1100000000           21.8302146918
       -2.1000000000           21.7860920300
       -2.0900000000           21.7881571206
       -2.0800000000           21.8359655595
       -2.0700000000           21.9294649016
       -2.0600000000           22.0689929351
       -2.0500000000           22.2552792010
       -2.0400000000           22.4894486189
       -2.0300000000           22.7730261011
       -2.0200000000           23.1079410276
       -2.0100000000           23.4965303959
       -2.0000000000           23.9415392683
       -1.9900000000           24.4461167538
       -1.9800000000           25.0138051000
       -1.9700000000           25.6485184476
       -1.9600000000           26.3545063362
       -1.9500000000           27.1362950543
       -1.9400000000           27.9985973050
       -1.9300000000           28.9461773354
       -1.9200000000           29.9836545956
       -1.9100000000           31.1152242094
       -1.9000000000           32.3442672900
       -1.8900000000           33.6728190759
       -1.8800000000           35.1008592711
       -1.8700000000           36.6253892225
       -1.8600000000           38.2392685020
       -1.8500000000           39.9298048831
       -1.8400000000           41.6771342769
       -1.8300000000           43.4524994069
       -1.8200000000           45.2166437421
       -1.8100000000           46.9186771446
       -1.8000000000           48.4959187581
       -1.7900000000           49.8753269261
       -1.7800000000           50.9770971261
       -1.7700000000           51.7207441845
       -1.7600000000           52.0334229244
       -1.7500000000           51.8594461151
       -1.7400000000           51.1691810686
       -1.7300000000           49.9651379432
       -1.7200000000           48.2834385603
       -1.7100000000           46.1899930111
       -1.7000000000           43.7722047155
       -1.6900000000           41.1282278565
       -1.6800000000           38.3562185739
       -1.6700000000           35.5455899892
       -1.6600000000           32.7713407646
       -1.6500000000           30.0915493206
       -1.6400000000           27.5474459814
       -1.6300000000           25.1651905588
       -1.6200000000           22.9585116770
       -1.6100000000           20.9315601079
       -1.6000000000           19.0815652863
       -1.5900000000           17.4010879093
       -1.5800000000           15.8798051606
       -1.5700000000           14.5058505893
       -1.5600000000           13.2667719909
       -1.5500000000           12.1501834239
       -1.5400000000           11.1441844023
       -1.5300000000           10.2376089564
       -1.5200000000            9.4201548184
       -1.5100000000            8.6824311400
       -1.5000000000            8.0159530545
       -1.4900000000            7.4131033385
       -1.4800000000            6.8670752709
       -1.4700000000            6.3718062454
       -1.4600000000            5.9219084147
       -1.4500000000            5.5126003380
       -1.4400000000            5.1396420116
       -1.4300000000            4.7992745846
       -1.4200000000            4.4881653514
       -1.4100000000            4.2033581556
       -1.4000000000            3.9422290594
       -1.3900000000            3.7024469698
       -1.3800000000            3.4819388276
       -1.3700000000            3.2788589327
       -1.3600000000            3.0915619773
       -1.3500000000            2.9185793739
       -1.3400000000            2.7585984980
       -1.3300000000            2.6104444924
       -1.3200000000            2.4730643203
       -1.3100000000            2.3455127862
       -1.3000000000            2.2269402748
       -1.2900000000            2.1165819921
       -1.2800000000            2.0137485144
       -1.2700000000            1.9178174809
       -1.2600000000            1.8282262823
       -1.2500000000            1.7444656194
       -1.2400000000            1.6660738217
       -1.2300000000            1.5926318299
       -1.2200000000            1.5237587593
       -1.2100000000            1.4591079719
       -1.2000000000            1.3983635941
       -1.1900000000            1.3412374251
       -1.1800000000            1.2874661901
       -1.1700000000            1.2368090939
       -1.1600000000            1.1890456423
       -1.1500000000            1.1439736967
       -1.1400000000            1.1014077366
       -1.1300000000            1.0611773049
       -1.1200000000            1.0231256149
       -1.1100000000            0.9871083009
       -1.1000000000            0.9529922968
       -1.0900000000            0.9206548265
       -1.0800000000            0.8899824964
       -1.0700000000            0.8608704763
       -1.0600000000            0.8332217605
       -1.0500000000            0.8069465010
       -1.0400000000            0.7819614031
       -1.0300000000            0.7581891795
       -1.0200000000            0.7355580540
       -1.0100000000            0.7140013126
       -1.0000000000            0.6934568943
       -0.9900000000            0.6738670201
       -0.9800000000            0.6551778546
       -0.9700000000            0.6373391981
       -0.9600000000            0.6203042050
       -0.9500000000            0.6040291280
       -0.9400000000            0.5884730826
       -0.9300000000            0.5735978333
       -0.9200000000            0.5593675968
       -0.9100000000            0.5457488621
       -0.9000000000            0.5327102256
       -0.8900000000            0.5202222391
       -0.8800000000            0.5082572707
       -0.8700000000            0.4967893771
       -0.8600000000            0.4857941850
       -0.8500000000            0.4752487834
       -0.8400000000            0.4651316229
       -0.8300000000            0.4554224237
       -0.8200000000            0.4461020901
       -0.8100000000            0.4371526322
       -0.8000000000            0.4285570926
       -0.7900000000            0.4202994797
       -0.7800000000            0.4123647046
       -0.7700000000            0.4047385237
       -0.7600000000            0.3974074854
       -0.7500000000            0.3903588799
       -0.7400000000            0.3835806933
       -0.7300000000            0.3770615647
       -0.7200000000            0.3707907466
       -0.7100000000            0.3647580676
       -0.7000000000            0.3589538978
       -0.6900000000            0.3533691170
       -0.6800000000            0.3479950848
       -0.6700000000            0.3428236125
       -0.6600000000            0.3378469371
       -0.6500000000            0.3330576973
       -0.6400000000            0.3284489104
       -0.6300000000            0.3240139518
       -0.6200000000            0.3197465346
       -0.6100000000            0.3156406914
       -0.6000000000            0.3116907569
       -0.5900000000            0.3078913518
       -0.5800000000            0.3042373677
       -0.5700000000            0.3007239529
       -0.5600000000            0.2973464988
       -0.5400000000            0.4321423954
       -0.5300000000            0.4294710281
       -0.5200000000            0.4269402707
       -0.5100000000            0.4245466714
       -0.5000000000            0.4222869715
       -0.4900000000            0.4201580963
       -0.4800000000            0.4181571477
       -0.4700000000            0.4162813968
       -0.4600000000            0.4145282768
       -0.4500000000            0.4128953769
       -0.4400000000            0.4113804359
       -0.4300000000            0.4099813370
       -0.4200000000            0.4086961024
       -0.4100000000            0.4075228883
       -0.4000000000            0.4064599805
       -0.3900000000            0.4055057903
       -0.3800000000            0.4046588504
       -0.3700000000            0.4039178112
       -0.3600000000            0.4032814379
       -0.3500000000            0.4027486069
       -0.3400000000            0.4023183034
       -0.3300000000            0.4019896185
       -0.3200000000            0.4017617471
       -0.3100000000            0.4016339855
       -0.3000000000            0.4016057300
       -0.2900000000            0.4016764744
       -0.2800000000            0.4018458093
       -0.2700000000            0.4021134204
       -0.2600000000            0.4024790873
       -0.2500000000            0.4029426829
       -0.2400000000            0.4035041723
       -0.2300000000            0.4041636126
       -0.2200000000            0.4049211522
       -0.2100000000            0.4057770308
       -0.2000000000            0.4067315793
       -0.1900000000            0.4077852199
       -0.1800000000            0.4089384664
       -0.1700000000            0.4101919248
       -0.1600000000            0.4115462939
       -0.1500000000            0.4130023659
       -0.1400000000            0.4145610279
       -0.1300000000            0.4162232627
       -0.1200000000            0.4179901501
       -0.1100000000            0.4198628690
       -0.1000000000            0.4218426984
       -0.0900000000            0.4239310198
       -0.0800000000            0.4261293194
       -0.0700000000            0.4284391901
       -0.0600000000            0.4308623343
       -0.0500000000            0.4334005666
       -0.0400000000            0.4360558167
       -0.0300000000            0.4388301329
       -0.0200000000            0.4417256852
       -0.0100000000            0.4447447694
