  -20.0000000000   -0.0651749293    0.0186952107
  -19.9900000000   -0.0659099471    0.0188049175
  -19.9800000000   -0.0666490838    0.0189160455
  -19.9700000000   -0.0673923942    0.0190286172
  -19.9600000000   -0.0681399337    0.0191426553
  -19.9500000000   -0.0688917585    0.0192581830
  -19.9400000000   -0.0696479257    0.0193752242
  -19.9300000000   -0.0704084935    0.0194938032
  -19.9200000000   -0.0711735206    0.0196139447
  -19.9100000000   -0.0719430669    0.0197356741
  -19.9000000000   -0.0727171933    0.0198590174
  -19.8900000000   -0.0734959614    0.0199840009
  -19.8800000000   -0.0742794340    0.0201106517
  -19.8700000000   -0.0750676748    0.0202389975
  -19.8600000000   -0.0758607486    0.0203690665
  -19.8500000000   -0.0766587211    0.0205008874
  -19.8400000000   -0.0774616592    0.0206344900
  -19.8300000000   -0.0782696309    0.0207699042
  -19.8200000000   -0.0790827051    0.0209071610
  -19.8100000000   -0.0799009522    0.0210462918
  -19.8000000000   -0.0807244433    0.0211873288
  -19.7900000000   -0.0815532511    0.0213303052
  -19.7800000000   -0.0823874493    0.0214752544
  -19.7700000000   -0.0832271129    0.0216222111
  -19.7600000000   -0.0840723181    0.0217712105
  -19.7500000000   -0.0849231424    0.0219222887
  -19.7400000000   -0.0857796648    0.0220754826
  -19.7300000000   -0.0866419654    0.0222308299
  -19.7200000000   -0.0875101257    0.0223883694
  -19.7100000000   -0.0883842288    0.0225481405
  -19.7000000000   -0.0892643591    0.0227101838
  -19.6900000000   -0.0901506024    0.0228745407
  -19.6800000000   -0.0910430463    0.0230412536
  -19.6700000000   -0.0919417795    0.0232103661
  -19.6600000000   -0.0928468927    0.0233819225
  -19.6500000000   -0.0937584780    0.0235559684
  -19.6400000000   -0.0946766290    0.0237325505
  -19.6300000000   -0.0956014413    0.0239117166
  -19.6200000000   -0.0965330121    0.0240935156
  -19.6100000000   -0.0974714402    0.0242779976
  -19.6000000000   -0.0984168264    0.0244652142
  -19.5900000000   -0.0993692732    0.0246552179
  -19.5800000000   -0.1003288852    0.0248480628
  -19.5700000000   -0.1012957686    0.0250438041
  -19.5600000000   -0.1022700320    0.0252424986
  -19.5500000000   -0.1032517855    0.0254442045
  -19.5400000000   -0.1042411418    0.0256489814
  -19.5300000000   -0.1052382153    0.0258568905
  -19.5200000000   -0.1062431228    0.0260679944
  -19.5100000000   -0.1072559833    0.0262823575
  -19.5000000000   -0.1082769180    0.0265000460
  -19.4900000000   -0.1093060503    0.0267211274
  -19.4800000000   -0.1103435064    0.0269456714
  -19.4700000000   -0.1113894145    0.0271737492
  -19.4600000000   -0.1124439054    0.0274054342
  -19.4500000000   -0.1135071128    0.0276408015
  -19.4400000000   -0.1145791725    0.0278799283
  -19.4300000000   -0.1156602234    0.0281228939
  -19.4200000000   -0.1167504069    0.0283697798
  -19.4100000000   -0.1178498673    0.0286206696
  -19.4000000000   -0.1189587519    0.0288756493
  -19.3900000000   -0.1200772108    0.0291348072
  -19.3800000000   -0.1212053972    0.0293982340
  -19.3700000000   -0.1223434675    0.0296660231
  -19.3600000000   -0.1234915810    0.0299382704
  -19.3500000000   -0.1246499007    0.0302150744
  -19.3400000000   -0.1258185926    0.0304965366
  -19.3300000000   -0.1269978262    0.0307827614
  -19.3200000000   -0.1281877746    0.0310738560
  -19.3100000000   -0.1293886146    0.0313699308
  -19.3000000000   -0.1306005264    0.0316710994
  -19.2900000000   -0.1318236944    0.0319774789
  -19.2800000000   -0.1330583065    0.0322891895
  -19.2700000000   -0.1343045548    0.0326063551
  -19.2600000000   -0.1355626355    0.0329291036
  -19.2500000000   -0.1368327489    0.0332575662
  -19.2400000000   -0.1381150997    0.0335918785
  -19.2300000000   -0.1394098970    0.0339321799
  -19.2200000000   -0.1407173544    0.0342786143
  -19.2100000000   -0.1420376900    0.0346313299
  -19.2000000000   -0.1433711269    0.0349904796
  -19.1900000000   -0.1447178930    0.0353562208
  -19.1800000000   -0.1460782212    0.0357287162
  -19.1700000000   -0.1474523494    0.0361081334
  -19.1600000000   -0.1488405209    0.0364946454
  -19.1500000000   -0.1502429843    0.0368884306
  -19.1400000000   -0.1516599939    0.0372896735
  -19.1300000000   -0.1530918094    0.0376985641
  -19.1200000000   -0.1545386963    0.0381152990
  -19.1100000000   -0.1560009263    0.0385400811
  -19.1000000000   -0.1574787769    0.0389731200
  -19.0900000000   -0.1589725319    0.0394146322
  -19.0800000000   -0.1604824814    0.0398648415
  -19.0700000000   -0.1620089220    0.0403239794
  -19.0600000000   -0.1635521570    0.0407922850
  -19.0500000000   -0.1651124964    0.0412700055
  -19.0400000000   -0.1666902571    0.0417573968
  -19.0300000000   -0.1682857630    0.0422547234
  -19.0200000000   -0.1698993453    0.0427622589
  -19.0100000000   -0.1715313423    0.0432802866
  -19.0000000000   -0.1731821000    0.0438090993
  -18.9900000000   -0.1748519718    0.0443490002
  -18.9800000000   -0.1765413187    0.0449003030
  -18.9700000000   -0.1782505097    0.0454633323
  -18.9600000000   -0.1799799215    0.0460384240
  -18.9500000000   -0.1817299390    0.0466259257
  -18.9400000000   -0.1835009551    0.0472261967
  -18.9300000000   -0.1852933711    0.0478396091
  -18.9200000000   -0.1871075966    0.0484665471
  -18.9100000000   -0.1889440499    0.0491074084
  -18.9000000000   -0.1908031578    0.0497626034
  -18.8900000000   -0.1926853563    0.0504325563
  -18.8800000000   -0.1945910906    0.0511177046
  -18.8700000000   -0.1965208157    0.0518184998
  -18.8600000000   -0.1984749965    0.0525354075
  -18.8500000000   -0.2004541089    0.0532689069
  -18.8400000000   -0.2024586403    0.0540194917
  -18.8300000000   -0.2044890906    0.0547876701
  -18.8200000000   -0.2065459738    0.0555739646
  -18.8100000000   -0.2086298188    0.0563789131
  -18.8000000000   -0.2107411719    0.0572030692
  -18.7900000000   -0.2128805983    0.0580470031
  -18.7800000000   -0.2150486843    0.0589113032
  -18.7700000000   -0.2172460400    0.0597965782
  -18.7600000000   -0.2194733011    0.0607034594
  -18.7500000000   -0.2217311313    0.0616326040
  -18.7400000000   -0.2240202243    0.0625846991
  -18.7300000000   -0.2263413044    0.0635604662
  -18.7200000000   -0.2286951278    0.0645606663
  -18.7100000000   -0.2310824813    0.0655861053
  -18.7000000000   -0.2335041813    0.0666376392
  -18.6900000000   -0.2359610710    0.0677161789
  -18.6800000000   -0.2384540171    0.0688226951
  -18.6700000000   -0.2409839055    0.0699582214
  -18.6600000000   -0.2435516372    0.0711238570
  -18.6500000000   -0.2461581233    0.0723207676
  -18.6400000000   -0.2488042815    0.0735501866
  -18.6300000000   -0.2514910321    0.0748134137
  -18.6200000000   -0.2542192955    0.0761118147
  -18.6100000000   -0.2569899907    0.0774468199
  -18.6000000000   -0.2598040343    0.0788199233
  -18.5900000000   -0.2626623401    0.0802326814
  -18.5800000000   -0.2655658201    0.0816867139
  -18.5700000000   -0.2685153849    0.0831837030
  -18.5600000000   -0.2715119448    0.0847253954
  -18.5500000000   -0.2745564100    0.0863136036
  -18.5400000000   -0.2776496922    0.0879502077
  -18.5300000000   -0.2807927035    0.0896371582
  -18.5200000000   -0.2839863574    0.0913764781
  -18.5100000000   -0.2872315673    0.0931702649
  -18.5000000000   -0.2905292465    0.0950206932
  -18.4900000000   -0.2938803071    0.0969300159
  -18.4800000000   -0.2972856592    0.0989005648
  -18.4700000000   -0.3007462109    0.1009347516
  -18.4600000000   -0.3042628687    0.1030350669
  -18.4500000000   -0.3078365393    0.1052040791
  -18.4400000000   -0.3114681326    0.1074444334
  -18.4300000000   -0.3151585673    0.1097588497
  -18.4200000000   -0.3189087786    0.1121501210
  -18.4100000000   -0.3227197290    0.1146211132
  -18.4000000000   -0.3265924224    0.1171747663
  -18.3900000000   -0.3305279221    0.1198140987
  -18.3800000000   -0.3345273712    0.1225422154
  -18.3700000000   -0.3385920169    0.1253623227
  -18.3600000000   -0.3427232354    0.1282777498
  -18.3500000000   -0.3469225578    0.1312919786
  -18.3400000000   -0.3511916933    0.1344086838
  -18.3300000000   -0.3555325472    0.1376317825
  -18.3200000000   -0.3599472310    0.1409654929
  -18.3100000000   -0.3644380614    0.1444144009
  -18.3000000000   -0.3690075454    0.1479835311
  -18.2900000000   -0.3736583505    0.1516784179
  -18.2800000000   -0.3783932588    0.1555051743
  -18.2700000000   -0.3832151082    0.1594705510
  -18.2600000000   -0.3881267222    0.1635819853
  -18.2500000000   -0.3931308333    0.1678476345
  -18.2400000000   -0.3982300052    0.1722763956
  -18.2300000000   -0.4034265577    0.1768779115
  -18.2200000000   -0.4087224998    0.1816625658
  -18.2100000000   -0.4141194710    0.1866414731
  -18.2000000000   -0.4196186948    0.1918264661
  -18.1900000000   -0.4252209400    0.1972300862
  -18.1800000000   -0.4309264908    0.2028655813
  -18.1700000000   -0.4367351198    0.2087469121
  -18.1600000000   -0.4426460623    0.2148887700
  -18.1500000000   -0.4486579857    0.2213066053
  -18.1400000000   -0.4547689541    0.2280166680
  -18.1300000000   -0.4609763805    0.2350360561
  -18.1200000000   -0.4672769683    0.2423827735
  -18.1100000000   -0.4736666369    0.2500757936
  -18.1000000000   -0.4801404314    0.2581351270
  -18.0900000000   -0.4866924131    0.2665818926
  -18.0800000000   -0.4933155315    0.2754383880
  -18.0700000000   -0.5000014737    0.2847281603
  -18.0600000000   -0.5067404914    0.2944760728
  -18.0500000000   -0.5135212028    0.3047083665
  -18.0400000000   -0.5203303668    0.3154527139
  -18.0300000000   -0.5271526285    0.3267382628
  -18.0200000000   -0.5339702313    0.3385956649
  -18.0100000000   -0.5407626955    0.3510570870
  -18.0000000000   -0.5475064572    0.3641561980
  -17.9900000000   -0.5541744677    0.3779281268
  -17.9800000000   -0.5607357479    0.3924093816
  -17.9700000000   -0.5671548974    0.4076377245
  -17.9600000000   -0.5733915541    0.4236519861
  -17.9500000000   -0.5793998055    0.4404918120
  -17.9400000000   -0.5851275505    0.4581973214
  -17.9300000000   -0.5905158147    0.4768086630
  -17.9200000000   -0.5954980243    0.4963654462
  -17.9100000000   -0.5999992480    0.5169060247
  -17.9000000000   -0.6039354196    0.5384666065
  -17.8900000000   -0.6072125628    0.5610801615
  -17.8800000000   -0.6097260447    0.5847750974
  -17.8700000000   -0.6113598972    0.6095736722
  -17.8600000000   -0.6119862550    0.6354901143
  -17.8500000000   -0.6114649740    0.6625284251
  -17.8400000000   -0.6096435091    0.6906798443
  -17.8300000000   -0.6063571474    0.7199199733
  -17.8200000000   -0.6014297111    0.7502055690
  -17.8100000000   -0.5946748597    0.7814710464
  -17.8000000000   -0.5858981345    0.8136247654
  -17.7900000000   -0.5748998944    0.8465452190
  -17.7800000000   -0.5614792870    0.8800772993
  -17.7700000000   -0.5454393779    0.9140288759
  -17.7600000000   -0.5265935169    0.9481679902
  -17.7500000000   -0.5047729508    0.9822210359
  -17.7400000000   -0.4798355919    1.0158723435
  -17.7300000000   -0.4516757141    1.0487656189
  -17.7200000000   -0.4202341953    1.0805076688
  -17.7100000000   -0.3855087447    1.1106747789
  -17.7000000000   -0.3475633861    1.1388219678
  -17.6900000000   -0.3065363349    1.1644951280
  -17.6800000000   -0.2626453334    1.1872457825
  -17.6700000000   -0.2161895475    1.2066478565
  -17.6600000000   -0.1675472841    1.2223155341
  -17.6500000000   -0.1171690809    1.2339209834
  -17.6400000000   -0.0655661321    1.2412105571
  -17.6300000000   -0.0132944895    1.2440180582
  -17.6200000000    0.0390640378    1.2422738236
  -17.6100000000    0.0909229583    1.2360087288
  -17.6000000000    0.1417125697    1.2253527019
  -17.5900000000    0.1909001944    1.2105278868
  -17.5800000000    0.2380077020    1.1918371285
  -17.5700000000    0.2826251785    1.1696488767
  -17.5600000000    0.3244200546    1.1443798682
  -17.5500000000    0.3631415000    1.1164770206
  -17.5400000000    0.3986203428    1.0863998662
  -17.5300000000    0.4307651317    1.0546046172
  -17.5200000000    0.4595551903    1.0215306327
  -17.5100000000    0.4850316016    0.9875897217
  -17.5000000000    0.5072870460    0.9531584007
  -17.4900000000    0.5264553028    0.9185729750
  -17.4800000000    0.5427010687    0.8841271293
  -17.4700000000    0.5562105687    0.8500716140
  -17.4600000000    0.5671832627    0.8166155682
  -17.4500000000    0.5758247997    0.7839290354
  -17.4400000000    0.5823412559    0.7521462651
  -17.4300000000    0.5869346025    0.7213694620
  -17.4200000000    0.5897992954    0.6916727056
  -17.4100000000    0.5911198439    0.6631058371
  -17.4000000000    0.5910692087    0.6356981650
  -17.3900000000    0.5898078751    0.6094618958
  -17.3800000000    0.5874834613    0.5843952352
  -17.3700000000    0.5842307387    0.5604851359
  -17.3600000000    0.5801719544    0.5377096922
  -17.3500000000    0.5754173684    0.5160401959
  -17.3400000000    0.5700659338    0.4954428773
  -17.3300000000    0.5642060610    0.4758803617
  -17.3200000000    0.5579164256    0.4573128728
  -17.3100000000    0.5512667839    0.4396992160
  -17.3000000000    0.5443187748    0.4229975702
  -17.2900000000    0.5371266902    0.4071661184
  -17.2800000000    0.5297382044    0.3921635413
  -17.2700000000    0.5221950545    0.3779493974
  -17.2600000000    0.5145336698    0.3644844078
  -17.2500000000    0.5067857480    0.3517306649
  -17.2400000000    0.4989787815    0.3396517780
  -17.2300000000    0.4911365319    0.3282129676
  -17.2200000000    0.4832794595    0.3173811207
  -17.2100000000    0.4754251075    0.3071248138
  -17.2000000000    0.4675884472    0.2974143109
  -17.1900000000    0.4597821853    0.2882215440
  -17.1800000000    0.4520170376    0.2795200777
  -17.1700000000    0.4443019733    0.2712850656
  -17.1600000000    0.4366444308    0.2634931981
  -17.1500000000    0.4290505102    0.2561226465
  -17.1400000000    0.4215251431    0.2491530037
  -17.1300000000    0.4140722441    0.2425652250
  -17.1200000000    0.4066948443    0.2363415679
  -17.1100000000    0.3993952102    0.2304655334
  -17.1000000000    0.3921749493    0.2249218096
  -17.0900000000    0.3850351040    0.2196962172
  -17.0800000000    0.3779762351    0.2147756576
  -17.0700000000    0.3709984973    0.2101480643
  -17.0600000000    0.3641017064    0.2058023576
  -17.0500000000    0.3572854001    0.2017284024
  -17.0400000000    0.3505488940    0.1979169695
  -17.0300000000    0.3438913324    0.1943596998
  -17.0200000000    0.3373117357    0.1910490728
  -17.0100000000    0.3308090454    0.1879783772
  -17.0000000000    0.3243821661    0.1851416856
  -16.9900000000    0.3180300070    0.1825338317
  -16.9800000000    0.3117515226    0.1801503904
  -16.9700000000    0.3055457533    0.1779876609
  -16.9600000000    0.2994118669    0.1760426519
  -16.9500000000    0.2933492016    0.1743130692
  -16.9400000000    0.2873573114    0.1727973053
  -16.9300000000    0.2814360141    0.1714944300
  -16.9200000000    0.2755854434    0.1704041827
  -16.9100000000    0.2698061059    0.1695269645
  -16.9000000000    0.2640989426    0.1688638311
  -16.8900000000    0.2584653977    0.1684164830
  -16.8800000000    0.2529074946    0.1681872553
  -16.8700000000    0.2474279193    0.1681791033
  -16.8600000000    0.2420301144    0.1683955830
  -16.8500000000    0.2367183817    0.1688408258
  -16.8400000000    0.2314979976    0.1695195030
  -16.8300000000    0.2263753385    0.1704367798
  -16.8200000000    0.2213580195    0.1715982535
  -16.8100000000    0.2164550456    0.1730098737
  -16.8000000000    0.2116769749    0.1746778386
  -16.7900000000    0.2070360927    0.1766084639
  -16.7800000000    0.2025465954    0.1788080164
  -16.7700000000    0.1982247811    0.1812825074
  -16.7600000000    0.1940892405    0.1840374373
  -16.7500000000    0.1901610443    0.1870774846
  -16.7400000000    0.1864639151    0.1904061298
  -16.7300000000    0.1830243734    0.1940252079
  -16.7200000000    0.1798718404    0.1979343813
  -16.7100000000    0.1770386788    0.2021305280
  -16.7000000000    0.1745601454    0.2066070443
  -16.6900000000    0.1724742272    0.2113530626
  -16.6800000000    0.1708213262    0.2163525969
  -16.6700000000    0.1696437552    0.2215836328
  -16.6600000000    0.1689850049    0.2270171952
  -16.6500000000    0.1688887453    0.2326164413
  -16.6400000000    0.1693975278    0.2383358420
  -16.6300000000    0.1705511697    0.2441205367
  -16.6200000000    0.1723848228    0.2499059626
  -16.6100000000    0.1749267583    0.2556178749
  -16.6000000000    0.1781959398    0.2611728778
  -16.5900000000    0.1821995041    0.2664795810
  -16.5800000000    0.1869303189    0.2714404664
  -16.5700000000    0.1923648342    0.2759545044
  -16.5600000000    0.1984614714    0.2799204850
  -16.5500000000    0.2051598035    0.2832409426
  -16.5400000000    0.2123807477    0.2858264576
  -16.5300000000    0.2200279210    0.2876000258
  -16.5200000000    0.2279902036    0.2885011322
  -16.5100000000    0.2361454204    0.2884891405
  -16.5000000000    0.2443649120    0.2875456539
  -16.4900000000    0.2525186479    0.2856755887
  -16.4800000000    0.2604804595    0.2829068431
  -16.4700000000    0.2681329520    0.2792885963
  -16.4600000000    0.2753716998    0.2748884253
  -16.4500000000    0.2821084313    0.2697885429
  -16.4400000000    0.2882730351    0.2640815301
  -16.4300000000    0.2938143634    0.2578659438
  -16.4200000000    0.2986999284    0.2512421453
  -16.4100000000    0.3029146799    0.2443086161
  -16.4000000000    0.3064591051    0.2371589368
  -16.3900000000    0.3093469017    0.2298795091
  -16.3800000000    0.3116024622    0.2225480197
  -16.3700000000    0.3132583637    0.2152325837
  -16.3600000000    0.3143530123    0.2079914676
  -16.3500000000    0.3149285406    0.2008732706
  -16.3400000000    0.3150290112    0.1939174440
  -16.3300000000    0.3146989442    0.1871550385
  -16.3200000000    0.3139821594    0.1806095817
  -16.3100000000    0.3129209056    0.1742980120
  -16.3000000000    0.3115552426    0.1682316112
  -16.2900000000    0.3099226328    0.1624168953
  -16.2800000000    0.3080577044    0.1568564392
  -16.2700000000    0.3059921488    0.1515496208
  -16.2600000000    0.3037547194    0.1464932788
  -16.2500000000    0.3013713054    0.1416822854
  -16.2400000000    0.2988650585    0.1371100379
  -16.2300000000    0.2962565548    0.1327688756
  -16.2200000000    0.2935639798    0.1286504291
  -16.2100000000    0.2908033253    0.1247459106
  -16.2000000000    0.2879885925    0.1210463505
  -16.1900000000    0.2851319949    0.1175427881
  -16.1800000000    0.2822441566    0.1142264202
  -16.1700000000    0.2793343037    0.1110887150
  -16.1600000000    0.2764104452    0.1081214935
  -16.1500000000    0.2734795413    0.1053169841
  -16.1400000000    0.2705476574    0.1026678554
  -16.1300000000    0.2676201041    0.1001672295
  -16.1200000000    0.2647015609    0.0978086822
  -16.1100000000    0.2617961858    0.0955862318
  -16.1000000000    0.2589077105    0.0934943212
  -16.0900000000    0.2560395248    0.0915277949
  -16.0800000000    0.2531947490    0.0896818737
  -16.0700000000    0.2503762997    0.0879521267
  -16.0600000000    0.2475869477    0.0863344436
  -16.0500000000    0.2448293715    0.0848250042
  -16.0400000000    0.2421062070    0.0834202478
  -16.0300000000    0.2394200947    0.0821168389
  -16.0200000000    0.2367737235    0.0809116304
  -16.0100000000    0.2341698738    0.0798016218
  -16.0000000000    0.2316114561    0.0787839120
  -15.9900000000    0.2291015472    0.0778556447
  -15.9800000000    0.2266434216    0.0770139464
  -15.9700000000    0.2242405753    0.0762558547
  -15.9600000000    0.2218967414    0.0755782376
  -15.9500000000    0.2196158926    0.0749777025
  -15.9400000000    0.2174022288    0.0744504958
  -15.9300000000    0.2152601438    0.0739923955
  -15.9200000000    0.2131941681    0.0735985977
  -15.9100000000    0.2112088822    0.0732636027
  -15.9000000000    0.2093087962    0.0729811079
  -15.8900000000    0.2074981936    0.0727439137
  -15.8800000000    0.2057809365    0.0725438555
  -15.8700000000    0.2041602350    0.0723717739
  -15.8600000000    0.2026383872    0.0722175364
  -15.8500000000    0.2012164995    0.0720701252
  -15.8400000000    0.1998942059    0.0719178032
  -15.8300000000    0.1986694080    0.0717483640
  -15.8200000000    0.1975380626    0.0715494684
  -15.8100000000    0.1964940475    0.0713090557
  -15.8000000000    0.1955291316    0.0710158109
  -15.7900000000    0.1946330724    0.0706596565
  -15.7800000000    0.1937938507    0.0702322278
  -15.7700000000    0.1929980382    0.0697272884
  -15.7600000000    0.1922312801    0.0691410436
  -15.7500000000    0.1914788543    0.0684723157
  -15.7400000000    0.1907262641    0.0677225626
  -15.7300000000    0.1899598110    0.0668957363
  -15.7200000000    0.1891671007    0.0659979979
  -15.7100000000    0.1883374435    0.0650373187
  -15.7000000000    0.1874621239    0.0640230104
  -15.6900000000    0.1865345327    0.0629652268
  -15.6800000000    0.1855501668    0.0618744808
  -15.6700000000    0.1845065183    0.0607612088
  -15.6600000000    0.1834028771    0.0596354069
  -15.6500000000    0.1822400778    0.0585063509
  -15.6400000000    0.1810202186    0.0573824022
  -15.6300000000    0.1797463752    0.0562708930
  -15.6200000000    0.1784223305    0.0551780819
  -15.6100000000    0.1770523301    0.0541091640
  -15.6000000000    0.1756408732    0.0530683236
  -15.5900000000    0.1741925396    0.0520588140
  -15.5800000000    0.1727118540    0.0510830550
  -15.5700000000    0.1712031835    0.0501427377
  -15.5600000000    0.1696706651    0.0492389299
  -15.5500000000    0.1681181576    0.0483721773
  -15.5400000000    0.1665492147    0.0475425968
  -15.5300000000    0.1649670729    0.0467499610
  -15.5200000000    0.1633746521    0.0459937722
  -15.5100000000    0.1617745649    0.0452733265
  -15.5000000000    0.1601691321    0.0445877677
  -15.4900000000    0.1585604013    0.0439361331
  -15.4800000000    0.1569501690    0.0433173905
  -15.4700000000    0.1553400029    0.0427304686
  -15.4600000000    0.1537312643    0.0421742812
  -15.4500000000    0.1521251305    0.0416477460
  -15.4400000000    0.1505226157    0.0411497993
  -15.4300000000    0.1489245915    0.0406794067
  -15.4200000000    0.1473318047    0.0402355705
  -15.4100000000    0.1457448951    0.0398173354
  -15.4000000000    0.1441644111    0.0394237907
  -15.3900000000    0.1425908238    0.0390540717
  -15.3800000000    0.1410245399    0.0387073589
  -15.3700000000    0.1394659134    0.0383828762
  -15.3600000000    0.1379152554    0.0380798878
  -15.3500000000    0.1363728426    0.0377976938
  -15.3400000000    0.1348389246    0.0375356254
  -15.3300000000    0.1333137293    0.0372930390
  -15.3200000000    0.1317974666    0.0370693099
  -15.3100000000    0.1302903303    0.0368638258
  -15.3000000000    0.1287924981    0.0366759801
  -15.2900000000    0.1273041293    0.0365051652
  -15.2800000000    0.1258253603    0.0363507681
  -15.2700000000    0.1243562983    0.0362121658
  -15.2600000000    0.1228970125    0.0360887237
  -15.2500000000    0.1214475246    0.0359797971
  -15.2400000000    0.1200077981    0.0358847355
  -15.2300000000    0.1185777279    0.0358028913
  -15.2200000000    0.1171571316    0.0357336327
  -15.2100000000    0.1157457430    0.0356763603
  -15.2000000000    0.1143432113    0.0356305274
  -15.1900000000    0.1129491045    0.0355956624
  -15.1800000000    0.1115629197    0.0355713913
  -15.1700000000    0.1101841008    0.0355574589
  -15.1600000000    0.1088120617    0.0355537463
  -15.1500000000    0.1074462151    0.0355602831
  -15.1400000000    0.1060860050    0.0355772517
  -15.1300000000    0.1047309398    0.0356049847
  -15.1200000000    0.1033806253    0.0356439541
  -15.1100000000    0.1020347942    0.0356947538
  -15.1000000000    0.1006933312    0.0357580758
  -15.0900000000    0.0993562933    0.0358346834
  -15.0800000000    0.0980239235    0.0359253809
  -15.0700000000    0.0966966604    0.0360309836
  -15.0600000000    0.0953751428    0.0361522866
  -15.0500000000    0.0940602110    0.0362900350
  -15.0400000000    0.0927529053    0.0364448939
  -15.0300000000    0.0914544623    0.0366174190
  -15.0200000000    0.0901663095    0.0368080262
  -15.0100000000    0.0888900577    0.0370169598
  -15.0000000000    0.0876274911    0.0372442580
  -14.9900000000    0.0863805519    0.0374897164
  -14.9800000000    0.0851513210    0.0377528478
  -14.9700000000    0.0839419900    0.0380328394
  -14.9600000000    0.0827548231    0.0383285084
  -14.9500000000    0.0815921072    0.0386382581
  -14.9400000000    0.0804560879    0.0389600372
  -14.9300000000    0.0793488892    0.0392913067
  -14.9200000000    0.0782724178    0.0396290186
  -14.9100000000    0.0772282518    0.0399696141
  -14.9000000000    0.0762175179    0.0403090452
  -14.8900000000    0.0752407627    0.0406428286
  -14.8800000000    0.0742978257    0.0409661340
  -14.8700000000    0.0733877251    0.0412739115
  -14.8600000000    0.0725085696    0.0415610555
  -14.8500000000    0.0716575084    0.0418226014
  -14.8400000000    0.0708307309    0.0420539415
  -14.8300000000    0.0700235259    0.0422510490
  -14.8200000000    0.0692304014    0.0424106872
  -14.8100000000    0.0684452623    0.0425305877
  -14.8000000000    0.0676616351    0.0426095776
  -14.7900000000    0.0668729204    0.0426476426
  -14.7800000000    0.0660726546    0.0426459202
  -14.7700000000    0.0652547559    0.0426066237
  -14.7600000000    0.0644137362    0.0425329072
  -14.7500000000    0.0635448635    0.0424286857
  -14.7400000000    0.0626442665    0.0422984307
  -14.7300000000    0.0617089805    0.0421469588
  -14.7200000000    0.0607369403    0.0419792305
  -14.7100000000    0.0597269285    0.0418001721
  -14.7000000000    0.0586784920    0.0416145295
  -14.6900000000    0.0575918379    0.0414267550
  -14.6800000000    0.0564677210    0.0412409295
  -14.6700000000    0.0553073294    0.0410607150
  -14.6600000000    0.0541121778    0.0408893329
  -14.6500000000    0.0528840097    0.0407295639
  -14.6400000000    0.0516247127    0.0405837638
  -14.6300000000    0.0503362470    0.0404538896
  -14.6200000000    0.0490205875    0.0403415341
  -14.6100000000    0.0476796773    0.0402479633
  -14.6000000000    0.0463153937    0.0401741564
  -14.5900000000    0.0449295233    0.0401208449
  -14.5800000000    0.0435237457    0.0400885500
  -14.5700000000    0.0420996244    0.0400776174
  -14.5600000000    0.0406586033    0.0400882486
  -14.5500000000    0.0392020081    0.0401205283
  -14.5400000000    0.0377310509    0.0401744484
  -14.5300000000    0.0362468373    0.0402499272
  -14.5200000000    0.0347503751    0.0403468253
  -14.5100000000    0.0332425844    0.0404649573
  -14.5000000000    0.0317243072    0.0406041004
  -14.4900000000    0.0301963175    0.0407639992
  -14.4800000000    0.0286593301    0.0409443676
  -14.4700000000    0.0271140078    0.0411448878
  -14.4600000000    0.0255609673    0.0413652071
  -14.4500000000    0.0240007821    0.0416049321
  -14.4400000000    0.0224339830    0.0418636220
  -14.4300000000    0.0208610548    0.0421407805
  -14.4200000000    0.0192824293    0.0424358477
  -14.4100000000    0.0176984742    0.0427481933
  -14.4000000000    0.0161094782    0.0430771111
  -14.3900000000    0.0145156315    0.0434218181
  -14.3800000000    0.0129170039    0.0437814574
  -14.3700000000    0.0113135202    0.0441551086
  -14.3600000000    0.0097049357    0.0445418047
  -14.3500000000    0.0080908142    0.0449405571
  -14.3400000000    0.0064705096    0.0453503899
  -14.3300000000    0.0048431565    0.0457703793
  -14.3200000000    0.0032076701    0.0461996989
  -14.3100000000    0.0015627583    0.0466376668
  -14.3000000000   -0.0000930535    0.0470837900
  -14.2900000000   -0.0017613847    0.0475378021
  -14.2800000000   -0.0034439525    0.0479996920
  -14.2700000000   -0.0051425185    0.0484697177
  -14.2600000000   -0.0068588325    0.0489484067
  -14.2500000000   -0.0085945801    0.0494365409
  -14.2400000000   -0.0103513365    0.0499351290
  -14.2300000000   -0.0121305310    0.0504453689
  -14.2200000000   -0.0139334243    0.0509686048
  -14.2100000000   -0.0157610973    0.0515062818
  -14.2000000000   -0.0176144534    0.0520599029
  -14.1900000000   -0.0194942293    0.0526309913
  -14.1800000000   -0.0214010145    0.0532210587
  -14.1700000000   -0.0233352740    0.0538315823
  -14.1600000000   -0.0252973750    0.0544639891
  -14.1500000000   -0.0272876123    0.0551196475
  -14.1400000000   -0.0293062330    0.0557998658
  -14.1300000000   -0.0313534582    0.0565058945
  -14.1200000000   -0.0334295022    0.0572389336
  -14.1100000000   -0.0355345872    0.0580001417
  -14.1000000000   -0.0376689559    0.0587906466
  -14.0900000000   -0.0398328800    0.0596115569
  -14.0800000000   -0.0420266672    0.0604639741
  -14.0700000000   -0.0442506647    0.0613490031
  -14.0600000000   -0.0465052620    0.0622677636
  -14.0500000000   -0.0487908916    0.0632213997
  -14.0400000000   -0.0511080291    0.0642110894
  -14.0300000000   -0.0534571923    0.0652380530
  -14.0200000000   -0.0558389400    0.0663035611
  -14.0100000000   -0.0582538703    0.0674089419
  -14.0000000000   -0.0607026186    0.0685555882
  -13.9900000000   -0.0631858558    0.0697449636
  -13.9800000000   -0.0657042860    0.0709786096
  -13.9700000000   -0.0682586446    0.0722581512
  -13.9600000000   -0.0708496962    0.0735853036
  -13.9500000000   -0.0734782321    0.0749618783
  -13.9400000000   -0.0761450682    0.0763897895
  -13.9300000000   -0.0788510426    0.0778710607
  -13.9200000000   -0.0815970136    0.0794078318
  -13.9100000000   -0.0843838565    0.0810023659
  -13.9000000000   -0.0872124611    0.0826570572
  -13.8900000000   -0.0900837293    0.0843744383
  -13.8800000000   -0.0929985711    0.0861571895
  -13.8700000000   -0.0959579017    0.0880081470
  -13.8600000000   -0.0989626375    0.0899303123
  -13.8500000000   -0.1020136919    0.0919268628
  -13.8400000000   -0.1051119703    0.0940011622
  -13.8300000000   -0.1082583654    0.0961567719
  -13.8200000000   -0.1114537505    0.0983974631
  -13.8100000000   -0.1146989734    0.1007272303
  -13.8000000000   -0.1179948485    0.1031503046
  -13.7900000000   -0.1213421484    0.1056711686
  -13.7800000000   -0.1247415941    0.1082945727
  -13.7700000000   -0.1281938445    0.1110255510
  -13.7600000000   -0.1316994834    0.1138694402
  -13.7500000000   -0.1352590060    0.1168318978
  -13.7400000000   -0.1388728031    0.1199189224
  -13.7300000000   -0.1425411428    0.1231368758
  -13.7200000000   -0.1462641507    0.1264925047
  -13.7100000000   -0.1500417867    0.1299929653
  -13.7000000000   -0.1538738195    0.1336458485
  -13.6900000000   -0.1577597966    0.1374592060
  -13.6800000000   -0.1616990121    0.1414415786
  -13.6700000000   -0.1656904684    0.1456020249
  -13.6600000000   -0.1697328349    0.1499501517
  -13.6500000000   -0.1738243994    0.1544961448
  -13.6400000000   -0.1779630151    0.1592508011
  -13.6300000000   -0.1821460395    0.1642255610
  -13.6200000000   -0.1863702658    0.1694325413
  -13.6100000000   -0.1906318467    0.1748845672
  -13.6000000000   -0.1949262069    0.1805952042
  -13.5900000000   -0.1992479461    0.1865787881
  -13.5800000000   -0.2035907293    0.1928504523
  -13.5700000000   -0.2079471647    0.1994261524
  -13.5600000000   -0.2123086653    0.2063226841
  -13.5500000000   -0.2166652962    0.2135576963
  -13.5400000000   -0.2210056027    0.2211496938
  -13.5300000000   -0.2253164196    0.2291180290
  -13.5200000000   -0.2295826598    0.2374828790
  -13.5100000000   -0.2337870798    0.2462652042
  -13.5000000000   -0.2379100220    0.2554866838
  -13.4900000000   -0.2419291322    0.2651696231
  -13.4800000000   -0.2458190508    0.2753368261
  -13.4700000000   -0.2495510798    0.2860114262
  -13.4600000000   -0.2530928235    0.2972166662
  -13.4500000000   -0.2564078088    0.3089756173
  -13.4400000000   -0.2594550848    0.3213108274
  -13.4300000000   -0.2621888107    0.3342438845
  -13.4200000000   -0.2645578396    0.3477948827
  -13.4100000000   -0.2665053095    0.3619817751
  -13.4000000000   -0.2679682592    0.3768196000
  -13.3900000000   -0.2688772902    0.3923195628
  -13.3800000000   -0.2691563017    0.4084879626
  -13.3700000000   -0.2687223340    0.4253249497
  -13.3600000000   -0.2674855635    0.4428231076
  -13.3500000000   -0.2653494983    0.4609658602
  -13.3400000000   -0.2622114353    0.4797257139
  -13.3300000000   -0.2579632446    0.4990623574
  -13.3200000000   -0.2524925538    0.5189206629
  -13.3100000000   -0.2456844044    0.5392286520
  -13.3000000000   -0.2374234535    0.5598955182
  -13.2900000000   -0.2275967754    0.5808098285
  -13.2800000000   -0.2160973022    0.6018380572
  -13.2700000000   -0.2028279042    0.6228236374
  -13.2600000000   -0.1877060600    0.6435867391
  -13.2500000000   -0.1706690074    0.6639249951
  -13.2400000000   -0.1516791857    0.6836153906
  -13.2300000000   -0.1307296979    0.7024175007
  -13.2200000000   -0.1078494416    0.7200781936
  -13.2100000000   -0.0831074873    0.7363378238
  -13.2000000000   -0.0566162475    0.7509378048
  -13.1900000000   -0.0285329812    0.7636293010
  -13.1800000000    0.0009407539    0.7741826161
  -13.1700000000    0.0315619726    0.7823967144
  -13.1600000000    0.0630515423    0.7881082040
  -13.1500000000    0.0951017392    0.7911990816
  -13.1400000000    0.1273857163    0.7916025777
  -13.1300000000    0.1595683034    0.7893065788
  -13.1200000000    0.1913174067    0.7843543056
  -13.1100000000    0.2223152023    0.7768421814
  -13.1000000000    0.2522683427    0.7669150868
  -13.0900000000    0.2809165083    0.7547594317
  -13.0800000000    0.3080388287    0.7405946485
  -13.0700000000    0.3334579205    0.7246637999
  -13.0600000000    0.3570415239    0.7072240005
  -13.0500000000    0.3787019235    0.6885372781
  -13.0400000000    0.3983934922    0.6688623749
  -13.0300000000    0.4161087913    0.6484478310
  -13.0200000000    0.4318736925    0.6275265356
  -13.0100000000    0.4457419690    0.6063117830
  -13.0000000000    0.4577897466    0.5849947569
  -12.9900000000    0.4681101316    0.5637432855
  -12.9800000000    0.4768082441    0.5427016604
  -12.9700000000    0.4839968060    0.5219912953
  -12.9600000000    0.4897923620    0.5017120057
  -12.9500000000    0.4943121535    0.4819437073
  -12.9400000000    0.4976716244    0.4627483636
  -12.9300000000    0.4999825074    0.4441720435
  -12.9200000000    0.5013514246    0.4262469801
  -12.9100000000    0.5018789286    0.4089935551
  -12.9000000000    0.5016589081    0.3924221542
  -12.8900000000    0.5007782882    0.3765348632
  -12.8800000000    0.4993169614    0.3613269878
  -12.8700000000    0.4973478931    0.3467883924
  -12.8600000000    0.4949373551    0.3329046643
  -12.8500000000    0.4921452474    0.3196581115
  -12.8400000000    0.4890254783    0.3070286087
  -12.8300000000    0.4856263764    0.2949943052
  -12.8200000000    0.4819911176    0.2835322129
  -12.8100000000    0.4781581515    0.2726186866
  -12.8000000000    0.4741616175    0.2622298140
  -12.7900000000    0.4700317437    0.2523417263
  -12.7800000000    0.4657952239    0.2429308442
  -12.7700000000    0.4614755696    0.2339740662
  -12.7600000000    0.4570934357    0.2254489129
  -12.7500000000    0.4526669205    0.2173336316
  -12.7400000000    0.4482118386    0.2096072703
  -12.7300000000    0.4437419700    0.2022497263
  -12.7200000000    0.4392692846    0.1952417743
  -12.7100000000    0.4348041454    0.1885650784
  -12.7000000000    0.4303554900    0.1822021911
  -12.6900000000    0.4259309944    0.1761365424
  -12.6800000000    0.4215372190    0.1703524219
  -12.6700000000    0.4171797388    0.1648349542
  -12.6600000000    0.4128632598    0.1595700712
  -12.6500000000    0.4085917221    0.1545444809
  -12.6400000000    0.4043683921    0.1497456351
  -12.6300000000    0.4001959442    0.1451616953
  -12.6200000000    0.3960765328    0.1407814991
  -12.6100000000    0.3920118570    0.1365945260
  -12.6000000000    0.3880032170    0.1325908641
  -12.5900000000    0.3840515648    0.1287611778
  -12.5800000000    0.3801575487    0.1250966761
  -12.5700000000    0.3763215524    0.1215890823
  -12.5600000000    0.3725437302    0.1182306051
  -12.5500000000    0.3688240376    0.1150139106
  -12.5400000000    0.3651622586    0.1119320963
  -12.5300000000    0.3615580294    0.1089786663
  -12.5200000000    0.3580108600    0.1061475071
  -12.5100000000    0.3545201528    0.1034328659
  -12.5000000000    0.3510852189    0.1008293299
  -12.4900000000    0.3477052929    0.0983318060
  -12.4800000000    0.3443795457    0.0959355030
  -12.4700000000    0.3411070959    0.0936359143
  -12.4600000000    0.3378870198    0.0914288015
  -12.4500000000    0.3347183600    0.0893101798
  -12.4400000000    0.3316001340    0.0872763039
  -12.4300000000    0.3285313402    0.0853236549
  -12.4200000000    0.3255109650    0.0834489282
  -12.4100000000    0.3225379877    0.0816490228
  -12.4000000000    0.3196113859    0.0799210301
  -12.3900000000    0.3167301397    0.0782622250
  -12.3800000000    0.3138932359    0.0766700569
  -12.3700000000    0.3110996720    0.0751421414
  -12.3600000000    0.3083484595    0.0736762531
  -12.3500000000    0.3056386273    0.0722703184
  -12.3400000000    0.3029692249    0.0709224098
  -12.3300000000    0.3003393257    0.0696307397
  -12.3200000000    0.2977480303    0.0683936557
  -12.3100000000    0.2951944695    0.0672096356
  -12.3000000000    0.2926778080    0.0660772833
  -12.2900000000    0.2901972478    0.0649953249
  -12.2800000000    0.2877520323    0.0639626055
  -12.2700000000    0.2853414505    0.0629780860
  -12.2600000000    0.2829648419    0.0620408398
  -12.2500000000    0.2806216014    0.0611500508
  -12.2400000000    0.2783111853    0.0603050105
  -12.2300000000    0.2760331180    0.0595051153
  -12.2200000000    0.2737869991    0.0587498643
  -12.2100000000    0.2715725119    0.0580388562
  -12.2000000000    0.2693894324    0.0573717860
  -12.1900000000    0.2672376400    0.0567484414
  -12.1800000000    0.2651171290    0.0561686980
  -12.1700000000    0.2630280215    0.0556325138
  -12.1600000000    0.2609705817    0.0551399216
  -12.1500000000    0.2589452321    0.0546910205
  -12.1400000000    0.2569525698    0.0542859637
  -12.1300000000    0.2549933861    0.0539249451
  -12.1200000000    0.2530686853    0.0536081805
  -12.1100000000    0.2511797061    0.0533358861
  -12.1000000000    0.2493279420    0.0531082502
  -12.0900000000    0.2475151623    0.0529254007
  -12.0800000000    0.2457434316    0.0527873636
  -12.0700000000    0.2440151266    0.0526940150
  -12.0600000000    0.2423329486    0.0526450236
  -12.0500000000    0.2406999294    0.0526397838
  -12.0400000000    0.2391194279    0.0526773388
  -12.0300000000    0.2375951139    0.0527562940
  -12.0200000000    0.2361309348    0.0528747223
  -12.0100000000    0.2347310618    0.0530300623
  -12.0000000000    0.2333998100    0.0532190138
  -11.9900000000    0.2321415287    0.0534374357
  -11.9800000000    0.2309604576    0.0536802545
  -11.9700000000    0.2298605472    0.0539413909
  -11.9600000000    0.2288452436    0.0542137195
  -11.9500000000    0.2279172409    0.0544890719
  -11.9400000000    0.2270782116    0.0547582982
  -11.9300000000    0.2263285265    0.0550114000
  -11.9200000000    0.2256669856    0.0552377436
  -11.9100000000    0.2250905850    0.0554263569
  -11.9000000000    0.2245943459    0.0555663055
  -11.8900000000    0.2241712364    0.0556471333
  -11.8800000000    0.2238122079    0.0556593408
  -11.8700000000    0.2235063645    0.0555948658
  -11.8600000000    0.2232412651    0.0554475248
  -11.8500000000    0.2230033483    0.0552133718
  -11.8400000000    0.2227784507    0.0548909355
  -11.8300000000    0.2225523774    0.0544813107
  -11.8200000000    0.2223114763    0.0539880914
  -11.8100000000    0.2220431678    0.0534171547
  -11.8000000000    0.2217363857    0.0527763189
  -11.7900000000    0.2213819003    0.0520749124
  -11.7800000000    0.2209725080    0.0513232969
  -11.7700000000    0.2205030880    0.0505323869
  -11.7600000000    0.2199705406    0.0497132020
  -11.7500000000    0.2193736298    0.0488764812
  -11.7400000000    0.2187127584    0.0480323744
  -11.7300000000    0.2179897042    0.0471902175
  -11.7200000000    0.2172073425    0.0463583901
  -11.7100000000    0.2163693754    0.0455442448
  -11.7000000000    0.2154800842    0.0447540982
  -11.6900000000    0.2145441115    0.0439932671
  -11.6800000000    0.2135662810    0.0432661393
  -11.6700000000    0.2125514531    0.0425762642
  -11.6600000000    0.2115044160    0.0419264557
  -11.6500000000    0.2104298082    0.0413188969
  -11.6400000000    0.2093320684    0.0407552436
  -11.6300000000    0.2082154078    0.0402367199
  -11.6200000000    0.2070838013    0.0397642056
  -11.6100000000    0.2059409927    0.0393383133
  -11.6000000000    0.2047905108    0.0389594539
  -11.5900000000    0.2036356946    0.0386278921
  -11.5800000000    0.2024797236    0.0383437908
  -11.5700000000    0.2013256524    0.0381072463
  -11.5600000000    0.2001764488    0.0379183130
  -11.5500000000    0.1990350328    0.0377770201
  -11.5400000000    0.1979043169    0.0376833797
  -11.5300000000    0.1967872467    0.0376373861
  -11.5200000000    0.1956868412    0.0376390073
  -11.5100000000    0.1946062311    0.0376881682
  -11.5000000000    0.1935486966    0.0377847247
  -11.4900000000    0.1925177014    0.0379284296
  -11.4800000000    0.1915169233    0.0381188888
  -11.4700000000    0.1905502783    0.0383555075
  -11.4600000000    0.1896219388    0.0386374268
  -11.4500000000    0.1887363400    0.0389634499
  -11.4400000000    0.1878981750    0.0393319586
  -11.4300000000    0.1871123730    0.0397408212
  -11.4200000000    0.1863840578    0.0401872934
  -11.4100000000    0.1857184824    0.0406679158
  -11.4000000000    0.1851209361    0.0411784116
  -11.3900000000    0.1845966201    0.0417135917
  -11.3800000000    0.1841504905    0.0422672743
  -11.3700000000    0.1837870663    0.0428322295
  -11.3600000000    0.1835102071    0.0434001595
  -11.3500000000    0.1833228636    0.0439617263
  -11.3400000000    0.1832268129    0.0445066398
  -11.3300000000    0.1832223922    0.0450238142
  -11.3200000000    0.1833082509    0.0455016006
  -11.3100000000    0.1834811428    0.0459280959
  -11.3000000000    0.1837357842    0.0462915199
  -11.2900000000    0.1840648015    0.0465806462
  -11.2800000000    0.1844587874    0.0467852613
  -11.2700000000    0.1849064770    0.0468966203
  -11.2600000000    0.1853950451    0.0469078620
  -11.2500000000    0.1859105120    0.0468143477
  -11.2400000000    0.1864382332    0.0466138900
  -11.2300000000    0.1869634382    0.0463068509
  -11.2200000000    0.1874717760    0.0458960981
  -11.2100000000    0.1879498268    0.0453868250
  -11.2000000000    0.1883855411    0.0447862533
  -11.1900000000    0.1887685788    0.0441032470
  -11.1800000000    0.1890905312    0.0433478734
  -11.1700000000    0.1893450238    0.0425309474
  -11.1600000000    0.1895277058    0.0416635935
  -11.1500000000    0.1896361460    0.0407568506
  -11.1400000000    0.1896696536    0.0398213404
  -11.1300000000    0.1896290515    0.0388670062
  -11.1200000000    0.1895164227    0.0379029275
  -11.1100000000    0.1893348504    0.0369372031
  -11.1000000000    0.1890881682    0.0359768963
  -11.0900000000    0.1887807310    0.0350280308
  -11.0800000000    0.1884172140    0.0340956256
  -11.0700000000    0.1880024422    0.0331837583
  -11.0600000000    0.1875412522    0.0322956464
  -11.0500000000    0.1870383839    0.0314337394
  -11.0400000000    0.1864983991    0.0305998134
  -11.0300000000    0.1859256237    0.0297950652
  -11.0200000000    0.1853241103    0.0290202014
  -11.0100000000    0.1846976158    0.0282755207
  -11.0000000000    0.1840495929    0.0275609882
  -10.9900000000    0.1833831904    0.0268763007
  -10.9800000000    0.1827012610    0.0262209439
  -10.9700000000    0.1820063744    0.0255942417
  -10.9600000000    0.1813008328    0.0249953969
  -10.9500000000    0.1805866899    0.0244235270
  -10.9400000000    0.1798657689    0.0238776916
  -10.9300000000    0.1791396827    0.0233569170
  -10.9200000000    0.1784098521    0.0228602144
  -10.9100000000    0.1776775247    0.0223865951
  -10.9000000000    0.1769437914    0.0219350828
  -10.8900000000    0.1762096027    0.0215047223
  -10.8800000000    0.1754757837    0.0210945865
  -10.8700000000    0.1747430477    0.0207037819
  -10.8600000000    0.1740120083    0.0203314520
  -10.8500000000    0.1732831911    0.0199767796
  -10.8400000000    0.1725570435    0.0196389886
  -10.8300000000    0.1718339439    0.0193173447
  -10.8200000000    0.1711142103    0.0190111553
  -10.8100000000    0.1703981069    0.0187197695
  -10.8000000000    0.1696858513    0.0184425775
  -10.7900000000    0.1689776201    0.0181790097
  -10.7800000000    0.1682735542    0.0179285357
  -10.7700000000    0.1675737632    0.0176906631
  -10.7600000000    0.1668783299    0.0174649364
  -10.7500000000    0.1661873139    0.0172509359
  -10.7400000000    0.1655007550    0.0170482764
  -10.7300000000    0.1648186759    0.0168566061
  -10.7200000000    0.1641410853    0.0166756055
  -10.7100000000    0.1634679803    0.0165049865
  -10.7000000000    0.1627993483    0.0163444911
  -10.6900000000    0.1621351694    0.0161938909
  -10.6800000000    0.1614754183    0.0160529859
  -10.6700000000    0.1608200659    0.0159216045
  -10.6600000000    0.1601690814    0.0157996019
  -10.6500000000    0.1595224334    0.0156868605
  -10.6400000000    0.1588800921    0.0155832889
  -10.6300000000    0.1582420307    0.0154888217
  -10.6200000000    0.1576082267    0.0154034193
  -10.6100000000    0.1569786643    0.0153270676
  -10.6000000000    0.1563533356    0.0152597779
  -10.5900000000    0.1557322425    0.0152015869
  -10.5800000000    0.1551153990    0.0151525564
  -10.5700000000    0.1545028331    0.0151127738
  -10.5600000000    0.1538945891    0.0150823515
  -10.5500000000    0.1532907303    0.0150614273
  -10.5400000000    0.1526913416    0.0150501645
  -10.5300000000    0.1520965326    0.0150487513
  -10.5200000000    0.1515064414    0.0150574008
  -10.5100000000    0.1509212376    0.0150763511
  -10.5000000000    0.1503411271    0.0151058640
  -10.4900000000    0.1497663567    0.0151462246
  -10.4800000000    0.1491972186    0.0151977397
  -10.4700000000    0.1486340567    0.0152607366
  -10.4600000000    0.1480772723    0.0153355604
  -10.4500000000    0.1475273310    0.0154225711
  -10.4400000000    0.1469847700    0.0155221394
  -10.4300000000    0.1464502056    0.0156346422
  -10.4200000000    0.1459243420    0.0157604555
  -10.4100000000    0.1454079799    0.0158999469
  -10.4000000000    0.1449020251    0.0160534656
  -10.3900000000    0.1444074984    0.0162213300
  -10.3800000000    0.1439255439    0.0164038133
  -10.3700000000    0.1434574379    0.0166011261
  -10.3600000000    0.1430045954    0.0168133949
  -10.3500000000    0.1425685767    0.0170406380
  -10.3400000000    0.1421510893    0.0172827369
  -10.3300000000    0.1417539877    0.0175394041
  -10.3200000000    0.1413792677    0.0178101460
  -10.3100000000    0.1410290544    0.0180942233
  -10.3000000000    0.1407055821    0.0183906069
  -10.2900000000    0.1404111649    0.0186979331
  -10.2800000000    0.1401481553    0.0190144576
  -10.2700000000    0.1399188894    0.0193380119
  -10.2600000000    0.1397256187    0.0196659651
  -10.2500000000    0.1395704251    0.0199951951
  -10.2400000000    0.1394551225    0.0203220738
  -10.2300000000    0.1393811446    0.0206424715
  -10.2200000000    0.1393494232    0.0209517870
  -10.2100000000    0.1393602627    0.0212450067
  -10.2000000000    0.1394132181    0.0215167982
  -10.1900000000    0.1395069864    0.0217616397
  -10.1800000000    0.1396393229    0.0219739833
  -10.1700000000    0.1398069929    0.0221484490
  -10.1600000000    0.1400057708    0.0222800377
  -10.1500000000    0.1402304927    0.0223643534
  -10.1400000000    0.1404751685    0.0223978157
  -10.1300000000    0.1407331495    0.0223778459
  -10.1200000000    0.1409973443    0.0223030097
  -10.1100000000    0.1412604700    0.0221731030
  -10.1000000000    0.1415153196    0.0219891701
  -10.0900000000    0.1417550249    0.0217534537
  -10.0800000000    0.1419732965    0.0214692810
  -10.0700000000    0.1421646215    0.0211408955
  -10.0600000000    0.1423244086    0.0207732520
  -10.0500000000    0.1424490743    0.0203717915
  -10.0400000000    0.1425360691    0.0199422144
  -10.0300000000    0.1425838509    0.0194902669
  -10.0200000000    0.1425918146    0.0190215543
  -10.0100000000    0.1425601877    0.0185413873
  -10.0000000000    0.1424899075    0.0180546661
   -9.9900000000    0.1423824874    0.0175658019
   -9.9800000000    0.1422398845    0.0170786722
   -9.9700000000    0.1420643743    0.0165966062
   -9.9600000000    0.1418584387    0.0161223936
   -9.9500000000    0.1416246681    0.0156583114
   -9.9400000000    0.1413656815    0.0152061631
   -9.9300000000    0.1410840620    0.0147673250
   -9.9200000000    0.1407823078    0.0143427971
   -9.9100000000    0.1404627966    0.0139332528
   -9.9000000000    0.1401277616    0.0135390889
   -9.8900000000    0.1397792769    0.0131604705
   -9.8800000000    0.1394192505    0.0127973731
   -9.8700000000    0.1390494235    0.0124496196
   -9.8600000000    0.1386713733    0.0121169128
   -9.8500000000    0.1382865199    0.0117988631
   -9.8400000000    0.1378961348    0.0114950122
   -9.8300000000    0.1375013508    0.0112048530
   -9.8200000000    0.1371031725    0.0109278459
   -9.8100000000    0.1367024872    0.0106634322
   -9.8000000000    0.1363000753    0.0104110446
   -9.7900000000    0.1358966208    0.0101701159
   -9.7800000000    0.1354927209    0.0099400857
   -9.7700000000    0.1350888951    0.0097204052
   -9.7600000000    0.1346855937    0.0095105414
   -9.7500000000    0.1342832053    0.0093099794
   -9.7400000000    0.1338820638    0.0091182245
   -9.7300000000    0.1334824550    0.0089348033
   -9.7200000000    0.1330846220    0.0087592647
   -9.7100000000    0.1326887703    0.0085911795
   -9.7000000000    0.1322950728    0.0084301407
   -9.6900000000    0.1319036732    0.0082757630
   -9.6800000000    0.1315146899    0.0081276823
   -9.6700000000    0.1311282195    0.0079855550
   -9.6600000000    0.1307443390    0.0078490571
   -9.6500000000    0.1303631088    0.0077178834
   -9.6400000000    0.1299845747    0.0075917468
   -9.6300000000    0.1296087698    0.0074703770
   -9.6200000000    0.1292357161    0.0073535201
   -9.6100000000    0.1288654264    0.0072409370
   -9.6000000000    0.1284979052    0.0071324034
   -9.5900000000    0.1281331500    0.0070277082
   -9.5800000000    0.1277711523    0.0069266533
   -9.5700000000    0.1274118986    0.0068290522
   -9.5600000000    0.1270553709    0.0067347298
   -9.5500000000    0.1267015477    0.0066435215
   -9.5400000000    0.1263504042    0.0065552724
   -9.5300000000    0.1260019133    0.0064698370
   -9.5200000000    0.1256560457    0.0063870782
   -9.5100000000    0.1253127704    0.0063068671
   -9.5000000000    0.1249720548    0.0062290823
   -9.4900000000    0.1246338657    0.0061536096
   -9.4800000000    0.1242981685    0.0060803412
   -9.4700000000    0.1239649286    0.0060091756
   -9.4600000000    0.1236341105    0.0059400171
   -9.4500000000    0.1233056787    0.0058727755
   -9.4400000000    0.1229795976    0.0058073654
   -9.4300000000    0.1226558315    0.0057437064
   -9.4200000000    0.1223343450    0.0056817226
   -9.4100000000    0.1220151028    0.0056213421
   -9.4000000000    0.1216980699    0.0055624970
   -9.3900000000    0.1213832118    0.0055051230
   -9.3800000000    0.1210704941    0.0054491593
   -9.3700000000    0.1207598832    0.0053945483
   -9.3600000000    0.1204513457    0.0053412354
   -9.3500000000    0.1201448490    0.0052891690
   -9.3400000000    0.1198403608    0.0052383001
   -9.3300000000    0.1195378496    0.0051885820
   -9.3200000000    0.1192372841    0.0051399706
   -9.3100000000    0.1189386340    0.0050924240
   -9.3000000000    0.1184587610    0.0047916100
   -9.2900000000    0.1183469609    0.0050003677
   -9.2800000000    0.1180538799    0.0049557840
   -9.2700000000    0.1177625982    0.0049121171
   -9.2600000000    0.1174730882    0.0048693343
   -9.2500000000    0.1171853232    0.0048274044
   -9.2400000000    0.1168992766    0.0047862979
   -9.2300000000    0.1166149227    0.0047459865
   -9.2200000000    0.1163322363    0.0047064433
   -9.2100000000    0.1160511927    0.0046676426
   -9.2000000000    0.1157717676    0.0046295598
   -9.1900000000    0.1154939376    0.0045921716
   -9.1800000000    0.1152176795    0.0045554554
   -9.1700000000    0.1149429708    0.0045193900
   -9.1600000000    0.1146697893    0.0044839548
   -9.1500000000    0.1143981135    0.0044491302
   -9.1400000000    0.1141279223    0.0044148975
   -9.1300000000    0.1138591951    0.0043812388
   -9.1200000000    0.1135919116    0.0043481369
   -9.1100000000    0.1133260522    0.0043155752
   -9.1000000000    0.1130615975    0.0042835380
   -9.0900000000    0.1127985286    0.0042520101
   -9.0800000000    0.1125368270    0.0042209769
   -9.0700000000    0.1122764748    0.0041904246
   -9.0600000000    0.1120174542    0.0041603396
   -9.0500000000    0.1117597479    0.0041307092
   -9.0400000000    0.1115033390    0.0041015208
   -9.0300000000    0.1112482110    0.0040727627
   -9.0200000000    0.1109943475    0.0040444234
   -9.0100000000    0.1107417328    0.0040164919
   -9.0000000000    0.1104903513    0.0039889575
   -8.9900000000    0.1102401879    0.0039618100
   -8.9800000000    0.1099912275    0.0039350397
   -8.9700000000    0.1097434556    0.0039086370
   -8.9600000000    0.1094968579    0.0038825929
   -8.9500000000    0.1092514205    0.0038568984
   -8.9400000000    0.1090071295    0.0038315451
   -8.9300000000    0.1087639717    0.0038065249
   -8.9200000000    0.1085219336    0.0037818297
   -8.9100000000    0.1082810026    0.0037574520
   -8.9000000000    0.1080411659    0.0037333844
   -8.8900000000    0.1078024110    0.0037096197
   -8.8800000000    0.1075647259    0.0036861511
   -8.8700000000    0.1073280986    0.0036629719
   -8.8600000000    0.1070925174    0.0036400757
   -8.8500000000    0.1068579707    0.0036174562
   -8.8400000000    0.1066244474    0.0035951073
   -8.8300000000    0.1063919363    0.0035730234
   -8.8200000000    0.1061604267    0.0035511986
   -8.8100000000    0.1059299078    0.0035296276
   -8.8000000000    0.1057003692    0.0035083050
   -8.7900000000    0.1054718007    0.0034872257
   -8.7800000000    0.1052441921    0.0034663847
   -8.7700000000    0.1050175335    0.0034457771
   -8.7600000000    0.1047918153    0.0034253984
   -8.7500000000    0.1045670278    0.0034052438
   -8.7400000000    0.1043431617    0.0033853091
   -8.7300000000    0.1041202078    0.0033655899
   -8.7200000000    0.1038981569    0.0033460821
   -8.7100000000    0.1036770002    0.0033267817
   -8.7000000000    0.1034567289    0.0033076846
   -8.6900000000    0.1032373344    0.0032887872
   -8.6800000000    0.1030188083    0.0032700856
   -8.6700000000    0.1028011422    0.0032515763
   -8.6600000000    0.1025843278    0.0032332558
   -8.6500000000    0.1023683573    0.0032151207
   -8.6400000000    0.1021532226    0.0031971676
   -8.6300000000    0.1019389159    0.0031793933
   -8.6200000000    0.1017254296    0.0031617948
   -8.6100000000    0.1015127560    0.0031443688
   -8.6000000000    0.1013008879    0.0031271125
   -8.5900000000    0.1010898179    0.0031100229
   -8.5800000000    0.1008795387    0.0030930972
   -8.5700000000    0.1006700433    0.0030763327
   -8.5600000000    0.1004613247    0.0030597266
   -8.5500000000    0.1002533760    0.0030432764
   -8.5400000000    0.1000461905    0.0030269795
   -8.5300000000    0.0998397614    0.0030108335
   -8.5200000000    0.0996340823    0.0029948357
   -8.5100000000    0.0994291466    0.0029789840
   -8.5000000000    0.0992249480    0.0029632760
   -8.4900000000    0.0990214801    0.0029477094
   -8.4800000000    0.0988187368    0.0029322821
   -8.4700000000    0.0986167120    0.0029169918
   -8.4600000000    0.0984153996    0.0029018365
   -8.4500000000    0.0982147938    0.0028868141
   -8.4400000000    0.0980148886    0.0028719226
   -8.4300000000    0.0978156784    0.0028571601
   -8.4200000000    0.0976171573    0.0028425246
   -8.4100000000    0.0974193199    0.0028280143
   -8.4000000000    0.0972221605    0.0028136273
   -8.3900000000    0.0970256738    0.0027993618
   -8.3800000000    0.0968298543    0.0027852161
   -8.3700000000    0.0966346968    0.0027711885
   -8.3600000000    0.0964401959    0.0027572773
   -8.3500000000    0.0962463465    0.0027434809
   -8.3400000000    0.0960531436    0.0027297975
   -8.3300000000    0.0958605821    0.0027162258
   -8.3200000000    0.0956686569    0.0027027641
   -8.3100000000    0.0954773633    0.0026894109
   -8.3000000000    0.0952866963    0.0026761647
   -8.2900000000    0.0950966512    0.0026630242
   -8.2800000000    0.0949072233    0.0026499878
   -8.2700000000    0.0947184079    0.0026370542
   -8.2600000000    0.0945302004    0.0026242221
   -8.2500000000    0.0943425962    0.0026114901
   -8.2400000000    0.0941555910    0.0025988568
   -8.2300000000    0.0939691801    0.0025863211
   -8.2200000000    0.0937833593    0.0025738816
   -8.2100000000    0.0935981243    0.0025615371
   -8.2000000000    0.0934134706    0.0025492864
   -8.1900000000    0.0932293943    0.0025371284
   -8.1800000000    0.0930458910    0.0025250618
   -8.1700000000    0.0928629566    0.0025130856
   -8.1600000000    0.0926805871    0.0025011985
   -8.1500000000    0.0924987784    0.0024893996
   -8.1400000000    0.0923175266    0.0024776877
   -8.1300000000    0.0921368277    0.0024660617
   -8.1200000000    0.0919566779    0.0024545207
   -8.1100000000    0.0917770732    0.0024430635
   -8.1000000000    0.0915980099    0.0024316893
   -8.0900000000    0.0914194843    0.0024203969
   -8.0800000000    0.0912414926    0.0024091855
   -8.0700000000    0.0910640312    0.0023980542
   -8.0600000000    0.0908870964    0.0023870018
   -8.0500000000    0.0907106846    0.0023760276
   -8.0300000000    0.0903594159    0.0023543100
   -8.0200000000    0.0901845520    0.0023435649
   -8.0100000000    0.0900101972    0.0023328944
   -8.0000000000    0.0898363480    0.0023222977
   -7.9900000000    0.0896630012    0.0023117739
   -7.9800000000    0.0894901532    0.0023013222
   -7.9700000000    0.0893178010    0.0022909419
   -7.9600000000    0.0891459412    0.0022806322
   -7.9500000000    0.0889745705    0.0022703922
   -7.9400000000    0.0888036858    0.0022602212
   -7.9300000000    0.0886332840    0.0022501185
   -7.9200000000    0.0884633619    0.0022400833
   -7.9100000000    0.0882939165    0.0022301149
   -7.9000000000    0.0881249446    0.0022202126
   -7.8900000000    0.0879564432    0.0022103756
   -7.8800000000    0.0877884094    0.0022006033
   -7.8700000000    0.0876208401    0.0021908950
   -7.8600000000    0.0874537325    0.0021812501
   -7.8500000000    0.0872870836    0.0021716678
   -7.8400000000    0.0871208905    0.0021621475
   -7.8300000000    0.0869551505    0.0021526886
   -7.8200000000    0.0867898606    0.0021432905
   -7.8100000000    0.0866250181    0.0021339524
   -7.8000000000    0.0864606201    0.0021246739
   -7.7900000000    0.0862966641    0.0021154542
   -7.7800000000    0.0861331472    0.0021062929
   -7.7700000000    0.0859700668    0.0020971893
   -7.7600000000    0.0858074201    0.0020881428
   -7.7500000000    0.0856452046    0.0020791529
   -7.7400000000    0.0854834177    0.0020702190
   -7.7300000000    0.0853220567    0.0020613406
   -7.7200000000    0.0851611191    0.0020525171
   -7.7100000000    0.0850006024    0.0020437479
   -7.7000000000    0.0848405040    0.0020350326
   -7.6900000000    0.0846808215    0.0020263706
   -7.6800000000    0.0845215523    0.0020177615
   -7.6700000000    0.0843626941    0.0020092046
   -7.6600000000    0.0842042444    0.0020006995
   -7.6500000000    0.0840462008    0.0019922458
   -7.6400000000    0.0838885609    0.0019838428
   -7.6300000000    0.0837313223    0.0019754902
   -7.6200000000    0.0835744828    0.0019671874
   -7.6100000000    0.0834180400    0.0019589341
   -7.6000000000    0.0832619917    0.0019507297
   -7.5900000000    0.0831063354    0.0019425737
   -7.5800000000    0.0829510690    0.0019344658
   -7.5700000000    0.0827961903    0.0019264055
   -7.5600000000    0.0826416970    0.0019183923
   -7.5500000000    0.0824875869    0.0019104259
   -7.5400000000    0.0823338579    0.0019025057
   -7.5300000000    0.0821805078    0.0018946314
   -7.5200000000    0.0820275344    0.0018868025
   -7.5100000000    0.0818749357    0.0018790187
   -7.5000000000    0.0817227094    0.0018712796
   -7.4900000000    0.0815708537    0.0018635847
   -7.4800000000    0.0814193663    0.0018559336
   -7.4700000000    0.0812682452    0.0018483260
   -7.4600000000    0.0811174884    0.0018407614
   -7.4500000000    0.0809670938    0.0018332396
   -7.4400000000    0.0808170596    0.0018257600
   -7.4300000000    0.0806673836    0.0018183224
   -7.4200000000    0.0805180640    0.0018109264
   -7.4100000000    0.0803690987    0.0018035717
   -7.4000000000    0.0802204859    0.0017962577
   -7.3900000000    0.0800722235    0.0017889843
   -7.3800000000    0.0799243098    0.0017817511
   -7.3700000000    0.0797767429    0.0017745576
   -7.3600000000    0.0796295207    0.0017674037
   -7.3500000000    0.0794826416    0.0017602889
   -7.3400000000    0.0793361037    0.0017532129
   -7.3300000000    0.0791899050    0.0017461754
   -7.3200000000    0.0790440439    0.0017391760
   -7.3100000000    0.0788985185    0.0017322145
   -7.3000000000    0.0787533271    0.0017252905
   -7.2900000000    0.0786084678    0.0017184037
   -7.2800000000    0.0784639389    0.0017115538
   -7.2700000000    0.0783197386    0.0017047405
   -7.2600000000    0.0781758653    0.0016979635
   -7.2500000000    0.0780323173    0.0016912225
   -7.2400000000    0.0778890927    0.0016845172
   -7.2300000000    0.0777461900    0.0016778473
   -7.2200000000    0.0776036074    0.0016712125
   -7.2100000000    0.0774613434    0.0016646125
   -7.2000000000    0.0773193961    0.0016580471
   -7.1900000000    0.0771777641    0.0016515160
   -7.1800000000    0.0770364457    0.0016450188
   -7.1700000000    0.0768954392    0.0016385554
   -7.1600000000    0.0767547431    0.0016321254
   -7.1500000000    0.0766143557    0.0016257286
   -7.1400000000    0.0764742756    0.0016193647
   -7.1300000000    0.0763345011    0.0016130335
   -7.1200000000    0.0761950306    0.0016067347
   -7.1100000000    0.0760558627    0.0016004680
   -7.1000000000    0.0759169958    0.0015942332
   -7.0900000000    0.0757784284    0.0015880301
   -7.0800000000    0.0756401590    0.0015818583
   -7.0700000000    0.0755021861    0.0015757178
   -7.0600000000    0.0753645081    0.0015696081
   -7.0500000000    0.0752271237    0.0015635290
   -7.0400000000    0.0750900313    0.0015574805
   -7.0300000000    0.0749532295    0.0015514621
   -7.0200000000    0.0748167169    0.0015454736
   -7.0100000000    0.0746804920    0.0015395149
   -7.0000000000    0.0745445534    0.0015335858
   -6.9900000000    0.0744088996    0.0015276859
   -6.9800000000    0.0742735294    0.0015218150
   -6.9700000000    0.0741384412    0.0015159730
   -6.9600000000    0.0740036337    0.0015101596
   -6.9500000000    0.0738691056    0.0015043746
   -6.9400000000    0.0737348554    0.0014986179
   -6.9300000000    0.0736008819    0.0014928890
   -6.9200000000    0.0734671836    0.0014871880
   -6.9100000000    0.0733337592    0.0014815145
   -6.9000000000    0.0732006075    0.0014758684
   -6.8900000000    0.0730677270    0.0014702494
   -6.8800000000    0.0729351165    0.0014646574
   -6.8700000000    0.0728027746    0.0014590922
   -6.8600000000    0.0726707002    0.0014535535
   -6.8500000000    0.0725388918    0.0014480411
   -6.8400000000    0.0724073483    0.0014425550
   -6.8300000000    0.0722760683    0.0014370948
   -6.8200000000    0.0721450507    0.0014316604
   -6.8100000000    0.0720142941    0.0014262516
   -6.8000000000    0.0718837973    0.0014208682
   -6.7900000000    0.0717535591    0.0014155100
   -6.7800000000    0.0716235782    0.0014101769
   -6.7700000000    0.0714938535    0.0014048686
   -6.7600000000    0.0713643838    0.0013995851
   -6.7500000000    0.0712351678    0.0013943260
   -6.7400000000    0.0711062043    0.0013890913
   -6.7300000000    0.0709774922    0.0013838807
   -6.7200000000    0.0708490303    0.0013786941
   -6.7100000000    0.0707208174    0.0013735314
   -6.7000000000    0.0705928524    0.0013683923
   -6.6900000000    0.0704651341    0.0013632766
   -6.6800000000    0.0703376614    0.0013581843
   -6.6700000000    0.0702104330    0.0013531152
   -6.6600000000    0.0700834480    0.0013480690
   -6.6500000000    0.0699567051    0.0013430456
   -6.6400000000    0.0698302033    0.0013380449
   -6.6300000000    0.0697039415    0.0013330667
   -6.6200000000    0.0695779184    0.0013281109
   -6.6100000000    0.0694521331    0.0013231773
   -6.6000000000    0.0693265845    0.0013182657
   -6.5900000000    0.0692012714    0.0013133760
   -6.5800000000    0.0690761929    0.0013085080
   -6.5700000000    0.0689513477    0.0013036616
   -6.5600000000    0.0688267350    0.0012988367
   -6.5500000000    0.0687023535    0.0012940330
   -6.5400000000    0.0685782023    0.0012892505
   -6.5300000000    0.0684542803    0.0012844889
   -6.5200000000    0.0683305865    0.0012797483
   -6.5100000000    0.0682071199    0.0012750283
   -6.5000000000    0.0680838794    0.0012703289
   -6.4900000000    0.0679608640    0.0012656500
   -6.4800000000    0.0678380727    0.0012609913
   -6.4700000000    0.0677155045    0.0012563528
   -6.4600000000    0.0675931584    0.0012517343
   -6.4500000000    0.0674710333    0.0012471357
   -6.4400000000    0.0673491285    0.0012425569
   -6.4300000000    0.0672274427    0.0012379976
   -6.4200000000    0.0671059751    0.0012334579
   -6.4100000000    0.0669847247    0.0012289375
   -6.4000000000    0.0668636905    0.0012244363
   -6.3900000000    0.0667428716    0.0012199542
   -6.3800000000    0.0666222670    0.0012154911
   -6.3700000000    0.0665018758    0.0012110469
   -6.3600000000    0.0663816970    0.0012066213
   -6.3500000000    0.0662617297    0.0012022144
   -6.3400000000    0.0661419730    0.0011978259
   -6.3300000000    0.0660224259    0.0011934557
   -6.3200000000    0.0659030875    0.0011891038
   -6.3100000000    0.0657839569    0.0011847700
   -6.3000000000    0.0656650332    0.0011804542
   -6.2900000000    0.0655463154    0.0011761563
   -6.2800000000    0.0654278028    0.0011718761
   -6.2700000000    0.0653094944    0.0011676136
   -6.2600000000    0.0651913892    0.0011633685
   -6.2500000000    0.0650734865    0.0011591409
   -6.2400000000    0.0649557853    0.0011549306
   -6.2300000000    0.0648382848    0.0011507374
   -6.2200000000    0.0647209841    0.0011465613
   -6.2100000000    0.0646038823    0.0011424022
   -6.2000000000    0.0644869786    0.0011382600
   -6.1900000000    0.0643702721    0.0011341344
   -6.1800000000    0.0642537620    0.0011300255
   -6.1700000000    0.0641374474    0.0011259331
   -6.1600000000    0.0640213275    0.0011218572
   -6.1500000000    0.0639054014    0.0011177975
   -6.1400000000    0.0637896684    0.0011137541
   -6.1300000000    0.0636741275    0.0011097267
   -6.1200000000    0.0635587780    0.0011057154
   -6.1100000000    0.0634436191    0.0011017200
   -6.1000000000    0.0633286498    0.0010977403
   -6.0900000000    0.0632138695    0.0010937764
   -6.0800000000    0.0630992773    0.0010898280
   -6.0700000000    0.0629848725    0.0010858951
   -6.0600000000    0.0628706541    0.0010819777
   -6.0500000000    0.0627566215    0.0010780755
   -6.0400000000    0.0626427738    0.0010741885
   -6.0300000000    0.0625291103    0.0010703167
   -6.0200000000    0.0624156301    0.0010664598
   -6.0100000000    0.0623023326    0.0010626179
   -6.0000000000    0.0621892168    0.0010587908
   -5.9900000000    0.0620762821    0.0010549784
   -5.9800000000    0.0619635278    0.0010511806
   -5.9700000000    0.0618509529    0.0010473974
   -5.9600000000    0.0617385568    0.0010436286
   -5.9500000000    0.0616263388    0.0010398742
   -5.9400000000    0.0615142980    0.0010361341
   -5.9300000000    0.0614024338    0.0010324081
   -5.9200000000    0.0612907453    0.0010286962
   -5.9100000000    0.0611792319    0.0010249983
   -5.9000000000    0.0610678929    0.0010213144
   -5.8900000000    0.0609567274    0.0010176442
   -5.8800000000    0.0608457348    0.0010139878
   -5.8700000000    0.0607349143    0.0010103451
   -5.8600000000    0.0606242652    0.0010067159
   -5.8500000000    0.0605137869    0.0010031002
   -5.8400000000    0.0604034785    0.0009994979
   -5.8300000000    0.0602933394    0.0009959090
   -5.8200000000    0.0601833689    0.0009923332
   -5.8100000000    0.0600735663    0.0009887706
   -5.8000000000    0.0599639309    0.0009852211
   -5.7900000000    0.0598544620    0.0009816846
   -5.7800000000    0.0597451588    0.0009781610
   -5.7700000000    0.0596360208    0.0009746501
   -5.7600000000    0.0595270471    0.0009711521
   -5.7500000000    0.0594182372    0.0009676667
   -5.7400000000    0.0593095904    0.0009641939
   -5.7300000000    0.0592011060    0.0009607336
   -5.7200000000    0.0590927833    0.0009572858
   -5.7100000000    0.0589846216    0.0009538503
   -5.7000000000    0.0588766203    0.0009504270
   -5.6900000000    0.0587687787    0.0009470160
   -5.6800000000    0.0586610961    0.0009436171
   -5.6700000000    0.0585535720    0.0009402303
   -5.6600000000    0.0584462056    0.0009368555
   -5.6500000000    0.0583389963    0.0009334925
   -5.6400000000    0.0582319435    0.0009301414
   -5.6300000000    0.0581250464    0.0009268020
   -5.6200000000    0.0580183045    0.0009234743
   -5.6100000000    0.0579117172    0.0009201583
   -5.6000000000    0.0578052837    0.0009168537
   -5.5900000000    0.0576990035    0.0009135607
   -5.5800000000    0.0575928759    0.0009102790
   -5.5700000000    0.0574869002    0.0009070087
   -5.5600000000    0.0573810760    0.0009037496
   -5.5500000000    0.0572754025    0.0009005017
   -5.5400000000    0.0571698791    0.0008972650
   -5.5300000000    0.0570645053    0.0008940392
   -5.5200000000    0.0569592803    0.0008908245
   -5.5100000000    0.0568542036    0.0008876207
   -5.5000000000    0.0567492746    0.0008844277
   -5.4900000000    0.0566444926    0.0008812455
   -5.4800000000    0.0565398572    0.0008780740
   -5.4700000000    0.0564353675    0.0008749131
   -5.4600000000    0.0563310232    0.0008717628
   -5.4500000000    0.0562268235    0.0008686231
   -5.4400000000    0.0561227679    0.0008654938
   -5.4300000000    0.0560188558    0.0008623748
   -5.4200000000    0.0559150865    0.0008592662
   -5.4100000000    0.0558114596    0.0008561679
   -5.4000000000    0.0557079744    0.0008530797
   -5.3900000000    0.0556046303    0.0008500016
   -5.3800000000    0.0555014268    0.0008469336
   -5.3700000000    0.0553983633    0.0008438756
   -5.3600000000    0.0552954392    0.0008408276
   -5.3500000000    0.0551926539    0.0008377894
   -5.3400000000    0.0550900069    0.0008347610
   -5.3300000000    0.0549874976    0.0008317424
   -5.3200000000    0.0548851255    0.0008287335
   -5.3100000000    0.0547828899    0.0008257342
   -5.3000000000    0.0546807903    0.0008227445
   -5.2900000000    0.0545788261    0.0008197642
   -5.2800000000    0.0544769969    0.0008167935
   -5.2700000000    0.0543753020    0.0008138321
   -5.2600000000    0.0542737409    0.0008108800
   -5.2500000000    0.0541723130    0.0008079372
   -5.2400000000    0.0540710177    0.0008050036
   -5.2300000000    0.0539698547    0.0008020792
   -5.2200000000    0.0538688232    0.0007991638
   -5.2100000000    0.0537679227    0.0007962575
   -5.2000000000    0.0536671528    0.0007933602
   -5.1900000000    0.0535665129    0.0007904717
   -5.1800000000    0.0534660023    0.0007875922
   -5.1700000000    0.0533656207    0.0007847214
   -5.1600000000    0.0532653674    0.0007818594
   -5.1500000000    0.0531652420    0.0007790061
   -5.1400000000    0.0530652439    0.0007761614
   -5.1300000000    0.0529653725    0.0007733253
   -5.1200000000    0.0528656274    0.0007704977
   -5.1100000000    0.0527660080    0.0007676786
   -5.1000000000    0.0526665138    0.0007648679
   -5.0900000000    0.0525671443    0.0007620655
   -5.0800000000    0.0524678990    0.0007592715
   -5.0700000000    0.0523687773    0.0007564856
   -5.0600000000    0.0522697787    0.0007537080
   -5.0500000000    0.0521709028    0.0007509385
   -5.0400000000    0.0520721489    0.0007481771
   -5.0300000000    0.0519735167    0.0007454238
   -5.0200000000    0.0518750055    0.0007426783
   -5.0100000000    0.0517766149    0.0007399409
   -5.0000000000    0.0516783444    0.0007372113
   -4.9900000000    0.0515801935    0.0007344895
   -4.9800000000    0.0514821616    0.0007317754
   -4.9700000000    0.0513842482    0.0007290691
   -4.9600000000    0.0512864530    0.0007263704
   -4.9500000000    0.0511887753    0.0007236793
   -4.9400000000    0.0510912146    0.0007209958
   -4.9300000000    0.0509937706    0.0007183198
   -4.9200000000    0.0508964426    0.0007156512
   -4.9100000000    0.0507992302    0.0007129900
   -4.9000000000    0.0507021329    0.0007103361
   -4.8900000000    0.0506051502    0.0007076896
   -4.8800000000    0.0505082816    0.0007050503
   -4.8700000000    0.0504115266    0.0007024181
   -4.8600000000    0.0503148848    0.0006997931
   -4.8500000000    0.0502183556    0.0006971752
   -4.8400000000    0.0501219386    0.0006945643
   -4.8300000000    0.0500256333    0.0006919604
   -4.8200000000    0.0499294392    0.0006893634
   -4.8100000000    0.0498333559    0.0006867734
   -4.8000000000    0.0497373828    0.0006841901
   -4.7900000000    0.0496415195    0.0006816136
   -4.7800000000    0.0495457654    0.0006790439
   -4.7700000000    0.0494501202    0.0006764808
   -4.7600000000    0.0493545834    0.0006739243
   -4.7500000000    0.0492591544    0.0006713745
   -4.7400000000    0.0491638328    0.0006688311
   -4.7300000000    0.0490686182    0.0006662942
   -4.7200000000    0.0489735100    0.0006637638
   -4.7100000000    0.0488785078    0.0006612397
   -4.7000000000    0.0487836112    0.0006587220
   -4.6900000000    0.0486888196    0.0006562105
   -4.6800000000    0.0485941326    0.0006537053
   -4.6700000000    0.0484995497    0.0006512063
   -4.6600000000    0.0484050705    0.0006487133
   -4.6500000000    0.0483106945    0.0006462265
   -4.6400000000    0.0482164213    0.0006437457
   -4.6300000000    0.0481222503    0.0006412708
   -4.6200000000    0.0480281811    0.0006388019
   -4.6100000000    0.0479342133    0.0006363389
   -4.6000000000    0.0478403464    0.0006338817
   -4.5900000000    0.0477465800    0.0006314303
   -4.5800000000    0.0476529135    0.0006289846
   -4.5700000000    0.0475593465    0.0006265445
   -4.5600000000    0.0474658787    0.0006241102
   -4.5500000000    0.0473725094    0.0006216814
   -4.5400000000    0.0472792383    0.0006192581
   -4.5300000000    0.0471860649    0.0006168403
   -4.5200000000    0.0470929888    0.0006144280
   -4.5100000000    0.0470000094    0.0006120210
   -4.5000000000    0.0469071264    0.0006096193
   -4.4900000000    0.0468143393    0.0006072230
   -4.4800000000    0.0467216477    0.0006048319
   -4.4700000000    0.0466290510    0.0006024459
   -4.4600000000    0.0465365489    0.0006000651
   -4.4500000000    0.0464441409    0.0005976894
   -4.4400000000    0.0463518265    0.0005953187
   -4.4300000000    0.0462596053    0.0005929529
   -4.4200000000    0.0461674769    0.0005905922
   -4.4100000000    0.0460754408    0.0005882362
   -4.4000000000    0.0459834965    0.0005858852
   -4.3900000000    0.0458916436    0.0005835389
   -4.3800000000    0.0457998817    0.0005811973
   -4.3700000000    0.0457082103    0.0005788604
   -4.3600000000    0.0456166289    0.0005765281
   -4.3500000000    0.0455251372    0.0005742004
   -4.3400000000    0.0454337346    0.0005718772
   -4.3300000000    0.0453424208    0.0005695585
   -4.3200000000    0.0452511952    0.0005672442
   -4.3100000000    0.0451600575    0.0005649343
   -4.3000000000    0.0450690071    0.0005626287
   -4.2900000000    0.0449780437    0.0005603273
   -4.2800000000    0.0448871668    0.0005580302
   -4.2700000000    0.0447963760    0.0005557372
   -4.2600000000    0.0447056707    0.0005534483
   -4.2500000000    0.0446150506    0.0005511635
   -4.2400000000    0.0445245152    0.0005488827
   -4.2300000000    0.0444340641    0.0005466058
   -4.2200000000    0.0443436968    0.0005443328
   -4.2100000000    0.0442534129    0.0005420636
   -4.2000000000    0.0441632119    0.0005397982
   -4.1900000000    0.0440730933    0.0005375365
   -4.1800000000    0.0439830569    0.0005352785
   -4.1700000000    0.0438931020    0.0005330241
   -4.1600000000    0.0438032282    0.0005307733
   -4.1500000000    0.0437134352    0.0005285260
   -4.1400000000    0.0436237223    0.0005262821
   -4.1300000000    0.0435340893    0.0005240416
   -4.1200000000    0.0434445357    0.0005218044
   -4.1100000000    0.0433550609    0.0005195706
   -4.1000000000    0.0432656646    0.0005173399
   -4.0900000000    0.0431763462    0.0005151124
   -4.0800000000    0.0430871055    0.0005128880
   -4.0700000000    0.0429979418    0.0005106666
   -4.0600000000    0.0429088548    0.0005084482
   -4.0500000000    0.0428198439    0.0005062328
   -4.0400000000    0.0427309088    0.0005040202
   -4.0300000000    0.0426420490    0.0005018104
   -4.0200000000    0.0425532641    0.0004996033
   -4.0100000000    0.0424645535    0.0004973989
   -4.0000000000    0.0423759168    0.0004951971
   -3.9900000000    0.0422873535    0.0004929979
   -3.9800000000    0.0421988633    0.0004908012
   -3.9700000000    0.0421104457    0.0004886069
   -3.9600000000    0.0420221001    0.0004864150
   -3.9500000000    0.0419338261    0.0004842253
   -3.9400000000    0.0418456233    0.0004820379
   -3.9300000000    0.0417574912    0.0004798527
   -3.9200000000    0.0416694293    0.0004776695
   -3.9100000000    0.0415814372    0.0004754884
   -3.9000000000    0.0414935144    0.0004733093
   -3.8900000000    0.0414056605    0.0004711320
   -3.8800000000    0.0413178749    0.0004689566
   -3.8700000000    0.0412301572    0.0004667829
   -3.8600000000    0.0411425069    0.0004646109
   -3.8500000000    0.0410549235    0.0004624405
   -3.8400000000    0.0409674067    0.0004602717
   -3.8300000000    0.0408799558    0.0004581043
   -3.8200000000    0.0407925704    0.0004559384
   -3.8100000000    0.0407052501    0.0004537737
   -3.8000000000    0.0406179944    0.0004516103
   -3.7900000000    0.0405308027    0.0004494481
   -3.7800000000    0.0404436746    0.0004472869
   -3.7700000000    0.0403566096    0.0004451268
   -3.7600000000    0.0402696072    0.0004429676
   -3.7500000000    0.0401826669    0.0004408092
   -3.7400000000    0.0400957882    0.0004386516
   -3.7300000000    0.0400089707    0.0004364947
   -3.7200000000    0.0399222138    0.0004343384
   -3.7100000000    0.0398355171    0.0004321827
   -3.7000000000    0.0397488799    0.0004300273
   -3.6900000000    0.0396623019    0.0004278724
   -3.6800000000    0.0395757825    0.0004257176
   -3.6700000000    0.0394893213    0.0004235631
   -3.6600000000    0.0394029176    0.0004214086
   -3.6500000000    0.0393165710    0.0004192542
   -3.6400000000    0.0392302810    0.0004170996
   -3.6300000000    0.0391440470    0.0004149448
   -3.6200000000    0.0390578686    0.0004127898
   -3.6100000000    0.0389717451    0.0004106344
   -3.6000000000    0.0388856762    0.0004084784
   -3.5900000000    0.0387996611    0.0004063219
   -3.5800000000    0.0387136995    0.0004041648
   -3.5700000000    0.0386277907    0.0004020068
   -3.5600000000    0.0385419343    0.0003998479
   -3.5500000000    0.0384561296    0.0003976881
   -3.5400000000    0.0383703762    0.0003955271
   -3.5300000000    0.0382846735    0.0003933649
   -3.5200000000    0.0381990208    0.0003912014
   -3.5100000000    0.0381134178    0.0003890365
   -3.5000000000    0.0380278638    0.0003868700
   -3.4900000000    0.0379423581    0.0003847019
   -3.4800000000    0.0378569004    0.0003825319
   -3.4700000000    0.0377714900    0.0003803601
   -3.4600000000    0.0376861262    0.0003781862
   -3.4500000000    0.0376008086    0.0003760102
   -3.4400000000    0.0375155366    0.0003738319
   -3.4300000000    0.0374303095    0.0003716512
   -3.4200000000    0.0373451267    0.0003694680
   -3.4100000000    0.0372599877    0.0003672821
   -3.4000000000    0.0371748918    0.0003650934
   -3.3900000000    0.0370898385    0.0003629018
   -3.3800000000    0.0370048271    0.0003607070
   -3.3700000000    0.0369198570    0.0003585091
   -3.3600000000    0.0368349276    0.0003563077
   -3.3500000000    0.0367500382    0.0003541029
   -3.3400000000    0.0366651882    0.0003518944
   -3.3300000000    0.0365803769    0.0003496820
   -3.3200000000    0.0364956038    0.0003474657
   -3.3100000000    0.0364108681    0.0003452452
   -3.3000000000    0.0363261692    0.0003430205
   -3.2900000000    0.0362415064    0.0003407912
   -3.2800000000    0.0361568791    0.0003385573
   -3.2700000000    0.0360722865    0.0003363186
   -3.2600000000    0.0359877280    0.0003340749
   -3.2500000000    0.0359032029    0.0003318260
   -3.2400000000    0.0358187104    0.0003295718
   -3.2300000000    0.0357342500    0.0003273120
   -3.2200000000    0.0356498208    0.0003250465
   -3.2100000000    0.0355654221    0.0003227751
   -3.2000000000    0.0354810532    0.0003204976
   -3.1900000000    0.0353967133    0.0003182137
   -3.1800000000    0.0353124018    0.0003159232
   -3.1700000000    0.0352281178    0.0003136260
   -3.1600000000    0.0351438606    0.0003113219
   -3.1500000000    0.0350596294    0.0003090105
   -3.1400000000    0.0349754235    0.0003066918
   -3.1300000000    0.0348912420    0.0003043653
   -3.1200000000    0.0348070841    0.0003020310
   -3.1100000000    0.0347229490    0.0002996886
   -3.1000000000    0.0346388360    0.0002973378
   -3.0900000000    0.0345547441    0.0002949783
   -3.0800000000    0.0344706725    0.0002926100
   -3.0700000000    0.0343866204    0.0002902325
   -3.0600000000    0.0343025870    0.0002878455
   -3.0500000000    0.0342185712    0.0002854489
   -3.0400000000    0.0341345723    0.0002830423
   -3.0300000000    0.0340505894    0.0002806254
   -3.0200000000    0.0339666215    0.0002781979
   -3.0100000000    0.0338826677    0.0002757596
   -3.0000000000    0.0337987271    0.0002733100
   -2.9900000000    0.0337147988    0.0002708490
   -2.9800000000    0.0336308817    0.0002683761
   -2.9700000000    0.0335469749    0.0002658910
   -2.9600000000    0.0334630775    0.0002633934
   -2.9500000000    0.0333791883    0.0002608829
   -2.9400000000    0.0332953065    0.0002583592
   -2.9300000000    0.0332114309    0.0002558218
   -2.9200000000    0.0331275605    0.0002532705
   -2.9100000000    0.0330436942    0.0002507049
   -2.9000000000    0.0329598310    0.0002481244
   -2.8900000000    0.0328759698    0.0002455287
   -2.8800000000    0.0327921095    0.0002429175
   -2.8700000000    0.0327082488    0.0002402902
   -2.8600000000    0.0326243868    0.0002376464
   -2.8500000000    0.0325405221    0.0002349857
   -2.8400000000    0.0324566537    0.0002323076
   -2.8300000000    0.0323727803    0.0002296116
   -2.8200000000    0.0322889006    0.0002268972
   -2.8100000000    0.0322050135    0.0002241639
   -2.8000000000    0.0321211177    0.0002214112
   -2.7900000000    0.0320372118    0.0002186386
   -2.7800000000    0.0319532947    0.0002158455
   -2.7700000000    0.0318693648    0.0002130314
   -2.7600000000    0.0317854210    0.0002101956
   -2.7500000000    0.0317014617    0.0002073375
   -2.7400000000    0.0316174857    0.0002044567
   -2.7300000000    0.0315334914    0.0002015523
   -2.7200000000    0.0314494774    0.0001986238
   -2.7100000000    0.0313654422    0.0001956705
   -2.7000000000    0.0312813844    0.0001926918
   -2.6900000000    0.0311973023    0.0001896868
   -2.6800000000    0.0311131945    0.0001866549
   -2.6700000000    0.0310290592    0.0001835953
   -2.6600000000    0.0309448949    0.0001805073
   -2.6500000000    0.0308607000    0.0001773901
   -2.6400000000    0.0307764727    0.0001742427
   -2.6300000000    0.0306922112    0.0001710645
   -2.6200000000    0.0306079140    0.0001678544
   -2.6100000000    0.0305235791    0.0001646117
   -2.6000000000    0.0304392047    0.0001613354
   -2.5900000000    0.0303547890    0.0001580244
   -2.5800000000    0.0302703300    0.0001546779
   -2.5700000000    0.0301858259    0.0001512949
   -2.5600000000    0.0301012746    0.0001478742
   -2.5500000000    0.0300166741    0.0001444148
   -2.5400000000    0.0299320224    0.0001409155
   -2.5300000000    0.0298473172    0.0001373753
   -2.5200000000    0.0297625566    0.0001337929
   -2.5100000000    0.0296777382    0.0001301671
   -2.5000000000    0.0295928599    0.0001264965
   -2.4900000000    0.0295079193    0.0001227800
   -2.4800000000    0.0294229140    0.0001190161
   -2.4700000000    0.0293378417    0.0001152034
   -2.4600000000    0.0292527000    0.0001113405
   -2.4500000000    0.0291674862    0.0001074258
   -2.4400000000    0.0290821979    0.0001034579
   -2.4300000000    0.0289968324    0.0000994350
   -2.4200000000    0.0289113871    0.0000953556
   -2.4100000000    0.0288258591    0.0000912178
   -2.4000000000    0.0287402457    0.0000870200
   -2.3900000000    0.0286545439    0.0000827602
   -2.3800000000    0.0285687510    0.0000784366
   -2.3700000000    0.0284828637    0.0000740472
   -2.3600000000    0.0283968791    0.0000695898
   -2.3500000000    0.0283107940    0.0000650624
   -2.3400000000    0.0282246051    0.0000604627
   -2.3300000000    0.0281383091    0.0000557885
   -2.3200000000    0.0280519027    0.0000510373
   -2.3100000000    0.0279653823    0.0000462068
   -2.3000000000    0.0278787443    0.0000412942
   -2.2900000000    0.0277919852    0.0000362970
   -2.2800000000    0.0277051011    0.0000312125
   -2.2700000000    0.0276180883    0.0000260376
   -2.2600000000    0.0275309427    0.0000207695
   -2.2500000000    0.0274436603    0.0000154049
   -2.2400000000    0.0273562371    0.0000099408
   -2.2300000000    0.0272686686    0.0000043738
   -2.2200000000    0.0271809506   -0.0000012997
   -2.2100000000    0.0270930785   -0.0000070833
   -2.2000000000    0.0270050479   -0.0000129808
   -2.1900000000    0.0269168538   -0.0000189961
   -2.1800000000    0.0268284916   -0.0000251333
   -2.1700000000    0.0267399562   -0.0000313966
   -2.1600000000    0.0266512426   -0.0000377906
   -2.1500000000    0.0265623454   -0.0000443198
   -2.1400000000    0.0264732593   -0.0000509891
   -2.1300000000    0.0263839788   -0.0000578036
   -2.1200000000    0.0262944981   -0.0000647685
   -2.1100000000    0.0262048115   -0.0000718893
   -2.1000000000    0.0261149129   -0.0000791717
   -2.0900000000    0.0260247962   -0.0000866217
   -2.0800000000    0.0259344551   -0.0000942457
   -2.0700000000    0.0258438829   -0.0001020500
   -2.0600000000    0.0257530732   -0.0001100416
   -2.0500000000    0.0256620189   -0.0001182277
   -2.0400000000    0.0255707130   -0.0001266156
   -2.0300000000    0.0254791483   -0.0001352132
   -2.0200000000    0.0253873173   -0.0001440287
   -2.0100000000    0.0252952123   -0.0001530706
   -2.0000000000    0.0252028255   -0.0001623481
   -1.9900000000    0.0251101487   -0.0001718704
   -1.9800000000    0.0250171736   -0.0001816475
   -1.9700000000    0.0249238918   -0.0001916897
   -1.9600000000    0.0248302943   -0.0002020078
   -1.9500000000    0.0247363721   -0.0002126133
   -1.9400000000    0.0246421161   -0.0002235181
   -1.9300000000    0.0245475166   -0.0002347349
   -1.9200000000    0.0244525639   -0.0002462767
   -1.9100000000    0.0243572480   -0.0002581576
   -1.9000000000    0.0242615585   -0.0002703921
   -1.8900000000    0.0241654848   -0.0002829955
   -1.8800000000    0.0240690161   -0.0002959841
   -1.8700000000    0.0239721413   -0.0003093748
   -1.8600000000    0.0240284230   -0.0001041094
   -1.8500000000    0.0237771275   -0.0003374355
   -1.8400000000    0.0236789649   -0.0003521442
   -1.8300000000    0.0235803489   -0.0003673328
   -1.8200000000    0.0234812670   -0.0003830236
   -1.8100000000    0.0233817064   -0.0003992398
   -1.8000000000    0.0232816541   -0.0004160062
   -1.7900000000    0.0231810968   -0.0004333489
   -1.7800000000    0.0230800210   -0.0004512955
   -1.7700000000    0.0229784129   -0.0004698752
   -1.7600000000    0.0228762585   -0.0004891189
   -1.7500000000    0.0227735436   -0.0005090591
   -1.7400000000    0.0226702540   -0.0005297305
   -1.7300000000    0.0225663751   -0.0005511698
   -1.7200000000    0.0224618925   -0.0005734157
   -1.7100000000    0.0223567914   -0.0005965094
   -1.7000000000    0.0222510573   -0.0006204946
   -1.6900000000    0.0221446757   -0.0006454176
   -1.6800000000    0.0220376320   -0.0006713275
   -1.6700000000    0.0219299122   -0.0006982766
   -1.6600000000    0.0218215023   -0.0007263202
   -1.6500000000    0.0217123888   -0.0007555174
   -1.6400000000    0.0216025588   -0.0007859308
   -1.6300000000    0.0214920001   -0.0008176270
   -1.6200000000    0.0213807014   -0.0008506770
   -1.6100000000    0.0212686522   -0.0008851560
   -1.6000000000    0.0211558436   -0.0009211445
   -1.5900000000    0.0210422682   -0.0009587278
   -1.5800000000    0.0209279202   -0.0009979971
   -1.5700000000    0.0208127961   -0.0010390491
   -1.5600000000    0.0206968952   -0.0010819873
   -1.5500000000    0.0205802194   -0.0011269216
   -1.5400000000    0.0204627744   -0.0011739691
   -1.5300000000    0.0203445698   -0.0012232547
   -1.5200000000    0.0202256201   -0.0012749114
   -1.5100000000    0.0201059450   -0.0013290806
   -1.5000000000    0.0199855710   -0.0013859131
   -1.4900000000    0.0198645314   -0.0014455693
   -1.4800000000    0.0197428682   -0.0015082195
   -1.4700000000    0.0196206331   -0.0015740449
   -1.4600000000    0.0194978888   -0.0016432379
   -1.4500000000    0.0193747105   -0.0017160023
   -1.4400000000    0.0192511881   -0.0017925541
   -1.4300000000    0.0191274282   -0.0018731216
   -1.4200000000    0.0190035560   -0.0019579455
   -1.4100000000    0.0188797182   -0.0020472792
   -1.4000000000    0.0187560861   -0.0021413888
   -1.3900000000    0.0186328583   -0.0022405523
   -1.3800000000    0.0185102649   -0.0023450592
   -1.3700000000    0.0183885710   -0.0024552096
   -1.3600000000    0.0182680815   -0.0025713123
   -1.3500000000    0.0181491457   -0.0026936828
   -1.3400000000    0.0180321622   -0.0028226407
   -1.3300000000    0.0179175852   -0.0029585055
   -1.3200000000    0.0178059295   -0.0031015920
   -1.3100000000    0.0176977771   -0.0032522042
   -1.3000000000    0.0175937835   -0.0034106277
   -1.2900000000    0.0174946832   -0.0035771203
   -1.2800000000    0.0174012958   -0.0037519010
   -1.2700000000    0.0173145309   -0.0039351363
   -1.2600000000    0.0172353918   -0.0041269245
   -1.2500000000    0.0171649776   -0.0043272772
   -1.2400000000    0.0171044824   -0.0045360979
   -1.2300000000    0.0170551919   -0.0047531587
   -1.2200000000    0.0170184747   -0.0049780741
   -1.2100000000    0.0169957695   -0.0052102726
   -1.2000000000    0.0169885641   -0.0054489683
   -1.1900000000    0.0169983684   -0.0056931321
   -1.1800000000    0.0170266772   -0.0059414643
   -1.1700000000    0.0170749251   -0.0061923732
   -1.1600000000    0.0171444309   -0.0064439586
   -1.1500000000    0.0172363337   -0.0066940067
   -1.1400000000    0.0173515216   -0.0069399985
   -1.1300000000    0.0174905557   -0.0071791341
   -1.1200000000    0.0176535945   -0.0074083777
   -1.1100000000    0.0178403230   -0.0076245228
   -1.1000000000    0.0180498927   -0.0078242795
   -1.0900000000    0.0182808815   -0.0080043809
   -1.0800000000    0.0185312770   -0.0081617043
   -1.0700000000    0.0187984914   -0.0082934010
   -1.0600000000    0.0190794095   -0.0083970247
   -1.0500000000    0.0193704710   -0.0084706487
   -1.0400000000    0.0196677826   -0.0085129626
   -1.0300000000    0.0199672542   -0.0085233382
   -1.0200000000    0.0202647494   -0.0085018585
   -1.0100000000    0.0205562373   -0.0084493086
   -1.0000000000    0.0208379366   -0.0083671272
   -0.9900000000    0.0211064392   -0.0082573263
   -0.9800000000    0.0213588064   -0.0081223851
   -0.9700000000    0.0215926338   -0.0079651292
   -0.9600000000    0.0218060818   -0.0077886042
   -0.9500000000    0.0219978758   -0.0075959535
   -0.9400000000    0.0221672796   -0.0073903079
   -0.9300000000    0.0223140476   -0.0071746915
   -0.9200000000    0.0224383638   -0.0069519481
   -0.9100000000    0.0225407718   -0.0067246866
   -0.9000000000    0.0226221037   -0.0064952475
   -0.8900000000    0.0226834105   -0.0062656848
   -0.8800000000    0.0227258985   -0.0060377634
   -0.8700000000    0.0227508720   -0.0058129671
   -0.8600000000    0.0227596859   -0.0055925147
   -0.8500000000    0.0227537057   -0.0053773818
   -0.8400000000    0.0227342766   -0.0051683257
   -0.8300000000    0.0227026996   -0.0049659106
   -0.8200000000    0.0226602146   -0.0047705341
   -0.8100000000    0.0226079886   -0.0045824518
   -0.8000000000    0.0225471092   -0.0044017999
   -0.7900000000    0.0224785809   -0.0042286162
   -0.7800000000    0.0224033248   -0.0040628585
   -0.7700000000    0.0223221802   -0.0039044209
   -0.7600000000    0.0222359077   -0.0037531476
   -0.7500000000    0.0221451934   -0.0036088449
   -0.7400000000    0.0220506532   -0.0034712910
   -0.7300000000    0.0219528386   -0.0033402445
   -0.7200000000    0.0218522412   -0.0032154509
   -0.7100000000    0.0217492982   -0.0030966487
   -0.7000000000    0.0216443974   -0.0029835732
   -0.6900000000    0.0215378818   -0.0028759606
   -0.6800000000    0.0214300540   -0.0027735505
   -0.6700000000    0.0213211806   -0.0026760879
   -0.6600000000    0.0212114955   -0.0025833251
   -0.6500000000    0.0211012041   -0.0024950225
   -0.6400000000    0.0209904855   -0.0024109496
   -0.6300000000    0.0208794965   -0.0023308856
   -0.6200000000    0.0207683730   -0.0022546194
   -0.6100000000    0.0206572333   -0.0021819498
   -0.6000000000    0.0205461794   -0.0021126857
   -0.5900000000    0.0204352995   -0.0020466455
   -0.5800000000    0.0203246692   -0.0019836573
   -0.5700000000    0.0202143530   -0.0019235584
   -0.5600000000    0.0201044059   -0.0018661949
   -0.5500000000    0.0199948744   -0.0018114216
   -0.5400000000    0.0198857972   -0.0017591012
   -0.5300000000    0.0197772066   -0.0017091044
   -0.5200000000    0.0196691294   -0.0016613092
   -0.5100000000    0.0195615867   -0.0016156006
   -0.5000000000    0.0194545958   -0.0015718702
   -0.4900000000    0.0193481697   -0.0015300159
   -0.4800000000    0.0192423181   -0.0014899414
   -0.4700000000    0.0191370478   -0.0014515561
   -0.4600000000    0.0190323631   -0.0014147745
   -0.4500000000    0.0189282660   -0.0013795161
   -0.4400000000    0.0188247564   -0.0013457049
   -0.4300000000    0.0187218328   -0.0013132695
   -0.4200000000    0.0186194921   -0.0012821423
   -0.4100000000    0.0185177300   -0.0012522597
   -0.4000000000    0.0184165413   -0.0012235616
   -0.3900000000    0.0183159197   -0.0011959914
   -0.3800000000    0.0182158581   -0.0011694957
   -0.3700000000    0.0181163491   -0.0011440238
   -0.3600000000    0.0180173845   -0.0011195281
   -0.3500000000    0.0179189558   -0.0010959635
   -0.3400000000    0.0178210540   -0.0010732874
   -0.3300000000    0.0177236700   -0.0010514595
   -0.3200000000    0.0176267946   -0.0010304416
   -0.3100000000    0.0175304180   -0.0010101976
   -0.3000000000    0.0174345309   -0.0009906934
   -0.2900000000    0.0173391234   -0.0009718967
   -0.2800000000    0.0172441858   -0.0009537767
   -0.2700000000    0.0171497086   -0.0009363043
   -0.2600000000    0.0170556821   -0.0009194522
   -0.2500000000    0.0169620966   -0.0009031940
   -0.2400000000    0.0168689427   -0.0008875050
   -0.2300000000    0.0167762109   -0.0008723616
   -0.2200000000    0.0166838920   -0.0008577414
   -0.2100000000    0.0165919767   -0.0008436233
   -0.2000000000    0.0165004561   -0.0008299869
   -0.1900000000    0.0164093213   -0.0008168131
   -0.1800000000    0.0163185634   -0.0008040835
   -0.1700000000    0.0162281739   -0.0007917808
   -0.1600000000    0.0161381443   -0.0007798885
   -0.1500000000    0.0160484664   -0.0007683907
   -0.1400000000    0.0159591320   -0.0007572724
   -0.1300000000    0.0158701332   -0.0007465193
   -0.1200000000    0.0157814623   -0.0007361177
   -0.1100000000    0.0156931115   -0.0007260547
   -0.1000000000    0.0156050734   -0.0007163177
   -0.0900000000    0.0155173407   -0.0007068950
   -0.0800000000    0.0154299063   -0.0006977751
   -0.0700000000    0.0153427632   -0.0006889473
   -0.0600000000    0.0152559046   -0.0006804012
   -0.0500000000    0.0151693238   -0.0006721270
   -0.0400000000    0.0150830143   -0.0006641152
   -0.0300000000    0.0149969698   -0.0006563568
   -0.0200000000    0.0149111840   -0.0006488430
   -0.0100000000    0.0148256509   -0.0006415657
    0.0000000000    0.0147403645   -0.0006345169
