-20.0 0.04494023636
-12.827 0.08585471548
-11.854 0.07124495249
-9.508 0.1155672482
-9.03 0.1432127003
-8.843 0.1682637985
-8.746 0.1925679552
-8.683 0.2168440037
-8.638 0.2409609722
-8.604 0.2647441847
-8.577 0.2883527816
-8.554 0.3128245725
-8.535 0.3369082314
-8.519 0.3605650936
-8.505 0.3843376777
-8.492 0.4094789361
-8.481 0.4334662203
-8.471 0.4577815442
-8.462 0.4820067894
-8.454 0.5056521408
-8.446 0.5315364149
-8.439 0.5562385028
-8.432 0.5830764052
-8.426 0.6079586521
-8.42 0.6347490171
-8.415 0.6586633477
-8.41 0.6841451493
-8.405 0.7113195914
-8.4 0.7403217929
-8.396 0.7649368967
-8.392 0.79089386
-8.388 0.8182761545
-8.384 0.8471713426
-8.38 0.8776708043
-8.377 0.9016550945
-8.374 0.9266360406
-8.371 0.9526552996
-8.368 0.9797549001
-8.365 1.007976896
-8.362 1.037362941
-8.359 1.067953758
-8.356 1.099788505
-8.353 1.132904002
-8.35 1.167333816
-8.348 1.191031845
-8.346 1.215334444
-8.344 1.240247639
-8.342 1.265775946
-8.34 1.291922137
-8.338 1.318686983
-8.336 1.346068975
-8.334 1.374064024
-8.332 1.402665126
-8.33 1.431862019
-8.328 1.461640797
-8.326 1.491983511
-8.324 1.52286775
-8.322 1.554266195
-8.32 1.586146157
-8.318 1.618469113
-8.316 1.651190222
-8.314 1.684257856
-8.312 1.71761313
-8.31 1.75118946
-8.308 1.78491215
-8.306 1.818698034
-8.304 1.852455169
-8.302 1.886082625
-8.3 1.919470365
-8.298 1.95249925
-8.296 1.985041192
-8.294 2.016959463
-8.292 2.048109196
-8.29 2.078338085
-8.288 2.107487306
-8.286 2.13539267
-8.284 2.161886004
-8.282 2.186796781
-8.279 2.220821866
-8.276 2.250333334
-8.273 2.274787983
-8.269 2.298673276
-8.252 2.272365809
-8.249 2.245568322
-8.246 2.212603593
-8.244 2.187406927
-8.242 2.159803966
-8.24 2.129956831
-8.238 2.09803948
-8.236 2.064234997
-8.234 2.028732856
-8.232 1.991726248
-8.23 1.95340951
-8.228 1.913975741
-8.226 1.873614618
-8.224 1.832510472
-8.222 1.79084062
-8.22 1.748773981
-8.218 1.706469965
-8.216 1.664077634
-8.214 1.621735116
-8.212 1.579569251
-8.21 1.537695452
-8.208 1.496217742
-8.206 1.455228962
-8.204 1.414811095
-8.202 1.375035708
-8.2 1.335964473
-8.198 1.297649739
-8.196 1.26013516
-8.194 1.223456331
-8.192 1.187641445
-8.19 1.152711941
-8.188 1.118683135
-8.186 1.085564841
-8.184 1.053361954
-8.182 1.02207501
-8.18 0.9917007021
-8.178 0.9622323748
-8.176 0.933660467
-8.174 0.9059729277
-8.172 0.879155592
-8.17 0.8531925232
-8.168 0.8280663213
-8.166 0.8037584001
-8.164 0.7802492346
-8.161 0.7464387215
-8.158 0.7143093801
-8.155 0.6837894314
-8.152 0.6548066993
-8.149 0.6272894348
-8.146 0.6011669666
-8.143 0.5763702071
-8.14 0.5528320343
-8.136 0.5232938236
-8.132 0.4957310834
-8.128 0.4700050427
-8.124 0.4459853327
-8.119 0.4181751866
-8.114 0.3926209653
-8.109 0.3691216323
-8.103 0.3433784774
-8.097 0.3200475316
-8.09 0.2955418585
-8.082 0.2706848772
-8.073 0.2461994768
-8.063 0.2226802919
-8.051 0.1987473559
-8.036 0.1741945649
-8.018 0.1509269785
-7.994 0.1278096631
-7.957 0.1045328435
-7.717 0.1300424438
-7.691 0.1541001213
-7.672 0.1779327951
-7.657 0.2019307837
-7.645 0.2254759728
-7.634 0.251409221
-7.625 0.2764948092
-7.617 0.3023839275
-7.61 0.3283762498
-7.604 0.3535965344
-7.599 0.3770275783
-7.594 0.4029840873
-7.589 0.4318356411
-7.585 0.4572939115
-7.581 0.4851485088
-7.577 0.5157051854
-7.574 0.5406078163
-7.571 0.5674010279
-7.568 0.5962784035
-7.565 0.6274587419
-7.562 0.6611900592
-7.56 0.6852325061
-7.558 0.7106263125
-7.556 0.7374732283
-7.554 0.7658846536
-7.552 0.7959827428
-7.55 0.8279016577
-7.548 0.8617889905
-7.546 0.8978073852
-7.544 0.9361363873
-7.542 0.9769745594
-7.54 1.020541906
-7.538 1.06708266
-7.537 1.091551792
-7.536 1.11686849
-7.535 1.143071606
-7.534 1.170202203
-7.533 1.198303698
-7.532 1.227422029
-7.531 1.257605823
-7.53 1.288906589
-7.529 1.321378911
-7.528 1.355080673
-7.527 1.390073293
-7.526 1.426421975
-7.525 1.464195987
-7.524 1.503468958
-7.523 1.544319203
-7.522 1.586830073
-7.521 1.631090336
-7.52 1.677194587
-7.519 1.7252437
-7.518 1.775345314
-7.517 1.827614365
-7.516 1.882173658
-7.515 1.939154499
-7.514 1.998697375
-7.513 2.060952704
-7.512 2.126081638
-7.511 2.194256955
-7.51 2.265664018
-7.509 2.340501832
-7.508 2.418984184
-7.507 2.501340903
-7.506 2.587819216
-7.505 2.678685241
-7.504 2.77422561
-7.503 2.874749229
-7.502 2.980589209
-7.501 3.09210495
-7.5 3.209684412
-7.499 3.333746578
-7.498 3.464744112
-7.497 3.603166231
-7.496 3.749541782
-7.495 3.904442552
-7.494 4.068486773
-7.493 4.242342837
-7.492 4.426733185
-7.491 4.622438338
-7.49 4.830301007
-7.489 5.051230204
-7.488 5.286394077
-7.487 5.537349269
-7.486 5.804535579
-7.485 6.089151392
-7.484 6.392472787
-7.483 6.715852417
-7.482 7.060715923
-7.481 7.428555045
-7.48 7.820916352
-7.479 8.239384278
-7.478 8.685556823
-7.477 9.161011975
-7.476 9.667262536
-7.475 10.20569669
-7.474 10.77750141
-7.473 11.38356549
-7.472 12.02435943
-7.471 12.69978938
-7.47 13.40902407
-7.469 14.15029519
-7.468 14.9206752
-7.467 15.71584097
-7.466 16.52983797
-7.465 17.35486717
-7.464 18.18112543
-7.463 18.99673762
-7.462 19.78782421
-7.461 20.53874753
-7.46 21.23257092
-7.459 21.85175018
-7.458 22.37901676
-7.457 22.79843538
-7.456 23.09651112
-7.455 23.26321952
-7.454 23.29282787
-7.453 23.18438408
-7.452 22.94179693
-7.451 22.57349519
-7.45 22.09171959
-7.449 21.51155507
-7.448 20.84983887
-7.447 20.12407901
-7.446 19.35149378
-7.445 18.54824416
-7.444 17.72889033
-7.443 16.90606871
-7.442 16.09036132
-7.441 15.29031672
-7.44 14.51257847
-7.439 13.76208033
-7.438 13.04227487
-7.437 12.35537017
-7.436 11.70255722
-7.435 11.08421762
-7.434 10.50010596
-7.433 9.949505376
-7.432 9.431356698
-7.431 8.944363574
-7.43 8.487076207
-7.429 8.057956869
-7.428 7.655430147
-7.427 7.277920694
-7.426 6.923880894
-7.425 6.591810522
-7.424 6.28027014
-7.423 5.987889653
-7.422 5.713373172
-7.421 5.455501122
-7.42 5.213130307
-7.419 4.98519252
-7.418 4.770692123
-7.417 4.568702949
-7.416 4.378364776
-7.415 4.198879562
-7.414 4.029507598
-7.413 3.869563662
-7.412 3.718413258
-7.411 3.575469
-7.41 3.440187144
-7.409 3.312064328
-7.408 3.190634491
-7.407 3.075466003
-7.406 2.96615899
-7.405 2.862342851
-7.404 2.763673962
-7.403 2.669833556
-7.402 2.580525768
-7.401 2.495475831
-7.4 2.414428428
-7.399 2.337146166
-7.398 2.26340818
-7.397 2.193008853
-7.396 2.125756636
-7.395 2.06147297
-7.394 1.999991293
-7.393 1.941156135
-7.392 1.884822276
-7.391 1.830853984
-7.39 1.779124308
-7.389 1.729514436
-7.388 1.681913093
-7.387 1.636216
-7.386 1.592325366
-7.385 1.55014943
-7.384 1.509602031
-7.383 1.470602216
-7.382 1.433073876
-7.381 1.396945414
-7.38 1.362149437
-7.379 1.328622467
-7.378 1.296304683
-7.377 1.265139671
-7.376 1.235074206
-7.375 1.206058039
-7.374 1.178043703
-7.373 1.150986337
-7.372 1.124843518
-7.371 1.099575107
-7.37 1.075143104
-7.369 1.051511521
-7.367 1.006514958
-7.365 0.9643331628
-7.363 0.9247389325
-7.361 0.8875272317
-7.359 0.8525126832
-7.357 0.81952738
-7.355 0.7884189704
-7.353 0.7590489818
-7.351 0.731291348
-7.349 0.7050311134
-7.347 0.680163291
-7.345 0.6565918529
-7.342 0.6234750087
-7.339 0.5928118933
-7.336 0.5643672886
-7.333 0.5379333053
-7.33 0.5133256869
-7.326 0.4830761264
-7.322 0.4554445076
-7.318 0.4301381636
-7.313 0.4013928564
-7.308 0.375465387
-7.303 0.3519997389
-7.297 0.3266689931
-7.29 0.3004709055
-7.282 0.2742663331
-7.273 0.24874583
-7.263 0.2244220548
-7.251 0.1997478728
-7.237 0.1758733425
-7.22 0.1523367381
-7.198 0.1284331288
-7.169 0.104833355
-7.129 0.08188312312
-7.067 0.0591272327
-6.953 0.03680466799
-6.656 0.01616796223
-5.37 0.004384932814
-2.059 0.05742480077
-1.997 0.08168379347
-1.959 0.105956084
-1.933 0.1297918327
-1.913 0.1543240916
-1.898 0.1777611099
-1.885 0.2028042355
-1.874 0.2284690982
-1.865 0.2533404128
-1.857 0.279073101
-1.85 0.3049839963
-1.844 0.330202161
-1.839 0.353700612
-1.834 0.379809968
-1.829 0.4089268042
-1.825 0.4347009392
-1.821 0.4629867162
-1.817 0.4941161555
-1.814 0.5195602357
-1.811 0.5470083344
-1.808 0.5766725799
-1.805 0.6087933216
-1.802 0.643643644
-1.8 0.6685455402
-1.798 0.6949008515
-1.796 0.7228221863
-1.794 0.7524329712
-1.792 0.783868682
-1.79 0.8172782337
-1.788 0.852825554
-1.786 0.8906913646
-1.784 0.9310752029
-1.782 0.9741977165
-1.78 1.020303273
-1.779 1.044558264
-1.778 1.069662926
-1.777 1.095655865
-1.776 1.122577801
-1.775 1.150471707
-1.774 1.179382941
-1.773 1.209359404
-1.772 1.240451699
-1.771 1.272713301
-1.77 1.306200744
-1.769 1.340973812
-1.768 1.377095756
-1.767 1.414633508
-1.766 1.453657922
-1.765 1.49424403
-1.764 1.536471305
-1.763 1.580423952
-1.762 1.626191206
-1.761 1.673867661
-1.76 1.723553604
-1.759 1.775355382
-1.758 1.829385774
-1.757 1.885764396
-1.756 1.944618118
-1.755 2.0060815
-1.754 2.070297249
-1.753 2.137416684
-1.752 2.207600224
-1.751 2.281017877
-1.75 2.357849733
-1.749 2.438286464
-1.748 2.522529797
-1.747 2.610792984
-1.746 2.703301222
-1.745 2.800292027
-1.744 2.90201554
-1.743 3.008734723
-1.742 3.120725438
-1.741 3.238276347
-1.74 3.361688603
-1.739 3.49127527
-1.738 3.627360401
-1.737 3.770277701
-1.736 3.920368681
-1.735 4.077980187
-1.734 4.243461181
-1.733 4.417158623
-1.732 4.599412298
-1.731 4.790548386
-1.73 4.990871581
-1.729 5.200655535
-1.728 5.420131406
-1.727 5.649474267
-1.726 5.88878719
-1.725 6.138082799
-1.724 6.39726222
-1.723 6.666091395
-1.722 6.944174919
-1.721 7.230927747
-1.72 7.525545396
-1.719 7.826973589
-1.718 8.133878716
-1.717 8.444620914
-1.716 8.757232066
-1.715 9.069401469
-1.714 9.378472278
-1.713 9.68145204
-1.712 9.975040523
-1.711 10.25567756
-1.71 10.51961272
-1.709 10.76299707
-1.708 10.98199546
-1.707 11.17291541
-1.706 11.33234632
-1.705 11.45730054
-1.704 11.54534652
-1.703 11.59472344
-1.7 11.50485244
-1.699 11.39760263
-1.698 11.2546377
-1.697 11.07869478
-1.696 10.87299889
-1.695 10.64112427
-1.694 10.38685326
-1.693 10.11404158
-1.692 9.826497626
-1.691 9.527880617
-1.69 9.22162044
-1.689 8.910859586
-1.688 8.598416113
-1.687 8.28676528
-1.686 7.978036802
-1.685 7.674024441
-1.684 7.376204705
-1.683 7.085761706
-1.682 6.80361568
-1.681 6.530453109
-1.68 6.2667569
-1.679 6.012835455
-1.678 5.768849883
-1.677 5.534838864
-1.676 5.310740949
-1.675 5.096414214
-1.674 4.891653352
-1.673 4.696204338
-1.672 4.509776859
-1.671 4.332054744
-1.67 4.162704608
-1.669 4.001382946
-1.668 3.847741879
-1.667 3.701433752
-1.666 3.562114766
-1.665 3.429447786
-1.664 3.303104473
-1.663 3.182766856
-1.662 3.068128443
-1.661 2.958894951
-1.66 2.85478475
-1.659 2.755529048
-1.658 2.660871903
-1.657 2.570570076
-1.656 2.484392777
-1.655 2.402121326
-1.654 2.323548748
-1.653 2.248479333
-1.652 2.176728164
-1.651 2.108120625
-1.65 2.042491913
-1.649 1.97968654
-1.648 1.919557851
-1.647 1.861967548
-1.646 1.806785226
-1.645 1.753887934
-1.644 1.703159742
-1.643 1.654491339
-1.642 1.60777964
-1.641 1.562927422
-1.64 1.519842969
-1.639 1.478439747
-1.638 1.43863609
-1.637 1.400354903
-1.636 1.363523392
-1.635 1.328072799
-1.634 1.29393816
-1.633 1.261058074
-1.632 1.229374489
-1.631 1.198832501
-1.63 1.169380162
-1.629 1.140968308
-1.628 1.113550385
-1.627 1.087082302
-1.626 1.061522281
-1.625 1.036830717
-1.624 1.01297006
-1.622 0.967600783
-1.62 0.9251506409
-1.618 0.8853816899
-1.616 0.8480789848
-1.614 0.8130480576
-1.612 0.780112699
-1.61 0.7491130048
-1.608 0.7199036513
-1.606 0.6923523741
-1.604 0.6663386217
-1.602 0.6417523637
-1.599 0.6073318964
-1.596 0.5755946967
-1.593 0.5462735422
-1.59 0.5191331121
-1.587 0.4939656037
-1.584 0.4705870233
-1.58 0.4419186885
-1.576 0.4158038551
-1.572 0.3919515444
-1.567 0.3649385044
-1.562 0.3406524507
-1.556 0.3146176901
-1.549 0.2879006513
-1.542 0.2645057577
-1.534 0.2411683114
-1.524 0.2161961832
-1.512 0.1911670543
-1.498 0.1672638145
-1.481 0.1440320196
-1.459 0.1208176264
-1.429 0.09768196747
-1.384 0.07444300834
-1.308 0.05182622208
-1.127 0.03010566313
-0.002 0.05537291066
-0.001 0.05552372637
