  -20.0000000000    0.0716248380    0.0391095061
  -19.9900000000    0.0718907405    0.0400582864
  -19.9800000000    0.0722594285    0.0409770972
  -19.9700000000    0.0727312646    0.0418521647
  -19.9600000000    0.0733043190    0.0426689630
  -19.9500000000    0.0739740805    0.0434126647
  -19.9400000000    0.0747332691    0.0440686953
  -19.9300000000    0.0755717898    0.0446233607
  -19.9200000000    0.0764768552    0.0450645098
  -19.9100000000    0.0774332929    0.0453821767
  -19.9000000000    0.0784240322    0.0455691433
  -19.8900000000    0.0794307452    0.0456213655
  -19.8800000000    0.0804345937    0.0455382153
  -19.8700000000    0.0814170212    0.0453225119
  -19.8600000000    0.0823605204    0.0449803365
  -19.8500000000    0.0832493113    0.0445206530
  -19.8400000000    0.0840698766    0.0439547742
  -19.8300000000    0.0848113211    0.0432957307
  -19.8200000000    0.0854655423    0.0425576021
  -19.8100000000    0.0860272234    0.0417548679
  -19.8000000000    0.0864936719    0.0409018251
  -19.7900000000    0.0868645420    0.0400121052
  -19.7800000000    0.0871414805    0.0390983077
  -19.7700000000    0.0873277356    0.0381717551
  -19.7600000000    0.0874277633    0.0372423598
  -19.7500000000    0.0874468577    0.0363185891
  -19.7400000000    0.0873908251    0.0354075082
  -19.7300000000    0.0872657123    0.0345148793
  -19.7200000000    0.0870775932    0.0336452974
  -19.7100000000    0.0868324131    0.0328023437
  -19.7000000000    0.0865358844    0.0319887414
  -19.6900000000    0.0861934273    0.0312065033
  -19.6800000000    0.0858101440    0.0304570627
  -19.6700000000    0.0853908188    0.0297413838
  -19.6600000000    0.0849399344    0.0290600503
  -19.6500000000    0.0844616968    0.0284133328
  -19.6400000000    0.0839600632    0.0278012385
  -19.6300000000    0.0834387699    0.0272235443
  -19.6200000000    0.0829013552    0.0266798198
  -19.6100000000    0.0823511791    0.0261694397
  -19.6000000000    0.0817914362    0.0256915905
  -19.5900000000    0.0812251647    0.0252452729
  -19.5800000000    0.0806552485    0.0248293004
  -19.5700000000    0.0800844156    0.0244422965
  -19.5600000000    0.0795152294    0.0240826910
  -19.5500000000    0.0789500749    0.0237487161
  -19.5400000000    0.0783911393    0.0234384046
  -19.5300000000    0.0778403852    0.0231495915
  -19.5200000000    0.0773052974    0.0227365056
  -19.5100000000    0.0767755367    0.0224841087
  -19.5000000000    0.0762581659    0.0222456266
  -19.4900000000    0.0757538923    0.0220182668
  -19.4800000000    0.0752630151    0.0217991770
  -19.4700000000    0.0747853976    0.0215855102
  -19.4600000000    0.0743204544    0.0213745025
  -19.4500000000    0.0738671557    0.0211635591
  -19.4400000000    0.0734240552    0.0209503433
  -19.4300000000    0.0729893404    0.0207328617
  -19.4200000000    0.0725609067    0.0205095375
  -19.4100000000    0.0721364512    0.0202792640
  -19.4000000000    0.0717135780    0.0200414337
  -19.3900000000    0.0712899098    0.0197959389
  -19.3800000000    0.0708631937    0.0195431428
  -19.3700000000    0.0704313950    0.0192838257
  -19.3600000000    0.0699927707    0.0190191114
  -19.3500000000    0.0695459193    0.0187503797
  -19.3400000000    0.0690898054    0.0184791763
  -19.3300000000    0.0686237606    0.0182071243
  -19.3200000000    0.0681474638    0.0179358451
  -19.3100000000    0.0676609070    0.0176668928
  -19.3000000000    0.0671643499    0.0174017030
  -19.2900000000    0.0666582711    0.0171415581
  -19.2800000000    0.0661433171    0.0168875663
  -19.2700000000    0.0656202551    0.0166406534
  -19.2600000000    0.0650899302    0.0164015640
  -19.2500000000    0.0645532294    0.0161708711
  -19.2400000000    0.0640110516    0.0159489892
  -19.2300000000    0.0634642850    0.0157361912
  -19.2200000000    0.0629137894    0.0155326265
  -19.2100000000    0.0623603852    0.0153383383
  -19.2000000000    0.0618048455    0.0151532803
  -19.1900000000    0.0612478924    0.0149773317
  -19.1800000000    0.0606901956    0.0148103107
  -19.1700000000    0.0601323734    0.0146519847
  -19.1600000000    0.0595749941    0.0145020799
  -19.1500000000    0.0590185786    0.0143602876
  -19.1400000000    0.0584636033    0.0142262697
  -19.1300000000    0.0579105018    0.0140996618
  -19.1200000000    0.0573596672    0.0139800760
  -19.1100000000    0.0568114524    0.0138671017
  -19.1000000000    0.0562661701    0.0137603066
  -19.0900000000    0.0557240911    0.0136592376
  -19.0800000000    0.0551854418    0.0135634217
  -19.0700000000    0.0546504002    0.0134723684
  -19.0600000000    0.0541190917    0.0133855724
  -19.0500000000    0.0535915842    0.0133025192
  -19.0400000000    0.0530678838    0.0132226920
  -19.0300000000    0.0525479311    0.0131455807
  -19.0200000000    0.0520316002    0.0130706928
  -19.0100000000    0.0515186992    0.0129975655
  -19.0000000000    0.0510089748    0.0129257784
  -18.9900000000    0.0505021199    0.0128549655
  -18.9800000000    0.0499977845    0.0127848258
  -18.9700000000    0.0494955895    0.0127151307
  -18.9600000000    0.0489951423    0.0126457279
  -18.9500000000    0.0484960533    0.0125765413
  -18.9400000000    0.0479979509    0.0125075666
  -18.9300000000    0.0475004958    0.0124388632
  -18.9200000000    0.0470033913    0.0123705429
  -18.9100000000    0.0465063908    0.0123027578
  -18.9000000000    0.0460093011    0.0122356861
  -18.8900000000    0.0455119827    0.0121695199
  -18.8800000000    0.0450143468    0.0121044532
  -18.8700000000    0.0445163503    0.0120406720
  -18.8600000000    0.0440179893    0.0119783476
  -18.8500000000    0.0435192920    0.0119176306
  -18.8400000000    0.0430203110    0.0118586486
  -18.8300000000    0.0425211170    0.0118015041
  -18.8200000000    0.0420217918    0.0117462752
  -18.8100000000    0.0415224239    0.0116930168
  -18.8000000000    0.0410231032    0.0116417623
  -18.7900000000    0.0405239184    0.0115925261
  -18.7800000000    0.0400249539    0.0115453064
  -18.7700000000    0.0395262881    0.0115000872
  -18.7600000000    0.0390279924    0.0114568415
  -18.7500000000    0.0385301305    0.0114155332
  -18.7400000000    0.0380327580    0.0113761190
  -18.7300000000    0.0375359225    0.0113385507
  -18.7200000000    0.0370396640    0.0113027762
  -18.7100000000    0.0365440151    0.0112687410
  -18.7000000000    0.0360490017    0.0112363895
  -18.6900000000    0.0355546434    0.0112056655
  -18.6800000000    0.0350609540    0.0111765130
  -18.6700000000    0.0345679424    0.0111488769
  -18.6600000000    0.0340756129    0.0111227033
  -18.6500000000    0.0335839655    0.0110979397
  -18.6400000000    0.0330929969    0.0110745354
  -18.6300000000    0.0326027008    0.0110524417
  -18.6200000000    0.0321130678    0.0110316116
  -18.6100000000    0.0316240865    0.0110120005
  -18.6000000000    0.0311357433    0.0109935655
  -18.5900000000    0.0306480229    0.0109762659
  -18.5800000000    0.0301609087    0.0109600630
  -18.5700000000    0.0296743826    0.0109449199
  -18.5600000000    0.0291884257    0.0109308018
  -18.5500000000    0.0287030180    0.0109176756
  -18.5400000000    0.0282181391    0.0109055099
  -18.5300000000    0.0277337678    0.0108942750
  -18.5200000000    0.0272498825    0.0108839427
  -18.5100000000    0.0267664612    0.0108744866
  -18.5000000000    0.0262834817    0.0108658813
  -18.4900000000    0.0258009217    0.0108581031
  -18.4800000000    0.0253187585    0.0108511294
  -18.4700000000    0.0248369696    0.0108449389
  -18.4600000000    0.0243555323    0.0108395114
  -18.4500000000    0.0238744240    0.0108348279
  -18.4400000000    0.0233936220    0.0108308702
  -18.4300000000    0.0229131038    0.0108276212
  -18.4200000000    0.0224328470    0.0108250648
  -18.4100000000    0.0219528293    0.0108231856
  -18.4000000000    0.0214730285    0.0108219691
  -18.3900000000    0.0209934226    0.0108214016
  -18.3800000000    0.0205139895    0.0108214701
  -18.3700000000    0.0200347076    0.0108221623
  -18.3600000000    0.0195555553    0.0108234664
  -18.3500000000    0.0190765112    0.0108253716
  -18.3400000000    0.0185975540    0.0108278672
  -18.3300000000    0.0181186626    0.0108309434
  -18.3200000000    0.0176398162    0.0108345908
  -18.3100000000    0.0171609939    0.0108388006
  -18.3000000000    0.0166821752    0.0108435643
  -18.2900000000    0.0162033396    0.0108488739
  -18.2800000000    0.0157244670    0.0108547221
  -18.2700000000    0.0152455372    0.0108611016
  -18.2600000000    0.0147665302    0.0108680057
  -18.2500000000    0.0142874263    0.0108754280
  -18.2400000000    0.0138082058    0.0108833627
  -18.2300000000    0.0133288492    0.0108918039
  -18.2200000000    0.0128493370    0.0109007464
  -18.2100000000    0.0123696501    0.0109101851
  -18.2000000000    0.0118897693    0.0109201152
  -18.1900000000    0.0114096756    0.0109305324
  -18.1800000000    0.0109293501    0.0109414325
  -18.1700000000    0.0104487740    0.0109528114
  -18.1600000000    0.0099679286    0.0109646655
  -18.1500000000    0.0094867954    0.0109769915
  -18.1400000000    0.0090053558    0.0109897860
  -18.1300000000    0.0085235914    0.0110030461
  -18.1200000000    0.0080414839    0.0110167690
  -18.1100000000    0.0075590150    0.0110309521
  -18.1000000000    0.0070761665    0.0110455932
  -18.0900000000    0.0065929204    0.0110606899
  -18.0800000000    0.0061092586    0.0110762403
  -18.0700000000    0.0056251631    0.0110922427
  -18.0600000000    0.0051406158    0.0111086952
  -18.0500000000    0.0046555991    0.0111255966
  -18.0400000000    0.0041700948    0.0111429454
  -18.0300000000    0.0036840854    0.0111607405
  -18.0200000000    0.0031975529    0.0111789809
  -18.0100000000    0.0027104795    0.0111976658
  -18.0000000000    0.0022228477    0.0112167945
  -17.9900000000    0.0017346395    0.0112363664
  -17.9800000000    0.0012458374    0.0112563811
  -17.9700000000    0.0007564236    0.0112768384
  -17.9600000000    0.0002663804    0.0112977379
  -17.9500000000   -0.0002243099    0.0113190798
  -17.9400000000   -0.0007156649    0.0113408642
  -17.9300000000   -0.0012077024    0.0113630912
  -17.9200000000   -0.0017004401    0.0113857612
  -17.9100000000   -0.0021938957    0.0114088747
  -17.9000000000   -0.0026880871    0.0114324323
  -17.8900000000   -0.0031830318    0.0114564347
  -17.8800000000   -0.0036787479    0.0114808826
  -17.8700000000   -0.0041752530    0.0115057771
  -17.8600000000   -0.0046725651    0.0115311191
  -17.8500000000   -0.0051707021    0.0115569099
  -17.8400000000   -0.0056696819    0.0115831505
  -17.8300000000   -0.0061695226    0.0116098425
  -17.8200000000   -0.0066702423    0.0116369873
  -17.8100000000   -0.0071718589    0.0116645864
  -17.8000000000   -0.0076743907    0.0116926416
  -17.7900000000   -0.0081778560    0.0117211545
  -17.7800000000   -0.0086822730    0.0117501271
  -17.7700000000   -0.0091876601    0.0117795614
  -17.7600000000   -0.0096940358    0.0118094594
  -17.7500000000   -0.0102014185    0.0118398233
  -17.7400000000   -0.0107098269    0.0118706554
  -17.7300000000   -0.0112192797    0.0119019580
  -17.7200000000   -0.0117297956    0.0119337337
  -17.7100000000   -0.0122413936    0.0119659849
  -17.7000000000   -0.0127540925    0.0119987144
  -17.6900000000   -0.0132679115    0.0120319250
  -17.6800000000   -0.0137828697    0.0120656195
  -17.6700000000   -0.0142989864    0.0120998008
  -17.6600000000   -0.0148162811    0.0121344721
  -17.6500000000   -0.0153347731    0.0121696365
  -17.6400000000   -0.0158544822    0.0122052972
  -17.6300000000   -0.0163754281    0.0122414577
  -17.6200000000   -0.0168976306    0.0122781213
  -17.6100000000   -0.0174211097    0.0123152917
  -17.6000000000   -0.0179458857    0.0123529725
  -17.5900000000   -0.0184719787    0.0123911674
  -17.5800000000   -0.0189994092    0.0124298804
  -17.5700000000   -0.0195281978    0.0124691153
  -17.5600000000   -0.0200583651    0.0125088763
  -17.5500000000   -0.0205899320    0.0125491675
  -17.5400000000   -0.0211229196    0.0125899931
  -17.5300000000   -0.0216573489    0.0126313577
  -17.5200000000   -0.0221932415    0.0126732656
  -17.5100000000   -0.0227306187    0.0127157215
  -17.5000000000   -0.0232695024    0.0127587300
  -17.4900000000   -0.0238099142    0.0128022960
  -17.4800000000   -0.0243518764    0.0128464243
  -17.4700000000   -0.0248954111    0.0128911201
  -17.4600000000   -0.0254405407    0.0129363884
  -17.4500000000   -0.0259872879    0.0129822345
  -17.4400000000   -0.0265356755    0.0130286639
  -17.4300000000   -0.0270857265    0.0130756819
  -17.4200000000   -0.0276374642    0.0131232942
  -17.4100000000   -0.0281909119    0.0131715065
  -17.4000000000   -0.0287460934    0.0132203247
  -17.3900000000   -0.0293030325    0.0132697547
  -17.3800000000   -0.0298617534    0.0133198027
  -17.3700000000   -0.0304222803    0.0133704748
  -17.3600000000   -0.0309846379    0.0134217775
  -17.3500000000   -0.0315488509    0.0134737171
  -17.3400000000   -0.0321149444    0.0135263004
  -17.3300000000   -0.0326829438    0.0135795341
  -17.3200000000   -0.0332528746    0.0136334249
  -17.3100000000   -0.0338247626    0.0136879801
  -17.3000000000   -0.0343986339    0.0137432067
  -17.2900000000   -0.0349745148    0.0137991121
  -17.2800000000   -0.0355524321    0.0138557036
  -17.2700000000   -0.0361324127    0.0139129890
  -17.2600000000   -0.0367144837    0.0139709759
  -17.2500000000   -0.0372986727    0.0140296723
  -17.2400000000   -0.0378850075    0.0140890861
  -17.2300000000   -0.0384735161    0.0141492258
  -17.2200000000   -0.0390642271    0.0142100995
  -17.2100000000   -0.0396571691    0.0142717159
  -17.2000000000   -0.0402523712    0.0143340836
  -17.1900000000   -0.0408498629    0.0143972116
  -17.1800000000   -0.0414496738    0.0144611088
  -17.1700000000   -0.0420518340    0.0145257846
  -17.1600000000   -0.0426563740    0.0145912483
  -17.1500000000   -0.0432633245    0.0146575095
  -17.1400000000   -0.0438727167    0.0147245779
  -17.1300000000   -0.0444845821    0.0147924637
  -17.1200000000   -0.0450989525    0.0148611768
  -17.1100000000   -0.0457158603    0.0149307277
  -17.1000000000   -0.0463353382    0.0150011269
  -17.0900000000   -0.0469574191    0.0150723852
  -17.0800000000   -0.0475821366    0.0151445136
  -17.0700000000   -0.0482095246    0.0152175232
  -17.0600000000   -0.0488396174    0.0152914254
  -17.0500000000   -0.0494724497    0.0153662319
  -17.0400000000   -0.0501080567    0.0154419546
  -17.0300000000   -0.0507464741    0.0155186054
  -17.0200000000   -0.0513877379    0.0155961967
  -17.0100000000   -0.0520318847    0.0156747412
  -17.0000000000   -0.0526789516    0.0157542515
  -16.9900000000   -0.0533289760    0.0158347408
  -16.9800000000   -0.0539819959    0.0159162224
  -16.9700000000   -0.0546380499    0.0159987098
  -16.9600000000   -0.0552971770    0.0160822169
  -16.9500000000   -0.0559594167    0.0161667578
  -16.9400000000   -0.0566248092    0.0162523470
  -16.9300000000   -0.0572933950    0.0163389991
  -16.9200000000   -0.0579652153    0.0164267291
  -16.9100000000   -0.0586403118    0.0165155522
  -16.9000000000   -0.0593187269    0.0166054841
  -16.8900000000   -0.0600005035    0.0166965407
  -16.8800000000   -0.0606856850    0.0167887382
  -16.8700000000   -0.0613743156    0.0168820932
  -16.8600000000   -0.0620664399    0.0169766224
  -16.8500000000   -0.0627621035    0.0170723432
  -16.8400000000   -0.0634613522    0.0171692732
  -16.8300000000   -0.0641642328    0.0172674301
  -16.8200000000   -0.0648707925    0.0173668325
  -16.8100000000   -0.0655810795    0.0174674989
  -16.8000000000   -0.0662951424    0.0175694484
  -16.7900000000   -0.0670130307    0.0176727005
  -16.7800000000   -0.0677347945    0.0177772750
  -16.7700000000   -0.0684604848    0.0178831921
  -16.7600000000   -0.0691901533    0.0179904727
  -16.7500000000   -0.0699238523    0.0180991378
  -16.7400000000   -0.0706616352    0.0182092090
  -16.7300000000   -0.0714035559    0.0183207083
  -16.7200000000   -0.0721496693    0.0184336582
  -16.7100000000   -0.0729000311    0.0185480817
  -16.7000000000   -0.0736546978    0.0186640022
  -16.6900000000   -0.0744137270    0.0187814438
  -16.6800000000   -0.0751771768    0.0189004308
  -16.6700000000   -0.0759451066    0.0190209883
  -16.6600000000   -0.0767175764    0.0191431418
  -16.6500000000   -0.0774946473    0.0192669175
  -16.6400000000   -0.0782763815    0.0193923419
  -16.6300000000   -0.0790628420    0.0195194424
  -16.6200000000   -0.0798540929    0.0196482467
  -16.6100000000   -0.0806501991    0.0197787833
  -16.6000000000   -0.0814512270    0.0199110814
  -16.5900000000   -0.0822572436    0.0200451707
  -16.5800000000   -0.0830683173    0.0201810815
  -16.5700000000   -0.0838845175    0.0203188449
  -16.5600000000   -0.0847059149    0.0204584928
  -16.5500000000   -0.0855325810    0.0206000575
  -16.5400000000   -0.0863645890    0.0207435724
  -16.5300000000   -0.0872020129    0.0208890714
  -16.5200000000   -0.0880449281    0.0210365893
  -16.5100000000   -0.0888934113    0.0211861617
  -16.5000000000   -0.0897475405    0.0213378249
  -16.4900000000   -0.0906073949    0.0214916162
  -16.4800000000   -0.0914730553    0.0216475737
  -16.4700000000   -0.0923446037    0.0218057364
  -16.4600000000   -0.0932221235    0.0219661440
  -16.4500000000   -0.0941056997    0.0221288377
  -16.4400000000   -0.0949954187    0.0222938590
  -16.4300000000   -0.0958913683    0.0224612508
  -16.4200000000   -0.0967936382    0.0226310571
  -16.4100000000   -0.0977023192    0.0228033225
  -16.4000000000   -0.0986175041    0.0229780932
  -16.3900000000   -0.0995392873    0.0231554162
  -16.3800000000   -0.1004677647    0.0233353398
  -16.3700000000   -0.1014030341    0.0235179133
  -16.3600000000   -0.1023451951    0.0237031875
  -16.3500000000   -0.1032943490    0.0238912141
  -16.3400000000   -0.1042505990    0.0240820464
  -16.3300000000   -0.1052140502    0.0242757389
  -16.3200000000   -0.1061848098    0.0244723474
  -16.3100000000   -0.1071629867    0.0246719294
  -16.3000000000   -0.1081486921    0.0248745434
  -16.2900000000   -0.1091420391    0.0250802498
  -16.2800000000   -0.1101431430    0.0252891103
  -16.2700000000   -0.1111521213    0.0255011883
  -16.2600000000   -0.1121690937    0.0257165489
  -16.2500000000   -0.1131941823    0.0259352588
  -16.2400000000   -0.1142275115    0.0261573865
  -16.2300000000   -0.1152692080    0.0263830022
  -16.2200000000   -0.1163194010    0.0266121780
  -16.2100000000   -0.1173782223    0.0268449881
  -16.2000000000   -0.1184458062    0.0270815085
  -16.1900000000   -0.1195222897    0.0273218172
  -16.1800000000   -0.1206078124    0.0275659945
  -16.1700000000   -0.1217025169    0.0278141228
  -16.1600000000   -0.1228065485    0.0280662867
  -16.1500000000   -0.1239200552    0.0283225733
  -16.1400000000   -0.1250431884    0.0285830718
  -16.1300000000   -0.1261761024    0.0288478743
  -16.1200000000   -0.1273189544    0.0291170752
  -16.1100000000   -0.1284719051    0.0293907715
  -16.1000000000   -0.1296351184    0.0296690633
  -16.0900000000   -0.1308087615    0.0299520533
  -16.0800000000   -0.1319930052    0.0302398471
  -16.0700000000   -0.1331880238    0.0305325536
  -16.0600000000   -0.1343939952    0.0308302846
  -16.0500000000   -0.1356111010    0.0311331554
  -16.0400000000   -0.1368395266    0.0314412846
  -16.0300000000   -0.1380794614    0.0317547942
  -16.0200000000   -0.1393310988    0.0320738102
  -16.0100000000   -0.1405946363    0.0323984619
  -16.0000000000   -0.1418702756    0.0327288829
  -15.9900000000   -0.1431582226    0.0330652106
  -15.9800000000   -0.1444586879    0.0334075870
  -15.9700000000   -0.1457718864    0.0337561580
  -15.9600000000   -0.1470980377    0.0341110743
  -15.9500000000   -0.1484373662    0.0344724912
  -15.9400000000   -0.1497901012    0.0348405691
  -15.9300000000   -0.1511564769    0.0352154732
  -15.9200000000   -0.1525367327    0.0355973742
  -15.9100000000   -0.1539311130    0.0359864481
  -15.9000000000   -0.1553398679    0.0363828767
  -15.8900000000   -0.1567632527    0.0367868476
  -15.8800000000   -0.1582015285    0.0371985547
  -15.8700000000   -0.1596549618    0.0376181981
  -15.8600000000   -0.1611238252    0.0380459846
  -15.8500000000   -0.1626083973    0.0384821279
  -15.8400000000   -0.1641089624    0.0389268488
  -15.8300000000   -0.1656258113    0.0393803756
  -15.8200000000   -0.1671592411    0.0398429443
  -15.8100000000   -0.1687095552    0.0403147987
  -15.8000000000   -0.1702770635    0.0407961911
  -15.7900000000   -0.1718620826    0.0412873824
  -15.7800000000   -0.1734649357    0.0417886422
  -15.7700000000   -0.1750859529    0.0423002495
  -15.7600000000   -0.1767254711    0.0428224926
  -15.7500000000   -0.1783838344    0.0433556698
  -15.7400000000   -0.1800613937    0.0439000894
  -15.7300000000   -0.1817585072    0.0444560701
  -15.7200000000   -0.1834755402    0.0450239410
  -15.7100000000   -0.1852128655    0.0456040424
  -15.7000000000   -0.1869708633    0.0461967254
  -15.6900000000   -0.1887499214    0.0468023524
  -15.6800000000   -0.1905504353    0.0474212972
  -15.6700000000   -0.1923728086    0.0480539450
  -15.6600000000   -0.1942174536    0.0487006924
  -15.6500000000   -0.1960847909    0.0493619477
  -15.6400000000   -0.1979752509    0.0500381307
  -15.6300000000   -0.1998892740    0.0507296725
  -15.6200000000   -0.2018273120    0.0514370159
  -15.6100000000   -0.2037898285    0.0521606155
  -15.6000000000   -0.2057773014    0.0529009376
  -15.5900000000   -0.2077902237    0.0536584610
  -15.5800000000   -0.2098291057    0.0544336777
  -15.5700000000   -0.2118944775    0.0552270942
  -15.5600000000   -0.2139868906    0.0560392330
  -15.5500000000   -0.2161069207    0.0568706353
  -15.5400000000   -0.2182551696    0.0577218634
  -15.5300000000   -0.2204322668    0.0585935049
  -15.5200000000   -0.2226388708    0.0594861767
  -15.5100000000   -0.2248756698    0.0604005294
  -15.5000000000   -0.2271433808    0.0613372528
  -15.4900000000   -0.2294427484    0.0622970804
  -15.4800000000   -0.2317745427    0.0632807940
  -15.4700000000   -0.2341395551    0.0642892281
  -15.4600000000   -0.2365385956    0.0653232726
  -15.4500000000   -0.2389724875    0.0663838754
  -15.4400000000   -0.2414420639    0.0674720432
  -15.4300000000   -0.2439481632    0.0685888420
  -15.4200000000   -0.2464916260    0.0697353965
  -15.4100000000   -0.2490732921    0.0709128888
  -15.4000000000   -0.2516939989    0.0721225576
  -15.3900000000   -0.2543545801    0.0733656962
  -15.3800000000   -0.2570558648    0.0746436518
  -15.3700000000   -0.2597986784    0.0759578246
  -15.3600000000   -0.2625838420    0.0773096672
  -15.3500000000   -0.2654121735    0.0787006852
  -15.3400000000   -0.2682844881    0.0801324372
  -15.3300000000   -0.2712015985    0.0816065356
  -15.3200000000   -0.2741643153    0.0831246480
  -15.3100000000   -0.2771734470    0.0846884977
  -15.3000000000   -0.2802298001    0.0862998647
  -15.2900000000   -0.2833341783    0.0879605865
  -15.2800000000   -0.2864873826    0.0896725581
  -15.2700000000   -0.2896902112    0.0914377313
  -15.2600000000   -0.2929434596    0.0932581137
  -15.2500000000   -0.2962479224    0.0951357669
  -15.2400000000   -0.2996043950    0.0970728035
  -15.2300000000   -0.3030136782    0.0990713842
  -15.2200000000   -0.3064765841    0.1011337144
  -15.2100000000   -0.3099939452    0.1032620407
  -15.2000000000   -0.3135666260    0.1054586484
  -15.1900000000   -0.3171955388    0.1077258611
  -15.1800000000   -0.3208816622    0.1100660427
  -15.1700000000   -0.3246260641    0.1124816036
  -15.1600000000   -0.3284299264    0.1149750131
  -15.1500000000   -0.3322945726    0.1175488185
  -15.1400000000   -0.3362214947    0.1202056728
  -15.1300000000   -0.3402123783    0.1229483718
  -15.1200000000   -0.3442691224    0.1257799010
  -15.1100000000   -0.3483938516    0.1287034911
  -15.1000000000   -0.3525889166    0.1317226806
  -15.0900000000   -0.3568568820    0.1348413822
  -15.0800000000   -0.3612004986    0.1380639498
  -15.0700000000   -0.3656226611    0.1413952405
  -15.0600000000   -0.3701263533    0.1448406680
  -15.0500000000   -0.3747145826    0.1484062442
  -15.0400000000   -0.3793903098    0.1520986052
  -15.0300000000   -0.3841563788    0.1559250230
  -15.0200000000   -0.3890154502    0.1598934033
  -15.0100000000   -0.3939699444    0.1640122734
  -15.0000000000   -0.3990219952    0.1682907628
  -14.9900000000   -0.4041734151    0.1727385830
  -14.9800000000   -0.4094256724    0.1773660102
  -14.9700000000   -0.4147798765    0.1821838742
  -14.9600000000   -0.4202367690    0.1872035573
  -14.9500000000   -0.4257967178    0.1924370029
  -14.9400000000   -0.4314597092    0.1978967365
  -14.9300000000   -0.4372253364    0.2035958969
  -14.9200000000   -0.4430927811    0.2095482773
  -14.9100000000   -0.4490607855    0.2157683745
  -14.9000000000   -0.4551276145    0.2222714459
  -14.8900000000   -0.4612910050    0.2290735707
  -14.8800000000   -0.4675481030    0.2361917162
  -14.8700000000   -0.4738953863    0.2436438063
  -14.8600000000   -0.4803285721    0.2514487917
  -14.8500000000   -0.4868425095    0.2596267214
  -14.8400000000   -0.4934310541    0.2681988127
  -14.8300000000   -0.5000869243    0.2771875208
  -14.8200000000   -0.5068015378    0.2866166045
  -14.8100000000   -0.5135648258    0.2965111890
  -14.8000000000   -0.5203650228    0.3068978209
  -14.7900000000   -0.5271884302    0.3178045164
  -14.7800000000   -0.5340191498    0.3292607965
  -14.7700000000   -0.5408387862    0.3412977090
  -14.7600000000   -0.5476261126    0.3539478295
  -14.7500000000   -0.5543566991    0.3672452386
  -14.7400000000   -0.5610024992    0.3812254676
  -14.7300000000   -0.5675313917    0.3959254038
  -14.7200000000   -0.5739066761    0.4113831477
  -14.7100000000   -0.5800865189    0.4276378088
  -14.7000000000   -0.5860233510    0.4447292266
  -14.6900000000   -0.5916632161    0.4626976019
  -14.6800000000   -0.5969450740    0.4815830177
  -14.6700000000   -0.6018000646    0.5014248309
  -14.6600000000   -0.6061507426    0.5222609081
  -14.6500000000   -0.6099102985    0.5441266802
  -14.6400000000   -0.6129817886    0.5670539868
  -14.6300000000   -0.6152574035    0.5910696789
  -14.6200000000   -0.6166178167    0.6161939510
  -14.6100000000   -0.6169316673    0.6424383717
  -14.6000000000   -0.6160552433    0.6698035906
  -14.5900000000   -0.6138324496    0.6982767049
  -14.5800000000   -0.6100951638    0.7278282854
  -14.5700000000   -0.6046640952    0.7584090802
  -14.5600000000   -0.5973502848    0.7899464443
  -14.5500000000   -0.5879573890    0.8223405819
  -14.5400000000   -0.5762848978    0.8554607342
  -14.5300000000   -0.5621324270    0.8891415045
  -14.5200000000   -0.5453051974    0.9231795755
  -14.5100000000   -0.5256207627    0.9573311427
  -14.5000000000   -0.5029169719    0.9913104472
  -14.4900000000   -0.4770610371    1.0247898420
  -14.4800000000   -0.4479594401    1.0574018402
  -14.4700000000   -0.4155682438    1.0887435651
  -14.4600000000   -0.3799031977    1.1183839383
  -14.4500000000   -0.3410488651    1.1458737732
  -14.4400000000   -0.2991658801    1.1707587142
  -14.4300000000   -0.2544953960    1.1925946582
  -14.4200000000   -0.2073598582    1.2109649614
  -14.4100000000   -0.1581594294    1.2254984130
  -14.4000000000   -0.1073637248    1.2358866919
  -14.3900000000   -0.0554989507    1.2418998900
  -14.3800000000   -0.0031310279    1.2433987148
  -14.3700000000    0.0491542491    1.2403422058
  -14.3600000000    0.1007725982    1.2327901903
  -14.3500000000    0.1511625639    1.2209002219
  -14.3400000000    0.1998051434    1.2049192997
  -14.3300000000    0.2462403287    1.1851711758
  -14.3200000000    0.2900795382    1.1620404469
  -14.3100000000    0.3310133920    1.1359548321
  -14.3000000000    0.3688147729    1.1073670613
  -14.2900000000    0.4033375497    1.0767376504
  -14.2800000000    0.4345116610    1.0445195707
  -14.2700000000    0.4623354538    1.0111454870
  -14.2600000000    0.4868662223    0.9770179053
  -14.2500000000    0.5082098490    0.9425022664
  -14.2400000000    0.5265103188    0.9079227948
  -14.2300000000    0.5419397099    0.8735607497
  -14.2200000000    0.5546890865    0.8396546417
  -14.2100000000    0.5649605486    0.8064019579
  -14.2000000000    0.5729605569    0.7739619544
  -14.1900000000    0.5788945336    0.7424591302
  -14.1800000000    0.5829626707    0.7119870582
  -14.1700000000    0.5853568209    0.6826123210
  -14.1600000000    0.5862583269    0.6543783616
  -14.1500000000    0.5858366329    0.6273091212
  -14.1400000000    0.5842485314    0.6014123796
  -14.1300000000    0.5816379057    0.5766827566
  -14.1200000000    0.5781358509    0.5531043571
  -14.1100000000    0.5738610695    0.5306530648
  -14.1000000000    0.5689204584    0.5092985039
  -14.0900000000    0.5634098204    0.4890056934
  -14.0800000000    0.5574146462    0.4697364265
  -14.0700000000    0.5510109278    0.4514504062
  -14.0600000000    0.5442659730    0.4341061687
  -14.0500000000    0.5372392001    0.4176618260
  -14.0400000000    0.5299828975    0.4020756527
  -14.0300000000    0.5225429393    0.3873065447
  -14.0200000000    0.5149594512    0.3733143689
  -14.0100000000    0.5072674248    0.3600602244
  -14.0000000000    0.4994972792    0.3475066306
  -13.9900000000    0.4916753712    0.3356176571
  -13.9800000000    0.4838244576    0.3243590052
  -13.9700000000    0.4759641100    0.3136980529
  -13.9600000000    0.4681110883    0.3036038700
  -13.9500000000    0.4602796737    0.2940472102
  -13.9400000000    0.4524819661    0.2850004865
  -13.9300000000    0.4447281492    0.2764377335
  -13.9200000000    0.4370267257    0.2683345599
  -13.9100000000    0.4293847266    0.2606680962
  -13.9000000000    0.4218078963    0.2534169368
  -13.8900000000    0.4143008571    0.2465610809
  -13.8800000000    0.4068672553    0.2400818727
  -13.8700000000    0.3995098903    0.2339619419
  -13.8600000000    0.3922308291    0.2281851452
  -13.8500000000    0.3850315090    0.2227365108
  -13.8400000000    0.3779128278    0.2176021841
  -13.8300000000    0.3708752255    0.2127693775
  -13.8200000000    0.3639187568    0.2082263219
  -13.8100000000    0.3570431567    0.2039622231
  -13.8000000000    0.3502478998    0.1999672198
  -13.7900000000    0.3435322549    0.1962323463
  -13.7800000000    0.3368953351    0.1927494979
  -13.7700000000    0.3303361439    0.1895113995
  -13.7600000000    0.3238536200    0.1865115778
  -13.7500000000    0.3174466793    0.1837443364
  -13.7400000000    0.3111142559    0.1812047339
  -13.7300000000    0.3048553433    0.1788885646
  -13.7200000000    0.2986690353    0.1767923417
  -13.7100000000    0.2925545682    0.1749132838
  -13.7000000000    0.2865113644    0.1732493017
  -13.6900000000    0.2805390793    0.1717989887
  -13.6800000000    0.2746376502    0.1705616107
  -13.6700000000    0.2688073505    0.1695370983
  -13.6600000000    0.2630488474    0.1687260378
  -13.6500000000    0.2573632663    0.1681296627
  -13.6400000000    0.2517522611    0.1677498432
  -13.6300000000    0.2462180923    0.1675890729
  -13.6200000000    0.2407637131    0.1676504516
  -13.6100000000    0.2353928649    0.1679376633
  -13.6000000000    0.2301101827    0.1684549454
  -13.5900000000    0.2249213112    0.1692070491
  -13.5800000000    0.2198330326    0.1701991867
  -13.5700000000    0.2148534054    0.1714369635
  -13.5600000000    0.2099919156    0.1729262894
  -13.5500000000    0.2052596379    0.1746732672
  -13.5400000000    0.2006694080    0.1766840511
  -13.5300000000    0.1962360018    0.1789646710
  -13.5200000000    0.1919763189    0.1815208148
  -13.5100000000    0.1879095666    0.1843575627
  -13.5000000000    0.1840574356    0.1874790656
  -13.4900000000    0.1804442598    0.1908881596
  -13.4800000000    0.1770971474    0.1945859091
  -13.4700000000    0.1740460668    0.1985710713
  -13.4600000000    0.1713238681    0.2028394776
  -13.4500000000    0.1689662139    0.2073833289
  -13.4400000000    0.1670113901    0.2121904080
  -13.4300000000    0.1654999606    0.2172432200
  -13.4200000000    0.1644742273    0.2225180789
  -13.4100000000    0.1639774529    0.2279841778
  -13.4000000000    0.1640528079    0.2336026899
  -13.3900000000    0.1647420090    0.2393259725
  -13.3800000000    0.1660836323    0.2450969635
  -13.3700000000    0.1681111073    0.2508488785
  -13.3600000000    0.1708504327    0.2565053311
  -13.3500000000    0.1743177005    0.2619809997
  -13.3400000000    0.1785165611    0.2671829516
  -13.3300000000    0.1834358166    0.2720127030
  -13.3200000000    0.1890473709    0.2763690337
  -13.3100000000    0.1953047913    0.2801515030
  -13.3000000000    0.2021427306    0.2832645130
  -13.2900000000    0.2094774178    0.2856216763
  -13.2800000000    0.2172083430    0.2871501562
  -13.2700000000    0.2252211446    0.2877946022
  -13.2600000000    0.2333915691    0.2875202969
  -13.2500000000    0.2415902358    0.2863151873
  -13.2400000000    0.2496878344    0.2841905778
  -13.2300000000    0.2575603164    0.2811804097
  -13.2200000000    0.2650936480    0.2773392062
  -13.2100000000    0.2721877512    0.2727389094
  -13.2000000000    0.2787593721    0.2674649372
  -13.1900000000    0.2847437488    0.2616118420
  -13.1800000000    0.2900950917    0.2552789478
  -13.1700000000    0.2947860008    0.2485662914
  -13.1600000000    0.2988060284    0.2415711096
  -13.1500000000    0.3021596340    0.2343850218
  -13.1400000000    0.3048637820    0.2270919620
  -13.1300000000    0.3069454086    0.2197668410
  -13.1200000000    0.3084389411    0.2124748632
  -13.1100000000    0.3093840036    0.2052713898
  -13.1000000000    0.3098233937    0.1982022267
  -13.0900000000    0.3098013736    0.1913042201
  -13.0800000000    0.3093622840    0.1846060499
  -13.0700000000    0.3085494660    0.1781291343
  -13.0600000000    0.3074044624    0.1718885730
  -13.0500000000    0.3059664594    0.1658940779
  -13.0400000000    0.3042719301    0.1601508565
  -13.0300000000    0.3023544402    0.1546604240
  -13.0200000000    0.3002445819    0.1494213340
  -13.0100000000    0.2979700040    0.1444298216
  -13.0000000000    0.2955555149    0.1396803605
  -12.9900000000    0.2930232349    0.1351661372
  -12.9800000000    0.2903927822    0.1308794481
  -12.9700000000    0.2876814797    0.1268120270
  -12.9600000000    0.2849045695    0.1229553083
  -12.9500000000    0.2820754283    0.1193006353
  -12.9400000000    0.2792057765    0.1158394195
  -12.9300000000    0.2763058761    0.1125632592
  -12.9200000000    0.2733847139    0.1094640242
  -12.9100000000    0.2704501683    0.1065339126
  -12.9000000000    0.2675091595    0.1037654866
  -12.8900000000    0.2645677825    0.1011516924
  -12.8800000000    0.2616314247    0.0986858682
  -12.8700000000    0.2587048708    0.0963617435
  -12.8600000000    0.2557923941    0.0941734337
  -12.8500000000    0.2528978399    0.0921154293
  -12.8400000000    0.2500246992    0.0901825831
  -12.8300000000    0.2471761775    0.0883700948
  -12.8200000000    0.2443552574    0.0866734926
  -12.8100000000    0.2415647579    0.0850886131
  -12.8000000000    0.2388073902    0.0836115773
  -12.7900000000    0.2360858115    0.0822387639
  -12.7800000000    0.2334026750    0.0809667777
  -12.7700000000    0.2307606790    0.0797924134
  -12.7600000000    0.2281626122    0.0787126126
  -12.7500000000    0.2256113959    0.0777244153
  -12.7400000000    0.2231101216    0.0768249021
  -12.7300000000    0.2206620833    0.0760111286
  -12.7200000000    0.2182708006    0.0752800503
  -12.7100000000    0.2159400327    0.0746284372
  -12.7000000000    0.2136737785    0.0740527791
  -12.6900000000    0.2114762583    0.0735491818
  -12.6800000000    0.2093518757    0.0731132560
  -12.6700000000    0.2073051523    0.0727400028
  -12.6600000000    0.2053406315    0.0724237000
  -12.6500000000    0.2034627491    0.0721577966
  -12.6400000000    0.2016756652    0.0719348244
  -12.6300000000    0.1999830590    0.0717463395
  -12.6200000000    0.1983878890    0.0715829043
  -12.6100000000    0.1968921258    0.0714341271
  -12.6000000000    0.1954964696    0.0712887704
  -12.5900000000    0.1942000734    0.0711349400
  -12.5800000000    0.1930002923    0.0709603601
  -12.5700000000    0.1918924913    0.0707527319
  -12.5600000000    0.1908699372    0.0705001634
  -12.5500000000    0.1899238033    0.0701916475
  -12.5400000000    0.1890433051    0.0698175526
  -12.5300000000    0.1882159738    0.0693700860
  -12.5200000000    0.1874280591    0.0688436847
  -12.5100000000    0.1866650379    0.0682352917
  -12.5000000000    0.1859121876    0.0675444887
  -12.4900000000    0.1851551787    0.0667734682
  -12.4800000000    0.1843806328    0.0659268496
  -12.4700000000    0.1835766021    0.0650113571
  -12.4600000000    0.1827329343    0.0640353971
  -12.4500000000    0.1818415031    0.0630085752
  -12.4400000000    0.1808963015    0.0619411986
  -12.4300000000    0.1798934076    0.0608438034
  -12.4200000000    0.1788308464    0.0597267376
  -12.4100000000    0.1777083731    0.0585998206
  -12.4000000000    0.1765272099    0.0574720873
  -12.3900000000    0.1752897607    0.0563516176
  -12.3800000000    0.1739993281    0.0552454432
  -12.3700000000    0.1726598495    0.0541595197
  -12.3600000000    0.1712756619    0.0530987506
  -12.3500000000    0.1698513029    0.0520670486
  -12.3400000000    0.1683913487    0.0510674220
  -12.3300000000    0.1669002880    0.0501020747
  -12.3200000000    0.1653824286    0.0491725119
  -12.3100000000    0.1638418322    0.0482796450
  -12.3000000000    0.1622822728    0.0474238904
  -12.2900000000    0.1607072145    0.0466052607
  -12.2800000000    0.1591198032    0.0458234464
  -12.2700000000    0.1575228704    0.0450778867
  -12.2600000000    0.1559189439    0.0443678308
  -12.2500000000    0.1543102649    0.0436923896
  -12.2400000000    0.1526988074    0.0430505787
  -12.2300000000    0.1510863006    0.0424413535
  -12.2200000000    0.1494742514    0.0418636378
  -12.2100000000    0.1478639667    0.0413163462
  -12.2000000000    0.1462565754    0.0407984019
  -12.1900000000    0.1446530496    0.0403087500
  -12.1800000000    0.1430542234    0.0398463675
  -12.1700000000    0.1414608120    0.0394102699
  -12.1600000000    0.1398734279    0.0389995159
  -12.1500000000    0.1382925962    0.0386132094
  -12.1400000000    0.1367187688    0.0382505003
  -12.1300000000    0.1351523367    0.0379105835
  -12.1200000000    0.1335936412    0.0375926963
  -12.1100000000    0.1320429830    0.0372961156
  -12.1000000000    0.1305006311    0.0370201526
  -12.0900000000    0.1289668290    0.0367641483
  -12.0800000000    0.1274417997    0.0365274673
  -12.0700000000    0.1259257492    0.0363094912
  -12.0600000000    0.1244188677    0.0361096123
  -12.0500000000    0.1229213289    0.0359272265
  -12.0400000000    0.1214332872    0.0357617280
  -12.0300000000    0.1199548726    0.0356125037
  -12.0200000000    0.1184861841    0.0354789302
  -12.0100000000    0.1170272799    0.0353603728
  -12.0000000000    0.1155781683    0.0352561874
  -11.9900000000    0.1141387963    0.0351657267
  -11.9800000000    0.1127090402    0.0350883495
  -11.9700000000    0.1112886970    0.0350234347
  -11.9600000000    0.1098774798    0.0349703997
  -11.9500000000    0.1084750176    0.0349287205
  -11.9400000000    0.1070808610    0.0348979551
  -11.9300000000    0.1056944950    0.0348777652
  -11.9200000000    0.1043153577    0.0348679372
  -11.9100000000    0.1029428656    0.0348683977
  -11.9000000000    0.1015764442    0.0348792238
  -11.8900000000    0.1002155601    0.0349006455
  -11.8800000000    0.0988597553    0.0349330406
  -11.8700000000    0.0975086792    0.0349769219
  -11.8600000000    0.0961621165    0.0350329170
  -11.8500000000    0.0948200123    0.0351017444
  -11.8400000000    0.0934824893    0.0351841842
  -11.8300000000    0.0921498616    0.0352810484
  -11.8200000000    0.0908226420    0.0353931498
  -11.8100000000    0.0895015464    0.0355212708
  -11.8000000000    0.0881874933    0.0356661331
  -11.7900000000    0.0868816026    0.0358283680
  -11.7800000000    0.0855851906    0.0360084854
  -11.7700000000    0.0842997643    0.0362068433
  -11.7600000000    0.0830270126    0.0364236143
  -11.7500000000    0.0817687946    0.0366587500
  -11.7400000000    0.0805271228    0.0369119428
  -11.7300000000    0.0793041406    0.0371825842
  -11.7200000000    0.0781020906    0.0374697212
  -11.7100000000    0.0769232720    0.0377720112
  -11.7000000000    0.0757699860    0.0380876784
  -11.6900000000    0.0746444650    0.0384144753
  -11.6800000000    0.0735487866    0.0387496525
  -11.6700000000    0.0724847714    0.0390899434
  -11.6600000000    0.0714538667    0.0394315696
  -11.6500000000    0.0704570195    0.0397702729
  -11.6400000000    0.0694945461    0.0401013803
  -11.6300000000    0.0685660073    0.0404199056
  -11.6200000000    0.0676700993    0.0407206905
  -11.6100000000    0.0668045753    0.0409985805
  -11.6000000000    0.0659662085    0.0412486311
  -11.5900000000    0.0651508091    0.0414663311
  -11.5800000000    0.0643533012    0.0416478263
  -11.5700000000    0.0635678615    0.0417901261
  -11.5600000000    0.0627881138    0.0418912717
  -11.5500000000    0.0620073664    0.0419504499
  -11.5400000000    0.0612188741    0.0419680403
  -11.5300000000    0.0604161039    0.0419455911
  -11.5200000000    0.0595929798    0.0418857266
  -11.5100000000    0.0587440917    0.0417919970
  -11.5000000000    0.0578648497    0.0416686863
  -11.4900000000    0.0569515811    0.0415205974
  -11.4800000000    0.0560015672    0.0413528331
  -11.4700000000    0.0550130251    0.0411705883
  -11.4600000000    0.0539850467    0.0409789687
  -11.4500000000    0.0529175038    0.0407828409
  -11.4400000000    0.0518109332    0.0405867197
  -11.4300000000    0.0506664125    0.0403946916
  -11.4200000000    0.0494854359    0.0402103710
  -11.4100000000    0.0482697980    0.0400368855
  -11.4000000000    0.0470214889    0.0398768832
  -11.3900000000    0.0457426042    0.0397325577
  -11.3800000000    0.0444352717    0.0396056845
  -11.3700000000    0.0431015923    0.0394976638
  -11.3600000000    0.0417435965    0.0394095675
  -11.3500000000    0.0403632137    0.0393421853
  -11.3400000000    0.0389622514    0.0392960702
  -11.3300000000    0.0375423849    0.0392715791
  -11.3200000000    0.0361051531    0.0392689105
  -11.3100000000    0.0346519603    0.0392881364
  -11.3000000000    0.0331840819    0.0393292305
  -11.2900000000    0.0317026730    0.0393920903
  -11.2800000000    0.0302087791    0.0394765560
  -11.2700000000    0.0287033471    0.0395824237
  -11.2600000000    0.0271872373    0.0397094560
  -11.2500000000    0.0256612350    0.0398573877
  -11.2400000000    0.0241260606    0.0400259295
  -11.2300000000    0.0225823789    0.0402147674
  -11.2200000000    0.0210308070    0.0404235603
  -11.2100000000    0.0194719191    0.0406519349
  -11.2000000000    0.0179062494    0.0408994793
  -11.1900000000    0.0163342909    0.0411657344
  -11.1800000000    0.0147564918    0.0414501860
  -11.1700000000    0.0131732467    0.0417522554
  -11.1600000000    0.0115848847    0.0420712934
  -11.1500000000    0.0099916528    0.0424065752
  -11.1400000000    0.0083936952    0.0427572998
  -11.1300000000    0.0067910306    0.0431225956
  -11.1200000000    0.0051835277    0.0435015312
  -11.1100000000    0.0035708799    0.0438931351
  -11.1000000000    0.0019525850    0.0442964236
  -11.0900000000    0.0003279283    0.0447104355
  -11.0800000000   -0.0013040244    0.0451342742
  -11.0700000000   -0.0029444238    0.0455671540
  -11.0600000000   -0.0045946213    0.0460084458
  -11.0500000000   -0.0062561405    0.0464577209
  -11.0400000000   -0.0079306370    0.0469147860
  -11.0300000000   -0.0096198492    0.0473797082
  -11.0200000000   -0.0113255436    0.0478528247
  -11.0100000000   -0.0130494594    0.0483347392
  -11.0000000000   -0.0147932576    0.0488263026
  -10.9900000000   -0.0165584775    0.0493285824
  -10.9800000000   -0.0183465051    0.0498428233
  -10.9700000000   -0.0201585537    0.0503704034
  -10.9600000000   -0.0219956565    0.0509127888
  -10.9500000000   -0.0238586719    0.0514714928
  -10.9400000000   -0.0257482968    0.0520480391
  -10.9300000000   -0.0276650873    0.0526439333
  -10.9200000000   -0.0296094827    0.0532606417
  -10.9100000000   -0.0315818317    0.0538995783
  -10.9000000000   -0.0335824177    0.0545620981
  -10.8900000000   -0.0356114822    0.0552494972
  -10.8800000000   -0.0376692461    0.0559630166
  -10.8700000000   -0.0397559266    0.0567038493
  -10.8600000000   -0.0418717519    0.0574731503
  -10.8500000000   -0.0440169722    0.0582720472
  -10.8400000000   -0.0461918678    0.0591016516
  -10.8300000000   -0.0483967549    0.0599630702
  -10.8200000000   -0.0506319896    0.0608574160
  -10.8100000000   -0.0528979698    0.0617858182
  -10.8000000000   -0.0551951362    0.0627494327
  -10.7900000000   -0.0575239723    0.0637494503
  -10.7800000000   -0.0598850037    0.0647871058
  -10.7700000000   -0.0622787969    0.0658636854
  -10.7600000000   -0.0647059572    0.0669805343
  -10.7500000000   -0.0671671278    0.0681390638
  -10.7400000000   -0.0696629868    0.0693407576
  -10.7300000000   -0.0721942460    0.0705871787
  -10.7200000000   -0.0747616479    0.0718799754
  -10.7100000000   -0.0773659641    0.0732208881
  -10.7000000000   -0.0800079929    0.0746117552
  -10.6900000000   -0.0826885565    0.0760545199
  -10.6800000000   -0.0854084993    0.0775512371
  -10.6700000000   -0.0881686847    0.0791040798
  -10.6600000000   -0.0909699931    0.0807153467
  -10.6500000000   -0.0938133184    0.0823874699
  -10.6400000000   -0.0966995656    0.0841230226
  -10.6300000000   -0.0996296472    0.0859247281
  -10.6200000000   -0.1026044797    0.0877954682
  -10.6100000000   -0.1056249794    0.0897382933
  -10.6000000000   -0.1086920586    0.0917564326
  -10.5900000000   -0.1118066202    0.0938533046
  -10.5800000000   -0.1149695522    0.0960325291
  -10.5700000000   -0.1181817218    0.0982979396
  -10.5600000000   -0.1214439686    0.1006535964
  -10.5500000000   -0.1247570962    0.1031038005
  -10.5400000000   -0.1281218639    0.1056531094
  -10.5300000000   -0.1315389765    0.1083063523
  -10.5200000000   -0.1350090729    0.1110686476
  -10.5100000000   -0.1385327136    0.1139454212
  -10.5000000000   -0.1421103659    0.1169424257
  -10.4900000000   -0.1457423878    0.1200657609
  -10.4800000000   -0.1494290092    0.1233218956
  -10.4700000000   -0.1531703113    0.1267176904
  -10.4600000000   -0.1569662024    0.1302604227
  -10.4500000000   -0.1608163916    0.1339578116
  -10.4400000000   -0.1647203581    0.1378180449
  -10.4300000000   -0.1686773172    0.1418498077
  -10.4200000000   -0.1726861812    0.1460623114
  -10.4100000000   -0.1767455163    0.1504653238
  -10.4000000000   -0.1808534928    0.1550692014
  -10.3900000000   -0.1850078294    0.1598849206
  -10.3800000000   -0.1892057308    0.1649241107
  -10.3700000000   -0.1934438166    0.1701990864
  -10.3600000000   -0.1977180420    0.1757228801
  -10.3500000000   -0.2020236077    0.1815092732
  -10.3400000000   -0.2063548599    0.1875728254
  -10.3300000000   -0.2107051765    0.1939289015
  -10.3200000000   -0.2150668408    0.2005936939
  -10.3100000000   -0.2194308997    0.2075842399
  -10.3000000000   -0.2237870048    0.2149184316
  -10.2900000000   -0.2281232360    0.2226150161
  -10.2800000000   -0.2324259048    0.2306935829
  -10.2700000000   -0.2366793366    0.2391745368
  -10.2600000000   -0.2408656297    0.2480790501
  -10.2500000000   -0.2449643908    0.2574289906
  -10.2400000000   -0.2489524444    0.2672468199
  -10.2300000000   -0.2528035183    0.2775554549
  -10.2200000000   -0.2564879018    0.2883780849
  -10.2100000000   -0.2599720812    0.2997379353
  -10.2000000000   -0.2632183531    0.3116579682
  -10.1900000000   -0.2661844203    0.3241605072
  -10.1800000000   -0.2688229779    0.3372667752
  -10.1700000000   -0.2710812967    0.3509963294
  -10.1600000000   -0.2729008206    0.3653663799
  -10.1500000000   -0.2742167921    0.3803909765
  -10.1400000000   -0.2749579326    0.3960800479
  -10.1300000000   -0.2750462039    0.4124382812
  -10.1200000000   -0.2743966902    0.4294638298
  -10.1100000000   -0.2729176443    0.4471468459
  -10.1000000000   -0.2705107510    0.4654678390
  -10.0900000000   -0.2670716708    0.4843958742
  -10.0800000000   -0.2624909296    0.5038866395
  -10.0700000000   -0.2566552295    0.5238804285
  -10.0600000000   -0.2494492542    0.5443001126
  -10.0500000000   -0.2407580347    0.5650491999
  -10.0400000000   -0.2304699308    0.5860101145
  -10.0300000000   -0.2184802548    0.6070428570
  -10.0200000000   -0.2046955263    0.6279842407
  -10.0100000000   -0.1890382942    0.6486479156
  -10.0000000000   -0.1714523922    0.6688254038
   -9.9900000000   -0.1519084184    0.6882883558
   -9.9800000000   -0.1304091424    0.7067921949
   -9.9700000000   -0.1069944677    0.7240812471
   -9.9600000000   -0.0817455137    0.7398953426
   -9.9500000000   -0.0547873568    0.7539777406
   -9.9400000000   -0.0262899879    0.7660840683
   -9.9300000000    0.0035328756    0.7759918099
   -9.9200000000    0.0344273441    0.7835097460
   -9.9100000000    0.0661053062    0.7884866568
   -9.9000000000    0.0982525756    0.7908185894
   -9.8900000000    0.1305388031    0.7904540616
   -9.8800000000    0.1626285268    0.7873967260
   -9.8700000000    0.1941925959    0.7817052465
   -9.8600000000    0.2249191600    0.7734903929
   -9.8500000000    0.2545234658    0.7629096234
   -9.8400000000    0.2827558438    0.7501596411
   -9.8300000000    0.3094074669    0.7354675639
   -9.8200000000    0.3343136995    0.7190814099
   -9.8100000000    0.3573550781    0.7012605851
   -9.8000000000    0.3784561591    0.6822669670
   -9.7900000000    0.3975826068    0.6623570422
   -9.7800000000    0.4147369678    0.6417753951
   -9.7700000000    0.4299535991    0.6207496873
   -9.7600000000    0.4432931823    0.5994871320
   -9.7500000000    0.4548371969    0.5781723573
   -9.7400000000    0.4646826435    0.5569664857
   -9.7300000000    0.4729372224    0.5360072150
   -9.7200000000    0.4797150968    0.5154096742
   -9.7100000000    0.4851332987    0.4952678418
   -9.7000000000    0.4893087865    0.4756563310
   -9.6900000000    0.4923561209    0.4566323811
   -9.6800000000    0.4943857053    0.4382379252
   -9.6700000000    0.4955025184    0.4205016341
   -9.6600000000    0.4958052671    0.4034408691
   -9.6500000000    0.4953858819    0.3870634943
   -9.6400000000    0.4943292896    0.3713695237
   -9.6300000000    0.4927133986    0.3563525895
   -9.6200000000    0.4906092454    0.3420012308
   -9.6100000000    0.4880812568    0.3283000093
   -9.6000000000    0.4851875909    0.3152304623
   -9.5900000000    0.4819805288    0.3027719080
   -9.5800000000    0.4785068924    0.2909021182
   -9.5700000000    0.4748084725    0.2795978733
   -9.5600000000    0.4709224531    0.2688354166
   -9.5500000000    0.4668818233    0.2585908193
   -9.5400000000    0.4627157704    0.2488402729
   -9.5300000000    0.4584500499    0.2395603163
   -9.5200000000    0.4541073301    0.2307280122
   -9.5100000000    0.4497075107    0.2223210782
   -9.5000000000    0.4452680147    0.2143179826
   -9.4900000000    0.4408040548    0.2066980108
   -9.4800000000    0.4363288752    0.1994413069
   -9.4700000000    0.4318539698    0.1925288978
   -9.4600000000    0.4273892790    0.1859427003
   -9.4500000000    0.4229433664    0.1796655177
   -9.4400000000    0.4185235772    0.1736810261
   -9.4300000000    0.4141361792    0.1679737549
   -9.4200000000    0.4097864893    0.1625290609
   -9.4100000000    0.4054789862    0.1573330996
   -9.4000000000    0.4012174097    0.1523727938
   -9.3900000000    0.3970048502    0.1476358000
   -9.3800000000    0.3928438274    0.1431104754
   -9.3700000000    0.3887363602    0.1387858432
   -9.3600000000    0.3846840289    0.1346515590
   -9.3500000000    0.3806880300    0.1306978780
   -9.3400000000    0.3767492249    0.1269156222
   -9.3300000000    0.3728681828    0.1232961498
   -9.3200000000    0.3690452191    0.1198313249
   -9.3100000000    0.3652804285    0.1165134887
   -9.3000000000    0.3615737151    0.1133354326
   -9.2900000000    0.3579248186    0.1102903719
   -9.2800000000    0.3543333374    0.1073719217
   -9.2700000000    0.3507987490    0.1045740731
   -9.2600000000    0.3473204282    0.1018911721
   -9.2500000000    0.3438976631    0.0993178983
   -9.2400000000    0.3405296687    0.0968492465
   -9.2300000000    0.3372156001    0.0944805079
   -9.2200000000    0.3339545628    0.0922072536
   -9.2100000000    0.3307456225    0.0900253188
   -9.2000000000    0.3275878141    0.0879307880
   -9.1900000000    0.3244801487    0.0859199816
   -9.1800000000    0.3214216208    0.0839894428
   -9.1700000000    0.3184112142    0.0821359259
   -9.1600000000    0.3154479071    0.0803563854
   -9.1500000000    0.3125306774    0.0786479660
   -9.1400000000    0.3096585065    0.0770079930
   -9.1300000000    0.3068303840    0.0754339637
   -9.1200000000    0.3040453109    0.0739235397
   -9.1100000000    0.3013023031    0.0724745394
   -9.1000000000    0.2986003951    0.0710849313
   -9.0900000000    0.2959386428    0.0697528283
   -9.0800000000    0.2933161270    0.0684764816
   -9.0700000000    0.2907319563    0.0672542763
   -9.0600000000    0.2881852708    0.0660847265
   -9.0500000000    0.2856752454    0.0649664712
   -9.0400000000    0.2832010932    0.0638982706
   -9.0300000000    0.2807620703    0.0628790031
   -9.0200000000    0.2783574793    0.0619076618
   -9.0100000000    0.2759866749    0.0609833519
   -9.0000000000    0.2736490686    0.0601052880
   -8.9900000000    0.2713441354    0.0592727918
   -8.9800000000    0.2690714202    0.0584852893
   -8.9700000000    0.2668305453    0.0577423080
   -8.9600000000    0.2646212194    0.0570434744
   -8.9500000000    0.2624432467    0.0563885103
   -8.9400000000    0.2602965379    0.0557772290
   -8.9300000000    0.2581811221    0.0552095301
   -8.9200000000    0.2560971602    0.0546853938
   -8.9100000000    0.2540449597    0.0542048727
   -8.9000000000    0.2520249907    0.0537680826
   -8.8900000000    0.2500379036    0.0533751900
   -8.8800000000    0.2480845480    0.0530263969
   -8.8700000000    0.2461659927    0.0527219219
   -8.8600000000    0.2442835463    0.0524619763
   -8.8500000000    0.2424387788    0.0522467349
   -8.8400000000    0.2406335413    0.0520763012
   -8.8300000000    0.2388699854    0.0519506640
   -8.8200000000    0.2371505789    0.0518696467
   -8.8100000000    0.2354781168    0.0518328474
   -8.8000000000    0.2338557246    0.0518395689
   -8.7900000000    0.2322868517    0.0518887392
   -8.7800000000    0.2307752507    0.0519788225
   -8.7700000000    0.2293249392    0.0521077221
   -8.7600000000    0.2279401385    0.0522726771
   -8.7500000000    0.2266251858    0.0524701587
   -8.7400000000    0.2253844154    0.0526957696
   -8.7300000000    0.2242220046    0.0529441565
   -8.7200000000    0.2231417835    0.0532089456
   -8.7100000000    0.2221470110    0.0534827126
   -8.7000000000    0.2212401187    0.0537570008
   -8.6900000000    0.2204224375    0.0540224025
   -8.6800000000    0.2196939180    0.0542687136
   -8.6700000000    0.2190528688    0.0544851703
   -8.6600000000    0.2184957385    0.0546607700
   -8.6500000000    0.2180169680    0.0547846673
   -8.6400000000    0.2176089426    0.0548466285
   -8.6300000000    0.2172620657    0.0548375148
   -8.6200000000    0.2169649655    0.0547497559
   -8.6100000000    0.2167048344    0.0545777727
   -8.6000000000    0.2164678839    0.0543183041
   -8.5900000000    0.2162398823    0.0539706062
   -8.5800000000    0.2160067314    0.0535364976
   -8.5700000000    0.2157550330    0.0530202494
   -8.5600000000    0.2154725974    0.0524283300
   -8.5500000000    0.2151488529    0.0517690336
   -8.5400000000    0.2147751321    0.0510520319
   -8.5300000000    0.2143448228    0.0502878920
   -8.5200000000    0.2138533894    0.0494876016
   -8.5100000000    0.2132982812    0.0486621369
   -8.5000000000    0.2126787527    0.0478220974
   -8.4900000000    0.2119956253    0.0469774208
   -8.4800000000    0.2112510166    0.0461371827
   -8.4700000000    0.2104480635    0.0453094753
   -8.4600000000    0.2095906566    0.0445013557
   -8.4500000000    0.2086832000    0.0437188509
   -8.4400000000    0.2077304044    0.0429670058
   -8.4300000000    0.2067371166    0.0422499600
   -8.4200000000    0.2057081860    0.0415710437
   -8.4100000000    0.2046483646    0.0409328808
   -8.4000000000    0.2035622378    0.0403374948
   -8.3900000000    0.2024541812    0.0397864094
   -8.3800000000    0.2013283388    0.0392807428
   -8.3700000000    0.2001886185    0.0388212918
   -8.3600000000    0.1990387004    0.0384086056
   -8.3500000000    0.1978820564    0.0380430489
   -8.3400000000    0.1967219764    0.0377248535
   -8.3300000000    0.1955616004    0.0374541608
   -8.3200000000    0.1944039540    0.0372310531
   -8.3100000000    0.1932519870    0.0370555768
   -8.3000000000    0.1921086127    0.0369277563
   -8.2900000000    0.1909767485    0.0368475993
   -8.2800000000    0.1898593565    0.0368150943
   -8.2700000000    0.1887594828    0.0368301997
   -8.2600000000    0.1876802967    0.0368928240
   -8.2500000000    0.1866251267    0.0370027984
   -8.2400000000    0.1855974939    0.0371598393
   -8.2300000000    0.1846011411    0.0373635019
   -8.2200000000    0.1836400553    0.0376131240
   -8.2100000000    0.1827184827    0.0379077592
   -8.2000000000    0.1818409326    0.0382461004
   -8.1900000000    0.1810121676    0.0386263940
   -8.1800000000    0.1802371767    0.0390463453
   -8.1700000000    0.1795211279    0.0395030181
   -8.1600000000    0.1788692945    0.0399927317
   -8.1500000000    0.1782869544    0.0405109603
   -8.1400000000    0.1777792561    0.0410522409
   -8.1300000000    0.1773510520    0.0416100991
   -8.1200000000    0.1770066973    0.0421770028
   -8.1100000000    0.1767498189    0.0427443545
   -8.1000000000    0.1765830611    0.0433025350
   -8.0900000000    0.1765078183    0.0438410098
   -8.0800000000    0.1765239716    0.0443485074
   -8.0700000000    0.1766296501    0.0448132731
   -8.0600000000    0.1768210395    0.0452233987
   -8.0500000000    0.1770922629    0.0455672168
   -8.0400000000    0.1774353577    0.0458337426
   -8.0300000000    0.1778403652    0.0460131356
   -8.0200000000    0.1782955412    0.0460971473
   -8.0100000000    0.1787876866    0.0460795189
   -8.0000000000    0.1793025796    0.0459562912
   -7.9900000000    0.1798254831    0.0457259984
   -7.9800000000    0.1803416902    0.0453897260
   -7.9700000000    0.1808370640    0.0449510275
   -7.9600000000    0.1812985322    0.0444157087
   -7.9500000000    0.1817145001    0.0437915017
   -7.9400000000    0.1820751579    0.0430876600
   -7.9300000000    0.1823726683    0.0423145113
   -7.9200000000    0.1826012358    0.0414830037
   -7.9100000000    0.1827570683    0.0406042771
   -7.9000000000    0.1828382482    0.0396892850
   -7.8900000000    0.1828445384    0.0387484821
   -7.8800000000    0.1827771449    0.0377915848
   -7.8700000000    0.1826384597    0.0368274057
   -7.8600000000    0.1824318029    0.0358637556
   -7.8500000000    0.1821611771    0.0349074040
   -7.8400000000    0.1818310462    0.0339640876
   -7.8300000000    0.1814461427    0.0330385540
   -7.8200000000    0.1810113065    0.0321346310
   -7.8100000000    0.1805313555    0.0312553124
   -7.8000000000    0.1800109849    0.0304028505
   -7.7900000000    0.1794546933    0.0295788517
   -7.7800000000    0.1788667310    0.0287843691
   -7.7700000000    0.1782510670    0.0280199901
   -7.7600000000    0.1776113712    0.0272859164
   -7.7500000000    0.1769510084    0.0265820356
   -7.7400000000    0.1762730412    0.0259079847
   -7.7300000000    0.1755802393    0.0252632045
   -7.7200000000    0.1748750937    0.0246469867
   -7.7100000000    0.1741598332    0.0240585132
   -7.7000000000    0.1734364430    0.0234968891
   -7.6900000000    0.1727066837    0.0229611698
   -7.6800000000    0.1719721111    0.0224503831
   -7.6700000000    0.1712340941    0.0219635472
   -7.6600000000    0.1704938336    0.0214996844
   -7.6500000000    0.1697523783    0.0210578328
   -7.6400000000    0.1690106416    0.0206370545
   -7.6300000000    0.1682694152    0.0202364418
   -7.6200000000    0.1675293828    0.0198551225
   -7.6100000000    0.1667911323    0.0194922628
   -7.6000000000    0.1660551665    0.0191470696
   -7.5900000000    0.1653219133    0.0188187921
   -7.5800000000    0.1645917343    0.0185067218
   -7.5700000000    0.1638649329    0.0182101932
   -7.5600000000    0.1631417618    0.0179285834
   -7.5500000000    0.1624224288    0.0176613111
   -7.5400000000    0.1617071030    0.0174078362
   -7.5300000000    0.1609959199    0.0171676586
   -7.5200000000    0.1602889857    0.0169403172
   -7.5100000000    0.1595863820    0.0167253891
   -7.5000000000    0.1588881689    0.0165224878
   -7.4900000000    0.1581943888    0.0163312628
   -7.4800000000    0.1575050693    0.0161513984
   -7.4700000000    0.1568202260    0.0159826123
   -7.4600000000    0.1561398653    0.0158246554
   -7.4500000000    0.1554639866    0.0156773103
   -7.4400000000    0.1547925846    0.0155403911
   -7.4300000000    0.1541256516    0.0154137421
   -7.4200000000    0.1534631794    0.0152972380
   -7.4100000000    0.1528051616    0.0151907827
   -7.4000000000    0.1521515957    0.0150943094
   -7.3900000000    0.1515024848    0.0150077800
   -7.3800000000    0.1508578404    0.0149311847
   -7.3700000000    0.1502176838    0.0148645423
   -7.3600000000    0.1495820494    0.0148078993
   -7.3500000000    0.1489509867    0.0147613303
   -7.3400000000    0.1483245629    0.0147249377
   -7.3300000000    0.1477028665    0.0146988512
   -7.3200000000    0.1470860097    0.0146832281
   -7.3100000000    0.1464741328    0.0146782525
   -7.3000000000    0.1458674075    0.0146841347
   -7.2900000000    0.1452660414    0.0147011112
   -7.2800000000    0.1446702827    0.0147294429
   -7.2700000000    0.1440804255    0.0147694140
   -7.2600000000    0.1434968155    0.0148213303
   -7.2500000000    0.1429198560    0.0148855165
   -7.2400000000    0.1423500149    0.0149623133
   -7.2300000000    0.1417878322    0.0150520730
   -7.2200000000    0.1412339277    0.0151551544
   -7.2100000000    0.1406890095    0.0152719160
   -7.2000000000    0.1401538825    0.0154027081
   -7.1900000000    0.1396294581    0.0155478626
   -7.1800000000    0.1391167628    0.0157076803
   -7.1700000000    0.1386169474    0.0158824165
   -7.1600000000    0.1381312954    0.0160722624
   -7.1500000000    0.1376612297    0.0162773246
   -7.1400000000    0.1372083185    0.0164975995
   -7.1300000000    0.1367742777    0.0167329450
   -7.1200000000    0.1363609698    0.0169830475
   -7.1100000000    0.1359703979    0.0172473848
   -7.1000000000    0.1356046931    0.0175251860
   -7.0900000000    0.1352660938    0.0178153871
   -7.0800000000    0.1349569152    0.0181165861
   -7.0700000000    0.1346795068    0.0184269971
   -7.0600000000    0.1344361970    0.0187444071
   -7.0500000000    0.1342292227    0.0190661381
   -7.0400000000    0.1340606441    0.0193890196
   -7.0300000000    0.1339322444    0.0197093746
   -7.0200000000    0.1338454170    0.0200230269
   -7.0100000000    0.1338010428    0.0203253322
   -7.0000000000    0.1337993653    0.0206112408
   -6.9900000000    0.1338398688    0.0208753939
   -6.9800000000    0.1339211717    0.0211122557
   -6.9700000000    0.1340409451    0.0213162798
   -6.9600000000    0.1341958685    0.0214821046
   -6.9500000000    0.1343816324    0.0216047685
   -6.9400000000    0.1345929964    0.0216799311
   -6.9300000000    0.1348239058    0.0217040845
   -6.9200000000    0.1350676633    0.0216747363
   -6.9100000000    0.1353171492    0.0215905487
   -6.9000000000    0.1355650739    0.0214514176
   -6.8900000000    0.1358042460    0.0212584864
   -6.8800000000    0.1360278344    0.0210140900
   -6.8700000000    0.1362296047    0.0207216354
   -6.8600000000    0.1364041133    0.0203854304
   -6.8500000000    0.1365468481    0.0200104761
   -6.8400000000    0.1366543085    0.0196022409
   -6.8300000000    0.1367240285    0.0191664341
   -6.8200000000    0.1367545446    0.0187087945
   -6.8100000000    0.1367453231    0.0182349056
   -6.8000000000    0.1366966532    0.0177500458
   -6.7900000000    0.1366095231    0.0172590748
   -6.7800000000    0.1364854861    0.0167663585
   -6.7700000000    0.1363265283    0.0162757271
   -6.7600000000    0.1361349447    0.0157904623
   -6.7500000000    0.1359132274    0.0153133080
   -6.7400000000    0.1356639705    0.0148464985
   -6.7300000000    0.1353897904    0.0143917980
   -6.7200000000    0.1350932631    0.0139505482
   -6.7100000000    0.1347768761    0.0135237179
   -6.7000000000    0.1344429942    0.0131119544
   -6.6900000000    0.1340938363    0.0127156319
   -6.6800000000    0.1337314611    0.0123348966
   -6.6700000000    0.1333577613    0.0119697087
   -6.6600000000    0.1329744626    0.0116198785
   -6.6500000000    0.1325831275    0.0112850986
   -6.6400000000    0.1321851619    0.0109649715
   -6.6300000000    0.1317818239    0.0106590329
   -6.6200000000    0.1313742339    0.0103667713
   -6.6100000000    0.1309633849    0.0100876437
   -6.6000000000    0.1305501534    0.0098210890
   -6.5900000000    0.1301353104    0.0095665385
   -6.5800000000    0.1297195307    0.0093234244
   -6.5700000000    0.1293034037    0.0090911857
   -6.5600000000    0.1288874414    0.0088692740
   -6.5500000000    0.1284720875    0.0086571565
   -6.5400000000    0.1280577245    0.0084543189
   -6.5300000000    0.1276446811    0.0082602672
   -6.5200000000    0.1272332380    0.0080745291
   -6.5100000000    0.1268236339    0.0078966541
   -6.5000000000    0.1264160705    0.0077262140
   -6.4900000000    0.1260107166    0.0075628028
   -6.4800000000    0.1256077129    0.0074060360
   -6.4700000000    0.1252071748    0.0072555505
   -6.4600000000    0.1248091960    0.0071110033
   -6.4500000000    0.1244138512    0.0069720713
   -6.4400000000    0.1240211982    0.0068384500
   -6.4300000000    0.1236312809    0.0067098530
   -6.4200000000    0.1232441303    0.0065860104
   -6.4100000000    0.1228597668    0.0064666689
   -6.4000000000    0.1224782014    0.0063515901
   -6.3900000000    0.1220994371    0.0062405498
   -6.3800000000    0.1217234699    0.0061333374
   -6.3700000000    0.1213502900    0.0060297550
   -6.3600000000    0.1209798826    0.0059296165
   -6.3500000000    0.1206122284    0.0058327469
   -6.3400000000    0.1202473049    0.0057389818
   -6.3300000000    0.1198850862    0.0056481664
   -6.3200000000    0.1195255442    0.0055601551
   -6.3100000000    0.1191686484    0.0054748111
   -6.3000000000    0.1188143671    0.0053920054
   -6.2900000000    0.1184626668    0.0053116166
   -6.2800000000    0.1181135132    0.0052335303
   -6.2700000000    0.1177668712    0.0051576388
   -6.2600000000    0.1174227050    0.0050838404
   -6.2500000000    0.1170809786    0.0050120393
   -6.2400000000    0.1167416556    0.0049421450
   -6.2300000000    0.1164046997    0.0048740723
   -6.2200000000    0.1160700745    0.0048077403
   -6.2100000000    0.1157377438    0.0047430730
   -6.2000000000    0.1154076716    0.0046799983
   -6.1900000000    0.1150798223    0.0046184480
   -6.1800000000    0.1147541606    0.0045583578
   -6.1700000000    0.1144306515    0.0044996666
   -6.1600000000    0.1141092607    0.0044423166
   -6.1500000000    0.1137899542    0.0043862530
   -6.1400000000    0.1134726987    0.0043314239
   -6.1300000000    0.1131574613    0.0042777801
   -6.1200000000    0.1128442097    0.0042252749
   -6.1100000000    0.1125329123    0.0041738640
   -6.1000000000    0.1122235378    0.0041235052
   -6.0900000000    0.1119214757    0.0040741586
   -6.0800000000    0.1117904394    0.0034035981
   -6.0700000000    0.1114780531    0.0033790340
   -6.0600000000    0.1111678594    0.0033546882
   -6.0500000000    0.1108598082    0.0033305576
   -6.0400000000    0.1105538517    0.0033066393
   -6.0300000000    0.1102499438    0.0032829306
   -6.0200000000    0.1099480403    0.0032594286
   -6.0100000000    0.1096480985    0.0032361306
   -6.0000000000    0.1093500776    0.0032130339
   -5.9900000000    0.1090539380    0.0031901358
   -5.9800000000    0.1087596416    0.0031674339
   -5.9700000000    0.1084671518    0.0031449255
   -5.9600000000    0.1081764332    0.0031226081
   -5.9500000000    0.1078874515    0.0031004794
   -5.9400000000    0.1076001739    0.0030785369
   -5.9300000000    0.1073145683    0.0030567782
   -5.9200000000    0.1070306038    0.0030352010
   -5.9100000000    0.1067482508    0.0030138030
   -5.9000000000    0.1064674802    0.0029925821
   -5.8900000000    0.1061882641    0.0029715359
   -5.8800000000    0.1059105754    0.0029506624
   -5.8700000000    0.1056343877    0.0029299593
   -5.8600000000    0.1053596757    0.0029094247
   -5.8500000000    0.1050864146    0.0028890564
   -5.8400000000    0.1048145804    0.0028688524
   -5.8300000000    0.1045441498    0.0028488108
   -5.8200000000    0.1042751001    0.0028289296
   -5.8100000000    0.1040074095    0.0028092069
   -5.8000000000    0.1037410563    0.0027896407
   -5.7900000000    0.1034760199    0.0027702293
   -5.7800000000    0.1032122800    0.0027509708
   -5.7700000000    0.1029498169    0.0027318633
   -5.7600000000    0.1026886114    0.0027129052
   -5.7500000000    0.1024286447    0.0026940948
   -5.7400000000    0.1021698987    0.0026754301
   -5.7300000000    0.1019123555    0.0026569097
   -5.7200000000    0.1016559978    0.0026385319
   -5.7100000000    0.1014008087    0.0026202949
   -5.7000000000    0.1011467717    0.0026021973
   -5.6900000000    0.1008938706    0.0025842374
   -5.6800000000    0.1006420898    0.0025664137
   -5.6700000000    0.1003914137    0.0025487246
   -5.6600000000    0.1001418274    0.0025311687
   -5.6500000000    0.0998933162    0.0025137444
   -5.6400000000    0.0996458656    0.0024964504
   -5.6300000000    0.0993994615    0.0024792850
   -5.6200000000    0.0991540903    0.0024622471
   -5.6100000000    0.0989097383    0.0024453351
   -5.6000000000    0.0986663925    0.0024285477
   -5.5900000000    0.0984240397    0.0024118835
   -5.5800000000    0.0981826674    0.0023953412
   -5.5700000000    0.0979422631    0.0023789195
   -5.5600000000    0.0977028147    0.0023626171
   -5.5500000000    0.0974643100    0.0023464328
   -5.5400000000    0.0972267375    0.0023303652
   -5.5300000000    0.0969900855    0.0023144131
   -5.5200000000    0.0967543427    0.0022985754
   -5.5100000000    0.0965194981    0.0022828507
   -5.5000000000    0.0962855407    0.0022672381
   -5.4900000000    0.0960524598    0.0022517362
   -5.4800000000    0.0958202449    0.0022363439
   -5.4700000000    0.0955888855    0.0022210601
   -5.4600000000    0.0953583714    0.0022058838
   -5.4500000000    0.0951286927    0.0021908137
   -5.4400000000    0.0948998394    0.0021758488
   -5.4300000000    0.0946718019    0.0021609880
   -5.4200000000    0.0944445704    0.0021462304
   -5.4100000000    0.0942181357    0.0021315748
   -5.4000000000    0.0939924884    0.0021170202
   -5.3900000000    0.0937676193    0.0021025656
   -5.3800000000    0.0935435195    0.0020882101
   -5.3700000000    0.0933201799    0.0020739526
   -5.3600000000    0.0930975919    0.0020597922
   -5.3500000000    0.0928757467    0.0020457280
   -5.3400000000    0.0926546357    0.0020317589
   -5.3300000000    0.0924342506    0.0020178841
   -5.3200000000    0.0922145830    0.0020041026
   -5.3100000000    0.0919956246    0.0019904136
   -5.3000000000    0.0917773673    0.0019768161
   -5.2900000000    0.0915598031    0.0019633093
   -5.2800000000    0.0913429239    0.0019498924
   -5.2700000000    0.0911267218    0.0019365644
   -5.2600000000    0.0909111891    0.0019233245
   -5.2500000000    0.0906963181    0.0019101720
   -5.2400000000    0.0904821011    0.0018971059
   -5.2300000000    0.0902685306    0.0018841255
   -5.2200000000    0.0900555990    0.0018712300
   -5.2100000000    0.0898432989    0.0018584185
   -5.2000000000    0.0896316229    0.0018456904
   -5.1900000000    0.0894205638    0.0018330448
   -5.1800000000    0.0892101142    0.0018204810
   -5.1700000000    0.0890002671    0.0018079982
   -5.1600000000    0.0887910152    0.0017955958
   -5.1500000000    0.0885823515    0.0017832729
   -5.1400000000    0.0883742688    0.0017710290
   -5.1300000000    0.0881667603    0.0017588632
   -5.1200000000    0.0879598189    0.0017467748
   -5.1100000000    0.0877534377    0.0017347632
   -5.1000000000    0.0875476099    0.0017228278
   -5.0900000000    0.0873423285    0.0017109678
   -5.0800000000    0.0871375867    0.0016991825
   -5.0700000000    0.0869333779    0.0016874713
   -5.0600000000    0.0867296950    0.0016758337
   -5.0500000000    0.0865265315    0.0016642688
   -5.0400000000    0.0863238806    0.0016527762
   -5.0300000000    0.0861217355    0.0016413552
   -5.0200000000    0.0859200896    0.0016300051
   -5.0100000000    0.0857189362    0.0016187255
   -5.0000000000    0.0855182685    0.0016075156
   -4.9900000000    0.0853180799    0.0015963748
   -4.9800000000    0.0851183636    0.0015853028
   -4.9700000000    0.0849191131    0.0015742987
   -4.9600000000    0.0847203216    0.0015633621
   -4.9500000000    0.0845219824    0.0015524924
   -4.9400000000    0.0843240889    0.0015416891
   -4.9300000000    0.0841266342    0.0015309516
   -4.9200000000    0.0839296116    0.0015202794
   -4.9100000000    0.0837330145    0.0015096720
   -4.9000000000    0.0835368359    0.0014991287
   -4.8900000000    0.0833410691    0.0014886492
   -4.8800000000    0.0831457072    0.0014782329
   -4.8700000000    0.0829507433    0.0014678793
   -4.8600000000    0.0827561706    0.0014575879
   -4.8500000000    0.0825619821    0.0014473581
   -4.7400000000    0.0805125962    0.0000000000
   -4.7300000000    0.0803218446    0.0000000000
   -4.7200000000    0.0801313860    0.0000000000
   -4.7100000000    0.0799412122    0.0000000000
   -4.7000000000    0.0797513151    0.0000000000
   -4.6900000000    0.0795616864    0.0000000000
   -4.6800000000    0.0793723174    0.0000000000
   -4.6700000000    0.0791831996    0.0000000000
   -4.6600000000    0.0789943243    0.0000000000
   -4.6500000000    0.0788056823    0.0000000000
   -4.6400000000    0.0786172648    0.0000000000
   -4.6300000000    0.0784290623    0.0000000000
   -4.6200000000    0.0782410654    0.0000000000
   -4.6100000000    0.0780532645    0.0000000000
   -4.6000000000    0.0778656496    0.0000000000
   -4.5900000000    0.0776782108    0.0000000000
   -4.5800000000    0.0774909376    0.0000000000
   -4.5700000000    0.0773038196    0.0000000000
   -4.5600000000    0.0771168460    0.0000000000
   -4.5500000000    0.0769300056    0.0000000000
   -4.5400000000    0.0767432872    0.0000000000
   -4.5300000000    0.0765566791    0.0000000000
   -4.5200000000    0.0763701693    0.0000000000
   -4.5100000000    0.0761837456    0.0000000000
   -4.5000000000    0.0759973953    0.0000000000
   -4.4900000000    0.0758111055    0.0000000000
   -4.4800000000    0.0756248628    0.0000000000
   -4.4700000000    0.0754386534    0.0000000000
   -4.4600000000    0.0752524631    0.0000000000
   -4.4500000000    0.0750662773    0.0000000000
   -4.4400000000    0.0748800809    0.0000000000
   -4.4300000000    0.0746938581    0.0000000000
   -4.4200000000    0.0745075929    0.0000000000
   -4.4100000000    0.0743212686    0.0000000000
   -4.4000000000    0.0741348679    0.0000000000
   -4.3900000000    0.0739483728    0.0000000000
   -4.3800000000    0.0737617647    0.0000000000
   -4.3700000000    0.0735750244    0.0000000000
   -4.3600000000    0.0733881319    0.0000000000
   -4.3500000000    0.0732010664    0.0000000000
   -4.3400000000    0.0730138062    0.0000000000
   -4.3300000000    0.0728263288    0.0000000000
   -4.3200000000    0.0726386109    0.0000000000
   -4.3100000000    0.0724506279    0.0000000000
   -4.3000000000    0.0722623545    0.0000000000
   -4.2900000000    0.0718892861    0.0000000000
   -4.2800000000    0.0719967767   -0.0003761424
   -4.2700000000    0.0718130756   -0.0003905151
   -4.2600000000    0.0716292486   -0.0004053528
   -4.2500000000    0.0714452813   -0.0004206777
   -4.2400000000    0.0712611590   -0.0004365133
   -4.2300000000    0.0710768667   -0.0004528841
   -4.2200000000    0.0708923893   -0.0004698163
   -4.2100000000    0.0707077115   -0.0004873375
   -4.2000000000    0.0705228175   -0.0005054767
   -4.1900000000    0.0703376917   -0.0005242647
   -4.1800000000    0.0701523181   -0.0005437343
   -4.1700000000    0.0699666804   -0.0005639199
   -4.1600000000    0.0697807626   -0.0005848580
   -4.1500000000    0.0695945482   -0.0006065875
   -4.1400000000    0.0694080210   -0.0006291493
   -4.1300000000    0.0692211644   -0.0006525870
   -4.1200000000    0.0690339624   -0.0006769468
   -4.1100000000    0.0688463987   -0.0007022776
   -4.1000000000    0.0686584573   -0.0007286315
   -4.0900000000    0.0684701227   -0.0007560637
   -4.0800000000    0.0682813798   -0.0007846330
   -4.0700000000    0.0680922137   -0.0008144017
   -4.0600000000    0.0679026106   -0.0008454361
   -4.0500000000    0.0677125575   -0.0008778069
   -4.0400000000    0.0675220421   -0.0009115889
   -4.0300000000    0.0673310539   -0.0009468622
   -4.0200000000    0.0671395834   -0.0009837118
   -4.0100000000    0.0669476234   -0.0010222282
   -4.0000000000    0.0667551685   -0.0010625077
   -3.9900000000    0.0665622159   -0.0011046531
   -3.9800000000    0.0663687658   -0.0011487738
   -3.9700000000    0.0661748219   -0.0011949863
   -3.9600000000    0.0659803919   -0.0012434145
   -3.9500000000    0.0657854882   -0.0012941907
   -3.9400000000    0.0655901284   -0.0013474557
   -3.9300000000    0.0653943366   -0.0014033590
   -3.9200000000    0.0651981441   -0.0014620602
   -3.9100000000    0.0650015903   -0.0015237287
   -3.9000000000    0.0648047242   -0.0015885445
   -3.8900000000    0.0646076059   -0.0016566988
   -3.8800000000    0.0644103077   -0.0017283943
   -3.8700000000    0.0642129164   -0.0018038457
   -3.8600000000    0.0640155352   -0.0018832800
   -3.8500000000    0.0638182856   -0.0019669367
   -3.8400000000    0.0636213107   -0.0020550679
   -3.8300000000    0.0634247773   -0.0021479384
   -3.8200000000    0.0632288796   -0.0022458249
   -3.8100000000    0.0630338426   -0.0023490159
   -3.8000000000    0.0628399260   -0.0024578104
   -3.7900000000    0.0626474287   -0.0025725164
   -3.7800000000    0.0624566935   -0.0026934491
   -3.7700000000    0.0622681120   -0.0028209277
   -3.7600000000    0.0620821306   -0.0029552720
   -3.7500000000    0.0618992557   -0.0030967978
   -3.7400000000    0.0617200605   -0.0032458106
   -3.7300000000    0.0615451906   -0.0034025987
   -3.7200000000    0.0613753701   -0.0035674236
   -3.7100000000    0.0612114078   -0.0037405092
   -3.7000000000    0.0610542017   -0.0039220288
   -3.6900000000    0.0609047435   -0.0041120892
   -3.6800000000    0.0607641202   -0.0043107126
   -3.6700000000    0.0606335144   -0.0045178158
   -3.6600000000    0.0605142006   -0.0047331870
   -3.6500000000    0.0604075378   -0.0049564594
   -3.6400000000    0.0603149563   -0.0051870839
   -3.6300000000    0.0602379386   -0.0054243000
   -3.6200000000    0.0601779927   -0.0056671068
   -3.6100000000    0.0601366160   -0.0059142365
   -3.6000000000    0.0601152512   -0.0061641304
   -3.5900000000    0.0601152319   -0.0064149234
   -3.5800000000    0.0601377194   -0.0066644366
   -3.5700000000    0.0601836325   -0.0069101839
   -3.5600000000    0.0602535712   -0.0071493953
   -3.5500000000    0.0603477416   -0.0073790581
   -3.5400000000    0.0604658833   -0.0075959810
   -3.5300000000    0.0606072088   -0.0077968787
   -3.5200000000    0.0607703598   -0.0079784757
   -3.5100000000    0.0609533885   -0.0081376272
   -3.5000000000    0.0611537684   -0.0082714476
   -3.4900000000    0.0613684385   -0.0083774396
   -3.4800000000    0.0615938820   -0.0084536136
   -3.4700000000    0.0618262351   -0.0084985868
   -3.4600000000    0.0620614215   -0.0085116527
   -3.4500000000    0.0622953011   -0.0084928153
   -3.4400000000    0.0625238232   -0.0084427830
   -3.4300000000    0.0627431709   -0.0083629254
   -3.4200000000    0.0629498883   -0.0082551955
   -3.4100000000    0.0631409799   -0.0081220264
   -3.4000000000    0.0633139785   -0.0079662114
   -3.3900000000    0.0634669800   -0.0077907778
   -3.3800000000    0.0635986471   -0.0075988639
   -3.3700000000    0.0637081847   -0.0073936069
   -3.3600000000    0.0637952943   -0.0071780469
   -3.3500000000    0.0638601146   -0.0069550507
   -3.3400000000    0.0639031518   -0.0067272557
   -3.3300000000    0.0639252085   -0.0064970332
   -3.3200000000    0.0639273136   -0.0062664696
   -3.3100000000    0.0639106582   -0.0060373617
   -3.3000000000    0.0638765372   -0.0058112240
   -3.2900000000    0.0638263013   -0.0055893039
   -3.2800000000    0.0637613154   -0.0053726029
   -3.2700000000    0.0636829275   -0.0051619011
   -3.2600000000    0.0635924436   -0.0049577832
   -3.2500000000    0.0634911101   -0.0047606641
   -3.2400000000    0.0633801017   -0.0045708140
   -3.2300000000    0.0632605142   -0.0043883813
   -3.2200000000    0.0631333605   -0.0042134138
   -3.2100000000    0.0629995701   -0.0040458775
   -3.2000000000    0.0628599906   -0.0038856729
   -3.1900000000    0.0627153902   -0.0037326490
   -3.1800000000    0.0625664621   -0.0035866159
   -3.1700000000    0.0624138292   -0.0034473545
   -3.1600000000    0.0622580489   -0.0033146251
   -3.1500000000    0.0620996184   -0.0031881747
   -3.1400000000    0.0619389800   -0.0030677420
   -3.1300000000    0.0617765259   -0.0029530627
   -3.1200000000    0.0616126030   -0.0028438728
   -3.1100000000    0.0614475175   -0.0027399112
   -3.1000000000    0.0612815390   -0.0026409224
   -3.0900000000    0.0611149040   -0.0025466578
   -3.0800000000    0.0609478202   -0.0024568768
   -3.0700000000    0.0607804687   -0.0023713480
   -3.0600000000    0.0606130078   -0.0022898493
   -3.0500000000    0.0604455750   -0.0022121688
   -3.0400000000    0.0602782896   -0.0021381040
   -3.0300000000    0.0601112546   -0.0020674627
   -3.0200000000    0.0599445589   -0.0020000624
   -3.0100000000    0.0597782786   -0.0019357300
   -3.0000000000    0.0596124787   -0.0018743019
   -2.9900000000    0.0594472146   -0.0018156232
   -2.9800000000    0.0592825327   -0.0017595477
   -2.9700000000    0.0591184719   -0.0017059373
   -2.9600000000    0.0589550647   -0.0016546619
   -2.9500000000    0.0587923374   -0.0016055987
   -2.9400000000    0.0586303113   -0.0015586318
   -2.9300000000    0.0584690031   -0.0015136522
   -2.9200000000    0.0583084258   -0.0014705571
   -2.9100000000    0.0581485886   -0.0014292495
   -2.9000000000    0.0579894981   -0.0013896383
   -2.8900000000    0.0578311580   -0.0013516374
   -2.8800000000    0.0576735698   -0.0013151658
   -2.8700000000    0.0575167332   -0.0012801470
   -2.8600000000    0.0573606460   -0.0012465090
   -2.8500000000    0.0572053047   -0.0012141838
   -2.8400000000    0.0570507044   -0.0011831075
   -2.8300000000    0.0568968394   -0.0011532197
   -2.8200000000    0.0567437027   -0.0011244631
   -2.8100000000    0.0565912869   -0.0010967842
   -2.8000000000    0.0564395838   -0.0010701319
   -2.7900000000    0.0562885847   -0.0010444583
   -2.7800000000    0.0561382804   -0.0010197180
   -2.7700000000    0.0559886615   -0.0009958682
   -2.7600000000    0.0558397183   -0.0009728682
   -2.7500000000    0.0556914408   -0.0009506796
   -2.7400000000    0.0555438188   -0.0009292663
   -2.7300000000    0.0553968422   -0.0009085937
   -2.7200000000    0.0552505007   -0.0008886293
   -2.7100000000    0.0551047840   -0.0008693423
   -2.7000000000    0.0549596819   -0.0008507035
   -2.6900000000    0.0548151840   -0.0008326850
   -2.6800000000    0.0546712802   -0.0008152606
   -2.6700000000    0.0545279604   -0.0007984054
   -2.6600000000    0.0543852146   -0.0007820955
   -2.6500000000    0.0542430329   -0.0007663086
   -2.6400000000    0.0541014056   -0.0007510232
   -2.6300000000    0.0539603230   -0.0007362190
   -2.6200000000    0.0538197756   -0.0007218766
   -2.6100000000    0.0536797542   -0.0007079777
   -2.6000000000    0.0535402494   -0.0006945047
   -2.5900000000    0.0534012524   -0.0006814410
   -2.5800000000    0.0532627543   -0.0006687707
   -2.5700000000    0.0531247464   -0.0006564787
   -2.5600000000    0.0529872202   -0.0006445506
   -2.5500000000    0.0528501674   -0.0006329726
   -2.5400000000    0.0527135797   -0.0006217316
   -2.5300000000    0.0525774492   -0.0006108151
   -2.5200000000    0.0524417680   -0.0006002112
   -2.5100000000    0.0523065285   -0.0005899085
   -2.5000000000    0.0521717232   -0.0005798961
   -2.4900000000    0.0520373446   -0.0005701635
   -2.4800000000    0.0519033856   -0.0005607009
   -2.4700000000    0.0517698392   -0.0005514986
   -2.4600000000    0.0516366985   -0.0005425477
   -2.4500000000    0.0515039568   -0.0005338394
   -2.4400000000    0.0513716075   -0.0005253653
   -2.4300000000    0.0512396441   -0.0005171175
   -2.4200000000    0.0511080604   -0.0005090883
   -2.4100000000    0.0509768502   -0.0005012705
   -2.4000000000    0.0508460076   -0.0004936569
   -2.3900000000    0.0507155265   -0.0004862409
   -2.3800000000    0.0505854014   -0.0004790160
   -2.3700000000    0.0504556265   -0.0004719760
   -2.3600000000    0.0503261964   -0.0004651150
   -2.3500000000    0.0501971057   -0.0004584273
   -2.3400000000    0.0500683491   -0.0004519073
   -2.3300000000    0.0499399215   -0.0004455498
   -2.3200000000    0.0498118178   -0.0004393498
   -2.3100000000    0.0496840332   -0.0004333025
   -2.3000000000    0.0495565628   -0.0004274030
   -2.2900000000    0.0494294019   -0.0004216470
   -2.2800000000    0.0493025458   -0.0004160302
   -2.2700000000    0.0491759902   -0.0004105483
   -2.2600000000    0.0490497305   -0.0004051974
   -2.2500000000    0.0489237625   -0.0003999736
   -2.2400000000    0.0487980818   -0.0003948732
   -2.2300000000    0.0486726844   -0.0003898927
   -2.2200000000    0.0485475662   -0.0003850286
   -2.2100000000    0.0484227231   -0.0003802777
   -2.2000000000    0.0482981514   -0.0003756366
   -2.1900000000    0.0481738472   -0.0003711024
   -2.1800000000    0.0480498066   -0.0003666720
   -2.1700000000    0.0479260262   -0.0003623426
   -2.1600000000    0.0478025022   -0.0003581115
   -2.1500000000    0.0476792312   -0.0003539760
   -2.1400000000    0.0475562097   -0.0003499335
   -2.1300000000    0.0474334342   -0.0003459815
   -2.1200000000    0.0473109015   -0.0003421177
   -2.1100000000    0.0471886082   -0.0003383397
   -2.1000000000    0.0470665513   -0.0003346452
   -2.0900000000    0.0469447275   -0.0003310322
   -2.0800000000    0.0468231337   -0.0003274986
   -2.0700000000    0.0467017669   -0.0003240423
   -2.0600000000    0.0465806242   -0.0003206614
   -2.0500000000    0.0464597025   -0.0003173540
   -2.0400000000    0.0463389991   -0.0003141183
   -2.0300000000    0.0462185111   -0.0003109525
   -2.0200000000    0.0460982357   -0.0003078549
   -2.0100000000    0.0459781702   -0.0003048239
   -2.0000000000    0.0458583118   -0.0003018578
   -1.9900000000    0.0457386581   -0.0002989552
   -1.9800000000    0.0456192063   -0.0002961146
   -1.9700000000    0.0454999539   -0.0002933344
   -1.9600000000    0.0453808984   -0.0002906134
   -1.9500000000    0.0452620373   -0.0002879501
   -1.9400000000    0.0451433682   -0.0002853432
   -1.9300000000    0.0450248887   -0.0002827914
   -1.9200000000    0.0449065963   -0.0002802937
   -1.9100000000    0.0447884889   -0.0002778486
   -1.9000000000    0.0446705641   -0.0002754551
   -1.8900000000    0.0445528196   -0.0002731121
   -1.8800000000    0.0444352532   -0.0002708184
   -1.8700000000    0.0443178628   -0.0002685731
   -1.8600000000    0.0442006460   -0.0002663751
   -1.8500000000    0.0440836009   -0.0002642234
   -1.8400000000    0.0439667253   -0.0002621170
   -1.8300000000    0.0438500172   -0.0002600551
   -1.8200000000    0.0437334744   -0.0002580367
   -1.8100000000    0.0436170950   -0.0002560609
   -1.8000000000    0.0435008769   -0.0002541270
   -1.7900000000    0.0433848182   -0.0002522340
   -1.7800000000    0.0432689170   -0.0002503813
   -1.7700000000    0.0431531712   -0.0002485679
   -1.7600000000    0.0430375791   -0.0002467932
   -1.7500000000    0.0429221387   -0.0002450564
   -1.7400000000    0.0428068482   -0.0002433569
   -1.7300000000    0.0426917057   -0.0002416939
   -1.7200000000    0.0425767094   -0.0002400668
   -1.7100000000    0.0424618576   -0.0002384749
   -1.7000000000    0.0423471484   -0.0002369176
   -1.6900000000    0.0422325801   -0.0002353943
   -1.6800000000    0.0421181509   -0.0002339045
   -1.6700000000    0.0420038591   -0.0002324475
   -1.6600000000    0.0418897031   -0.0002310228
   -1.6500000000    0.0417756811   -0.0002296298
   -1.6400000000    0.0416617914   -0.0002282681
   -1.6300000000    0.0415480324   -0.0002269371
   -1.6200000000    0.0414344025   -0.0002256364
   -1.6100000000    0.0413209000   -0.0002243654
   -1.6000000000    0.0412075233   -0.0002231237
   -1.5900000000    0.0410942708   -0.0002219109
   -1.5800000000    0.0409811409   -0.0002207265
   -1.5700000000    0.0408681320   -0.0002195702
   -1.5600000000    0.0407552426   -0.0002184414
   -1.5500000000    0.0406424712   -0.0002173399
   -1.5400000000    0.0405298161   -0.0002162652
   -1.5300000000    0.0404172758   -0.0002152169
   -1.5200000000    0.0403048489   -0.0002141948
   -1.5100000000    0.0401925338   -0.0002131984
   -1.5000000000    0.0400803290   -0.0002122275
   -1.4900000000    0.0399682330   -0.0002112816
   -1.4800000000    0.0398562444   -0.0002103606
   -1.4700000000    0.0397443616   -0.0002094641
   -1.4600000000    0.0396325833   -0.0002085918
   -1.4500000000    0.0395209079   -0.0002077434
   -1.4400000000    0.0394093340   -0.0002069186
   -1.4300000000    0.0392978601   -0.0002061173
   -1.4200000000    0.0391864849   -0.0002053390
   -1.4100000000    0.0390752068   -0.0002045837
   -1.4000000000    0.0389640245   -0.0002038511
   -1.3900000000    0.0388529366   -0.0002031409
   -1.3800000000    0.0387419416   -0.0002024529
   -1.3700000000    0.0386310381   -0.0002017870
   -1.3600000000    0.0385202247   -0.0002011429
   -1.3500000000    0.0384095000   -0.0002005204
   -1.3400000000    0.0382988626   -0.0001999194
   -1.3300000000    0.0381883112   -0.0001993397
   -1.3200000000    0.0380778443   -0.0001987810
   -1.3100000000    0.0379674606   -0.0001982434
   -1.3000000000    0.0378571587   -0.0001977265
   -1.2900000000    0.0377469371   -0.0001972304
   -1.2800000000    0.0376367945   -0.0001967547
   -1.2700000000    0.0375267296   -0.0001962995
   -1.2600000000    0.0374167410   -0.0001958646
   -1.2500000000    0.0373068272   -0.0001954499
   -1.2400000000    0.0371969869   -0.0001950552
   -1.2300000000    0.0370872188   -0.0001946806
   -1.2200000000    0.0369775214   -0.0001943258
   -1.2100000000    0.0368678935   -0.0001939909
   -1.2000000000    0.0367583335   -0.0001936757
   -1.1900000000    0.0366486835   -0.0001933801
   -1.1800000000    0.0365442138   -0.0002919741
   -1.1700000000    0.0364348962   -0.0002924371
   -1.1600000000    0.0363256416   -0.0002929239
   -1.1500000000    0.0362164485   -0.0002934345
   -1.1400000000    0.0361073156   -0.0002939690
   -1.1300000000    0.0359982415   -0.0002945272
   -1.1200000000    0.0358892248   -0.0002951092
   -1.1100000000    0.0357802641   -0.0002957151
   -1.1000000000    0.0356713580   -0.0002963448
   -1.0900000000    0.0355625052   -0.0002969985
   -1.0800000000    0.0354537042   -0.0002976761
   -1.0700000000    0.0353449536   -0.0002983778
   -1.0600000000    0.0352362520   -0.0002991035
   -1.0500000000    0.0351275980   -0.0002998534
   -1.0400000000    0.0350189902   -0.0003006276
   -1.0300000000    0.0349104271   -0.0003014261
   -1.0200000000    0.0348019074   -0.0003022489
   -1.0100000000    0.0346934295   -0.0003030964
   -1.0000000000    0.0345849920   -0.0003039684
   -0.9900000000    0.0344765935   -0.0003048652
   -0.9800000000    0.0343682325   -0.0003057869
   -0.9700000000    0.0342599075   -0.0003067337
   -0.9600000000    0.0341516170   -0.0003077055
   -0.9500000000    0.0340433595   -0.0003087028
   -0.9400000000    0.0339351337   -0.0003097255
   -0.9300000000    0.0338269378   -0.0003107738
   -0.9200000000    0.0337187704   -0.0003118480
   -0.9100000000    0.0336106300   -0.0003129482
   -0.9000000000    0.0335025150   -0.0003140747
   -0.8900000000    0.0333944239   -0.0003152276
   -0.8800000000    0.0332863551   -0.0003164072
   -0.8700000000    0.0331783070   -0.0003176136
   -0.8600000000    0.0330702779   -0.0003188472
   -0.8500000000    0.0329622664   -0.0003201082
   -0.8400000000    0.0328542707   -0.0003213968
   -0.8300000000    0.0327462893   -0.0003227133
   -0.8200000000    0.0326383204   -0.0003240581
   -0.8100000000    0.0325303624   -0.0003254313
   -0.8000000000    0.0324224136   -0.0003268334
   -0.7900000000    0.0323144723   -0.0003282645
   -0.7800000000    0.0322065367   -0.0003297251
   -0.7700000000    0.0320986052   -0.0003312155
   -0.7600000000    0.0319906758   -0.0003327361
   -0.7500000000    0.0318827470   -0.0003342872
   -0.7400000000    0.0317748168   -0.0003358692
   -0.7300000000    0.0316668834   -0.0003374826
   -0.7200000000    0.0315589449   -0.0003391276
   -0.7100000000    0.0314509995   -0.0003408048
   -0.7000000000    0.0313430454   -0.0003425146
   -0.6900000000    0.0312350805   -0.0003442575
   -0.6800000000    0.0311271029   -0.0003460339
   -0.6700000000    0.0310191106   -0.0003478444
   -0.6600000000    0.0309111017   -0.0003496894
   -0.6500000000    0.0308030740   -0.0003515694
   -0.6400000000    0.0306950256   -0.0003534851
   -0.6300000000    0.0305869543   -0.0003554370
   -0.6200000000    0.0304788580   -0.0003574257
   -0.6100000000    0.0303707346   -0.0003594517
   -0.6000000000    0.0302625819   -0.0003615158
   -0.5900000000    0.0301543976   -0.0003636186
   -0.5800000000    0.0300461795   -0.0003657607
   -0.5700000000    0.0299379253   -0.0003679429
   -0.5600000000    0.0298296326   -0.0003701659
   -0.5500000000    0.0297212991   -0.0003724304
   -0.5400000000    0.0296129223   -0.0003747372
   -0.5300000000    0.0295044999   -0.0003770871
   -0.5200000000    0.0293960292   -0.0003794810
   -0.5100000000    0.0292875078   -0.0003819197
   -0.5000000000    0.0291789330   -0.0003844042
   -0.4900000000    0.0290703022   -0.0003869353
   -0.4800000000    0.0289616128   -0.0003895140
   -0.4700000000    0.0288528619   -0.0003921414
   -0.4600000000    0.0287440468   -0.0003948184
   -0.4500000000    0.0286351646   -0.0003975462
   -0.4400000000    0.0285262125   -0.0004003258
   -0.4300000000    0.0284171873   -0.0004031584
   -0.4200000000    0.0283080862   -0.0004060453
   -0.4100000000    0.0281989060   -0.0004089876
   -0.4000000000    0.0280896435   -0.0004119867
   -0.3900000000    0.0279802956   -0.0004150439
   -0.3800000000    0.0278708588   -0.0004181607
   -0.3700000000    0.0277613300   -0.0004213385
   -0.3600000000    0.0276517055   -0.0004245787
   -0.3500000000    0.0275419819   -0.0004278830
   -0.3400000000    0.0274321556   -0.0004312531
   -0.3300000000    0.0273222229   -0.0004346906
   -0.3200000000    0.0272121800   -0.0004381973
   -0.3100000000    0.0271020231   -0.0004417751
   -0.3000000000    0.0269917481   -0.0004454259
   -0.2900000000    0.0268813511   -0.0004491517
   -0.2800000000    0.0267708278   -0.0004529546
   -0.2700000000    0.0266601741   -0.0004568368
   -0.2600000000    0.0265493856   -0.0004608006
   -0.2500000000    0.0264384577   -0.0004648484
   -0.2400000000    0.0263273859   -0.0004689827
   -0.2300000000    0.0262161655   -0.0004732060
   -0.2200000000    0.0261047917   -0.0004775212
   -0.2100000000    0.0259932595   -0.0004819310
   -0.2000000000    0.0258815638   -0.0004864385
   -0.1900000000    0.0257696995   -0.0004910468
   -0.1800000000    0.0256576610   -0.0004957591
   -0.1700000000    0.0255454431   -0.0005005790
   -0.1600000000    0.0254330399   -0.0005055099
   -0.1500000000    0.0253204456   -0.0005105556
   -0.1400000000    0.0252076544   -0.0005157202
   -0.1300000000    0.0251046762   -0.0005657004
   -0.1200000000    0.0249919612   -0.0005724438
   -0.1100000000    0.0248790544   -0.0005793599
   -0.1000000000    0.0247659506   -0.0005864552
   -0.0900000000    0.0246526445   -0.0005937371
   -0.0800000000    0.0245391308   -0.0006012130
   -0.0700000000    0.0244254042   -0.0006088908
   -0.0600000000    0.0243114592   -0.0006167789
   -0.0500000000    0.0241972905   -0.0006248861
   -0.0400000000    0.0240828924   -0.0006332217
   -0.0300000000    0.0239682596   -0.0006417956
   -0.0200000000    0.0238533864   -0.0006506182
   -0.0100000000    0.0237382673   -0.0006597003
    0.0000000000    0.0236228969   -0.0006690537
