      -20.0000000000            1.7548476517
      -19.9900000000            1.7242812023
      -19.9800000000            1.6951175190
      -19.9700000000            1.6673631502
      -19.9600000000            1.6409895061
      -19.9500000000            1.6159410734
      -19.9400000000            1.5921441321
      -19.9300000000            1.5695153270
      -19.9200000000            1.5479694605
      -19.9100000000            1.5274259363
      -19.9000000000            1.5078133889
      -19.8900000000            1.4890721965
      -19.8800000000            1.4711547753
      -19.8700000000            1.4540237637
      -19.8600000000            1.4376484071
      -19.8500000000            1.4219996090
      -19.8400000000            1.4070442120
      -19.8300000000            1.3927391099
      -19.8200000000            1.3790257739
      -19.8100000000            1.3658257169
      -19.8000000000            1.3530373426
      -19.7900000000            1.3405345351
      -19.7800000000            1.3281672471
      -19.7700000000            1.3157642378
      -19.7600000000            1.3031379838
      -19.7500000000            1.2900916367
      -19.7400000000            1.2764277163
      -19.7300000000            1.2619580336
      -19.7200000000            1.2465141415
      -19.7100000000            1.2299574622
      -19.7000000000            1.2121881635
      -19.6900000000            1.1931519012
      -19.6800000000            1.1728437126
      -19.6700000000            1.1513086317
      -19.6600000000            1.1286389603
      -19.6500000000            1.1049685079
      -19.6400000000            1.0804644369
      -19.6300000000            1.0553175733
      -19.6200000000            1.0297321227
      -19.6100000000            1.0039156818
      -19.6000000000            0.9780702719
      -19.5900000000            0.9523848983
      -19.5800000000            0.9270298971
      -19.5700000000            0.9021531119
      -19.5600000000            0.8778777748
      -19.5500000000            0.8543018546
      -19.5400000000            0.8314985843
      -19.5300000000            0.8095178725
      -19.5100000000            0.6866293679
      -19.5000000000            0.6687853150
      -19.4900000000            0.6517565155
      -19.4800000000            0.6355103080
      -19.4700000000            0.6200063063
      -19.4600000000            0.6051990005
      -19.4500000000            0.5910402027
      -19.4400000000            0.5774812815
      -19.4300000000            0.5644751304
      -19.4200000000            0.5519778057
      -19.4100000000            0.5399497825
      -19.4000000000            0.5283567891
      -19.3900000000            0.5171702119
      -19.3800000000            0.5063670906
      -19.3700000000            0.4959297576
      -19.3600000000            0.4858452008
      -19.3500000000            0.4761042440
      -19.3400000000            0.4667006407
      -19.3300000000            0.4576301698
      -19.3200000000            0.4488898049
      -19.3100000000            0.4404770031
      -19.3000000000            0.4323891422
      -19.2900000000            0.4246231109
      -19.2800000000            0.4171750434
      -19.2700000000            0.4100401796
      -19.2600000000            0.4032128260
      -19.2500000000            0.3966863930
      -19.2400000000            0.3904534830
      -19.2300000000            0.3845060093
      -19.2200000000            0.3788353291
      -19.2100000000            0.3734323774
      -19.2000000000            0.3682877924
      -19.1900000000            0.3633920271
      -19.1800000000            0.3587354432
      -19.1700000000            0.3543083852
      -19.1600000000            0.3501012356
      -19.1500000000            0.3461044519
      -19.1400000000            0.3423085863
      -19.1300000000            0.3387042918
      -19.1200000000            0.3352823168
      -19.1100000000            0.3320334917
      -19.1000000000            0.3289487128
      -19.0900000000            0.3260189252
      -19.0800000000            0.3232351140
      -19.0700000000            0.3205883036
      -19.0600000000            0.3180695756
      -19.0500000000            0.3156701049
      -19.0400000000            0.3133812193
      -19.0300000000            0.3111944834
      -19.0200000000            0.3091018026
      -19.0100000000            0.3070955440
      -19.0000000000            0.3051686644
      -18.9900000000            0.3033148337
      -18.9800000000            0.3015285422
      -18.9700000000            0.2998051796
      -18.9600000000            0.2981410747
      -18.9500000000            0.2965334913
      -18.9400000000            0.2949805799
      -18.9300000000            0.2934812877
      -18.9200000000            0.2920352380
      -18.9100000000            0.2906425889
      -18.9000000000            0.2893038849
      -18.8900000000            0.2880199127
      -18.8800000000            0.2867915702
      -18.8700000000            0.2856197569
      -18.8600000000            0.2845052869
      -18.8500000000            0.2834488276
      -18.8400000000            0.2824508596
      -18.8300000000            0.2815116581
      -18.8200000000            0.2806312890
      -18.8100000000            0.2798096179
      -18.8000000000            0.2790463268
      -18.7900000000            0.2783409364
      -18.7800000000            0.2776928311
      -18.7700000000            0.2771012838
      -18.7600000000            0.2765654807
      -18.7500000000            0.2760845441
      -18.7400000000            0.2756575525
      -18.7300000000            0.2752835589
      -18.7200000000            0.2749616057
      -18.7100000000            0.2746907378
      -18.7000000000            0.2744700129
      -18.6900000000            0.2742985104
      -18.6800000000            0.2741753376
      -18.6700000000            0.2740996351
      -18.6600000000            0.2740705809
      -18.6500000000            0.2740873925
      -18.6400000000            0.2741493297
      -18.6300000000            0.2742556947
      -18.6200000000            0.2744058336
      -18.6100000000            0.2745991361
      -18.6000000000            0.2748350353
      -18.5900000000            0.2751130075
      -18.5800000000            0.2754325712
      -18.5700000000            0.2757932863
      -18.5600000000            0.2761947539
      -18.5500000000            0.2766366144
      -18.5400000000            0.2771185473
      -18.5300000000            0.2776402700
      -18.5200000000            0.2782015369
      -18.5100000000            0.2788021386
      -18.5000000000            0.2794419009
      -18.4900000000            0.2801206846
      -18.4800000000            0.2808383839
      -18.4700000000            0.2815949267
      -18.4600000000            0.2823902733
      -18.4500000000            0.2832244167
      -18.4400000000            0.2840973813
      -18.4300000000            0.2850092235
      -18.4200000000            0.2859600307
      -18.4100000000            0.2869499216
      -18.4000000000            0.2879790461
      -18.3900000000            0.2890475851
      -18.3800000000            0.2901557507
      -18.3700000000            0.2913037865
      -18.3600000000            0.2924919676
      -18.3500000000            0.2937206014
      -18.3400000000            0.2949900273
      -18.3300000000            0.2963006182
      -18.3200000000            0.2976527803
      -18.3100000000            0.2990469543
      -18.3000000000            0.3004836162
      -18.2900000000            0.3019632780
      -18.2800000000            0.3034864890
      -18.2700000000            0.3050538368
      -18.2600000000            0.3066659487
      -18.2500000000            0.3083234931
      -18.2400000000            0.3100271809
      -18.2300000000            0.3117777675
      -18.2200000000            0.3135760542
      -18.2100000000            0.3154228902
      -18.2000000000            0.3173191752
      -18.1900000000            0.3192658609
      -18.1800000000            0.3212639540
      -18.1700000000            0.3233145183
      -18.1600000000            0.3254186778
      -18.1500000000            0.3275776193
      -18.1400000000            0.3297925950
      -18.1300000000            0.3320649266
      -18.1200000000            0.3343960071
      -18.1100000000            0.3367873054
      -18.1000000000            0.3392403685
      -18.0900000000            0.3417568253
      -18.0800000000            0.3443383893
      -18.0700000000            0.3469868621
      -18.0600000000            0.3497041351
      -18.0500000000            0.3524921926
      -18.0400000000            0.3553531124
      -18.0300000000            0.3582890668
      -18.0200000000            0.3613023216
      -18.0100000000            0.3643952343
      -18.0000000000            0.3675702491
      -17.9900000000            0.3708298907
      -17.9800000000            0.3741767541
      -17.9700000000            0.3776134901
      -17.9600000000            0.3811427871
      -17.9500000000            0.3847673454
      -17.9400000000            0.3884898454
      -17.9300000000            0.3923129072
      -17.9200000000            0.3962390392
      -17.9100000000            0.4002705761
      -17.9000000000            0.4044096028
      -17.8900000000            0.4086578643
      -17.8800000000            0.4130166587
      -17.8700000000            0.4174867135
      -17.8600000000            0.4220680459
      -17.8500000000            0.4267598066
      -17.8400000000            0.4315601120
      -17.8300000000            0.4364658687
      -17.8200000000            0.4414726005
      -17.8100000000            0.4465742864
      -17.8000000000            0.4517632297
      -17.7900000000            0.4570299720
      -17.7800000000            0.4623632796
      -17.7700000000            0.4677502215
      -17.7600000000            0.4731763646
      -17.7500000000            0.4786261037
      -17.7400000000            0.4840831353
      -17.7300000000            0.4895310721
      -17.7200000000            0.4949541778
      -17.7100000000            0.5003381832
      -17.7000000000            0.5056711253
      -17.6900000000            0.5109441399
      -17.6800000000            0.5161521318
      -17.6700000000            0.5212942534
      -17.6600000000            0.5263741385
      -17.6500000000            0.5313998644
      -17.6400000000            0.5363836469
      -17.6300000000            0.5413413024
      -17.6200000000            0.5462915355
      -17.6100000000            0.5512551254
      -17.6000000000            0.5562540854
      -17.5900000000            0.5613108662
      -17.5800000000            0.5664476536
      -17.5700000000            0.5716857974
      -17.5600000000            0.5770453862
      -17.5500000000            0.5825449671
      -17.5400000000            0.5882013990
      -17.5300000000            0.5940298178
      -17.5200000000            0.6000436890
      -17.5100000000            0.6062549262
      -17.5000000000            0.6126740505
      -17.4900000000            0.6193103743
      -17.4800000000            0.6261721940
      -17.4700000000            0.6332669810
      -17.4600000000            0.6406015637
      -17.4500000000            0.6481822948
      -17.4400000000            0.6560152033
      -17.4300000000            0.6641061293
      -17.4200000000            0.6724608409
      -17.4100000000            0.6810851374
      -17.4000000000            0.6899849363
      -17.3900000000            0.6991663499
      -17.3800000000            0.7086357496
      -17.3700000000            0.7183998223
      -17.3600000000            0.7284656192
      -17.3500000000            0.7388405984
      -17.3400000000            0.7495326638
      -17.3300000000            0.7605501998
      -17.3200000000            0.7719021038
      -17.3100000000            0.7835978171
      -17.3000000000            0.7956473554
      -17.2900000000            0.8080613383
      -17.2800000000            0.8208510199
      -17.2700000000            0.8340283200
      -17.2600000000            0.8476058560
      -17.2500000000            0.8615969777
      -17.2400000000            0.8760158026
      -17.2300000000            0.8908772546
      -17.2200000000            0.9061971048
      -17.2100000000            0.9219920153
      -17.2000000000            0.9382795863
      -17.1900000000            0.9550784062
      -17.1800000000            0.9724081062
      -17.1700000000            0.9902894180
      -17.1600000000            1.0087442370
      -17.1500000000            1.0277956889
      -17.1400000000            1.0474682022
      -17.1300000000            1.0677875859
      -17.1200000000            1.0887811125
      -17.1100000000            1.1104776076
      -17.1000000000            1.1329075458
      -17.0900000000            1.1561031535
      -17.0800000000            1.1800985192
      -17.0700000000            1.2049297114
      -17.0600000000            1.2306349054
      -17.0500000000            1.2572545180
      -17.0400000000            1.2848313523
      -17.0300000000            1.3134107514
      -17.0200000000            1.3430407632
      -17.0100000000            1.3737723151
      -17.0000000000            1.4056593999
      -16.9900000000            1.4387592726
      -16.9800000000            1.4731326597
      -16.9700000000            1.5088439788
      -16.9600000000            1.5459615711
      -16.9500000000            1.5845579444
      -16.9400000000            1.6247100279
      -16.9300000000            1.6664994379
      -16.9200000000            1.7100127527
      -16.9100000000            1.7553417978
      -16.9000000000            1.8025839394
      -16.8900000000            1.8518423850
      -16.8800000000            1.9032264915
      -16.8700000000            1.9568520798
      -16.8600000000            2.0128417555
      -16.8500000000            2.0713252393
      -16.8400000000            2.1324397068
      -16.8300000000            2.1963301449
      -16.8200000000            2.2631497300
      -16.8100000000            2.3330602379
      -16.8000000000            2.4062324969
      -16.7900000000            2.4828468971
      -16.7800000000            2.5630939687
      -16.7700000000            2.6471750387
      -16.7600000000            2.7353029696
      -16.7500000000            2.8277029693
      -16.7400000000            2.9246134451
      -16.7300000000            3.0262868448
      -16.7200000000            3.1329904026
      -16.7100000000            3.2450066660
      -16.7000000000            3.3626336501
      -16.6900000000            3.4861844299
      -16.6800000000            3.6159859607
      -16.6700000000            3.7523768990
      -16.6600000000            3.8957041968
      -16.6500000000            4.0463182404
      -16.6400000000            4.2045663172
      -16.6300000000            4.3707841954
      -16.6200000000            4.5452856075
      -16.6100000000            4.7283494236
      -16.6000000000            4.9202043035
      -16.5900000000            5.1210106275
      -16.5800000000            5.3308395461
      -16.5700000000            5.5496490708
      -16.5600000000            5.7772572780
      -16.5500000000            6.0133129278
      -16.5400000000            6.2572641310
      -16.5300000000            6.5083261404
      -16.5200000000            6.7654498925
      -16.5100000000            7.0272935656
      -16.5000000000            7.2922000991
      -16.4900000000            7.5581842583
      -16.4800000000            7.8229333029
      -16.4700000000            8.0838254699
      -16.4600000000            8.3379701330
      -16.4500000000            8.5822724827
      -16.4400000000            8.8135237843
      -16.4300000000            9.0285157209
      -16.4200000000            9.2241742150
      -16.4100000000            9.3977048342
      -16.4000000000            9.5467389845
      -16.3900000000            9.6694682268
      -16.3800000000            9.7647537766
      -16.3700000000            9.8321998826
      -16.3600000000            9.8721832514
      -16.3500000000            9.8858354942
      -16.3400000000            9.8749809051
      -16.3300000000            9.8420367660
      -16.3200000000            9.7898869978
      -16.3100000000            9.7217417985
      -16.3000000000            9.6409958522
      -16.2900000000            9.5510960173
      -16.2800000000            9.4554266701
      -16.2700000000            9.3572177002
      -16.2600000000            9.2594770962
      -16.2500000000            9.1649475095
      -16.2400000000            9.0760843550
      -16.2300000000            8.9950519127
      -16.2200000000            8.9237334613
      -16.2100000000            8.8637515367
      -16.2000000000            8.8164947999
      -16.1900000000            8.7831485689
      -16.1800000000            8.7647266963
      -16.1700000000            8.7621030761
      -16.1600000000            8.7760415954
      -16.1500000000            8.8072237775
      -16.1400000000            8.8562737051
      -16.1300000000            8.9237800499
      -16.1200000000            9.0103152068
      -16.1100000000            9.1164516277
      -16.1000000000            9.2427755040
      -16.0900000000            9.3898979606
      -16.0800000000            9.5584639109
      -16.0700000000            9.7491586907
      -16.0600000000            9.9627125447
      -16.0500000000           10.1999029853
      -16.0400000000           10.4615549815
      -16.0300000000           10.7485388743
      -16.0200000000           11.0617658391
      -16.0100000000           11.4021806449
      -16.0000000000           11.7707513674
      -15.9900000000           12.1684556167
      -15.9800000000           12.5962627225
      -15.9700000000           13.0551111752
      -15.9600000000           13.5458804515
      -15.9500000000           14.0693561540
      -15.9400000000           14.6261871697
      -15.9300000000           15.2168333259
      -15.9200000000           15.8415018317
      -15.9100000000           16.5000706991
      -15.9000000000           17.1919974437
      -15.8900000000           17.9162117846
      -15.8800000000           18.6709919565
      -15.8700000000           19.4538257618
      -15.8600000000           20.2612597599
      -15.8500000000           21.0887430808
      -15.8400000000           21.9304761961
      -15.8300000000           22.7792793565
      -15.8200000000           23.6264998052
      -15.8100000000           24.4619805670
      -15.8000000000           25.2741155327
      -15.7900000000           26.0500145135
      -15.7800000000           26.7757967438
      -15.7700000000           27.4370211547
      -15.7600000000           28.0192466367
      -15.7500000000           28.5086966750
      -15.7400000000           28.8929828256
      -15.7300000000           29.1618243607
      -15.7200000000           29.3076913683
      -15.7100000000           29.3262992510
      -15.7000000000           29.2168954985
      -15.6900000000           28.9823035226
      -15.6800000000           28.6287190290
      -15.6700000000           28.1652857922
      -15.6600000000           27.6035035558
      -15.6500000000           26.9565364708
      -15.6400000000           26.2384941326
      -15.6300000000           25.4637499300
      -15.6200000000           24.6463462985
      -15.6100000000           23.7995177230
      -15.6000000000           22.9353438616
      -15.5900000000           22.0645297410
      -15.5800000000           21.1962990536
      -15.5700000000           20.3383803502
      -15.5600000000           19.4970637378
      -15.5500000000           18.6773064913
      -15.5400000000           17.8828686438
      -15.5300000000           17.1164631601
      -15.5200000000           16.3799089987
      -15.5100000000           15.6742787741
      -15.5000000000           15.0000356095
      -15.4900000000           14.3571560472
      -15.4800000000           13.7452375903
      -15.4700000000           13.1635906709
      -15.4600000000           12.6113156689
      -15.4500000000           12.0873661421
      -15.4400000000           11.5905997356
      -15.4300000000           11.1198183882
      -15.4200000000           10.6737994692
      -15.4100000000           10.2513194076
      -15.4000000000            9.8511712357
      -15.3900000000            9.4721772891
      -15.3800000000            9.1131981083
      -15.3700000000            8.7731383979
      -15.3600000000            8.4509507237
      -15.3500000000            8.1456374832
      -15.3400000000            7.8562515716
      -15.3300000000            7.5818960705
      -15.3200000000            7.3217232241
      -15.3100000000            7.0749329071
      -15.3000000000            6.8407707502
      -15.2900000000            6.6185260485
      -15.2800000000            6.4075295474
      -15.2700000000            6.2071511717
      -15.2600000000            6.0167977462
      -15.2500000000            5.8359107335
      -15.2400000000            5.6639640084
      -15.2300000000            5.5004616796
      -15.2200000000            5.3449359689
      -15.2100000000            5.1969451582
      -15.2000000000            5.0560716230
      -15.1900000000            4.9219199726
      -15.1800000000            4.7941153303
      -15.1700000000            4.6723017894
      -15.1600000000            4.5561410919
      -15.1500000000            4.4453115707
      -15.1400000000            4.3395074024
      -15.1300000000            4.2384381953
      -15.1200000000            4.1418289269
      -15.1100000000            4.0494202089
      -15.1000000000            3.9609688284
      -15.0900000000            3.8762484722
      -15.0800000000            3.7950505147
      -15.0700000000            3.7171847240
      -15.0600000000            3.6424797418
      -15.0500000000            3.5707832113
      -15.0400000000            3.5019614635
      -15.0300000000            3.4358987320
      -15.0200000000            3.3724959181
      -15.0100000000            3.3116689888
      -15.0000000000            3.2533471236
      -14.9900000000            3.1974707505
      -14.9800000000            3.1439896030
      -14.9700000000            3.0928609176
      -14.9600000000            3.0440478536
      -14.9500000000            2.9975181845
      -14.9400000000            2.9532432760
      -14.9300000000            2.9111973362
      -14.9200000000            2.8713569027
      -14.9100000000            2.8337005204
      -14.9000000000            2.7982085567
      -14.8900000000            2.7648631028
      -14.8800000000            2.7336479088
      -14.8700000000            2.7045483104
      -14.8600000000            2.6775511056
      -14.8500000000            2.6526443470
      -14.8400000000            2.6298170180
      -14.8300000000            2.6090585652
      -14.8200000000            2.5903582606
      -14.8100000000            2.5737043712
      -14.8000000000            2.5590831147
      -14.7900000000            2.5464773853
      -14.7800000000            2.5358652417
      -14.7700000000            2.5272181575
      -14.7600000000            2.5204990511
      -14.7500000000            2.5156601335
      -14.7400000000            2.5126406389
      -14.7300000000            2.5113645378
      -14.7200000000            2.5117383716
      -14.7100000000            2.5136493887
      -14.7000000000            2.5169642024
      -14.6900000000            2.5215282169
      -14.6800000000            2.5271660780
      -14.6700000000            2.5336833800
      -14.6600000000            2.5408697962
      -14.6500000000            2.5485036855
      -14.6400000000            2.5563580698
      -14.6300000000            2.5642076827
      -14.6200000000            2.5718365848
      -14.6100000000            2.5790456697
      -14.6000000000            2.5856592733
      -14.5900000000            2.5915300974
      -14.5800000000            2.5965417796
      -14.5700000000            2.6006086835
      -14.5600000000            2.6036728188
      -14.5500000000            2.6056981712
      -14.5400000000            2.6066630750
      -14.5300000000            2.6065515297
      -14.5200000000            2.6053445102
      -14.5100000000            2.6030123295
      -14.5000000000            2.5995089917
      -14.4900000000            2.5947692387
      -14.4800000000            2.5887086895
      -14.4700000000            2.5812271280
      -14.4600000000            2.5722146479
      -14.4500000000            2.5615600578
      -14.4400000000            2.5491606971
      -14.4300000000            2.5349326622
      -14.4200000000            2.5188203952
      -14.4100000000            2.5008046566
      -14.4000000000            2.4809080893
      -14.3900000000            2.4591978467
      -14.3800000000            2.4357850817
      -14.3700000000            2.4108214171
      -14.3600000000            2.3844928112
      -14.3500000000            2.3570114499
      -14.3400000000            2.3286064244
      -14.3300000000            2.2995139857
      -14.3200000000            2.2699681116
      -14.3100000000            2.2401920072
      -14.3000000000            2.2103910036
      -14.2900000000            2.1807471518
      -14.2800000000            2.1514156515
      -14.2700000000            2.1225231182
      -14.2600000000            2.0941675805
      -14.2500000000            2.0664200233
      -14.2400000000            2.0393272305
      -14.2300000000            2.0129156406
      -14.2200000000            1.9871958976
      -14.2100000000            1.9621677590
      -14.2000000000            1.9378250123
      -14.1900000000            1.9141600627
      -14.1800000000            1.8911678871
      -14.1700000000            1.8688491114
      -14.1600000000            1.8472120583
      -14.1500000000            1.8262737156
      -14.1400000000            1.8060596882
      -14.1300000000            1.7866032891
      -14.1200000000            1.7679439955
      -14.1100000000            1.7501255265
      -14.1000000000            1.7331937951
      -14.0900000000            1.7171949504
      -14.0800000000            1.7021736732
      -14.0700000000            1.6881718209
      -14.0600000000            1.6752274635
      -14.0500000000            1.6633742969
      -14.0400000000            1.6526413883
      -14.0300000000            1.6430531857
      -14.0200000000            1.6346297140
      -14.0100000000            1.6273868820
      -14.0000000000            1.6213368312
      -13.9900000000            1.6164882672
      -13.9800000000            1.6128467279
      -13.9700000000            1.6104147526
      -13.9600000000            1.6091919292
      -13.9500000000            1.6091748075
      -13.9400000000            1.6103566772
      -13.9300000000            1.6127272197
      -13.9200000000            1.6162720589
      -13.9100000000            1.6209722440
      -13.9000000000            1.6268037200
      -13.8900000000            1.6337368537
      -13.8800000000            1.6417361030
      -13.8700000000            1.6507599318
      -13.8600000000            1.6607610839
      -13.8500000000            1.6716873306
      -13.8400000000            1.6834827934
      -13.8300000000            1.6960899164
      -13.8200000000            1.7094521088
      -13.8100000000            1.7235170134
      -13.8000000000            1.7382402708
      -13.7900000000            1.7535895632
      -13.7800000000            1.7695486486
      -13.7700000000            1.7861210428
      -13.7600000000            1.8033330047
      -13.7500000000            1.8212355166
      -13.7400000000            1.8399050450
      -13.7300000000            1.8594429851
      -13.7200000000            1.8799738312
      -13.7100000000            1.9016422397
      -13.7000000000            1.9246092419
      -13.6900000000            1.9490479120
      -13.6800000000            1.9751387872
      -13.6700000000            2.0030652909
      -13.6600000000            2.0330093283
      -13.6500000000            2.0651471342
      -13.6400000000            2.0996453584
      -13.6300000000            2.1366573013
      -13.6200000000            2.1763191552
      -13.6100000000            2.2187460756
      -13.6000000000            2.2640279037
      -13.5900000000            2.3122243762
      -13.5800000000            2.3633597016
      -13.5700000000            2.4174164449
      -13.5600000000            2.4743287502
      -13.5500000000            2.5339750410
      -13.5400000000            2.5961704744
      -13.5300000000            2.6606595829
      -13.5200000000            2.7271097077
      -13.5100000000            2.7951059995
      -13.5000000000            2.8641489085
      -13.4900000000            2.9336551731
      -13.4800000000            3.0029633103
      -13.4700000000            3.0713444588
      -13.4600000000            3.1380191028
      -13.4500000000            3.2021796956
      -13.4400000000            3.2630185233
      -13.4300000000            3.3197593758
      -13.4200000000            3.3716908323
      -13.4100000000            3.4181983675
      -13.4000000000            3.4587921995
      -13.3900000000            3.4931279371
      -13.3800000000            3.5210176990
      -13.3700000000            3.5424304034
      -13.3600000000            3.5574812252
      -13.3500000000            3.5664115576
      -13.3400000000            3.5695619698
      -13.3300000000            3.5673414166
      -13.3200000000            3.5601962210
      -13.3100000000            3.5485821001
      -13.3000000000            3.5329418204
      -13.2900000000            3.5136900917
      -13.2800000000            3.4912062157
      -13.2700000000            3.4658339563
      -13.2600000000            3.4378872363
      -13.2500000000            3.4076596856
      -13.2400000000            3.3754358116
      -13.2300000000            3.3415016517
      -13.2200000000            3.3061531314
      -13.2100000000            3.2697009318
      -13.2000000000            3.2324713437
      -13.1900000000            3.1948032469
      -13.1800000000            3.1570418981
      -13.1700000000            3.1195305773
      -13.1600000000            3.0826013025
      -13.1500000000            3.0465657777
      -13.1400000000            3.0117075523
      -13.1300000000            2.9782760754
      -13.1200000000            2.9464829975
      -13.1100000000            2.9165007555
      -13.1000000000            2.8884632006
      -13.0900000000            2.8624678229
      -13.0800000000            2.8385790082
      -13.0700000000            2.8168317178
      -13.0600000000            2.7972350271
      -13.0500000000            2.7797750660
      -13.0400000000            2.7644170639
      -13.0300000000            2.7511063891
      -13.0200000000            2.7397686574
      -13.0100000000            2.7303091510
      -13.0000000000            2.7226119155
      -12.9900000000            2.7165389801
      -12.9800000000            2.7119301784
      -12.9700000000            2.7086040298
      -12.9600000000            2.7063600831
      -12.9500000000            2.7049830193
      -12.9400000000            2.7042486607
      -12.9300000000            2.7039318361
      -12.9200000000            2.7038158158
      -12.9100000000            2.7037027805
      -12.9000000000            2.7034245561
      -12.8900000000            2.7028526847
      -12.8800000000            2.7019068535
      -12.8700000000            2.7005607992
      -12.8600000000            2.6988450425
      -12.8500000000            2.6968461579
      -12.8400000000            2.6947026842
      -12.8300000000            2.6925981559
      -12.8200000000            2.6907520209
      -12.8100000000            2.6894093638
      -12.8000000000            2.6888303592
      -12.7900000000            2.6892802630
      -12.7800000000            2.6910205485
      -12.7700000000            2.6943015569
      -12.7600000000            2.6993567991
      -12.7500000000            2.7063988567
      -12.7400000000            2.7156166911
      -12.7300000000            2.7271740906
      -12.7200000000            2.7412089609
      -12.7100000000            2.7578331793
      -12.7000000000            2.7771327786
      -12.6900000000            2.7991682959
      -12.6800000000            2.8239751953
      -12.6700000000            2.8515643602
      -12.6600000000            2.8819227293
      -12.6500000000            2.9150142316
      -12.6400000000            2.9507812363
      -12.6300000000            2.9891467796
      -12.6200000000            3.0300178448
      -12.6100000000            3.0732899436
      -12.6000000000            3.1188531703
      -12.5900000000            3.1665997703
      -12.5800000000            3.2164330842
      -12.5700000000            3.2682775207
      -12.5600000000            3.3220889999
      -12.5500000000            3.3778651389
      -12.5400000000            3.4356543612
      -12.5300000000            3.4955631318
      -12.5200000000            3.5577606700
      -12.5100000000            3.6224807434
      -12.5000000000            3.6900204769
      -12.4900000000            3.7607364425
      -12.4800000000            3.8350385850
      -12.4700000000            3.9133827275
      -12.4600000000            3.9962624705
      -12.4500000000            4.0842012484
      -12.4400000000            4.1777451625
      -12.4300000000            4.2774570111
      -12.4200000000            4.3839117133
      -12.4100000000            4.4976931169
      -12.4000000000            4.6193919984
      -12.3900000000            4.7496049315
      -12.3800000000            4.8889335974
      -12.3700000000            5.0379840500
      -12.3600000000            5.1973654175
      -12.3500000000            5.3676875084
      -12.3400000000            5.5495568026
      -12.3300000000            5.7435703395
      -12.3200000000            5.9503070640
      -12.3100000000            6.1703162664
      -12.3000000000            6.4041028549
      -12.2900000000            6.6521093342
      -12.2800000000            6.9146945352
      -12.2700000000            7.1921093653
      -12.2600000000            7.4844701146
      -12.2500000000            7.7917301633
      -12.2400000000            8.1136512701
      -12.2300000000            8.4497759272
      -12.2200000000            8.7994024980
      -12.2100000000            9.1615649064
      -12.2000000000            9.5350184488
      -12.1900000000            9.9182327706
      -12.1800000000           10.3093921907
      -12.1700000000           10.7064024246
      -12.1600000000           11.1069015785
      -12.1500000000           11.5082723389
      -12.1400000000           11.9076519649
      -12.1300000000           12.3019373369
      -12.1200000000           12.6877841098
      -12.1100000000           13.0616018924
      -12.1000000000           13.4195508823
      -12.0900000000           13.7575488037
      -12.0800000000           14.0712993594
      -12.0700000000           14.3563538003
      -12.0600000000           14.6082149347
      -12.0500000000           14.8224877594
      -12.0400000000           14.9950733474
      -12.0300000000           15.1223938357
      -12.0200000000           15.2016280447
      -12.0100000000           15.2309313924
      -12.0000000000           15.2096120398
      -11.9900000000           15.1382385307
      -11.9800000000           15.0186623047
      -11.9700000000           14.8539498716
      -11.9600000000           14.6482317837
      -11.9500000000           14.4064862535
      -11.9400000000           14.1342823061
      -11.9300000000           13.8375097265
      -11.9200000000           13.5221209729
      -11.9100000000           13.1939048097
      -11.9000000000           12.8583042966
      -11.8900000000           12.5202845258
      -11.8800000000           12.1842493271
      -11.8700000000           11.8540017024
      -11.8600000000           11.5327401526
      -11.8500000000           11.2230820977
      -11.8400000000           10.9271058447
      -11.8300000000           10.6464035962
      -11.8200000000           10.3821393934
      -11.8100000000           10.1351073816
      -11.8000000000            9.9057871680
      -11.7900000000            9.6943942217
      -11.7800000000            9.5009242067
      -11.7700000000            9.3251908547
      -11.7600000000            9.1668574966
      -11.7500000000            9.0254627295
      -11.7400000000            8.9004409269
      -11.7300000000            8.7911384444
      -11.7200000000            8.6968264593
      -11.7100000000            8.6167114286
      -11.7000000000            8.5499441706
      -11.6900000000            8.4956285839
      -11.6800000000            8.4528309934
      -11.6700000000            8.4205910615
      -11.6600000000            8.3979350713
      -11.6500000000            8.3838921714
      -11.6400000000            8.3775138194
      -11.6300000000            8.3778961883
      -11.6200000000            8.3842047203
      -11.6100000000            8.3956994162
      -11.6000000000            8.4117589284
      -11.5900000000            8.4319012279
      -11.5800000000            8.4557986256
      -11.5700000000            8.4832853211
      -11.5600000000            8.5143563779
      -11.5500000000            8.5491579903
      -11.5400000000            8.5879699314
      -11.5300000000            8.6311819796
      -11.5200000000            8.6792667539
      -11.5100000000            8.7327516748
      -11.5000000000            8.7921926893
      -11.4900000000            8.8581520367
      -11.4800000000            8.9311817702
      -11.4700000000            9.0118141031
      -11.4600000000            9.1005589939
      -11.4500000000            9.1979087829
      -11.4400000000            9.3043491659
      -11.4300000000            9.4203753479
      -11.4200000000            9.5465118734
      -11.4100000000            9.6833343862
      -11.4000000000            9.8314914503
      -11.3900000000            9.9917245799
      -11.3800000000           10.1648847975
      -11.3700000000           10.3519443395
      -11.3600000000           10.5540025435
      -11.3500000000           10.7722854081
      -11.3400000000           11.0081387565
      -11.3300000000           11.2630152832
      -11.3200000000           11.5384559719
      -11.3100000000           11.8360664088
      -11.3000000000           12.1574883879
      -11.2900000000           12.5043669349
      -11.2800000000           12.8783125312
      -11.2700000000           13.2808579452
      -11.2600000000           13.7134087546
      -11.2500000000           14.1771864349
      -11.2400000000           14.6731628513
      -11.2300000000           15.2019851995
      -11.2200000000           15.7638909303
      -11.2100000000           16.3586130298
      -11.2000000000           16.9852772226
      -11.1900000000           17.6422942177
      -11.1800000000           18.3272519513
      -11.1700000000           19.0368147486
      -11.1600000000           19.7666381598
      -11.1500000000           20.5113095817
      -11.1400000000           21.2643252318
      -11.1300000000           22.0181132009
      -11.1200000000           22.7641099353
      -11.1100000000           23.4928936370
      -11.1000000000           24.1943731582
      -11.0900000000           24.8580258523
      -11.0800000000           25.4731735767
      -11.0700000000           26.0292836006
      -11.0600000000           26.5162810099
      -11.0500000000           26.9248610056
      -11.0400000000           27.2467921407
      -11.0300000000           27.4752034622
      -11.0200000000           27.6048483673
      -11.0100000000           27.6323353000
      -11.0000000000           27.5563110390
      -10.9900000000           27.3775782686
      -10.9800000000           27.0991278269
      -10.9700000000           26.7260693849
      -10.9600000000           26.2654528084
      -10.9500000000           25.7259847909
      -10.9400000000           25.1176588047
      -10.9300000000           24.4513277937
      -10.9200000000           23.7382556899
      -10.9100000000           22.9896845195
      -10.9000000000           22.2164489361
      -10.8900000000           21.4286611013
      -10.8800000000           20.6354781780
      -10.8700000000           19.8449544443
      -10.8600000000           19.0639717371
      -10.8500000000           18.2982363562
      -10.8400000000           17.5523277664
      -10.8300000000           16.8297839817
      -10.8200000000           16.1332097395
      -10.8100000000           15.4643957764
      -10.8000000000           14.8244401028
      -10.7900000000           14.2138647323
      -10.7800000000           13.6327235819
      -10.7700000000           13.0806991039
      -10.7600000000           12.5571866196
      -10.7500000000           12.0613663211
      -10.7400000000           11.5922635711
      -10.7300000000           11.1487985216
      -10.7200000000           10.7298262639
      -10.7100000000           10.3341687804
      -10.7000000000            9.9606399311
      -10.6900000000            9.6080646170
      -10.6800000000            9.2752931465
      -10.6700000000            8.9612116979
      -10.6600000000            8.6647496453
      -10.6500000000            8.3848843934
      -10.6400000000            8.1206442580
      -10.6300000000            7.8711098328
      -10.6200000000            7.6354142014
      -10.6100000000            7.4127422813
      -10.6000000000            7.2023295298
      -10.5900000000            7.0034601928
      -10.5800000000            6.8154652362
      -10.5700000000            6.6377200678
      -10.5600000000            6.4696421322
      -10.5500000000            6.3106884372
      -10.5400000000            6.1603530560
      -10.5300000000            6.0181646346
      -10.5200000000            5.8836839239
      -10.5100000000            5.7565013476
      -10.5000000000            5.6362346134
      -10.4900000000            5.5225263708
      -10.4800000000            5.4150419180
      -10.4700000000            5.3134669630
      -10.4600000000            5.2175054477
      -10.4500000000            5.1268774494
      -10.4400000000            5.0413171854
      -10.4300000000            4.9605711544
      -10.4200000000            4.8843964610
      -10.4100000000            4.8125593832
      -10.4000000000            4.7448342468
      -10.3900000000            4.6810026797
      -10.3800000000            4.6208533081
      -10.3700000000            4.5641819453
      -10.3600000000            4.5107922911
      -10.3500000000            4.4604971189
      -10.3400000000            4.4131198768
      -10.3300000000            4.3684965734
      -10.3200000000            4.3264777755
      -10.3100000000            4.2869305133
      -10.3000000000            4.2497398882
      -10.2900000000            4.2148102096
      -10.2800000000            4.1820655424
      -10.2700000000            4.1514496262
      -10.2600000000            4.1229252055
      -10.2500000000            4.0964728775
      -10.2400000000            4.0720896023
      -10.2300000000            4.0497870285
      -10.2200000000            4.0295897631
      -10.2100000000            4.0115336726
      -10.2000000000            3.9956642534
      -10.1900000000            3.9820350705
      -10.1800000000            3.9707062368
      -10.1700000000            3.9617429033
      -10.1600000000            3.9552137345
      -10.1500000000            3.9511893679
      -10.1400000000            3.9497408707
      -10.1300000000            3.9509382232
      -10.1200000000            3.9548488670
      -10.1100000000            3.9615363554
      -10.1000000000            3.9710591434
      -10.0900000000            3.9834695529
      -10.0800000000            3.9988129498
      -10.0700000000            4.0171271794
      -10.0600000000            4.0384423189
      -10.0500000000            4.0627808241
      -10.0400000000            4.0901581672
      -10.0300000000            4.1205840766
      -10.0200000000            4.1540644993
      -10.0100000000            4.1906043979
      -10.0000000000            4.2302114727
       -9.9900000000            4.2729008505
       -9.9800000000            4.3187007153
       -9.9700000000            4.3676587690
       -9.9600000000            4.4198493111
       -9.9500000000            4.4753806307
       -9.9400000000            4.5344023206
       -9.9300000000            4.5971120726
       -9.9200000000            4.6637615028
       -9.9100000000            4.7346605984
       -9.9000000000            4.8101804570
       -9.8900000000            4.8907541160
       -9.8800000000            4.9768753944
       -9.8700000000            5.0690957986
       -9.8600000000            5.1680196309
       -9.8500000000            5.2742974818
       -9.8400000000            5.3886182677
       -9.8300000000            5.5116998998
       -9.8200000000            5.6442785408
       -9.8100000000            5.7870962461
       -9.8000000000            5.9408866027
       -9.7900000000            6.1063577991
       -9.7800000000            6.2841723993
       -9.7700000000            6.4749229718
       -9.7600000000            6.6791026628
       -9.7500000000            6.8970698318
       -9.7400000000            7.1290060184
       -9.7300000000            7.3748668274
       -9.7200000000            7.6343258550
       -9.7100000000            7.9067125854
       -9.7000000000            8.1909463066
       -9.6900000000            8.4854695403
       -9.6800000000            8.7881862130
       -9.6700000000            9.0964116719
       -9.6600000000            9.4068434189
       -9.6500000000            9.7155626916
       -9.6400000000           10.0180772295
       -9.6300000000           10.3094141473
       -9.6200000000           10.5842683078
       -9.6100000000           10.8372057628
       -9.6000000000           11.0629140700
       -9.5900000000           11.2564826403
       -9.5800000000           11.4136884039
       -9.5700000000           11.5312570104
       -9.5600000000           11.6070692648
       -9.5500000000           11.6402874135
       -9.5400000000           11.6313857615
       -9.5300000000           11.5820830560
       -9.5200000000           11.4951873745
       -9.5100000000           11.3743750802
       -9.5000000000           11.2239317529
       -9.4900000000           11.0484841357
       -9.4800000000           10.8527486725
       -9.4700000000           10.6413156662
       -9.4600000000           10.4184803049
       -9.4500000000           10.1881243937
       -9.4400000000            9.9536466698
       -9.4300000000            9.7179355292
       -9.4200000000            9.4833758126
       -9.4100000000            9.2518806534
       -9.4000000000            9.0249398222
       -9.3900000000            8.8036770808
       -9.3800000000            8.5889104424
       -9.3700000000            8.3812106939
       -9.3600000000            8.1809549267
       -9.3500000000            7.9883730725
       -9.3400000000            7.8035865064
       -9.3300000000            7.6266386352
       -9.3200000000            7.4575180332
       -9.3100000000            7.2961751072
       -9.3000000000            7.1425334959
       -9.2900000000            6.9964974585
       -9.2800000000            6.8579564172
       -9.2700000000            6.7267876551
       -9.2600000000            6.6028579528
       -9.2500000000            6.4860247336
       -9.2400000000            6.3761370873
       -9.2300000000            6.2730368871
       -9.2200000000            6.1765600876
       -9.2100000000            6.0865382162
       -9.2000000000            6.0028000175
       -9.1900000000            5.9251731883
       -9.1800000000            5.8534861345
       -9.1700000000            5.7875696867
       -9.1600000000            5.7272587226
       -9.1500000000            5.6723936577
       -9.1400000000            5.6228217821
       -9.1300000000            5.5783984306
       -9.1200000000            5.5389879862
       -9.1100000000            5.5044647240
       -9.1000000000            5.4747135081
       -9.0900000000            5.4496303582
       -9.0800000000            5.4291229034
       -9.0700000000            5.4131107424
       -9.0600000000            5.4015257275
       -9.0500000000            5.3943121893
       -9.0400000000            5.3914271169
       -9.0300000000            5.3928403073
       -9.0200000000            5.3985344926
       -9.0100000000            5.4085054553
       -9.0000000000            5.4227621356
       -8.9900000000            5.4413267353
       -8.9800000000            5.4642348165
       -8.9700000000            5.4915353946
       -8.9600000000            5.5232910193
       -8.9500000000            5.5595778327
       -8.9400000000            5.6004855946
       -8.9300000000            5.6461176555
       -8.9200000000            5.6965908568
       -8.9100000000            5.7520353316
       -8.9000000000            5.8125941739
       -8.8900000000            5.8784229396
       -8.8800000000            5.9496889365
       -8.8700000000            6.0265702585
       -8.8600000000            6.1092545131
       -8.8500000000            6.1979371973
       -8.8400000000            6.2928196769
       -8.8300000000            6.3941067404
       -8.8200000000            6.5020037200
       -8.8100000000            6.6167132052
       -8.8000000000            6.7384314298
       -8.7900000000            6.8673444787
       -8.7800000000            7.0036245589
       -8.7700000000            7.1474266881
       -8.7600000000            7.2988862864
       -8.7500000000            7.4581182986
       -8.7400000000            7.6252185972
       -8.7300000000            7.8002685215
       -8.7200000000            7.9833434295
       -8.7100000000            8.1745260797
       -8.7000000000            8.3739254528
       -8.6900000000            8.5817012812
       -8.6800000000            8.7980940666
       -8.6700000000            9.0234597900
       -8.6600000000            9.2583079321
       -8.6500000000            9.5033409450
       -8.6400000000            9.7594930669
       -8.6300000000           10.0279664505
       -8.6200000000           10.3102630316
       -8.6100000000           10.6082113521
       -8.6000000000           10.9239885734
       -8.5900000000           11.2601389984
       -8.5800000000           11.6195914012
       -8.5700000000           12.0056781981
       -8.5600000000           12.4221599231
       -8.5500000000           12.8732585952
       -8.5400000000           13.3637034701
       -8.5300000000           13.8987924491
       -8.5200000000           14.4844722048
       -8.5100000000           15.1274399469
       -8.5000000000           15.8352697571
       -8.4900000000           16.6165665496
       -8.4800000000           17.4811509135
       -8.4700000000           18.4402782274
       -8.4600000000           19.5068952752
       -8.4500000000           20.6959367805
       -8.4400000000           22.0246621967
       -8.4300000000           23.5130287946
       -8.4200000000           25.1840890051
       -8.4100000000           27.0643856105
       -8.4000000000           29.1842938311
       -8.3900000000           31.5782186513
       -8.3800000000           34.2844901686
       -8.3700000000           37.3446975375
       -8.3600000000           40.8020494409
       -8.3500000000           44.6981352965
       -8.3400000000           49.0671935158
       -8.3300000000           53.9267285361
       -8.3200000000           59.2632279939
       -8.3100000000           65.0121931661
       -8.3000000000           71.0333659271
       -8.2900000000           77.0857091375
       -8.2800000000           82.8125711911
       -8.2700000000           87.7534893670
       -8.2600000000           91.3992889882
       -8.2500000000           93.2934418482
       -8.2400000000           93.1540733580
       -8.2300000000           90.9645357099
       -8.2200000000           86.9839880102
       -8.2100000000           81.6705488325
       -8.2000000000           75.5576152679
       -8.1900000000           69.1399980813
       -8.1800000000           62.8054682309
       -8.1700000000           56.8152176684
       -8.1600000000           51.3172397729
       -8.1500000000           46.3737265147
       -8.1400000000           41.9894331399
       -8.1300000000           38.1348871860
       -8.1200000000           34.7629988109
       -8.1100000000           31.8198714535
       -8.1000000000           29.2512837522
       -8.0900000000           27.0062401469
       -8.0800000000           25.0386688689
       -8.0700000000           23.3080145959
       -8.0600000000           21.7792088621
       -8.0500000000           20.4223150898
       -8.0400000000           19.2120232654
       -8.0300000000           18.1270936732
       -8.0200000000           17.1498041296
       -8.0100000000           16.2654293291
       -8.0000000000           15.4617664313
       -7.9900000000           14.7287129515
       -7.9800000000           14.0578984100
       -7.9700000000           13.4423684187
       -7.9600000000           12.8763181075
       -7.9500000000           12.3548706382
       -7.9400000000           11.8738958581
       -7.9300000000           11.4298638323
       -7.9200000000           11.0197280013
       -7.9100000000           10.6408329732
       -7.9000000000           10.2908423992
       -7.8900000000            9.9676829300
       -7.8800000000            9.6695008397
       -7.8700000000            9.3946284832
       -7.8600000000            9.1415582938
       -7.8500000000            8.9089225018
       -7.8400000000            8.6954771604
       -7.8300000000            8.5000893977
       -7.8200000000            8.3217270847
       -7.8100000000            8.1594503140
       -7.8000000000            8.0124042517
       -7.7900000000            7.8798130420
       -7.7800000000            7.7609745382
       -7.7700000000            7.6552556977
       -7.7600000000            7.5620885294
       -7.7500000000            7.4809665119
       -7.7400000000            7.4114414319
       -7.7300000000            7.3531206006
       -7.7200000000            7.3056644267
       -7.7100000000            7.2687843259
       -7.7000000000            7.2422409564
       -7.6900000000            7.2258427752
       -7.6800000000            7.2194449088
       -7.6700000000            7.2229483416
       -7.6600000000            7.2362994202
       -7.6500000000            7.2594896819
       -7.6400000000            7.2925560115
       -7.6300000000            7.3355811375
       -7.6200000000            7.3886944803
       -7.6100000000            7.4520733667
       -7.6000000000            7.5259446302
       -7.5900000000            7.6105866188
       -7.5800000000            7.7063316358
       -7.5700000000            7.8135688435
       -7.5600000000            7.9327476645
       -7.5500000000            8.0643817168
       -7.5400000000            8.2090533274
       -7.5300000000            8.3674186704
       -7.5200000000            8.5402135817
       -7.5100000000            8.7282601047
       -7.5000000000            8.9324738270
       -7.4900000000            9.1538720670
       -7.4800000000            9.3935829725
       -7.4700000000            9.6528555892
       -7.4600000000            9.9330709499
       -7.4500000000           10.2357542269
       -7.4400000000           10.5625879660
       -7.4300000000           10.9154263952
       -7.4200000000           11.2963107542
       -7.4100000000           11.7074855310
       -7.4000000000           12.1514154023
       -7.3900000000           12.6308025566
       -7.3800000000           13.1486039123
       -7.3700000000           13.7080475278
       -7.3600000000           14.3126472114
       -7.3500000000           14.9662139577
       -7.3400000000           15.6728623586
       -7.3300000000           16.4370095122
       -7.3200000000           17.2633631911
       -7.3100000000           18.1568950918
       -7.3000000000           19.1227938790
       -7.2900000000           20.1663914735
       -7.2800000000           21.2930546750
       -7.2700000000           22.5080328744
       -7.2600000000           23.8162515234
       -7.2500000000           25.2220405352
       -7.2400000000           26.7287874239
       -7.2300000000           28.3385074843
       -7.2200000000           30.0513285931
       -7.2100000000           31.8648973344
       -7.2000000000           33.7737270716
       -7.1900000000           35.7685277790
       -7.1800000000           37.8355813166
       -7.1700000000           39.9562519129
       -7.1600000000           42.1067449094
       -7.1500000000           44.2582395064
       -7.1400000000           46.3775135590
       -7.1300000000           48.4281411949
       -7.1200000000           50.3722726363
       -7.1100000000           52.1729051153
       -7.1000000000           53.7964417778
       -7.0900000000           55.2152406581
       -7.0800000000           56.4098101285
       -7.0700000000           57.3703335181
       -7.0600000000           58.0973059489
       -7.0500000000           58.6012181735
       -7.0400000000           58.9013847973
       -7.0300000000           59.0241447642
       -7.0200000000           59.0007309163
       -7.0100000000           58.8651056948
       -7.0000000000           58.6520052223
       -6.9900000000           58.3953493288
       -6.9800000000           58.1270864194
       -6.9700000000           57.8764681995
       -6.9600000000           57.6696990631
       -6.9500000000           57.5298788353
       -6.9400000000           57.4771507183
       -6.9300000000           57.5289720143
       -6.9200000000           57.7004371656
       -6.9100000000           58.0045960321
       -6.9000000000           58.4527220655
       -6.8900000000           59.0544935242
       -6.8800000000           59.8180556044
       -6.8700000000           60.7499325359
       -6.8600000000           61.8547570472
       -6.8500000000           63.1347813747
       -6.8400000000           64.5891311123
       -6.8300000000           66.2127636419
       -6.8200000000           67.9951011551
       -6.8100000000           69.9183308389
       -6.8000000000           71.9554102126
       -6.7900000000           74.0678935434
       -6.7800000000           76.2038136167
       -6.7700000000           78.2960115944
       -6.7600000000           80.2614875622
       -6.7500000000           82.0024959346
       -6.7400000000           83.4101446319
       -6.7300000000           84.3710581476
       -6.7200000000           84.7771328411
       -6.7100000000           84.5375493165
       -6.7000000000           83.5912016725
       -6.6900000000           81.9169497972
       -6.6800000000           79.5390562939
       -6.6700000000           76.5260813485
       -6.6600000000           72.9831727499
       -6.6500000000           69.0394667066
       -6.6400000000           64.8334705943
       -6.6300000000           60.4994207405
       -6.6200000000           56.1568109370
       -6.6100000000           51.9040584886
       -6.6000000000           47.8161442977
       -6.5900000000           43.9453493341
       -6.5800000000           40.3239618069
       -6.5700000000           36.9679227398
       -6.5600000000           33.8806392745
       -6.5500000000           31.0564863269
       -6.5400000000           28.4837606917
       -6.5300000000           26.1470213933
       -6.5200000000           24.0288506693
       -6.5100000000           22.1111184768
       -6.5000000000           20.3758481861
       -6.4900000000           18.8057769752
       -6.4800000000           17.3846915076
       -6.4700000000           16.0976039215
       -6.4600000000           14.9308182377
       -6.4500000000           13.8719244661
       -6.4400000000           12.9097473412
       -6.4300000000           12.0342686424
       -6.4200000000           11.2365360910
       -6.4100000000           10.5085674772
       -6.4000000000            9.8432555775
       -6.3900000000            9.2342772620
       -6.3800000000            8.6760087134
       -6.3700000000            8.1634476858
       -6.3600000000            7.6921430888
       -6.3500000000            7.2581317728
       -6.3400000000            6.8578821506
       -6.3300000000            6.4882441570
       -6.3200000000            6.1464049905
       -6.3100000000            5.8298500651
       -6.3000000000            5.5363286192
       -6.2900000000            5.2638234588
       -6.2800000000            5.0105243552
       -6.2700000000            4.7748046608
       -6.2600000000            4.5552007523
       -6.2500000000            4.3503939538
       -6.2400000000            4.1591946320
       -6.2300000000            3.9805281936
       -6.2200000000            3.8134227473
       -6.2100000000            3.6569982228
       -6.2000000000            3.5104567655
       -6.1900000000            3.3730742490
       -6.1800000000            3.2441927669
       -6.1700000000            3.1232139847
       -6.1600000000            3.0095932456
       -6.1500000000            2.9028343399
       -6.1400000000            2.8024848590
       -6.1300000000            2.7081320618
       -6.1200000000            2.6193991966
       -6.1100000000            2.5359422213
       -6.1000000000            2.4574468784
       -6.0800000000            1.9797115053
       -6.0700000000            1.9324217298
       -6.0600000000            1.8880330069
       -6.0500000000            1.8464180295
       -6.0400000000            1.8074615882
       -6.0300000000            1.7710596747
       -6.0200000000            1.7371186746
       -6.0100000000            1.7055546355
       -6.0000000000            1.6762925975
       -5.9900000000            1.6492659751
       -5.9800000000            1.6244159772
       -5.9700000000            1.6016910553
       -5.9600000000            1.5810463643
       -5.9500000000            1.5624432265
       -5.9400000000            1.5458485808
       -5.9300000000            1.5312344051
       -5.9200000000            1.5185770922
       -5.9100000000            1.5078567618
       -5.9000000000            1.4990564880
       -5.8900000000            1.4921614183
       -5.8800000000            1.4871577617
       -5.8700000000            1.4840316172
       -5.8600000000            1.4827676181
       -5.8500000000            1.4833473637
       -5.8400000000            1.4857476140
       -5.8300000000            1.4899382261
       -5.8200000000            1.4958798192
       -5.8100000000            1.5035211651
       -5.8000000000            1.5127963175
       -5.7900000000            1.5236215160
       -5.7800000000            1.5358919282
       -5.7700000000            1.5494783258
       -5.7600000000            1.5642238343
       -5.7500000000            1.5799409329
       -5.7400000000            1.5964089295
       -5.7300000000            1.6133721716
       -5.7200000000            1.6305392793
       -5.7100000000            1.6475837007
       -5.7000000000            1.6641458729
       -5.6900000000            1.6798372291
       -5.6800000000            1.6942462164
       -5.6700000000            1.7069463857
       -5.6600000000            1.7175064771
       -5.6500000000            1.7255022779
       -5.6400000000            1.7305298663
       -5.6300000000            1.7322196954
       -5.6200000000            1.7302508258
       -5.6100000000            1.7243644965
       -5.6000000000            1.7143761448
       -5.5900000000            1.7001849726
       -5.5800000000            1.6817802267
       -5.5700000000            1.6592435244
       -5.5600000000            1.6327468258
       -5.5500000000            1.6025460069
       -5.5400000000            1.5689703779
       -5.5300000000            1.5324088731
       -5.5200000000            1.4932939444
       -5.5100000000            1.4520843652
       -5.5000000000            1.4092481815
       -5.4900000000            1.3652469232
       -5.4800000000            1.3205219531
       -5.4700000000            1.2754835287
       -5.4600000000            1.2305028305
       -5.4500000000            1.1859069288
       -5.4400000000            1.1419764334
       -5.4300000000            1.0989454244
       -5.4200000000            1.0570031876
       -5.4100000000            1.0162972633
       -5.4000000000            0.9769373566
       -5.3900000000            0.9389997151
       -5.3800000000            0.9025316588
       -5.3700000000            0.8675560235
       -5.3600000000            0.8340753513
       -5.3500000000            0.8020757224
       -5.3400000000            0.7715301717
       -5.3300000000            0.7424016705
       -5.3200000000            0.7146456813
       -5.3100000000            0.6882123090
       -5.3000000000            0.6630480852
       -5.2900000000            0.6390974237
       -5.2800000000            0.6163037917
       -5.2700000000            0.5946106346
       -5.2600000000            0.5739620938
       -5.2500000000            0.5543035510
       -5.2400000000            0.5355820310
       -5.2300000000            0.5177464863
       -5.2200000000            0.5007479889
       -5.2100000000            0.4845398476
       -5.2000000000            0.4690776654
       -5.1900000000            0.4543193519
       -5.1800000000            0.4402251006
       -5.1700000000            0.4267573401
       -5.1600000000            0.4138806662
       -5.1500000000            0.4015617607
       -5.1400000000            0.3897693011
       -5.1300000000            0.3784738654
       -5.1200000000            0.3676478335
       -5.1100000000            0.3572652890
       -5.1000000000            0.3473019213
       -5.0900000000            0.3377349300
       -5.0800000000            0.3285429330
       -5.0700000000            0.3197058775
       -5.0600000000            0.3112049553
       -5.0500000000            0.3030225226
       -5.0400000000            0.2951420236
       -5.0300000000            0.2875479192
       -5.0200000000            0.2802256190
       -5.0100000000            0.2731614187
       -5.0000000000            0.2663424405
       -4.9900000000            0.2597565779
       -4.9800000000            0.2533924442
       -4.9700000000            0.2472393243
       -4.9600000000            0.2412871297
       -4.9500000000            0.2355263570
       -4.9400000000            0.2299480492
       -4.9300000000            0.2245437591
       -4.9200000000            0.2193055165
       -4.9100000000            0.2142257961
       -4.9000000000            0.2092974893
       -4.8900000000            0.2045138772
       -4.8800000000            0.1998686049
       -4.8700000000            0.1953556592
       -4.8600000000            0.1909693462
       -4.8500000000            0.1867042721
       -4.8400000000            0.1825553235
       -4.8300000000            0.1785176512
       -4.8200000000            0.1745866532
       -4.8100000000            0.1707579605
       -4.8000000000            0.1670274225
       -4.7800000000            0.0000000000
       -4.7700000000            0.0000000000
       -4.7600000000            0.0000000000
       -4.7500000000            0.0000000000
       -4.7400000000            0.0000000000
       -4.7300000000            0.0000000000
       -4.7200000000            0.0000000000
       -4.7100000000            0.0000000000
       -4.7000000000            0.0000000000
       -4.6900000000            0.0000000000
       -4.6800000000            0.0000000000
       -4.6700000000            0.0000000000
       -4.6600000000            0.0000000000
       -4.6500000000            0.0000000000
       -4.6400000000            0.0000000000
       -4.6300000000            0.0000000000
       -4.6200000000            0.0000000000
       -4.6100000000            0.0000000000
       -4.6000000000            0.0000000000
       -4.5900000000            0.0000000000
       -4.5800000000            0.0000000000
       -4.5700000000            0.0000000000
       -4.5600000000            0.0000000000
       -4.5500000000            0.0000000000
       -4.5400000000            0.0000000000
       -4.5300000000            0.0000000000
       -4.5200000000            0.0000000000
       -4.5100000000            0.0000000000
       -4.5000000000            0.0000000000
       -4.4900000000            0.0000000000
       -4.4800000000            0.0000000000
       -4.4700000000            0.0000000000
       -4.4600000000            0.0000000000
       -4.4500000000            0.0000000000
       -4.4400000000            0.0000000000
       -4.4300000000            0.0000000000
       -4.4200000000            0.0000000000
       -4.4100000000            0.0000000000
       -4.4000000000            0.0000000000
       -4.3900000000            0.0000000000
       -4.3800000000            0.0000000000
       -4.3700000000            0.0000000000
       -4.3600000000            0.0000000000
       -4.3500000000            0.0000000000
       -4.3400000000            0.0000000000
       -4.3300000000            0.0000000000
       -4.3200000000            0.0000000000
       -4.3100000000            0.0000000000
       -4.3000000000            0.0000000000
       -4.2800000000            0.0489707459
       -4.2700000000            0.0498721138
       -4.2600000000            0.0507925578
       -4.2500000000            0.0517329543
       -4.2400000000            0.0526942224
       -4.2300000000            0.0536773265
       -4.2200000000            0.0546832789
       -4.2100000000            0.0557131427
       -4.2000000000            0.0567680350
       -4.1900000000            0.0578491304
       -4.1800000000            0.0589576643
       -4.1700000000            0.0600949372
       -4.1600000000            0.0612623183
       -4.1500000000            0.0624612504
       -4.1400000000            0.0636932546
       -4.1300000000            0.0649599349
       -4.1200000000            0.0662629845
       -4.1100000000            0.0676041908
       -4.1000000000            0.0689854421
       -4.0900000000            0.0704087341
       -4.0800000000            0.0718761769
       -4.0700000000            0.0733900027
       -4.0600000000            0.0749525738
       -4.0500000000            0.0765663915
       -4.0400000000            0.0782341046
       -4.0300000000            0.0799585196
       -4.0200000000            0.0817426109
       -4.0100000000            0.0835895318
       -4.0000000000            0.0855026257
       -3.9900000000            0.0874854383
       -3.9800000000            0.0895417306
       -3.9700000000            0.0916754918
       -3.9600000000            0.0938909534
       -3.9500000000            0.0961926033
       -3.9400000000            0.0985852005
       -3.9300000000            0.1010737899
       -3.9200000000            0.1036637174
       -3.9100000000            0.1063606447
       -3.9000000000            0.1091705637
       -3.8900000000            0.1120998098
       -3.8800000000            0.1151550745
       -3.8700000000            0.1183434156
       -3.8600000000            0.1216722652
       -3.8500000000            0.1251494335
       -3.8400000000            0.1287831090
       -3.8300000000            0.1325818514
       -3.8200000000            0.1365545778
       -3.8100000000            0.1407105390
       -3.8000000000            0.1450592828
       -3.7900000000            0.1496106035
       -3.7800000000            0.1543744719
       -3.7700000000            0.1593609438
       -3.7600000000            0.1645800400
       -3.7500000000            0.1700415955
       -3.7400000000            0.1757550685
       -3.7300000000            0.1817293061
       -3.7200000000            0.1879722558
       -3.7100000000            0.1944906180
       -3.7000000000            0.2012894311
       -3.6900000000            0.2083715804
       -3.6800000000            0.2157372280
       -3.6700000000            0.2233831562
       -3.6600000000            0.2313020268
       -3.6500000000            0.2394815602
       -3.6400000000            0.2479036460
       -3.6300000000            0.2565434063
       -3.6200000000            0.2653682477
       -3.6100000000            0.2743369459
       -3.6000000000            0.2833988317
       -3.5900000000            0.2924931554
       -3.5800000000            0.3015487297
       -3.5700000000            0.3104839577
       -3.5600000000            0.3192073599
       -3.5500000000            0.3276187058
       -3.5400000000            0.3356108335
       -3.5300000000            0.3430721990
       -3.5200000000            0.3498901396
       -3.5100000000            0.3559547564
       -3.5000000000            0.3611632404
       -3.4900000000            0.3654243815
       -3.4800000000            0.3686629365
       -3.4700000000            0.3708234970
       -3.4600000000            0.3718735081
       -3.4500000000            0.3718051459
       -3.4400000000            0.3706358630
       -3.4300000000            0.3684075413
       -3.4200000000            0.3651843342
       -3.4100000000            0.3610494089
       -3.4000000000            0.3561008936
       -3.3900000000            0.3504473888
       -3.3800000000            0.3442034024
       -3.3700000000            0.3374850294
       -3.3600000000            0.3304061268
       -3.3500000000            0.3230751505
       -3.3400000000            0.3155927340
       -3.3300000000            0.3080500133
       -3.3200000000            0.3005276451
       -3.3100000000            0.2930954262
       -3.3000000000            0.2858124004
       -3.2900000000            0.2787273384
       -3.2800000000            0.2718794755
       -3.2700000000            0.2652994143
       -3.2600000000            0.2590101075
       -3.2500000000            0.2530278609
       -3.2400000000            0.2473633089
       -3.2300000000            0.2420223318
       -3.2200000000            0.2370068945
       -3.2100000000            0.2323157975
       -3.2000000000            0.2279453360
       -3.1900000000            0.2238898710
       -3.1800000000            0.2201423145
       -3.1700000000            0.2166945388
       -3.1600000000            0.2135377163
       -3.1500000000            0.2106625988
       -3.1400000000            0.2080597436
       -3.1300000000            0.2057196954
       -3.1200000000            0.2036331297
       -3.1100000000            0.2017909642
       -3.1000000000            0.2001844446
       -3.0900000000            0.1988052078
       -3.0800000000            0.1976453284
       -3.0700000000            0.1966973504
       -3.0600000000            0.1959543081
       -3.0500000000            0.1954097381
       -3.0400000000            0.1950576844
       -3.0300000000            0.1948926980
       -3.0200000000            0.1949098335
       -3.0100000000            0.1951046419
       -3.0000000000            0.1954731629
       -2.9900000000            0.1960119145
       -2.9800000000            0.1967178836
       -2.9700000000            0.1975885156
       -2.9600000000            0.1986217047
       -2.9500000000            0.1998157844
       -2.9400000000            0.2011695195
       -2.9300000000            0.2026820985
       -2.9200000000            0.2043531276
       -2.9100000000            0.2061826259
       -2.9000000000            0.2081710217
       -2.8900000000            0.2103191508
       -2.8800000000            0.2126282559
       -2.8700000000            0.2150999878
       -2.8600000000            0.2177364086
       -2.8500000000            0.2205399959
       -2.8400000000            0.2235136498
       -2.8300000000            0.2266607010
       -2.8200000000            0.2299849211
       -2.8100000000            0.2334905356
       -2.8000000000            0.2371822378
       -2.7900000000            0.2410652065
       -2.7800000000            0.2451451250
       -2.7700000000            0.2494282033
       -2.7600000000            0.2539212029
       -2.7500000000            0.2586314642
       -2.7400000000            0.2635669382
       -2.7300000000            0.2687362203
       -2.7200000000            0.2741485885
       -2.7100000000            0.2798140459
       -2.7000000000            0.2857433668
       -2.6900000000            0.2919481487
       -2.6800000000            0.2984408683
       -2.6700000000            0.3052349443
       -2.6600000000            0.3123448060
       -2.6500000000            0.3197859691
       -2.6400000000            0.3275751191
       -2.6300000000            0.3357302032
       -2.6200000000            0.3442705319
       -2.6100000000            0.3532168911
       -2.6000000000            0.3625916650
       -2.5900000000            0.3724189737
       -2.5800000000            0.3827248239
       -2.5700000000            0.3935372765
       -2.5600000000            0.4048866322
       -2.5500000000            0.4168056383
       -2.5400000000            0.4293297173
       -2.5300000000            0.4424972227
       -2.5200000000            0.4563497237
       -2.5100000000            0.4709323228
       -2.5000000000            0.4862940115
       -2.4900000000            0.5024880684
       -2.4800000000            0.5195725068
       -2.4700000000            0.5376105766
       -2.4600000000            0.5566713308
       -2.4500000000            0.5768302645
       -2.4400000000            0.5981700371
       -2.4300000000            0.6207812915
       -2.4200000000            0.6447635840
       -2.4100000000            0.6702264427
       -2.4000000000            0.6972905761
       -2.3900000000            0.7260892542
       -2.3800000000            0.7567698932
       -2.3700000000            0.7894958771
       -2.3600000000            0.8244486582
       -2.3500000000            0.8618301858
       -2.3400000000            0.9018657225
       -2.3300000000            0.9448071212
       -2.3200000000            0.9909366489
       -2.3100000000            1.0405714663
       -2.3000000000            1.0940688915
       -2.2900000000            1.1518326103
       -2.2800000000            1.2143200308
       -2.2700000000            1.2820510297
       -2.2600000000            1.3556183979
       -2.2500000000            1.4357003723
       -2.2400000000            1.5230757422
       -2.2300000000            1.6186421504
       -2.2200000000            1.7234383840
       -2.2100000000            1.8386716737
       -2.2000000000            1.9657513302
       -2.1900000000            2.1063304456
       -2.1800000000            2.2623579435
       -2.1700000000            2.4361440074
       -2.1600000000            2.6304429518
       -2.1500000000            2.8485590414
       -2.1400000000            3.0944827889
       -2.1300000000            3.3730681542
       -2.1200000000            3.6902652416
       -2.1100000000            4.0534292017
       -2.1000000000            4.4717351302
       -2.0900000000            4.9567424735
       -2.0800000000            5.5231735424
       -2.0700000000            6.1900037786
       -2.0600000000            6.9820142771
       -2.0500000000            7.9320435830
       -2.0400000000            9.0843209763
       -2.0300000000           10.4995139848
       -2.0200000000           12.2625686840
       -2.0100000000           14.4952423771
       -2.0000000000           17.3767997052
       -1.9900000000           21.1794841855
       -1.9800000000           26.3319702269
       -1.9700000000           33.5386275491
       -1.9600000000           44.0169639798
       -1.9500000000           60.0029240747
       -1.9400000000           85.9104520914
       -1.9300000000          131.2073876073
       -1.9200000000          217.8812211741
       -1.9100000000          396.4236361830
       -1.9000000000          715.7573183875
       -1.8900000000          841.0188657682
       -1.8800000000          533.9837403733
       -1.8700000000          292.2838839017
       -1.8600000000          172.2127629900
       -1.8500000000          111.1154635478
       -1.8400000000           77.1051882693
       -1.8300000000           56.5490200169
       -1.8200000000           43.2715657799
       -1.8100000000           34.2312174635
       -1.8000000000           27.8103978672
       -1.7900000000           23.0909754215
       -1.7800000000           19.5226471825
       -1.7700000000           16.7601532554
       -1.7600000000           14.5783412006
       -1.7500000000           12.8254575371
       -1.7400000000           11.3962694408
       -1.7300000000           10.2159770430
       -1.7200000000            9.2302478371
       -1.7100000000            8.3988542274
       -1.7000000000            7.6915014940
       -1.6900000000            7.0850262259
       -1.6800000000            6.5614745393
       -1.6700000000            6.1067582795
       -1.6600000000            5.7096989348
       -1.6500000000            5.3613365967
       -1.6400000000            5.0544232562
       -1.6300000000            4.7830463414
       -1.6200000000            4.5423456176
       -1.6100000000            4.3282979077
       -1.6000000000            4.1375516945
       -1.5900000000            3.9672988255
       -1.5800000000            3.8151741151
       -1.5700000000            3.6791761246
       -1.5600000000            3.5576041731
       -1.5500000000            3.4490078892
       -1.5400000000            3.3521465358
       -1.5300000000            3.2659560022
       -1.5200000000            3.1895218565
       -1.5100000000            3.1220572161
       -1.5000000000            3.0628844713
       -1.4900000000            3.0114201013
       -1.4800000000            2.9671619872
       -1.4700000000            2.9296787383
       -1.4600000000            2.8986006491
       -1.4500000000            2.8736119689
       -1.4400000000            2.8544442241
       -1.4300000000            2.8408703724
       -1.4200000000            2.8326996022
       -1.4100000000            2.8297726093
       -1.4000000000            2.8319572047
       -1.3900000000            2.8391441152
       -1.3800000000            2.8512428474
       -1.3700000000            2.8681774906
       -1.3600000000            2.8898823362
       -1.3500000000            2.9162971928
       -1.3400000000            2.9473622799
       -1.3300000000            2.9830125863
       -1.3200000000            3.0231715899
       -1.3100000000            3.0677442521
       -1.3000000000            3.1166092264
       -1.2900000000            3.1696102613
       -1.2800000000            3.2265468373
       -1.2700000000            3.2871641535
       -1.2600000000            3.3511426869
       -1.2500000000            3.4180876696
       -1.2400000000            3.4875189795
       -1.2300000000            3.5588621023
       -1.2200000000            3.6314409836
       -1.2100000000            3.7044737313
       -1.2000000000            3.7770722258
       -1.1800000000            4.0995714934
       -1.1700000000            4.1634135710
       -1.1600000000            4.2225622534
       -1.1500000000            4.2757888334
       -1.1400000000            4.3218823740
       -1.1300000000            4.3596909193
       -1.1200000000            4.3881649294
       -1.1100000000            4.4064002392
       -1.1000000000            4.4136775580
       -1.0900000000            4.4094955458
       -1.0800000000            4.3935948378
       -1.0700000000            4.3659710378
       -1.0600000000            4.3268755809
       -1.0500000000            4.2768043865
       -1.0400000000            4.2164752461
       -1.0300000000            4.1467957919
       -1.0200000000            4.0688245643
       -1.0100000000            3.9837280663
       -1.0000000000            3.8927367428
       -0.9900000000            3.7971025836
       -0.9800000000            3.6980605823
       -0.9700000000            3.5967956871
       -0.9600000000            3.4944162341
       -0.9500000000            3.3919342420
       -0.9400000000            3.2902524266
       -0.9300000000            3.1901573845
       -0.9200000000            3.0923181264
       -0.9100000000            2.9972889840
       -0.9000000000            2.9055158723
       -0.8900000000            2.8173449258
       -0.8800000000            2.7330326228
       -0.8700000000            2.6527566456
       -0.8600000000            2.5766268676
       -0.8500000000            2.5046960084
       -0.8400000000            2.4369696315
       -0.8300000000            2.3734152736
       -0.8200000000            2.3139705958
       -0.8100000000            2.2585505155
       -0.8000000000            2.2070533366
       -0.7900000000            2.1593659311
       -0.7800000000            2.1153680476
       -0.7700000000            2.0749358373
       -0.7600000000            2.0379446875
       -0.7500000000            2.0042714551
       -0.7400000000            1.9737961847
       -0.7300000000            1.9464033867
       -0.7200000000            1.9219829450
       -0.7100000000            1.9004307116
       -0.7000000000            1.8816488377
       -0.6900000000            1.8655458828
       -0.6800000000            1.8520367351
       -0.6700000000            1.8410423719
       -0.6600000000            1.8324894835
       -0.6500000000            1.8263099817
       -0.6400000000            1.8224404126
       -0.6300000000            1.8208212964
       -0.6200000000            1.8213964164
       -0.6100000000            1.8241120879
       -0.6000000000            1.8289164406
       -0.5900000000            1.8357587575
       -0.5800000000            1.8445889145
       -0.5700000000            1.8553569740
       -0.5600000000            1.8680129790
       -0.5500000000            1.8825069912
       -0.5400000000            1.8987893989
       -0.5300000000            1.9168115021
       -0.5200000000            1.9365263521
       -0.5100000000            1.9578897976
       -0.5000000000            1.9808616639
       -0.4900000000            2.0054069827
       -0.4800000000            2.0314971904
       -0.4700000000            2.0591112371
       -0.4600000000            2.0882365866
       -0.4500000000            2.1188701314
       -0.4400000000            2.1510190853
       -0.4300000000            2.1847019464
       -0.4200000000            2.2199496161
       -0.4100000000            2.2568067377
       -0.4000000000            2.2953332625
       -0.3900000000            2.3356061921
       -0.3800000000            2.3777213823
       -0.3700000000            2.4217952558
       -0.3600000000            2.4679662569
       -0.3500000000            2.5163959053
       -0.3400000000            2.5672693582
       -0.3300000000            2.6207954589
       -0.3200000000            2.6772063333
       -0.3100000000            2.7367566565
       -0.3000000000            2.7997227661
       -0.2900000000            2.8664018161
       -0.2800000000            2.9371111640
       -0.2700000000            3.0121881587
       -0.2600000000            3.0919904599
       -0.2500000000            3.1768969787
       -0.2400000000            3.2673094906
       -0.2300000000            3.3636549437
       -0.2200000000            3.4663884625
       -0.2100000000            3.5759970442
       -0.2000000000            3.6930039413
       -0.1900000000            3.8179737398
       -0.1800000000            3.9515181546
       -0.1700000000            4.0943025892
       -0.1600000000            4.2470535297
       -0.1500000000            4.4105668720
       -0.1400000000            4.5857173115
       -0.1200000000            5.0371938491
       -0.1100000000            5.2552980643
       -0.1000000000            5.4896681625
       -0.0900000000            5.7417732026
       -0.0800000000            6.0132527978
       -0.0700000000            6.3059412788
       -0.0600000000            6.6218957720
       -0.0500000000            6.9634289484
       -0.0400000000            7.3331473619
       -0.0300000000            7.7339964999
       -0.0200000000            8.1693139186
       -0.0100000000            8.6428921527
