      -20.0000000000            0.1395261002
      -19.9900000000            0.1429192249
      -19.9800000000            0.1461355402
      -19.9700000000            0.1491224052
      -19.9600000000            0.1518270738
      -19.9500000000            0.1541988394
      -19.9400000000            0.1561913726
      -19.9300000000            0.1577650743
      -19.9200000000            0.1588892398
      -19.9100000000            0.1595438187
      -19.9000000000            0.1597205871
      -19.8900000000            0.1594235987
      -19.8800000000            0.1586688680
      -19.8700000000            0.1574833202
      -19.8600000000            0.1559031278
      -19.8500000000            0.1539716119
      -19.8400000000            0.1517369195
      -19.8300000000            0.1492496823
      -19.8200000000            0.1465608415
      -19.8100000000            0.1437197720
      -19.8000000000            0.1407727913
      -19.7900000000            0.1377620843
      -19.7800000000            0.1347250352
      -19.7700000000            0.1316939262
      -19.7600000000            0.1286959420
      -19.7500000000            0.1257534120
      -19.7400000000            0.1228842216
      -19.7300000000            0.1201023268
      -19.7200000000            0.1174183168
      -19.7100000000            0.1148399762
      -19.7000000000            0.1123728140
      -19.6900000000            0.1100205322
      -19.6800000000            0.1077854198
      -19.6700000000            0.1056686681
      -19.6600000000            0.1036706074
      -19.6500000000            0.1017908739
      -19.6400000000            0.1000285167
      -19.6300000000            0.0983820575
      -19.6200000000            0.0968495137
      -19.6100000000            0.0954283955
      -19.6000000000            0.0941156852
      -19.5900000000            0.0929078046
      -19.5800000000            0.0918005744
      -19.5700000000            0.0907891710
      -19.5600000000            0.0898680833
      -19.5500000000            0.0890310737
      -19.5400000000            0.0882711501
      -19.5300000000            0.0875805553
      -19.5100000000            0.0858286686
      -19.5000000000            0.0852924241
      -19.4900000000            0.0847876997
      -19.4800000000            0.0843039773
      -19.4700000000            0.0838307456
      -19.4600000000            0.0833578076
      -19.4500000000            0.0828756219
      -19.4400000000            0.0823756540
      -19.4300000000            0.0818507076
      -19.4200000000            0.0812952084
      -19.4100000000            0.0807054082
      -19.4000000000            0.0800794892
      -19.3900000000            0.0794175560
      -19.3800000000            0.0787215166
      -19.3700000000            0.0779948641
      -19.3600000000            0.0772423851
      -19.3500000000            0.0764698217
      -19.3400000000            0.0756835195
      -19.3300000000            0.0748900903
      -19.3200000000            0.0740961112
      -19.3100000000            0.0733078750
      -19.3000000000            0.0725312007
      -19.2900000000            0.0717713020
      -19.2800000000            0.0710327124
      -19.2700000000            0.0703192550
      -19.2600000000            0.0696340512
      -19.2500000000            0.0689795556
      -19.2400000000            0.0683576091
      -19.2300000000            0.0677695028
      -19.2200000000            0.0672160454
      -19.2100000000            0.0666976295
      -19.2000000000            0.0662142944
      -19.1900000000            0.0657657820
      -19.1800000000            0.0653515849
      -19.1700000000            0.0649709864
      -19.1600000000            0.0646230922
      -19.1500000000            0.0643068544
      -19.1400000000            0.0640210878
      -19.1300000000            0.0637644808
      -19.1200000000            0.0635356009
      -19.1100000000            0.0633328966
      -19.1000000000            0.0631546984
      -19.0900000000            0.0629992187
      -19.0800000000            0.0628645556
      -19.0700000000            0.0627487005
      -19.0600000000            0.0626495522
      -19.0500000000            0.0625649410
      -19.0400000000            0.0624926614
      -19.0300000000            0.0624305159
      -19.0200000000            0.0623763679
      -19.0100000000            0.0623282013
      -19.0000000000            0.0622841831
      -18.9900000000            0.0622427240
      -18.9800000000            0.0622025313
      -18.9700000000            0.0621626486
      -18.9600000000            0.0621224779
      -18.9500000000            0.0620817822
      -18.9400000000            0.0620406666
      -18.9300000000            0.0619995425
      -18.9200000000            0.0619590760
      -18.9100000000            0.0619201280
      -18.9000000000            0.0618836899
      -18.8900000000            0.0618508221
      -18.8800000000            0.0618225971
      -18.8700000000            0.0618000530
      -18.8600000000            0.0617841559
      -18.8500000000            0.0617757747
      -18.8400000000            0.0617756647
      -18.8300000000            0.0617844607
      -18.8200000000            0.0618026771
      -18.8100000000            0.0618307127
      -18.8000000000            0.0618688601
      -18.7900000000            0.0619173167
      -18.7800000000            0.0619761966
      -18.7700000000            0.0620455436
      -18.7600000000            0.0621253426
      -18.7500000000            0.0622155311
      -18.7400000000            0.0623160091
      -18.7300000000            0.0624266480
      -18.7200000000            0.0625472980
      -18.7100000000            0.0626777949
      -18.7000000000            0.0628179652
      -18.6900000000            0.0629676309
      -18.6800000000            0.0631266126
      -18.6700000000            0.0632947327
      -18.6600000000            0.0634718176
      -18.6500000000            0.0636576993
      -18.6400000000            0.0638522167
      -18.6300000000            0.0640552166
      -18.6200000000            0.0642665543
      -18.6100000000            0.0644860939
      -18.6000000000            0.0647137086
      -18.5900000000            0.0649492809
      -18.5800000000            0.0651927023
      -18.5700000000            0.0654438734
      -18.5600000000            0.0657027037
      -18.5500000000            0.0659691111
      -18.5400000000            0.0662430222
      -18.5300000000            0.0665243714
      -18.5200000000            0.0668131010
      -18.5100000000            0.0671091608
      -18.5000000000            0.0674125080
      -18.4900000000            0.0677231064
      -18.4800000000            0.0680409267
      -18.4700000000            0.0683659460
      -18.4600000000            0.0686981476
      -18.4500000000            0.0690375204
      -18.4400000000            0.0693840595
      -18.4300000000            0.0697377650
      -18.4200000000            0.0700986426
      -18.4100000000            0.0704667028
      -18.4000000000            0.0708419614
      -18.3900000000            0.0712244385
      -18.3800000000            0.0716141593
      -18.3700000000            0.0720111530
      -18.3600000000            0.0724154536
      -18.3500000000            0.0728270989
      -18.3400000000            0.0732461313
      -18.3300000000            0.0736725968
      -18.3200000000            0.0741065457
      -18.3100000000            0.0745480319
      -18.3000000000            0.0749971134
      -18.2900000000            0.0754538518
      -18.2800000000            0.0759183124
      -18.2700000000            0.0763905643
      -18.2600000000            0.0768706800
      -18.2500000000            0.0773587357
      -18.2400000000            0.0778548114
      -18.2300000000            0.0783589904
      -18.2200000000            0.0788713595
      -18.2100000000            0.0793920092
      -18.2000000000            0.0799210336
      -18.1900000000            0.0804585300
      -18.1800000000            0.0810045997
      -18.1700000000            0.0815593473
      -18.1600000000            0.0821228809
      -18.1500000000            0.0826953125
      -18.1400000000            0.0832767574
      -18.1300000000            0.0838673349
      -18.1200000000            0.0844671676
      -18.1100000000            0.0850763823
      -18.1000000000            0.0856951091
      -18.0900000000            0.0863234824
      -18.0800000000            0.0869616401
      -18.0700000000            0.0876097242
      -18.0600000000            0.0882678807
      -18.0500000000            0.0889362597
      -18.0400000000            0.0896150154
      -18.0300000000            0.0903043060
      -18.0200000000            0.0910042942
      -18.0100000000            0.0917151471
      -18.0000000000            0.0924370360
      -17.9900000000            0.0931701369
      -17.9800000000            0.0939146304
      -17.9700000000            0.0946707017
      -17.9600000000            0.0954385410
      -17.9500000000            0.0962183432
      -17.9400000000            0.0970103084
      -17.9300000000            0.0978146417
      -17.9200000000            0.0986315535
      -17.9100000000            0.0994612598
      -17.9000000000            0.1003039816
      -17.8900000000            0.1011599461
      -17.8800000000            0.1020293859
      -17.8700000000            0.1029125396
      -17.8600000000            0.1038096521
      -17.8500000000            0.1047209740
      -17.8400000000            0.1056467629
      -17.8300000000            0.1065872825
      -17.8200000000            0.1075428034
      -17.8100000000            0.1085136030
      -17.8000000000            0.1094999660
      -17.7900000000            0.1105021841
      -17.7800000000            0.1115205565
      -17.7700000000            0.1125553903
      -17.7600000000            0.1136070002
      -17.7500000000            0.1146757093
      -17.7400000000            0.1157618487
      -17.7300000000            0.1168657584
      -17.7200000000            0.1179877869
      -17.7100000000            0.1191282921
      -17.7000000000            0.1202876409
      -17.6900000000            0.1214662101
      -17.6800000000            0.1226643862
      -17.6700000000            0.1238825658
      -17.6600000000            0.1251211563
      -17.6500000000            0.1263805756
      -17.6400000000            0.1276612528
      -17.6300000000            0.1289636286
      -17.6200000000            0.1302881554
      -17.6100000000            0.1316352976
      -17.6000000000            0.1330055325
      -17.5900000000            0.1343993501
      -17.5800000000            0.1358172539
      -17.5700000000            0.1372597610
      -17.5600000000            0.1387274028
      -17.5500000000            0.1402207254
      -17.5400000000            0.1417402900
      -17.5300000000            0.1432866733
      -17.5200000000            0.1448604683
      -17.5100000000            0.1464622847
      -17.5000000000            0.1480927490
      -17.4900000000            0.1497525060
      -17.4800000000            0.1514422185
      -17.4700000000            0.1531625684
      -17.4600000000            0.1549142572
      -17.4500000000            0.1566980067
      -17.4400000000            0.1585145596
      -17.4300000000            0.1603646804
      -17.4200000000            0.1622491558
      -17.4100000000            0.1641687959
      -17.4000000000            0.1661244347
      -17.3900000000            0.1681169313
      -17.3800000000            0.1701471702
      -17.3700000000            0.1722160627
      -17.3600000000            0.1743245477
      -17.3500000000            0.1764735927
      -17.3400000000            0.1786641946
      -17.3300000000            0.1808973813
      -17.3200000000            0.1831742122
      -17.3100000000            0.1854957799
      -17.3000000000            0.1878632111
      -17.2900000000            0.1902776679
      -17.2800000000            0.1927403492
      -17.2700000000            0.1952524922
      -17.2600000000            0.1978153735
      -17.2500000000            0.2004303110
      -17.2400000000            0.2030986650
      -17.2300000000            0.2058218405
      -17.2200000000            0.2086012883
      -17.2100000000            0.2114385071
      -17.2000000000            0.2143350452
      -17.1900000000            0.2172925028
      -17.1800000000            0.2203125336
      -17.1700000000            0.2233968474
      -17.1600000000            0.2265472119
      -17.1500000000            0.2297654555
      -17.1400000000            0.2330534692
      -17.1300000000            0.2364132099
      -17.1200000000            0.2398467024
      -17.1100000000            0.2433560427
      -17.1000000000            0.2469434008
      -17.0900000000            0.2506110238
      -17.0800000000            0.2543612391
      -17.0700000000            0.2581964580
      -17.0600000000            0.2621191794
      -17.0500000000            0.2661319929
      -17.0400000000            0.2702375836
      -17.0300000000            0.2744387359
      -17.0200000000            0.2787383377
      -17.0100000000            0.2831393853
      -17.0000000000            0.2876449880
      -16.9900000000            0.2922583734
      -16.9800000000            0.2969828926
      -16.9700000000            0.3018220257
      -16.9600000000            0.3067793882
      -16.9500000000            0.3118587368
      -16.9400000000            0.3170639759
      -16.9300000000            0.3223991652
      -16.9200000000            0.3278685262
      -16.9100000000            0.3334764504
      -16.9000000000            0.3392275073
      -16.8900000000            0.3451264529
      -16.8800000000            0.3511782392
      -16.8700000000            0.3573880229
      -16.8600000000            0.3637611765
      -16.8500000000            0.3703032984
      -16.8400000000            0.3770202244
      -16.8300000000            0.3839180395
      -16.8200000000            0.3910030910
      -16.8100000000            0.3982820013
      -16.8000000000            0.4057616826
      -16.7900000000            0.4134493517
      -16.7800000000            0.4213525462
      -16.7700000000            0.4294791410
      -16.7600000000            0.4378373668
      -16.7500000000            0.4464358285
      -16.7400000000            0.4552835262
      -16.7300000000            0.4643898759
      -16.7200000000            0.4737647332
      -16.7100000000            0.4834184169
      -16.7000000000            0.4933617350
      -16.6900000000            0.5036060124
      -16.6800000000            0.5141631202
      -16.6700000000            0.5250455067
      -16.6600000000            0.5362662307
      -16.6500000000            0.5478389971
      -16.6400000000            0.5597781944
      -16.6300000000            0.5720989354
      -16.6200000000            0.5848171002
      -16.6100000000            0.5979493822
      -16.6000000000            0.6115133372
      -16.5900000000            0.6255274363
      -16.5800000000            0.6400111219
      -16.5700000000            0.6549848681
      -16.5600000000            0.6704702452
      -16.5500000000            0.6864899890
      -16.5400000000            0.7030680747
      -16.5300000000            0.7202297963
      -16.5200000000            0.7380018524
      -16.5100000000            0.7564124373
      -16.5000000000            0.7754913393
      -16.4900000000            0.7952700469
      -16.4800000000            0.8157818621
      -16.4700000000            0.8370620226
      -16.4600000000            0.8591478335
      -16.4500000000            0.8820788089
      -16.4400000000            0.9058968242
      -16.4300000000            0.9306462811
      -16.4200000000            0.9563742843
      -16.4100000000            0.9831308327
      -16.4000000000            1.0109690259
      -16.3900000000            1.0399452866
      -16.3800000000            1.0701196008
      -16.3700000000            1.1015557779
      -16.3600000000            1.1343217305
      -16.3500000000            1.1684897776
      -16.3400000000            1.2041369723
      -16.3300000000            1.2413454555
      -16.3200000000            1.2802028387
      -16.3100000000            1.3208026178
      -16.3000000000            1.3632446199
      -16.2900000000            1.4076354869
      -16.2800000000            1.4540891974
      -16.2700000000            1.5027276312
      -16.2600000000            1.5536811771
      -16.2500000000            1.6070893909
      -16.2400000000            1.6631017020
      -16.2300000000            1.7218781766
      -16.2200000000            1.7835903358
      -16.2100000000            1.8484220359
      -16.2000000000            1.9165704096
      -16.1900000000            1.9882468722
      -16.1800000000            2.0636781934
      -16.1700000000            2.1431076342
      -16.1600000000            2.2267961478
      -16.1500000000            2.3150236405
      -16.1400000000            2.4080902869
      -16.1300000000            2.5063178886
      -16.1200000000            2.6100512627
      -16.1100000000            2.7196596388
      -16.1000000000            2.8355380375
      -16.0900000000            2.9581085920
      -16.0800000000            3.0878217633
      -16.0700000000            3.2251573847
      -16.0600000000            3.3706254517
      -16.0500000000            3.5247665504
      -16.0400000000            3.6881517900
      -16.0300000000            3.8613820685
      -16.0200000000            4.0450864615
      -16.0100000000            4.2399194726
      -16.0000000000            4.4465568250
      -15.9900000000            4.6656894110
      -15.9800000000            4.8980149331
      -15.9700000000            5.1442266962
      -15.9600000000            5.4049989149
      -15.9500000000            5.6809678224
      -15.9400000000            5.9727077875
      -15.9300000000            6.2807016022
      -15.9200000000            6.6053040946
      -15.9100000000            6.9466982957
      -15.9000000000            7.3048435680
      -15.8900000000            7.6794154410
      -15.8800000000            8.0697374468
      -15.8700000000            8.4747060605
      -15.8600000000            8.8927109740
      -15.8500000000            9.3215543956
      -15.8400000000            9.7583748388
      -15.8300000000           10.1995828540
      -15.8200000000           10.6408181400
      -15.8100000000           11.0769391154
      -15.8000000000           11.5020568327
      -15.7900000000           11.9096245064
      -15.7800000000           12.2925913088
      -15.7700000000           12.6436240619
      -15.7600000000           12.9553930036
      -15.7500000000           13.2209085205
      -15.7400000000           13.4338859293
      -15.7300000000           13.5891069550
      -15.7200000000           13.6827416542
      -15.7100000000           13.7125949522
      -15.7000000000           13.6782484967
      -15.6900000000           13.5810805192
      -15.6800000000           13.4241617425
      -15.6700000000           13.2120410487
      -15.6600000000           12.9504475027
      -15.6500000000           12.6459431055
      -15.6400000000           12.3055624064
      -15.6300000000           11.9364713478
      -15.6200000000           11.5456700916
      -15.6100000000           11.1397551451
      -15.6000000000           10.7247468325
      -15.5900000000           10.3059804335
      -15.5800000000            9.8880538522
      -15.5700000000            9.4748215820
      -15.5600000000            9.0694236702
      -15.5500000000            8.6743388199
      -15.5400000000            8.2914521331
      -15.5300000000            7.9221298070
      -15.5200000000            7.5672949738
      -15.5100000000            7.2275006113
      -15.5000000000            6.9029969050
      -15.4900000000            6.5937915945
      -15.4800000000            6.2997026886
      -15.4700000000            6.0204035326
      -15.4600000000            5.7554606032
      -15.4500000000            5.5043646445
      -15.4400000000            5.2665558824
      -15.4300000000            5.0414441008
      -15.4200000000            4.8284243499
      -15.4100000000            4.6268890137
      -15.4000000000            4.4362368957
      -15.3900000000            4.2558798988
      -15.3800000000            4.0852477963
      -15.3700000000            3.9237915074
      -15.3600000000            3.7709852149
      -15.3500000000            3.6263275971
      -15.3400000000            3.4893423904
      -15.3300000000            3.3595784496
      -15.3200000000            3.2366094362
      -15.3100000000            3.1200332352
      -15.3000000000            3.0094711753
      -15.2900000000            2.9045671107
      -15.2800000000            2.8049864076
      -15.2700000000            2.7104148688
      -15.2600000000            2.6205576210
      -15.2500000000            2.5351379840
      -15.2400000000            2.4538963370
      -15.2300000000            2.3765889941
      -15.2200000000            2.3029871000
      -15.2100000000            2.2328755554
      -15.2000000000            2.1660519824
      -15.1900000000            2.1023257414
      -15.1800000000            2.0415170101
      -15.1700000000            1.9834559406
      -15.1600000000            1.9279819065
      -15.1500000000            1.8749428570
      -15.1400000000            1.8241947899
      -15.1300000000            1.7756013540
      -15.1200000000            1.7290335833
      -15.1100000000            1.6843697580
      -15.1000000000            1.6414953743
      -15.0900000000            1.6003031950
      -15.0800000000            1.5606933403
      -15.0700000000            1.5225733717
      -15.0600000000            1.4858583209
      -15.0500000000            1.4504706193
      -15.0400000000            1.4163398965
      -15.0300000000            1.3834026344
      -15.0200000000            1.3516016797
      -15.0100000000            1.3208856394
      -15.0000000000            1.2912081950
      -14.9900000000            1.2625273784
      -14.9800000000            1.2348048555
      -14.9700000000            1.2080052540
      -14.9600000000            1.1820955659
      -14.9500000000            1.1570446430
      -14.9400000000            1.1328227901
      -14.9300000000            1.1094014555
      -14.9200000000            1.0867530092
      -14.9100000000            1.0648505942
      -14.9000000000            1.0436680384
      -14.8900000000            1.0231798102
      -14.8800000000            1.0033610059
      -14.8700000000            0.9841873574
      -14.8600000000            0.9656352512
      -14.8500000000            0.9476817517
      -14.8400000000            0.9303046249
      -14.8300000000            0.9134823591
      -14.8200000000            0.8971941797
      -14.8100000000            0.8814200598
      -14.8000000000            0.8661407236
      -14.7900000000            0.8513376446
      -14.7800000000            0.8369930391
      -14.7700000000            0.8230898546
      -14.7600000000            0.8096117552
      -14.7500000000            0.7965431034
      -14.7400000000            0.7838689399
      -14.7300000000            0.7715749621
      -14.7200000000            0.7596475010
      -14.7100000000            0.7480734971
      -14.7000000000            0.7368404771
      -14.6900000000            0.7259365294
      -14.6800000000            0.7153502805
      -14.6700000000            0.7050708718
      -14.6600000000            0.6950879367
      -14.6500000000            0.6853915788
      -14.6400000000            0.6759723505
      -14.6300000000            0.6668212325
      -14.6200000000            0.6579296145
      -14.6100000000            0.6492892766
      -14.6000000000            0.6408923712
      -14.5900000000            0.6327314064
      -14.5800000000            0.6247992299
      -14.5700000000            0.6170890137
      -14.5600000000            0.6095942402
      -14.5500000000            0.6023086880
      -14.5400000000            0.5952264197
      -14.5300000000            0.5883417695
      -14.5200000000            0.5816493322
      -14.5100000000            0.5751439522
      -14.5000000000            0.5688207139
      -14.4900000000            0.5626749320
      -14.4800000000            0.5567021431
      -14.4700000000            0.5508980973
      -14.4600000000            0.5452587508
      -14.4500000000            0.5397802586
      -14.4400000000            0.5344589682
      -14.4300000000            0.5292914136
      -14.4200000000            0.5242743094
      -14.4100000000            0.5194045458
      -14.4000000000            0.5146791841
      -14.3900000000            0.5100954519
      -14.3800000000            0.5056507397
      -14.3700000000            0.5013425967
      -14.3600000000            0.4971687282
      -14.3500000000            0.4931269921
      -14.3400000000            0.4892153968
      -14.3300000000            0.4854320988
      -14.3200000000            0.4817754011
      -14.3100000000            0.4782437516
      -14.3000000000            0.4748357423
      -14.2900000000            0.4715501084
      -14.2800000000            0.4683857287
      -14.2700000000            0.4653416252
      -14.2600000000            0.4624169644
      -14.2500000000            0.4596110580
      -14.2400000000            0.4569233650
      -14.2300000000            0.4543534930
      -14.2200000000            0.4519012015
      -14.2100000000            0.4495664045
      -14.2000000000            0.4473491739
      -14.1900000000            0.4452497437
      -14.1800000000            0.4432685146
      -14.1700000000            0.4414060588
      -14.1600000000            0.4396631261
      -14.1500000000            0.4380406501
      -14.1400000000            0.4365397553
      -14.1300000000            0.4351617649
      -14.1200000000            0.4339082094
      -14.1100000000            0.4327808359
      -14.1000000000            0.4317816188
      -14.0900000000            0.4309127707
      -14.0800000000            0.4301767548
      -14.0700000000            0.4295762984
      -14.0600000000            0.4291144078
      -14.0500000000            0.4287943834
      -14.0400000000            0.4286198379
      -14.0300000000            0.4285947143
      -14.0200000000            0.4287233067
      -14.0100000000            0.4290102820
      -14.0000000000            0.4294607039
      -13.9900000000            0.4300800584
      -13.9800000000            0.4308742820
      -13.9700000000            0.4318497915
      -13.9600000000            0.4330135163
      -13.9500000000            0.4343729335
      -13.9400000000            0.4359361056
      -13.9300000000            0.4377117202
      -13.9200000000            0.4397091341
      -13.9100000000            0.4419384190
      -13.9000000000            0.4444104109
      -13.8900000000            0.4471367632
      -13.8800000000            0.4501300023
      -13.8700000000            0.4534035866
      -13.8600000000            0.4569719689
      -13.8500000000            0.4608506612
      -13.8400000000            0.4650563027
      -13.8300000000            0.4696067291
      -13.8200000000            0.4745210439
      -13.8100000000            0.4798196892
      -13.8000000000            0.4855245164
      -13.7900000000            0.4916588537
      -13.7800000000            0.4982475680
      -13.7700000000            0.5053171192
      -13.7600000000            0.5128956029
      -13.7500000000            0.5210127756
      -13.7400000000            0.5297000577
      -13.7300000000            0.5389905061
      -13.7200000000            0.5489187476
      -13.7100000000            0.5595208613
      -13.7000000000            0.5708341966
      -13.6900000000            0.5828971100
      -13.6800000000            0.5957486022
      -13.6700000000            0.6094278301
      -13.6600000000            0.6239734695
      -13.6500000000            0.6394228961
      -13.6400000000            0.6558111519
      -13.6300000000            0.6731696598
      -13.6200000000            0.6915246479
      -13.6100000000            0.7108952473
      -13.6000000000            0.7312912285
      -13.5900000000            0.7527103535
      -13.5800000000            0.7751353344
      -13.5700000000            0.7985304162
      -13.5600000000            0.8228376334
      -13.5500000000            0.8479728411
      -13.5400000000            0.8738216820
      -13.5300000000            0.9002357205
      -13.5200000000            0.9270290618
      -13.5100000000            0.9539758540
      -13.5000000000            0.9808091432
      -13.4900000000            1.0072215964
      -13.4800000000            1.0328686039
      -13.4700000000            1.0573741971
      -13.4600000000            1.0803400601
      -13.4500000000            1.1013576540
      -13.4400000000            1.1200231389
      -13.4300000000            1.1359543815
      -13.4200000000            1.1488089540
      -13.4100000000            1.1583017108
      -13.4000000000            1.1642203716
      -13.3900000000            1.1664375789
      -13.3800000000            1.1649181732
      -13.3700000000            1.1597209051
      -13.3600000000            1.1509944161
      -13.3500000000            1.1389679563
      -13.3400000000            1.1239378628
      -13.3300000000            1.1062512051
      -13.3200000000            1.0862881610
      -13.3100000000            1.0644446228
      -13.3000000000            1.0411162908
      -13.2900000000            1.0166851532
      -13.2800000000            0.9915088634
      -13.2700000000            0.9659131604
      -13.2600000000            0.9401871842
      -13.2500000000            0.9145813381
      -13.2400000000            0.8893072353
      -13.2300000000            0.8645392303
      -13.2200000000            0.8404170608
      -13.2100000000            0.8170491772
      -13.2000000000            0.7945164170
      -13.1900000000            0.7728757571
      -13.1800000000            0.7521639532
      -13.1700000000            0.7324009377
      -13.1600000000            0.7135929015
      -13.1500000000            0.6957350238
      -13.1400000000            0.6788138426
      -13.1300000000            0.6628092775
      -13.1200000000            0.6476963327
      -13.1100000000            0.6334465088
      -13.1000000000            0.6200289606
      -13.0900000000            0.6074114352
      -13.0800000000            0.5955610252
      -13.0700000000            0.5844447669
      -13.0600000000            0.5740301136
      -13.0500000000            0.5642853070
      -13.0400000000            0.5551796697
      -13.0300000000            0.5466838339
      -13.0200000000            0.5387699231
      -13.0100000000            0.5314116927
      -13.0000000000            0.5245846409
      -12.9900000000            0.5182660888
      -12.9800000000            0.5124352362
      -12.9700000000            0.5070731893
      -12.9600000000            0.5021629634
      -12.9500000000            0.4976894596
      -12.9400000000            0.4936394181
      -12.9300000000            0.4900013504
      -12.9200000000            0.4867654553
      -12.9100000000            0.4839235236
      -12.9000000000            0.4814688359
      -12.8900000000            0.4793960584
      -12.8800000000            0.4777011394
      -12.8700000000            0.4763812083
      -12.8600000000            0.4754344761
      -12.8500000000            0.4748601360
      -12.8400000000            0.4746582603
      -12.8300000000            0.4748296886
      -12.8200000000            0.4753759009
      -12.8100000000            0.4762988695
      -12.8000000000            0.4776008802
      -12.7900000000            0.4792843167
      -12.7800000000            0.4813513960
      -12.7700000000            0.4838038481
      -12.7600000000            0.4866425277
      -12.7500000000            0.4898669510
      -12.7400000000            0.4934747473
      -12.7300000000            0.4974610206
      -12.7200000000            0.5018176190
      -12.7100000000            0.5065323155
      -12.7000000000            0.5115879132
      -12.6900000000            0.5169612973
      -12.6800000000            0.5226224741
      -12.6700000000            0.5285336524
      -12.6600000000            0.5346484427
      -12.6500000000            0.5409112711
      -12.6400000000            0.5472571219
      -12.6300000000            0.5536117308
      -12.6200000000            0.5598923547
      -12.6100000000            0.5660092200
      -12.6000000000            0.5718677145
      -12.5900000000            0.5773713233
      -12.5800000000            0.5824252239
      -12.5700000000            0.5869403594
      -12.5600000000            0.5908377133
      -12.5500000000            0.5940524365
      -12.5400000000            0.5965374422
      -12.5300000000            0.5982661020
      -12.5200000000            0.5992337560
      -12.5100000000            0.5994578729
      -12.5000000000            0.5989768502
      -12.4900000000            0.5978476006
      -12.4800000000            0.5961421965
      -12.4700000000            0.5939439251
      -12.4600000000            0.5913431326
      -12.4500000000            0.5884332036
      -12.4400000000            0.5853069544
      -12.4300000000            0.5820536308
      -12.4200000000            0.5787566034
      -12.4100000000            0.5754917756
      -12.4000000000            0.5723266506
      -12.3900000000            0.5693199675
      -12.3800000000            0.5665217927
      -12.3700000000            0.5639739507
      -12.3600000000            0.5617106860
      -12.3500000000            0.5597594633
      -12.3400000000            0.5581418309
      -12.3300000000            0.5568742909
      -12.3200000000            0.5559691358
      -12.3100000000            0.5554352270
      -12.3000000000            0.5552786977
      -12.2900000000            0.5555035773
      -12.2800000000            0.5561123337
      -12.2700000000            0.5571063393
      -12.2600000000            0.5584862648
      -12.2500000000            0.5602524099
      -12.2400000000            0.5624049766
      -12.2300000000            0.5649442935
      -12.2200000000            0.5678709982
      -12.2100000000            0.5711861827
      -12.2000000000            0.5748915090
      -12.1900000000            0.5789892973
      -12.1800000000            0.5834825921
      -12.1700000000            0.5883752083
      -12.1600000000            0.5936717586
      -12.1500000000            0.5993776655
      -12.1400000000            0.6054991565
      -12.1300000000            0.6120432445
      -12.1200000000            0.6190176934
      -12.1100000000            0.6264309673
      -12.1000000000            0.6342921664
      -12.0900000000            0.6426109475
      -12.0800000000            0.6513974333
      -12.0700000000            0.6606621114
      -12.0600000000            0.6704157301
      -12.0500000000            0.6806691970
      -12.0400000000            0.6914334913
      -12.0300000000            0.7027196035
      -12.0200000000            0.7145385181
      -12.0100000000            0.7269012584
      -12.0000000000            0.7398190114
      -11.9900000000            0.7533033515
      -11.9800000000            0.7673665746
      -11.9700000000            0.7820221476
      -11.9600000000            0.7972852659
      -11.9500000000            0.8131734974
      -11.9400000000            0.8297074775
      -11.9300000000            0.8469116043
      -11.9200000000            0.8648146761
      -11.9100000000            0.8834504108
      -11.9000000000            0.9028577898
      -11.8900000000            0.9230811854
      -11.8800000000            0.9441702455
      -11.8700000000            0.9661795296
      -11.8600000000            0.9891679080
      -11.8500000000            1.0131977473
      -11.8400000000            1.0383339101
      -11.8300000000            1.0646425922
      -11.8200000000            1.0921900152
      -11.8100000000            1.1210409773
      -11.8000000000            1.1512572514
      -11.7900000000            1.1828958133
      -11.7800000000            1.2160068719
      -11.7700000000            1.2506316802
      -11.7600000000            1.2868001122
      -11.7500000000            1.3245280143
      -11.7400000000            1.3638143711
      -11.7300000000            1.4046383692
      -11.7200000000            1.4469564977
      -11.7100000000            1.4906998910
      -11.7000000000            1.5357721860
      -11.6900000000            1.5820482341
      -11.6800000000            1.6293740574
      -11.6700000000            1.6775684605
      -11.6600000000            1.7264266802
      -11.6500000000            1.7757263602
      -11.6400000000            1.8252359736
      -11.6300000000            1.8747255719
      -11.6200000000            1.9239794431
      -11.6100000000            1.9728099526
      -11.6000000000            2.0210715646
      -11.5900000000            2.0686738716
      -11.5800000000            2.1155924394
      -11.5700000000            2.1618764329
      -11.5600000000            2.2076523188
      -11.5500000000            2.2531233870
      -11.5400000000            2.2985653172
      -11.5300000000            2.3443184545
      -11.5200000000            2.3907777686
      -11.5100000000            2.4383816161
      -11.5000000000            2.4876004030
      -11.4900000000            2.5389260824
      -11.4800000000            2.5928631769
      -11.4700000000            2.6499217379
      -11.4600000000            2.7106123979
      -11.4500000000            2.7754434580
      -11.4400000000            2.8449198078
      -11.4300000000            2.9195433813
      -11.4200000000            2.9998148168
      -11.4100000000            3.0862359783
      -11.4000000000            3.1793130200
      -11.3900000000            3.2795596961
      -11.3800000000            3.3875006490
      -11.3700000000            3.5036744298
      -11.3600000000            3.6286360179
      -11.3500000000            3.7629586084
      -11.3400000000            3.9072344222
      -11.3300000000            4.0620742732
      -11.3200000000            4.2281055878
      -11.3100000000            4.4059685246
      -11.3000000000            4.5963097909
      -11.2900000000            4.7997736880
      -11.2800000000            5.0169898648
      -11.2700000000            5.2485572110
      -11.2600000000            5.4950232996
      -11.2500000000            5.7568588089
      -11.2400000000            6.0344264330
      -11.2300000000            6.3279439639
      -11.2200000000            6.6374415109
      -11.2100000000            6.9627132578
      -11.2000000000            7.3032647464
      -11.1900000000            7.6582574337
      -11.1800000000            8.0264531515
      -11.1700000000            8.4061620504
      -11.1600000000            8.7951984873
      -11.1500000000            9.1908499611
      -11.1400000000            9.5898643999
      -11.1300000000            9.9884606611
      -11.1200000000           10.3823659033
      -11.1100000000           10.7668815484
      -11.1000000000           11.1369770952
      -11.0900000000           11.4874084918
      -11.0800000000           11.8128556431
      -11.0700000000           12.1080724208
      -11.0600000000           12.3680424623
      -11.0500000000           12.5881349612
      -11.0400000000           12.7642559717
      -11.0300000000           12.8929917163
      -11.0200000000           12.9717403051
      -11.0100000000           12.9988269284
      -11.0000000000           12.9735953962
      -10.9900000000           12.8964668635
      -10.9800000000           12.7689559268
      -10.9700000000           12.5936359587
      -10.9600000000           12.3740497953
      -10.9500000000           12.1145680594
      -10.9400000000           11.8202041377
      -10.9300000000           11.4964005177
      -10.9200000000           11.1488045268
      -10.9100000000           10.7830518557
      -10.9000000000           10.4045737922
      -10.8900000000           10.0184396275
      -10.8800000000            9.6292403750
      -10.8700000000            9.2410148093
      -10.8600000000            8.8572146829
      -10.8500000000            8.4807031870
      -10.8400000000            8.1137793240
      -10.8300000000            7.7582206323
      -10.8200000000            7.4153373132
      -10.8100000000            7.0860319111
      -10.8000000000            6.7708599941
      -10.7900000000            6.4700885575
      -10.7800000000            6.1837500082
      -10.7700000000            5.9116905082
      -10.7600000000            5.6536121617
      -10.7500000000            5.4091090304
      -10.7400000000            5.1776972920
      -10.7300000000            4.9588400527
      -10.7200000000            4.7519674225
      -10.7100000000            4.5564924887
      -10.7000000000            4.3718238040
      -10.6900000000            4.1973749640
      -10.6800000000            4.0325717839
      -10.6700000000            3.8768575251
      -10.6600000000            3.7296965535
      -10.6500000000            3.5905767541
      -10.6400000000            3.4590109703
      -10.6300000000            3.3345376886
      -10.6200000000            3.2167211495
      -10.6100000000            3.1051510287
      -10.6000000000            2.9994418042
      -10.5900000000            2.8992319017
      -10.5800000000            2.8041826896
      -10.5700000000            2.7139773792
      -10.5600000000            2.6283198735
      -10.5500000000            2.5469335972
      -10.5400000000            2.4695603311
      -10.5300000000            2.3959590703
      -10.5200000000            2.3259049173
      -10.5100000000            2.2591880201
      -10.5000000000            2.1956125591
      -10.4900000000            2.1349957888
      -10.4800000000            2.0771671326
      -10.4700000000            2.0219673332
      -10.4600000000            1.9692476569
      -10.4500000000            1.9188691502
      -10.4400000000            1.8707019467
      -10.4300000000            1.8246246227
      -10.4200000000            1.7805235979
      -10.4100000000            1.7382925789
      -10.4000000000            1.6978320438
      -10.3900000000            1.6590487638
      -10.3800000000            1.6218553610
      -10.3700000000            1.5861698974
      -10.3600000000            1.5519154964
      -10.3500000000            1.5190199904
      -10.3400000000            1.4874155966
      -10.3300000000            1.4570386154
      -10.3200000000            1.4278291519
      -10.3100000000            1.3997308582
      -10.3000000000            1.3726906944
      -10.2900000000            1.3466587074
      -10.2800000000            1.3215878257
      -10.2700000000            1.2974336701
      -10.2600000000            1.2741543769
      -10.2500000000            1.2517104349
      -10.2400000000            1.2300645336
      -10.2300000000            1.2091814231
      -10.2200000000            1.1890277825
      -10.2100000000            1.1695720995
      -10.2000000000            1.1507845571
      -10.1900000000            1.1326369284
      -10.1800000000            1.1151024798
      -10.1700000000            1.0981558793
      -10.1600000000            1.0817731126
      -10.1500000000            1.0659314037
      -10.1400000000            1.0506091419
      -10.1300000000            1.0357858128
      -10.1200000000            1.0214419348
      -10.1100000000            1.0075589991
      -10.1000000000            0.9941194141
      -10.0900000000            0.9811064534
      -10.0800000000            0.9685042067
      -10.0700000000            0.9562975348
      -10.0600000000            0.9444720265
      -10.0500000000            0.9330139590
      -10.0400000000            0.9219102604
      -10.0300000000            0.9111484748
      -10.0200000000            0.9007167292
      -10.0100000000            0.8906037031
      -10.0000000000            0.8807985994
       -9.9900000000            0.8712911174
       -9.9800000000            0.8620714271
       -9.9700000000            0.8531301457
       -9.9600000000            0.8444583148
       -9.9500000000            0.8360473796
       -9.9400000000            0.8278891687
       -9.9300000000            0.8199758759
       -9.9200000000            0.8123000420
       -9.9100000000            0.8048545391
       -9.9000000000            0.7976325542
       -9.8900000000            0.7906275754
       -9.8800000000            0.7838333775
       -9.8700000000            0.7772440090
       -9.8600000000            0.7708537806
       -9.8500000000            0.7646572529
       -9.8400000000            0.7586492259
       -9.8300000000            0.7528247288
       -9.8200000000            0.7471790105
       -9.8100000000            0.7417075302
       -9.8000000000            0.7364059494
       -9.7900000000            0.7312701233
       -9.7800000000            0.7262960937
       -9.7700000000            0.7214800818
       -9.7600000000            0.7168184817
       -9.7500000000            0.7123078537
       -9.7400000000            0.7079449191
       -9.7300000000            0.7037265541
       -9.7200000000            0.6996497852
       -9.7100000000            0.6957117841
       -9.7000000000            0.6919098632
       -9.6900000000            0.6882414720
       -9.6800000000            0.6847041924
       -9.6700000000            0.6812957359
       -9.6600000000            0.6780139401
       -9.6500000000            0.6748567657
       -9.6400000000            0.6718222935
       -9.6300000000            0.6689087227
       -9.6200000000            0.6661143680
       -9.6100000000            0.6634376579
       -9.6000000000            0.6608771332
       -9.5900000000            0.6584314455
       -9.5800000000            0.6560993556
       -9.5700000000            0.6538797333
       -9.5600000000            0.6517715563
       -9.5500000000            0.6497739096
       -9.5400000000            0.6478859857
       -9.5300000000            0.6461070847
       -9.5200000000            0.6444366143
       -9.5100000000            0.6428740907
       -9.5000000000            0.6414191396
       -9.4900000000            0.6400714970
       -9.4800000000            0.6388310112
       -9.4700000000            0.6376976443
       -9.4600000000            0.6366714745
       -9.4500000000            0.6357526983
       -9.4400000000            0.6349416339
       -9.4300000000            0.6342387238
       -9.4200000000            0.6336445388
       -9.4100000000            0.6331597821
       -9.4000000000            0.6327852934
       -9.3900000000            0.6325220543
       -9.3800000000            0.6323711936
       -9.3700000000            0.6323339933
       -9.3600000000            0.6324118953
       -9.3500000000            0.6326065086
       -9.3400000000            0.6329196170
       -9.3300000000            0.6333531881
       -9.3200000000            0.6339093822
       -9.3100000000            0.6345905630
       -9.3000000000            0.6353993083
       -9.2900000000            0.6363384219
       -9.2800000000            0.6374109473
       -9.2700000000            0.6386201812
       -9.2600000000            0.6399696891
       -9.2500000000            0.6414633218
       -9.2400000000            0.6431052335
       -9.2300000000            0.6448999013
       -9.2200000000            0.6468521458
       -9.2100000000            0.6489671542
       -9.2000000000            0.6512505047
       -9.1900000000            0.6537081927
       -9.1800000000            0.6563466595
       -9.1700000000            0.6591728228
       -9.1600000000            0.6621941097
       -9.1500000000            0.6654184919
       -9.1400000000            0.6688545236
       -9.1300000000            0.6725113819
       -9.1200000000            0.6763989100
       -9.1100000000            0.6805276627
       -9.1000000000            0.6849089553
       -9.0900000000            0.6895549145
       -9.0800000000            0.6944785318
       -9.0700000000            0.6996937199
       -9.0600000000            0.7052153694
       -9.0500000000            0.7110594083
       -9.0400000000            0.7172428612
       -9.0300000000            0.7237839075
       -9.0200000000            0.7307019382
       -9.0100000000            0.7380176087
       -9.0000000000            0.7457528843
       -8.9900000000            0.7539310775
       -8.9800000000            0.7625768707
       -8.9700000000            0.7717163214
       -8.9600000000            0.7813768420
       -8.9500000000            0.7915871484
       -8.9400000000            0.8023771660
       -8.9300000000            0.8137778842
       -8.9200000000            0.8258211433
       -8.9100000000            0.8385393401
       -8.9000000000            0.8519650314
       -8.8900000000            0.8661304149
       -8.8800000000            0.8810666628
       -8.8700000000            0.8968030808
       -8.8600000000            0.9133660642
       -8.8500000000            0.9307778225
       -8.8400000000            0.9490548454
       -8.8300000000            0.9682060888
       -8.8200000000            0.9882308687
       -8.8100000000            1.0091164690
       -8.8000000000            1.0308354888
       -8.7900000000            1.0533429930
       -8.7800000000            1.0765735699
       -8.7700000000            1.1004384533
       -8.7600000000            1.1248229282
       -8.7500000000            1.1495843030
       -8.7400000000            1.1745507899
       -8.7300000000            1.1995216742
       -8.7200000000            1.2242691633
       -8.7100000000            1.2485422606
       -8.7000000000            1.2720729006
       -8.6900000000            1.2945844010
       -8.6800000000            1.3158020332
       -8.6700000000            1.3354652192
       -8.6600000000            1.3533405638
       -8.6500000000            1.3692346809
       -8.6400000000            1.3830056467
       -8.6300000000            1.3945719343
       -8.6200000000            1.4039178926
       -8.6100000000            1.4110951969
       -8.6000000000            1.4162201588
       -8.5900000000            1.4194672624
       -8.5800000000            1.4210597010
       -8.5700000000            1.4212579536
       -8.5600000000            1.4203475416
       -8.5500000000            1.4186270342
       -8.5400000000            1.4163971794
       -8.5300000000            1.4139517684
       -8.5200000000            1.4115705594
       -8.5100000000            1.4095143305
       -8.5000000000            1.4080219323
       -8.4900000000            1.4073090781
       -8.4800000000            1.4075685413
       -8.4700000000            1.4089714109
       -8.4600000000            1.4116690758
       -8.4500000000            1.4157956522
       -8.4400000000            1.4214706177
       -8.4300000000            1.4288014703
       -8.4200000000            1.4378862780
       -8.4100000000            1.4488160226
       -8.4000000000            1.4616766758
       -8.3900000000            1.4765509647
       -8.3800000000            1.4935197980
       -8.3700000000            1.5126633325
       -8.3600000000            1.5340616607
       -8.3500000000            1.5577950953
       -8.3400000000            1.5839440234
       -8.3300000000            1.6125882924
       -8.3200000000            1.6438060801
       -8.3100000000            1.6776721927
       -8.3000000000            1.7142557245
       -8.2900000000            1.7536170077
       -8.2800000000            1.7958037786
       -8.2700000000            1.8408464949
       -8.2600000000            1.8887527552
       -8.2500000000            1.9395008037
       -8.2400000000            1.9930321577
       -8.2300000000            2.0492434701
       -8.2200000000            2.1079778428
       -8.2100000000            2.1690159412
       -8.2000000000            2.2320674165
       -8.1900000000            2.2967633216
       -8.1800000000            2.3626503808
       -8.1700000000            2.4291881243
       -8.1600000000            2.4957499835
       -8.1500000000            2.5616294195
       -8.1400000000            2.6260519817
       -8.1300000000            2.6881938272
       -8.1200000000            2.7472066721
       -8.1100000000            2.8022484212
       -8.1000000000            2.8525179060
       -8.0900000000            2.8972913890
       -8.0800000000            2.9359579065
       -8.0700000000            2.9680502775
       -8.0600000000            2.9932687962
       -8.0500000000            3.0114952760
       -8.0400000000            3.0227961331
       -8.0300000000            3.0274144225
       -8.0200000000            3.0257519555
       -8.0100000000            3.0183436185
       -8.0000000000            3.0058266380
       -7.9900000000            2.9889077248
       -7.9800000000            2.9683308248
       -7.9700000000            2.9448476938
       -7.9600000000            2.9191928425
       -7.9500000000            2.8920636962
       -7.9400000000            2.8641061785
       -7.9300000000            2.8359054399
       -7.9200000000            2.8079811144
       -7.9100000000            2.7807863072
       -7.9000000000            2.7547094638
       -7.8900000000            2.7300783078
       -7.8800000000            2.7071651293
       -7.8700000000            2.6861928296
       -7.8600000000            2.6673412577
       -7.8500000000            2.6507534973
       -7.8400000000            2.6365418672
       -7.8300000000            2.6247934883
       -7.8200000000            2.6155753343
       -7.8100000000            2.6089387390
       -7.8000000000            2.6049233632
       -7.7900000000            2.6035606518
       -7.7800000000            2.6048768233
       -7.7700000000            2.6088954443
       -7.7600000000            2.6156396408
       -7.7500000000            2.6251340003
       -7.7400000000            2.6374062161
       -7.7300000000            2.6524885191
       -7.7200000000            2.6704189413
       -7.7100000000            2.6912424490
       -7.7000000000            2.7150119804
       -7.6900000000            2.7417894180
       -7.6800000000            2.7716465244
       -7.6700000000            2.8046658651
       -7.6600000000            2.8409417415
       -7.6500000000            2.8805811551
       -7.6400000000            2.9237048220
       -7.6300000000            2.9704482567
       -7.6200000000            3.0209629429
       -7.6100000000            3.0754176098
       -7.6000000000            3.1339996325
       -7.5900000000            3.1969165748
       -7.5800000000            3.2643978941
       -7.5700000000            3.3366968307
       -7.5600000000            3.4140925013
       -7.5500000000            3.4968922233
       -7.5400000000            3.5854340928
       -7.5300000000            3.6800898451
       -7.5200000000            3.7812680258
       -7.5100000000            3.8894175041
       -7.5000000000            4.0050313579
       -7.4900000000            4.1286511659
       -7.4800000000            4.2608717368
       -7.4700000000            4.4023463082
       -7.4600000000            4.5537922408
       -7.4500000000            4.7159972320
       -7.4400000000            4.8898260576
       -7.4300000000            5.0762278406
       -7.4200000000            5.2762438213
       -7.4100000000            5.4910155709
       -7.4000000000            5.7217935508
       -7.3900000000            5.9699458536
       -7.3800000000            6.2369668878
       -7.3700000000            6.5244856503
       -7.3600000000            6.8342730946
       -7.3500000000            7.1682479070
       -7.3400000000            7.5284797653
       -7.3300000000            7.9171888429
       -7.3200000000            8.3367399391
       -7.3100000000            8.7896291461
       -7.3000000000            9.2784604112
       -7.2900000000            9.8059087179
       -7.2800000000           10.3746659325
       -7.2700000000           10.9873646944
       -7.2600000000           11.6464751822
       -7.2500000000           12.3541693460
       -7.2400000000           13.1121475076
       -7.2300000000           13.9214234816
       -7.2200000000           14.7820670069
       -7.2100000000           15.6929068428
       -7.2000000000           16.6512048380
       -7.1900000000           17.6523208843
       -7.1800000000           18.6894005934
       -7.1700000000           19.7531305819
       -7.1600000000           20.8316178927
       -7.1500000000           21.9104564214
       -7.1400000000           22.9730393756
       -7.1300000000           24.0011581502
       -7.1200000000           24.9758923136
       -7.1100000000           25.8787451468
       -7.1000000000           26.6929231845
       -7.0900000000           27.4046107959
       -7.0800000000           28.0040680074
       -7.0700000000           28.4863929090
       -7.0600000000           28.8518401651
       -7.0500000000           29.1056630146
       -7.0400000000           29.2575274447
       -7.0300000000           29.3206124671
       -7.0200000000           29.3105448934
       -7.0100000000           29.2443171314
       -7.0000000000           29.1393091132
       -6.9900000000           29.0124931292
       -6.9800000000           28.8798560140
       -6.9700000000           28.7560361955
       -6.9600000000           28.6541480194
       -6.9500000000           28.5857527141
       -6.9400000000           28.5609319457
       -6.9300000000           28.5884227824
       -6.9200000000           28.6757788694
       -6.9100000000           28.8295293106
       -6.9000000000           29.0553126073
       -6.8900000000           29.3579672461
       -6.8800000000           29.7415628719
       -6.8700000000           30.2093565637
       -6.8600000000           30.7636578902
       -6.8500000000           31.4055848060
       -6.8400000000           32.1346909993
       -6.8300000000           32.9484455313
       -6.8200000000           33.8415497420
       -6.8100000000           34.8050876882
       -6.8000000000           35.8255290926
       -6.7900000000           36.8836427640
       -6.7800000000           37.9534376252
       -6.7700000000           39.0013277219
       -6.7600000000           39.9858075235
       -6.7500000000           40.8579996089
       -6.7400000000           41.5634542063
       -6.7300000000           42.0454806560
       -6.7200000000           42.2500249724
       -6.7100000000           42.1316759426
       -6.7000000000           41.6598796595
       -6.6900000000           40.8240655809
       -6.6800000000           39.6363649092
       -6.6700000000           38.1310579496
       -6.6600000000           36.3607190530
       -6.6500000000           34.3899169649
       -6.6400000000           32.2879061482
       -6.6300000000           30.1218056322
       -6.6200000000           27.9513632317
       -6.6100000000           25.8257885412
       -6.6000000000           23.7825729518
       -6.5900000000           21.8478578657
       -6.5800000000           20.0377882653
       -6.5700000000           18.3603354879
       -6.5600000000           16.8172038665
       -6.5500000000           15.4055815495
       -6.5400000000           14.1196175467
       -6.5300000000           12.9515918999
       -6.5200000000           11.8927961700
       -6.5100000000           10.9341656879
       -6.5000000000           10.0667123987
       -6.4900000000            9.2818050567
       -6.4800000000            8.5713370631
       -6.4700000000            7.9278144591
       -6.4600000000            7.3443891286
       -6.4500000000            6.8148558498
       -6.4400000000            6.3336266620
       -6.4300000000            5.8956920240
       -6.4200000000            5.4965752605
       -6.4100000000            5.1322846244
       -6.4000000000            4.7992657523
       -6.3900000000            4.4943562165
       -6.3800000000            4.2147431308
       -6.3700000000            3.9579242769
       -6.3600000000            3.7216728927
       -6.3500000000            3.5040060609
       -6.3400000000            3.3031565147
       -6.3300000000            3.1175476134
       -6.3200000000            2.9457712064
       -6.3100000000            2.7865681038
       -6.3000000000            2.6388108738
       -6.2900000000            2.5014887068
       -6.2800000000            2.3736941063
       -6.2700000000            2.2546111878
       -6.2600000000            2.1435053915
       -6.2500000000            2.0397144329
       -6.2400000000            1.9426403397
       -6.2300000000            1.8517424389
       -6.2200000000            1.7665311742
       -6.2100000000            1.6865626527
       -6.2000000000            1.6114338266
       -6.1900000000            1.5407782346
       -6.1800000000            1.4742622302
       -6.1700000000            1.4115816404
       -6.1600000000            1.3524587992
       -6.1500000000            1.2966399123
       -6.1400000000            1.2438927126
       -6.1300000000            1.1940043715
       -6.1200000000            1.1467796357
       -6.1100000000            1.1020391633
       -6.1000000000            1.0596180355
       -6.0800000000            0.8368495649
       -6.0700000000            0.8091436859
       -6.0600000000            0.7826966220
       -6.0500000000            0.7574340281
       -6.0400000000            0.7332869861
       -6.0300000000            0.7101915336
       -6.0200000000            0.6880882397
       -6.0100000000            0.6669218233
       -6.0000000000            0.6466408079
       -5.9900000000            0.6271972102
       -5.9800000000            0.6085462581
       -5.9700000000            0.5906461344
       -5.9600000000            0.5734577455
       -5.9500000000            0.5569445095
       -5.9400000000            0.5410721647
       -5.9300000000            0.5258085943
       -5.9200000000            0.5111236663
       -5.9100000000            0.4969890881
       -5.9000000000            0.4833782723
       -5.8900000000            0.4702662148
       -5.8800000000            0.4576293825
       -5.8700000000            0.4454456102
       -5.8600000000            0.4336940061
       -5.8500000000            0.4223548650
       -5.8400000000            0.4114095874
       -5.8300000000            0.4008406067
       -5.8200000000            0.3906313202
       -5.8100000000            0.3807660264
       -5.8000000000            0.3712298670
       -5.7900000000            0.3620087728
       -5.7800000000            0.3530894141
       -5.7700000000            0.3444591542
       -5.7600000000            0.3361060070
       -5.7500000000            0.3280185968
       -5.7400000000            0.3201861213
       -5.7300000000            0.3125983176
       -5.7200000000            0.3052454300
       -5.7100000000            0.2981181802
       -5.7000000000            0.2912077396
       -5.6900000000            0.2845057032
       -5.6800000000            0.2780040659
       -5.6700000000            0.2716951994
       -5.6600000000            0.2655718315
       -5.6500000000            0.2596270262
       -5.6400000000            0.2538541651
       -5.6300000000            0.2482469306
       -5.6200000000            0.2427992891
       -5.6100000000            0.2375054764
       -5.6000000000            0.2323599828
       -5.5900000000            0.2273575403
       -5.5800000000            0.2224931100
       -5.5700000000            0.2177618697
       -5.5600000000            0.2131592036
       -5.5500000000            0.2086806912
       -5.5400000000            0.2043220981
       -5.5300000000            0.2000793662
       -5.5200000000            0.1959486050
       -5.5100000000            0.1919260839
       -5.5000000000            0.1880082239
       -5.4900000000            0.1841915905
       -5.4800000000            0.1804728868
       -5.4700000000            0.1768489470
       -5.4600000000            0.1733167299
       -5.4500000000            0.1698733137
       -5.4400000000            0.1665158898
       -5.4300000000            0.1632417582
       -5.4200000000            0.1600483218
       -5.4100000000            0.1569330827
       -5.4000000000            0.1538936368
       -5.3900000000            0.1509276701
       -5.3800000000            0.1480329549
       -5.3700000000            0.1452073454
       -5.3600000000            0.1424487747
       -5.3500000000            0.1397552509
       -5.3400000000            0.1371248544
       -5.3300000000            0.1345557341
       -5.3200000000            0.1320461054
       -5.3100000000            0.1295942465
       -5.3000000000            0.1271984964
       -5.2900000000            0.1248572520
       -5.2800000000            0.1225689660
       -5.2700000000            0.1203321443
       -5.2600000000            0.1181453441
       -5.2500000000            0.1160071717
       -5.2400000000            0.1139162805
       -5.2300000000            0.1118713692
       -5.2200000000            0.1098711800
       -5.2100000000            0.1079144967
       -5.2000000000            0.1060001434
       -5.1900000000            0.1041269826
       -5.1800000000            0.1022939139
       -5.1700000000            0.1004998725
       -5.1600000000            0.0987438281
       -5.1500000000            0.0970247829
       -5.1400000000            0.0953417713
       -5.1300000000            0.0936938580
       -5.1200000000            0.0920801371
       -5.1100000000            0.0904997310
       -5.1000000000            0.0889517895
       -5.0900000000            0.0874354884
       -5.0800000000            0.0859500291
       -5.0700000000            0.0844946371
       -5.0600000000            0.0830685618
       -5.0500000000            0.0816710748
       -5.0400000000            0.0803014699
       -5.0300000000            0.0789590619
       -5.0200000000            0.0776431858
       -5.0100000000            0.0763531965
       -5.0000000000            0.0750884677
       -4.9900000000            0.0738483914
       -4.9800000000            0.0726323772
       -4.9700000000            0.0714398520
       -4.9600000000            0.0702702589
       -4.9500000000            0.0691230571
       -4.9400000000            0.0679977210
       -4.9300000000            0.0668937402
       -4.9200000000            0.0658106184
       -4.9100000000            0.0647478732
       -4.9000000000            0.0637050359
       -4.8900000000            0.0626816504
       -4.8800000000            0.0616772735
       -4.8700000000            0.0606914741
       -4.8600000000            0.0597238328
       -4.8500000000            0.0587739416
       -4.8400000000            0.0578414035
       -4.8300000000            0.0569258324
       -4.8200000000            0.0560268523
       -4.8100000000            0.0551440973
       -4.8000000000            0.0542772112
       -4.7800000000            0.0000000000
       -4.7700000000            0.0000000000
       -4.7600000000            0.0000000000
       -4.7500000000            0.0000000000
       -4.7400000000            0.0000000000
       -4.7300000000            0.0000000000
       -4.7200000000            0.0000000000
       -4.7100000000            0.0000000000
       -4.7000000000            0.0000000000
       -4.6900000000            0.0000000000
       -4.6800000000            0.0000000000
       -4.6700000000            0.0000000000
       -4.6600000000            0.0000000000
       -4.6500000000            0.0000000000
       -4.6400000000            0.0000000000
       -4.6300000000            0.0000000000
       -4.6200000000            0.0000000000
       -4.6100000000            0.0000000000
       -4.6000000000            0.0000000000
       -4.5900000000            0.0000000000
       -4.5800000000            0.0000000000
       -4.5700000000            0.0000000000
       -4.5600000000            0.0000000000
       -4.5500000000            0.0000000000
       -4.5400000000            0.0000000000
       -4.5300000000            0.0000000000
       -4.5200000000            0.0000000000
       -4.5100000000            0.0000000000
       -4.5000000000            0.0000000000
       -4.4900000000            0.0000000000
       -4.4800000000            0.0000000000
       -4.4700000000            0.0000000000
       -4.4600000000            0.0000000000
       -4.4500000000            0.0000000000
       -4.4400000000            0.0000000000
       -4.4300000000            0.0000000000
       -4.4200000000            0.0000000000
       -4.4100000000            0.0000000000
       -4.4000000000            0.0000000000
       -4.3900000000            0.0000000000
       -4.3800000000            0.0000000000
       -4.3700000000            0.0000000000
       -4.3600000000            0.0000000000
       -4.3500000000            0.0000000000
       -4.3400000000            0.0000000000
       -4.3300000000            0.0000000000
       -4.3200000000            0.0000000000
       -4.3100000000            0.0000000000
       -4.3000000000            0.0000000000
       -4.2800000000            0.0097503447
       -4.2700000000            0.0100520722
       -4.2600000000            0.0103612250
       -4.2500000000            0.0106781847
       -4.2400000000            0.0110033517
       -4.2300000000            0.0113371469
       -4.2200000000            0.0116800125
       -4.2100000000            0.0120324135
       -4.2000000000            0.0123948392
       -4.1900000000            0.0127678044
       -4.1800000000            0.0131518515
       -4.1700000000            0.0135475518
       -4.1600000000            0.0139555077
       -4.1500000000            0.0143763546
       -4.1400000000            0.0148107628
       -4.1300000000            0.0152594403
       -4.1200000000            0.0157231349
       -4.1100000000            0.0162026368
       -4.1000000000            0.0166987816
       -4.0900000000            0.0172124531
       -4.0800000000            0.0177445868
       -4.0700000000            0.0182961730
       -4.0600000000            0.0188682606
       -4.0500000000            0.0194619608
       -4.0400000000            0.0200784514
       -4.0300000000            0.0207189813
       -4.0200000000            0.0213848747
       -4.0100000000            0.0220775362
       -4.0000000000            0.0227984561
       -3.9900000000            0.0235492157
       -3.9800000000            0.0243314929
       -3.9700000000            0.0251470684
       -3.9600000000            0.0259978314
       -3.9500000000            0.0268857864
       -3.9400000000            0.0278130597
       -3.9300000000            0.0287819055
       -3.9200000000            0.0297947131
       -3.9100000000            0.0308540132
       -3.9000000000            0.0319624838
       -3.8900000000            0.0331229570
       -3.8800000000            0.0343384231
       -3.8700000000            0.0356120359
       -3.8600000000            0.0369471155
       -3.8500000000            0.0383471496
       -3.8400000000            0.0398157932
       -3.8300000000            0.0413568646
       -3.8200000000            0.0429743389
       -3.8100000000            0.0446723359
       -3.8000000000            0.0464551036
       -3.7900000000            0.0483269935
       -3.7800000000            0.0502924283
       -3.7700000000            0.0523558594
       -3.7600000000            0.0545217114
       -3.7500000000            0.0567943122
       -3.7400000000            0.0591778051
       -3.7300000000            0.0616760416
       -3.7200000000            0.0642924483
       -3.7100000000            0.0670298690
       -3.7000000000            0.0698903734
       -3.6900000000            0.0728750347
       -3.6800000000            0.0759836680
       -3.6700000000            0.0792145319
       -3.6600000000            0.0825639915
       -3.6500000000            0.0860261440
       -3.6400000000            0.0895924150
       -3.6300000000            0.0932511327
       -3.6200000000            0.0969870965
       -3.6100000000            0.1007811622
       -3.6000000000            0.1046098710
       -3.5900000000            0.1084451621
       -3.5800000000            0.1122542094
       -3.5700000000            0.1159994351
       -3.5600000000            0.1196387490
       -3.5500000000            0.1231260645
       -3.5400000000            0.1264121269
       -3.5300000000            0.1294456768
       -3.5200000000            0.1321749404
       -3.5100000000            0.1345494044
       -3.5000000000            0.1365217979
       -3.4900000000            0.1380501611
       -3.4800000000            0.1390998534
       -3.4700000000            0.1396453376
       -3.4600000000            0.1396715757
       -3.4500000000            0.1391749049
       -3.4400000000            0.1381633004
       -3.4300000000            0.1366559965
       -3.4200000000            0.1346825018
       -3.4100000000            0.1322811030
       -3.4000000000            0.1294969982
       -3.3900000000            0.1263802239
       -3.3800000000            0.1229835432
       -3.3700000000            0.1193604443
       -3.3600000000            0.1155633659
       -3.3500000000            0.1116422287
       -3.3400000000            0.1076433094
       -3.3300000000            0.1036084617
       -3.3200000000            0.0995746593
       -3.3100000000            0.0955738186
       -3.3000000000            0.0916328481
       -3.2900000000            0.0877738719
       -3.2800000000            0.0840145731
       -3.2700000000            0.0803686141
       -3.2600000000            0.0768460944
       -3.2500000000            0.0734540170
       -3.2400000000            0.0701967427
       -3.2300000000            0.0670764164
       -3.2200000000            0.0640933569
       -3.2100000000            0.0612464057
       -3.2000000000            0.0585332327
       -3.1900000000            0.0559506004
       -3.1800000000            0.0534945887
       -3.1700000000            0.0511607837
       -3.1600000000            0.0489444340
       -3.1500000000            0.0468405792
       -3.1400000000            0.0448441528
       -3.1300000000            0.0429500652
       -3.1200000000            0.0411532687
       -3.1100000000            0.0394488065
       -3.1000000000            0.0378318515
       -3.0900000000            0.0362977328
       -3.0800000000            0.0348419555
       -3.0700000000            0.0334602132
       -3.0600000000            0.0321483955
       -3.0500000000            0.0309025910
       -3.0400000000            0.0297190871
       -3.0300000000            0.0285943679
       -3.0200000000            0.0275251091
       -3.0100000000            0.0265081729
       -3.0000000000            0.0255406005
       -2.9900000000            0.0246196051
       -2.9800000000            0.0237425638
       -2.9700000000            0.0229070096
       -2.9600000000            0.0221106233
       -2.9500000000            0.0213512254
       -2.9400000000            0.0206267685
       -2.9300000000            0.0199353290
       -2.9200000000            0.0192751007
       -2.9100000000            0.0186443866
       -2.9000000000            0.0180415932
       -2.8900000000            0.0174652234
       -2.8800000000            0.0169138708
       -2.8700000000            0.0163862136
       -2.8600000000            0.0158810097
       -2.8500000000            0.0153970913
       -2.8400000000            0.0149333602
       -2.8300000000            0.0144887832
       -2.8200000000            0.0140623883
       -2.8100000000            0.0136532602
       -2.8000000000            0.0132605374
       -2.7900000000            0.0128834080
       -2.7800000000            0.0125211071
       -2.7700000000            0.0121729134
       -2.7600000000            0.0118381468
       -2.7500000000            0.0115161654
       -2.7400000000            0.0112063634
       -2.7300000000            0.0109081688
       -2.7200000000            0.0106210411
       -2.7100000000            0.0103444695
       -2.7000000000            0.0100779710
       -2.6900000000            0.0098210889
       -2.6800000000            0.0095733906
       -2.6700000000            0.0093344670
       -2.6600000000            0.0091039304
       -2.6500000000            0.0088814133
       -2.6400000000            0.0086665676
       -2.6300000000            0.0084590631
       -2.6200000000            0.0082585864
       -2.6100000000            0.0080648401
       -2.6000000000            0.0078775419
       -2.5900000000            0.0076964235
       -2.5800000000            0.0075212301
       -2.5700000000            0.0073517193
       -2.5600000000            0.0071876607
       -2.5500000000            0.0070288349
       -2.5400000000            0.0068750333
       -2.5300000000            0.0067260571
       -2.5200000000            0.0065817170
       -2.5100000000            0.0064418327
       -2.5000000000            0.0063062322
       -2.4900000000            0.0061747514
       -2.4800000000            0.0060472340
       -2.4700000000            0.0059235307
       -2.4600000000            0.0058034990
       -2.4500000000            0.0056870027
       -2.4400000000            0.0055739118
       -2.4300000000            0.0054641021
       -2.4200000000            0.0053574548
       -2.4100000000            0.0052538563
       -2.4000000000            0.0051531979
       -2.3900000000            0.0050553756
       -2.3800000000            0.0049602899
       -2.3700000000            0.0048678454
       -2.3600000000            0.0047779509
       -2.3500000000            0.0046905189
       -2.3400000000            0.0046054655
       -2.3300000000            0.0045227103
       -2.3200000000            0.0044421763
       -2.3100000000            0.0043637894
       -2.3000000000            0.0042874788
       -2.2900000000            0.0042131762
       -2.2800000000            0.0041408163
       -2.2700000000            0.0040703363
       -2.2600000000            0.0040016758
       -2.2500000000            0.0039347768
       -2.2400000000            0.0038695835
       -2.2300000000            0.0038060425
       -2.2200000000            0.0037441021
       -2.2100000000            0.0036837127
       -2.2000000000            0.0036248267
       -2.1900000000            0.0035673981
       -2.1800000000            0.0035113827
       -2.1700000000            0.0034567380
       -2.1600000000            0.0034034229
       -2.1500000000            0.0033513980
       -2.1400000000            0.0033006252
       -2.1300000000            0.0032510678
       -2.1200000000            0.0032026905
       -2.1100000000            0.0031554591
       -2.1000000000            0.0031093407
       -2.0900000000            0.0030643037
       -2.0800000000            0.0030203173
       -2.0700000000            0.0029773522
       -2.0600000000            0.0029353796
       -2.0500000000            0.0028943721
       -2.0400000000            0.0028543031
       -2.0300000000            0.0028151468
       -2.0200000000            0.0027768786
       -2.0100000000            0.0027394743
       -2.0000000000            0.0027029108
       -1.9900000000            0.0026671656
       -1.9800000000            0.0026322172
       -1.9700000000            0.0025980445
       -1.9600000000            0.0025646273
       -1.9500000000            0.0025319461
       -1.9400000000            0.0024999817
       -1.9300000000            0.0024687158
       -1.9200000000            0.0024381308
       -1.9100000000            0.0024082093
       -1.9000000000            0.0023789348
       -1.8900000000            0.0023502911
       -1.8800000000            0.0023222626
       -1.8700000000            0.0022948341
       -1.8600000000            0.0022679911
       -1.8500000000            0.0022417192
       -1.8400000000            0.0022160048
       -1.8300000000            0.0021908344
       -1.8200000000            0.0021661953
       -1.8100000000            0.0021420747
       -1.8000000000            0.0021184606
       -1.7900000000            0.0020953412
       -1.7800000000            0.0020727050
       -1.7700000000            0.0020505410
       -1.7600000000            0.0020288384
       -1.7500000000            0.0020075867
       -1.7400000000            0.0019867758
       -1.7300000000            0.0019663959
       -1.7200000000            0.0019464375
       -1.7100000000            0.0019268912
       -1.7000000000            0.0019077481
       -1.6900000000            0.0018889995
       -1.6800000000            0.0018706368
       -1.6700000000            0.0018526519
       -1.6600000000            0.0018350367
       -1.6500000000            0.0018177836
       -1.6400000000            0.0018008849
       -1.6300000000            0.0017843333
       -1.6200000000            0.0017681217
       -1.6100000000            0.0017522432
       -1.6000000000            0.0017366911
       -1.5900000000            0.0017214588
       -1.5800000000            0.0017065401
       -1.5700000000            0.0016919287
       -1.5600000000            0.0016776186
       -1.5500000000            0.0016636041
       -1.5400000000            0.0016498795
       -1.5300000000            0.0016364393
       -1.5200000000            0.0016232782
       -1.5100000000            0.0016103909
       -1.5000000000            0.0015977724
       -1.4900000000            0.0015854179
       -1.4800000000            0.0015733225
       -1.4700000000            0.0015614817
       -1.4600000000            0.0015498908
       -1.4500000000            0.0015385457
       -1.4400000000            0.0015274419
       -1.4300000000            0.0015165754
       -1.4200000000            0.0015059422
       -1.4100000000            0.0014955383
       -1.4000000000            0.0014853601
       -1.3900000000            0.0014754037
       -1.3800000000            0.0014656657
       -1.3700000000            0.0014561425
       -1.3600000000            0.0014468309
       -1.3500000000            0.0014377275
       -1.3400000000            0.0014288291
       -1.3300000000            0.0014201327
       -1.3200000000            0.0014116353
       -1.3100000000            0.0014033340
       -1.3000000000            0.0013952259
       -1.2900000000            0.0013873084
       -1.2800000000            0.0013795788
       -1.2700000000            0.0013720345
       -1.2600000000            0.0013646731
       -1.2500000000            0.0013574922
       -1.2400000000            0.0013504893
       -1.2300000000            0.0013436623
       -1.2200000000            0.0013370091
       -1.2100000000            0.0013305274
       -1.2000000000            0.0013242152
       -1.1800000000            0.0019839472
       -1.1700000000            0.0019809171
       -1.1600000000            0.0019780577
       -1.1500000000            0.0019753675
       -1.1400000000            0.0019728449
       -1.1300000000            0.0019704884
       -1.1200000000            0.0019682966
       -1.1100000000            0.0019662683
       -1.1000000000            0.0019644021
       -1.0900000000            0.0019626968
       -1.0800000000            0.0019611512
       -1.0700000000            0.0019597644
       -1.0600000000            0.0019585352
       -1.0500000000            0.0019574627
       -1.0400000000            0.0019565460
       -1.0300000000            0.0019557842
       -1.0200000000            0.0019551765
       -1.0100000000            0.0019547222
       -1.0000000000            0.0019544207
       -0.9900000000            0.0019542712
       -0.9800000000            0.0019542732
       -0.9700000000            0.0019544263
       -0.9600000000            0.0019547299
       -0.9500000000            0.0019551837
       -0.9400000000            0.0019557873
       -0.9300000000            0.0019565405
       -0.9200000000            0.0019574430
       -0.9100000000            0.0019584946
       -0.9000000000            0.0019596953
       -0.8900000000            0.0019610450
       -0.8800000000            0.0019625437
       -0.8700000000            0.0019641914
       -0.8600000000            0.0019659883
       -0.8500000000            0.0019679346
       -0.8400000000            0.0019700305
       -0.8300000000            0.0019722763
       -0.8200000000            0.0019746724
       -0.8100000000            0.0019772192
       -0.8000000000            0.0019799171
       -0.7900000000            0.0019827668
       -0.7800000000            0.0019857688
       -0.7700000000            0.0019889238
       -0.7600000000            0.0019922326
       -0.7500000000            0.0019956960
       -0.7400000000            0.0019993148
       -0.7300000000            0.0020030900
       -0.7200000000            0.0020070227
       -0.7100000000            0.0020111139
       -0.7000000000            0.0020153647
       -0.6900000000            0.0020197766
       -0.6800000000            0.0020243506
       -0.6700000000            0.0020290884
       -0.6600000000            0.0020339913
       -0.6500000000            0.0020390609
       -0.6400000000            0.0020442989
       -0.6300000000            0.0020497070
       -0.6200000000            0.0020552870
       -0.6100000000            0.0020610410
       -0.6000000000            0.0020669708
       -0.5900000000            0.0020730787
       -0.5800000000            0.0020793669
       -0.5700000000            0.0020858376
       -0.5600000000            0.0020924934
       -0.5500000000            0.0020993368
       -0.5400000000            0.0021063704
       -0.5300000000            0.0021135971
       -0.5200000000            0.0021210198
       -0.5100000000            0.0021286416
       -0.5000000000            0.0021364655
       -0.4900000000            0.0021444950
       -0.4800000000            0.0021527335
       -0.4700000000            0.0021611847
       -0.4600000000            0.0021698522
       -0.4500000000            0.0021787402
       -0.4400000000            0.0021878526
       -0.4300000000            0.0021971938
       -0.4200000000            0.0022067682
       -0.4100000000            0.0022165805
       -0.4000000000            0.0022266357
       -0.3900000000            0.0022369387
       -0.3800000000            0.0022474949
       -0.3700000000            0.0022583098
       -0.3600000000            0.0022693892
       -0.3500000000            0.0022807391
       -0.3400000000            0.0022923658
       -0.3300000000            0.0023042759
       -0.3200000000            0.0023164762
       -0.3100000000            0.0023289739
       -0.3000000000            0.0023417766
       -0.2900000000            0.0023548919
       -0.2800000000            0.0023683282
       -0.2700000000            0.0023820940
       -0.2600000000            0.0023961981
       -0.2500000000            0.0024106500
       -0.2400000000            0.0024254595
       -0.2300000000            0.0024406369
       -0.2200000000            0.0024561928
       -0.2100000000            0.0024721385
       -0.2000000000            0.0024884860
       -0.1900000000            0.0025052474
       -0.1800000000            0.0025224358
       -0.1700000000            0.0025400649
       -0.1600000000            0.0025581489
       -0.1500000000            0.0025767029
       -0.1400000000            0.0025957426
       -0.1200000000            0.0028659024
       -0.1100000000            0.0028927276
       -0.1000000000            0.0029202882
       -0.0900000000            0.0029486133
       -0.0800000000            0.0029777335
       -0.0700000000            0.0030076810
       -0.0600000000            0.0030384898
       -0.0500000000            0.0030701959
       -0.0400000000            0.0031028372
       -0.0300000000            0.0031364535
       -0.0200000000            0.0031710872
       -0.0100000000            0.0032067829
