  -20.0000000000    0.0795105356    0.5519969151
  -19.9900000000    0.1034850758    0.5492954326
  -19.9800000000    0.1269731000    0.5444508760
  -19.9700000000    0.1497017321    0.5375750227
  -19.9600000000    0.1714274527    0.5288228164
  -19.9500000000    0.1919436637    0.5183837896
  -19.9400000000    0.2110855505    0.5064722472
  -19.9300000000    0.2287321588    0.4933170966
  -19.9200000000    0.2448058861    0.4791521271
  -19.9100000000    0.2592698094    0.4642073732
  -19.9000000000    0.2721233950    0.4487019840
  -19.8900000000    0.2833971755    0.4328388014
  -19.8800000000    0.2931469413    0.4168006616
  -19.8700000000    0.3014479113    0.4007482857
  -19.8600000000    0.3083892348    0.3848195328
  -19.8500000000    0.3140690627    0.3691297424
  -19.8400000000    0.3185903202    0.3537728846
  -19.8300000000    0.3220572305    0.3388232590
  -19.8200000000    0.3245725721    0.3243375163
  -19.8100000000    0.3262356124    0.3103568240
  -19.8000000000    0.3271406351    0.2969090373
  -19.7900000000    0.3273759672    0.2840107795
  -19.7800000000    0.3270234139    0.2716693695
  -19.7700000000    0.3261580138    0.2598845589
  -19.7600000000    0.3248480370    0.2486500649
  -19.7500000000    0.3231551603    0.2379548977
  -19.7400000000    0.3211347668    0.2277844913
  -19.7300000000    0.3188363243    0.2181216528
  -19.7200000000    0.3163038111    0.2089473491
  -19.7100000000    0.3135761617    0.2002413500
  -19.7000000000    0.3106877161    0.1919827468
  -19.6900000000    0.3076686566    0.1841503651
  -19.6800000000    0.3045454256    0.1767230884
  -19.6700000000    0.3013411178    0.1696801072
  -19.6600000000    0.2980758435    0.1630011064
  -19.6500000000    0.2947670616    0.1566664028
  -19.6400000000    0.2914298832    0.1506570420
  -19.6300000000    0.2880773456    0.1449548628
  -19.6200000000    0.2847206585    0.1395425352
  -19.6100000000    0.2813694245    0.1344035788
  -19.6000000000    0.2780318352    0.1295223654
  -19.5900000000    0.2747148459    0.1248841088
  -19.5800000000    0.2714243301    0.1204748472
  -19.5700000000    0.2681652162    0.1162814170
  -19.5600000000    0.2649416078    0.1122914243
  -19.5500000000    0.2617568900    0.1084932111
  -19.5400000000    0.2586138231    0.1048758217
  -19.5300000000    0.2555146242    0.1014289664
  -19.5200000000    0.2524610395    0.0981429864
  -19.5100000000    0.2494544073    0.0950088183
  -19.5000000000    0.2464957136    0.0920179593
  -19.4900000000    0.2435856403    0.0891624342
  -19.4800000000    0.2407246078    0.0864347629
  -19.4700000000    0.2379128120    0.0838279298
  -19.4600000000    0.2351502567    0.0813353542
  -19.4500000000    0.2324367818    0.0789508626
  -19.4400000000    0.2297720883    0.0766686629
  -19.4300000000    0.2271557595    0.0744833190
  -19.4200000000    0.2245872803    0.0723897280
  -19.4100000000    0.2220660529    0.0703830983
  -19.4000000000    0.2195914115    0.0684589291
  -19.3900000000    0.2171626346    0.0666129916
  -19.3800000000    0.2147789556    0.0648413107
  -19.3700000000    0.2124395724    0.0631401486
  -19.3600000000    0.2101436550    0.0615059895
  -19.3500000000    0.2078903532    0.0599355245
  -19.3400000000    0.2056788020    0.0584256386
  -19.3300000000    0.2035081269    0.0569733982
  -19.3200000000    0.2013774487    0.0555760390
  -19.3100000000    0.1992858868    0.0542309551
  -19.3000000000    0.1972325631    0.0529356894
  -19.2900000000    0.1952166041    0.0516879234
  -19.2800000000    0.1932371437    0.0504854691
  -19.2700000000    0.1912933247    0.0493262603
  -19.2600000000    0.1893843013    0.0482083452
  -19.2500000000    0.1875092393    0.0471298791
  -19.2400000000    0.1856673181    0.0460891180
  -19.2300000000    0.1838577314    0.0450844126
  -19.2200000000    0.1820796875    0.0441142019
  -19.2100000000    0.1803324104    0.0431770085
  -19.2000000000    0.1786151398    0.0422714332
  -19.1900000000    0.1769271315    0.0413961506
  -19.1800000000    0.1752676578    0.0405499047
  -19.1700000000    0.1736360071    0.0397315045
  -19.1600000000    0.1720314844    0.0389398209
  -19.1500000000    0.1704534110    0.0381737824
  -19.1400000000    0.1689011243    0.0374323725
  -19.1300000000    0.1673739780    0.0367146260
  -19.1200000000    0.1658713414    0.0360196265
  -19.1100000000    0.1643925995    0.0353465037
  -19.1000000000    0.1629371528    0.0346944308
  -19.0900000000    0.1615044166    0.0340626220
  -19.0800000000    0.1600938212    0.0334503305
  -19.0700000000    0.1587048112    0.0328568465
  -19.0600000000    0.1573368455    0.0322814952
  -19.0500000000    0.1559893965    0.0317236347
  -19.0400000000    0.1546619501    0.0311826548
  -19.0300000000    0.1533540056    0.0306579753
  -19.0200000000    0.1520650746    0.0301490442
  -19.0100000000    0.1507946813    0.0296553369
  -19.0000000000    0.1495423618    0.0291763543
  -18.9900000000    0.1483076642    0.0287116220
  -18.9800000000    0.1470901475    0.0282606892
  -18.9700000000    0.1458893820    0.0278231274
  -18.9600000000    0.1447049487    0.0273985296
  -18.9500000000    0.1435364387    0.0269865096
  -18.9400000000    0.1423834534    0.0265867004
  -18.9300000000    0.1412456039    0.0261987546
  -18.9200000000    0.1401225104    0.0258223427
  -18.9100000000    0.1390138027    0.0254571527
  -18.9000000000    0.1379191191    0.0251028899
  -18.8900000000    0.1368381067    0.0247592757
  -18.8800000000    0.1357704208    0.0244260476
  -18.8700000000    0.1347157247    0.0241029585
  -18.8600000000    0.1336736897    0.0237897764
  -18.8500000000    0.1326439945    0.0234862839
  -18.8400000000    0.1316263255    0.0231922781
  -18.8300000000    0.1306203759    0.0229075701
  -18.8200000000    0.1296258462    0.0226319849
  -18.8100000000    0.1286424437    0.0223653611
  -18.8000000000    0.1276698823    0.0221075509
  -18.7900000000    0.1267078824    0.0218584199
  -18.7800000000    0.1257561712    0.0216178471
  -18.7700000000    0.1248144819    0.0213857250
  -18.7600000000    0.1238825543    0.0211619593
  -18.7500000000    0.1229601342    0.0209464693
  -18.7400000000    0.1220469741    0.0207391878
  -18.7300000000    0.1211428325    0.0205400615
  -18.7200000000    0.1202474745    0.0203490511
  -18.7100000000    0.1193606715    0.0201661316
  -18.7000000000    0.1184822021    0.0199912927
  -18.6900000000    0.1176118513    0.0198245390
  -18.6800000000    0.1167494116    0.0196658905
  -18.6700000000    0.1158946831    0.0195153835
  -18.6600000000    0.1150474739    0.0193730704
  -18.6500000000    0.1142076007    0.0192390210
  -18.6400000000    0.1133748894    0.0191133230
  -18.6300000000    0.1125491758    0.0189960825
  -18.6200000000    0.1117303068    0.0188874252
  -18.6100000000    0.1109181409    0.0187874969
  -18.6000000000    0.1101125500    0.0186964647
  -18.5900000000    0.1093134204    0.0186145180
  -18.5800000000    0.1085206546    0.0185418694
  -18.5700000000    0.1077341733    0.0184787557
  -18.5600000000    0.1069539173    0.0184254395
  -18.5500000000    0.1061798503    0.0183822098
  -18.5400000000    0.1054119616    0.0183493834
  -18.5300000000    0.1046502696    0.0183273060
  -18.5200000000    0.1038948251    0.0183163530
  -18.5100000000    0.1031457164    0.0183169309
  -18.5000000000    0.1024030733    0.0183294776
  -18.4900000000    0.1016670733    0.0183544631
  -18.4800000000    0.1009379478    0.0183923894
  -18.4700000000    0.1002159888    0.0184437907
  -18.4600000000    0.0995015573    0.0185092321
  -18.4500000000    0.0987950923    0.0185893078
  -18.4400000000    0.0980971203    0.0186846391
  -18.4300000000    0.0974082667    0.0187958697
  -18.4200000000    0.0967292677    0.0189236607
  -18.4100000000    0.0960609837    0.0190686830
  -18.4000000000    0.0954044133    0.0192316077
  -18.3900000000    0.0947607082    0.0194130934
  -18.3800000000    0.0941311893    0.0196137704
  -18.3700000000    0.0935173622    0.0198342202
  -18.3600000000    0.0929209330    0.0200749511
  -18.3500000000    0.0923438228    0.0203363679
  -18.3400000000    0.0917881800    0.0206187355
  -18.3300000000    0.0912563891    0.0209221357
  -18.3200000000    0.0907510748    0.0212464170
  -18.3100000000    0.0902750980    0.0215911367
  -18.3000000000    0.0898315420    0.0219554958
  -18.2900000000    0.0894236862    0.0223382682
  -18.2800000000    0.0890549632    0.0227377241
  -18.2700000000    0.0887288958    0.0231515530
  -18.2600000000    0.0884490122    0.0235767887
  -18.2500000000    0.0882187345    0.0240097420
  -18.2400000000    0.0880412407    0.0244459505
  -18.2300000000    0.0879193006    0.0248801520
  -18.2200000000    0.0878550882    0.0253062932
  -18.2100000000    0.0878499784    0.0257175827
  -18.2000000000    0.0879043381    0.0261065992
  -18.1900000000    0.0880173289    0.0264654591
  -18.1800000000    0.0881867372    0.0267860472
  -18.1700000000    0.0884088566    0.0270603052
  -18.1600000000    0.0886784393    0.0272805652
  -18.1500000000    0.0889887382    0.0274399092
  -18.1400000000    0.0893316455    0.0275325247
  -18.1300000000    0.0896979329    0.0275540273
  -18.1200000000    0.0900775790    0.0275017169
  -18.1100000000    0.0904601626    0.0273747405
  -18.1000000000    0.0908352910    0.0271741434
  -18.0900000000    0.0911930256    0.0269028038
  -18.0800000000    0.0915242685    0.0265652564
  -18.0700000000    0.0918210810    0.0261674268
  -18.0600000000    0.0920769101    0.0257163025
  -18.0500000000    0.0922867165    0.0252195750
  -18.0400000000    0.0924470032    0.0246852819
  -18.0300000000    0.0925557582    0.0241214775
  -18.0200000000    0.0926123283    0.0235359515
  -18.0100000000    0.0926172454    0.0229360052
  -18.0000000000    0.0925720253    0.0223282916
  -17.9900000000    0.0924789595    0.0217187145
  -17.9800000000    0.0923409126    0.0211123816
  -17.9700000000    0.0921611378    0.0205136007
  -17.9600000000    0.0919431148    0.0199259100
  -17.9500000000    0.0916904157    0.0193521309
  -17.9400000000    0.0914065969    0.0187944369
  -17.9300000000    0.0910951169    0.0182544289
  -17.9200000000    0.0907592759    0.0177332132
  -17.9100000000    0.0904021759    0.0172314765
  -17.9000000000    0.0900266952    0.0167495572
  -17.8900000000    0.0896354768    0.0162875089
  -17.8800000000    0.0892309257    0.0158451578
  -17.8700000000    0.0888152132    0.0154221520
  -17.8600000000    0.0883902868    0.0150180035
  -17.8500000000    0.0879578827    0.0146321239
  -17.8400000000    0.0875195407    0.0142638542
  -17.8300000000    0.0870766203    0.0139124882
  -17.8200000000    0.0866303161    0.0135772924
  -17.8100000000    0.0861816739    0.0132575216
  -17.8000000000    0.0857316057    0.0129524307
  -17.7900000000    0.0852809037    0.0126612840
  -17.7800000000    0.0848302535    0.0123833627
  -17.7700000000    0.0843802461    0.0121179696
  -17.7600000000    0.0839313889    0.0118644331
  -17.7500000000    0.0834841156    0.0116221093
  -17.7400000000    0.0830387952    0.0113903837
  -17.7300000000    0.0825957396    0.0111686719
  -17.7200000000    0.0821552111    0.0109564195
  -17.7100000000    0.0817174284    0.0107531021
  -17.7000000000    0.0812825721    0.0105582246
  -17.6900000000    0.0808507899    0.0103713200
  -17.6800000000    0.0804222006    0.0101919487
  -17.6700000000    0.0799968980    0.0100196973
  -17.6600000000    0.0795749544    0.0098541771
  -17.6500000000    0.0791564233    0.0096950230
  -17.6400000000    0.0787413418    0.0095418923
  -17.6300000000    0.0783297335    0.0093944635
  -17.6200000000    0.0779216095    0.0092524347
  -17.6100000000    0.0775169711    0.0091155227
  -17.6000000000    0.0771158105    0.0089834618
  -17.5900000000    0.0767181126    0.0088560028
  -17.5800000000    0.0763238558    0.0087329117
  -17.5700000000    0.0759330132    0.0086139689
  -17.5600000000    0.0755455536    0.0084989682
  -17.5500000000    0.0751614418    0.0083877160
  -17.5400000000    0.0747806395    0.0082800304
  -17.5300000000    0.0744031061    0.0081757406
  -17.5200000000    0.0740287987    0.0080746857
  -17.5100000000    0.0736576730    0.0079767146
  -17.5000000000    0.0732896834    0.0078816851
  -17.4900000000    0.0729247831    0.0077894634
  -17.4800000000    0.0725629251    0.0076999233
  -17.4700000000    0.0722040616    0.0076129459
  -17.4600000000    0.0718481448    0.0075284194
  -17.4500000000    0.0714951268    0.0074462379
  -17.4400000000    0.0711449597    0.0073663019
  -17.4300000000    0.0707975959    0.0072885172
  -17.4200000000    0.0704529882    0.0072127948
  -17.4100000000    0.0701110898    0.0071390507
  -17.4000000000    0.0697718542    0.0070672054
  -17.3900000000    0.0694352358    0.0069971838
  -17.3800000000    0.0691011893    0.0069289146
  -17.3700000000    0.0687696702    0.0068623305
  -17.3600000000    0.0684406347    0.0067973675
  -17.3500000000    0.0681140396    0.0067339650
  -17.3400000000    0.0677898425    0.0066720657
  -17.3300000000    0.0674680018    0.0066116150
  -17.3200000000    0.0671484765    0.0065525612
  -17.3100000000    0.0668312265    0.0064948551
  -17.3000000000    0.0665162123    0.0064384499
  -17.2900000000    0.0662033953    0.0063833012
  -17.2800000000    0.0658927376    0.0063293667
  -17.2700000000    0.0655842020    0.0062766062
  -17.2600000000    0.0652777520    0.0062249815
  -17.2500000000    0.0649733521    0.0061744559
  -17.2400000000    0.0646709671    0.0061249948
  -17.2300000000    0.0643705628    0.0060765649
  -17.2200000000    0.0640721056    0.0060291346
  -17.2100000000    0.0637755626    0.0059826739
  -17.2000000000    0.0634809015    0.0059371538
  -17.1900000000    0.0631880906    0.0058925468
  -17.1800000000    0.0628970991    0.0058488267
  -17.1700000000    0.0626078965    0.0058059684
  -17.1600000000    0.0623204532    0.0057639478
  -17.1500000000    0.0620347398    0.0057227420
  -17.1400000000    0.0617507279    0.0056823290
  -17.1300000000    0.0614683894    0.0056426879
  -17.1200000000    0.0611876967    0.0056037984
  -17.1100000000    0.0609086230    0.0055656413
  -17.1000000000    0.0606311418    0.0055281982
  -17.0900000000    0.0603552271    0.0054914514
  -17.0800000000    0.0600808535    0.0054553840
  -17.0700000000    0.0598079960    0.0054199797
  -17.0600000000    0.0595366299    0.0053852229
  -17.0500000000    0.0592667314    0.0053510988
  -17.0400000000    0.0589982766    0.0053175929
  -17.0300000000    0.0587312423    0.0052846917
  -17.0200000000    0.0584656058    0.0052523819
  -17.0100000000    0.0582013445    0.0052206509
  -17.0000000000    0.0579384365    0.0051894865
  -16.9900000000    0.0576768599    0.0051588771
  -16.9800000000    0.0574165936    0.0051288116
  -16.9700000000    0.0571576165    0.0050992793
  -16.9600000000    0.0568999079    0.0050702698
  -16.9500000000    0.0566434475    0.0050417733
  -16.9400000000    0.0563882154    0.0050137803
  -16.9300000000    0.0561341918    0.0049862818
  -16.9200000000    0.0558813572    0.0049592689
  -16.9100000000    0.0556296927    0.0049327335
  -16.9000000000    0.0553791793    0.0049066674
  -16.8900000000    0.0551297984    0.0048810629
  -16.8800000000    0.0548815317    0.0048559128
  -16.8700000000    0.0546343612    0.0048312099
  -16.8600000000    0.0543882689    0.0048069475
  -16.8500000000    0.0541432373    0.0047831190
  -16.8400000000    0.0538992490    0.0047597185
  -16.8300000000    0.0536562868    0.0047367398
  -16.8200000000    0.0534143336    0.0047141774
  -16.8100000000    0.0531733729    0.0046920258
  -16.8000000000    0.0529333878    0.0046702800
  -16.7900000000    0.0526943621    0.0046489349
  -16.7800000000    0.0524562795    0.0046279860
  -16.7700000000    0.0522191240    0.0046074288
  -16.7600000000    0.0519828796    0.0045872591
  -16.7500000000    0.0517475306    0.0045674728
  -16.7400000000    0.0515130613    0.0045480663
  -16.7300000000    0.0512794564    0.0045290359
  -16.7200000000    0.0510467004    0.0045103783
  -16.7100000000    0.0508147782    0.0044920903
  -16.7000000000    0.0505836747    0.0044741691
  -16.6900000000    0.0503533748    0.0044566117
  -16.6800000000    0.0501238638    0.0044394157
  -16.6700000000    0.0498951268    0.0044225786
  -16.6600000000    0.0496671492    0.0044060984
  -16.6500000000    0.0494399163    0.0043899730
  -16.6400000000    0.0492134137    0.0043742006
  -16.6300000000    0.0489876269    0.0043587795
  -16.6200000000    0.0487625415    0.0043437084
  -16.6100000000    0.0485381432    0.0043289860
  -16.6000000000    0.0483144179    0.0043146111
  -16.5900000000    0.0480913511    0.0043005830
  -16.5800000000    0.0478689289    0.0042869009
  -16.5700000000    0.0476471371    0.0042735642
  -16.5600000000    0.0474259615    0.0042605727
  -16.5500000000    0.0472053882    0.0042479262
  -16.5400000000    0.0469854031    0.0042356246
  -16.5300000000    0.0467659921    0.0042236682
  -16.5200000000    0.0465471412    0.0042120575
  -16.5100000000    0.0463288364    0.0042007928
  -16.5000000000    0.0461110636    0.0041898752
  -16.4900000000    0.0458938089    0.0041793054
  -16.4800000000    0.0456770581    0.0041690847
  -16.4700000000    0.0454607972    0.0041592144
  -16.4600000000    0.0452450121    0.0041496961
  -16.4500000000    0.0450296886    0.0041405316
  -16.4400000000    0.0448148124    0.0041317227
  -16.4300000000    0.0446003695    0.0041232718
  -16.4200000000    0.0443863454    0.0041151812
  -16.4100000000    0.0441727258    0.0041074535
  -16.4000000000    0.0439594962    0.0041000916
  -16.3900000000    0.0437466422    0.0040930986
  -16.3800000000    0.0435341492    0.0040864777
  -16.3700000000    0.0433220024    0.0040802326
  -16.3600000000    0.0431101871    0.0040743671
  -16.3500000000    0.0428986883    0.0040688852
  -16.3400000000    0.0426874911    0.0040637913
  -16.3300000000    0.0424765803    0.0040590899
  -16.3200000000    0.0422659407    0.0040547861
  -16.3100000000    0.0420555569    0.0040508849
  -16.3000000000    0.0418454132    0.0040473919
  -16.2900000000    0.0416354941    0.0040443128
  -16.2800000000    0.0414257836    0.0040416537
  -16.2700000000    0.0412162657    0.0040394212
  -16.2600000000    0.0410069242    0.0040376220
  -16.2500000000    0.0407977426    0.0040362632
  -16.2400000000    0.0405887044    0.0040353524
  -16.2300000000    0.0403797928    0.0040348975
  -16.2200000000    0.0401709906    0.0040349067
  -16.2100000000    0.0399622807    0.0040353889
  -16.2000000000    0.0397536455    0.0040363531
  -16.1900000000    0.0395450672    0.0040378089
  -16.1800000000    0.0393365278    0.0040397665
  -16.1700000000    0.0391280091    0.0040422363
  -16.1600000000    0.0389194925    0.0040452294
  -16.1500000000    0.0387109590    0.0040487575
  -16.1400000000    0.0385023894    0.0040528327
  -16.1300000000    0.0382937644    0.0040574676
  -16.1200000000    0.0380850640    0.0040626757
  -16.1100000000    0.0378762680    0.0040684708
  -16.1000000000    0.0376673560    0.0040748677
  -16.0900000000    0.0374583069    0.0040818816
  -16.0800000000    0.0372490995    0.0040895286
  -16.0700000000    0.0370397122    0.0040978254
  -16.0600000000    0.0368301226    0.0041067897
  -16.0500000000    0.0366203084    0.0041164398
  -16.0400000000    0.0364102466    0.0041267951
  -16.0300000000    0.0361999136    0.0041378759
  -16.0200000000    0.0359892855    0.0041497032
  -16.0100000000    0.0357783380    0.0041622993
  -16.0000000000    0.0355670461    0.0041756875
  -15.9900000000    0.0353553844    0.0041898921
  -15.9800000000    0.0351433269    0.0042049386
  -15.9700000000    0.0349308470    0.0042208540
  -15.9600000000    0.0347179177    0.0042376663
  -15.9500000000    0.0345045113    0.0042554050
  -15.9400000000    0.0342905994    0.0042741011
  -15.9300000000    0.0340761531    0.0042937869
  -15.9200000000    0.0338611430    0.0043144967
  -15.9100000000    0.0336455388    0.0043362661
  -15.9000000000    0.0334293096    0.0043591328
  -15.8900000000    0.0332124239    0.0043831363
  -15.8800000000    0.0329948495    0.0044083181
  -15.8700000000    0.0327765535    0.0044347218
  -15.8600000000    0.0325575022    0.0044623932
  -15.8500000000    0.0323376612    0.0044913807
  -15.8400000000    0.0321169954    0.0045217350
  -15.8300000000    0.0318954689    0.0045535097
  -15.8200000000    0.0316730453    0.0045867608
  -15.8100000000    0.0314496871    0.0046215478
  -15.8000000000    0.0312253563    0.0046579331
  -15.7900000000    0.0310000141    0.0046959826
  -15.7800000000    0.0307736210    0.0047357656
  -15.7700000000    0.0305461366    0.0047773554
  -15.7600000000    0.0303175201    0.0048208294
  -15.7500000000    0.0300877299    0.0048662690
  -15.7400000000    0.0298567238    0.0049137605
  -15.7300000000    0.0296244591    0.0049633949
  -15.7200000000    0.0293908922    0.0050152685
  -15.7100000000    0.0291559797    0.0050694829
  -15.7000000000    0.0289196772    0.0051261458
  -15.6900000000    0.0286819403    0.0051853710
  -15.6800000000    0.0284427245    0.0052472793
  -15.6700000000    0.0282019851    0.0053119981
  -15.6600000000    0.0279596775    0.0053796628
  -15.6500000000    0.0277157577    0.0054504169
  -15.6400000000    0.0274701817    0.0055244123
  -15.6300000000    0.0272229067    0.0056018104
  -15.6200000000    0.0269738907    0.0056827822
  -15.6100000000    0.0267230931    0.0057675095
  -15.6000000000    0.0264704751    0.0058561852
  -15.5900000000    0.0262159998    0.0059490143
  -15.5800000000    0.0259596333    0.0060462146
  -15.5700000000    0.0257013446    0.0061480177
  -15.5600000000    0.0254411068    0.0062546697
  -15.5500000000    0.0251788974    0.0063664325
  -15.5400000000    0.0249146995    0.0064835849
  -15.5300000000    0.0246485025    0.0066064231
  -15.5200000000    0.0243803035    0.0067352629
  -15.5100000000    0.0241101082    0.0068704400
  -15.5000000000    0.0238379326    0.0070123120
  -15.4900000000    0.0235638046    0.0071612597
  -15.4800000000    0.0232877658    0.0073176881
  -15.4700000000    0.0230098738    0.0074820287
  -15.4600000000    0.0227302045    0.0076547404
  -15.4500000000    0.0224488548    0.0078363115
  -15.4400000000    0.0221659459    0.0080272614
  -15.4300000000    0.0218816268    0.0082281419
  -15.4200000000    0.0215960784    0.0084395392
  -15.4100000000    0.0213095181    0.0086620754
  -15.4000000000    0.0210222049    0.0088964098
  -15.3900000000    0.0207344453    0.0091432405
  -15.3800000000    0.0204466002    0.0094033052
  -15.3700000000    0.0201590921    0.0096773821
  -15.3600000000    0.0198724138    0.0099662902
  -15.3500000000    0.0195871373    0.0102708888
  -15.3400000000    0.0193039253    0.0105920770
  -15.3300000000    0.0190235419    0.0109307910
  -15.3200000000    0.0187468666    0.0112880013
  -15.3100000000    0.0184749079    0.0116647076
  -15.3000000000    0.0182088196    0.0120619326
  -15.2900000000    0.0179499177    0.0124807123
  -15.2800000000    0.0176996988    0.0129220848
  -15.2700000000    0.0174598596    0.0133870743
  -15.2600000000    0.0172323178    0.0138766724
  -15.2500000000    0.0170192324    0.0143918134
  -15.2400000000    0.0168230252    0.0149333445
  -15.2300000000    0.0166464005    0.0155019896
  -15.2200000000    0.0164923630    0.0160983052
  -15.2100000000    0.0163642326    0.0167226289
  -15.2000000000    0.0162656531    0.0173750181
  -15.1900000000    0.0162005941    0.0180551802
  -15.1800000000    0.0161733418    0.0187623926
  -15.1700000000    0.0161884756    0.0194954146
  -15.1600000000    0.0162508282    0.0202523914
  -15.1500000000    0.0163654229    0.0210307528
  -15.1400000000    0.0165373850    0.0218271116
  -15.1300000000    0.0167718244    0.0226371654
  -15.1200000000    0.0170736836    0.0234556112
  -15.1100000000    0.0174475532    0.0242760804
  -15.1000000000    0.0178974527    0.0250911063
  -15.0900000000    0.0184265831    0.0258921367
  -15.0800000000    0.0190370583    0.0266696024
  -15.0700000000    0.0197296298    0.0274130555
  -15.0600000000    0.0205034230    0.0281113827
  -15.0500000000    0.0213557074    0.0287531001
  -15.0400000000    0.0222817262    0.0293267208
  -15.0300000000    0.0232746123    0.0298211864
  -15.0200000000    0.0243254122    0.0302263357
  -15.0100000000    0.0254232328    0.0305333805
  -15.0000000000    0.0265555168    0.0307353509
  -14.9900000000    0.0277084370    0.0308274694
  -14.9800000000    0.0288673866    0.0308074183
  -14.9700000000    0.0300175314    0.0306754734
  -14.9600000000    0.0311443800    0.0304344888
  -14.9500000000    0.0322343271    0.0300897352
  -14.9400000000    0.0332751273    0.0296486090
  -14.9300000000    0.0342562681    0.0291202400
  -14.9200000000    0.0351692195    0.0285150371
  -14.9100000000    0.0360075562    0.0278442093
  -14.9000000000    0.0367669585    0.0271193020
  -14.8900000000    0.0374451081    0.0263517761
  -14.8800000000    0.0380415041    0.0255526522
  -14.8700000000    0.0385572230    0.0247322332
  -14.8600000000    0.0389946504    0.0238999044
  -14.8500000000    0.0393572045    0.0230640110
  -14.8400000000    0.0396490703    0.0222318014
  -14.8300000000    0.0398749563    0.0214094250
  -14.8200000000    0.0400398818    0.0206019727
  -14.8100000000    0.0401489975    0.0198135472
  -14.8000000000    0.0402074415    0.0190473525
  -14.7900000000    0.0402202266    0.0183057937
  -14.7800000000    0.0401921578    0.0175905796
  -14.7700000000    0.0401277748    0.0169028236
  -14.7600000000    0.0400313150    0.0162431389
  -14.7500000000    0.0399066940    0.0156117254
  -14.7400000000    0.0397574990    0.0150084477
  -14.7300000000    0.0395869925    0.0144329039
  -14.7200000000    0.0393981226    0.0138844847
  -14.7100000000    0.0391935387    0.0133624236
  -14.7000000000    0.0389756102    0.0128658397
  -14.6900000000    0.0387464469    0.0123937721
  -14.6800000000    0.0385079204    0.0119452091
  -14.6700000000    0.0382616848    0.0115191112
  -14.6600000000    0.0380091974    0.0111144297
  -14.6500000000    0.0377517383    0.0107301210
  -14.6400000000    0.0374904282    0.0103651583
  -14.6300000000    0.0372262462    0.0100185395
  -14.6200000000    0.0369600443    0.0096892939
  -14.6100000000    0.0366925624    0.0093764864
  -14.6000000000    0.0364244410    0.0090792203
  -14.5900000000    0.0361562324    0.0087966395
  -14.5800000000    0.0358884113    0.0085279286
  -14.5700000000    0.0356213841    0.0082723139
  -14.5600000000    0.0353554973    0.0080290623
  -14.5500000000    0.0350910444    0.0077974806
  -14.5400000000    0.0348282728    0.0075769145
  -14.5300000000    0.0345673895    0.0073667471
  -14.5200000000    0.0343085660    0.0071663972
  -14.5100000000    0.0340519428    0.0069753179
  -14.5000000000    0.0337976337    0.0067929951
  -14.4900000000    0.0335457289    0.0066189454
  -14.4800000000    0.0332962983    0.0064527145
  -14.4700000000    0.0330493940    0.0062938758
  -14.4600000000    0.0328050528    0.0061420288
  -14.4500000000    0.0325632983    0.0059967973
  -14.4400000000    0.0323241427    0.0058578281
  -14.4300000000    0.0320875882    0.0057247895
  -14.4200000000    0.0318536288    0.0055973702
  -14.4100000000    0.0316222513    0.0054752777
  -14.4000000000    0.0313934360    0.0053582373
  -14.3900000000    0.0311671586    0.0052459911
  -14.3800000000    0.0309433899    0.0051382967
  -14.3700000000    0.0307220975    0.0050349261
  -14.3600000000    0.0305032456    0.0049356654
  -14.3500000000    0.0302867961    0.0048403131
  -14.3400000000    0.0300727090    0.0047486800
  -14.3300000000    0.0298609426    0.0046605879
  -14.3200000000    0.0296514540    0.0045758693
  -14.3100000000    0.0294441992    0.0044943666
  -14.3000000000    0.0292391340    0.0044159312
  -14.2900000000    0.0290362132    0.0043404235
  -14.2800000000    0.0288353919    0.0042677118
  -14.2700000000    0.0286366249    0.0041976723
  -14.2600000000    0.0284398672    0.0041301882
  -14.2500000000    0.0282450738    0.0040651495
  -14.2400000000    0.0280522005    0.0040024526
  -14.2300000000    0.0278612030    0.0039419999
  -14.2200000000    0.0276720379    0.0038836995
  -14.2100000000    0.0274846621    0.0038274647
  -14.2000000000    0.0272990333    0.0037732140
  -14.1900000000    0.0271151099    0.0037208705
  -14.1800000000    0.0269328507    0.0036703620
  -14.1700000000    0.0267522155    0.0036216203
  -14.1600000000    0.0265731649    0.0035745815
  -14.1500000000    0.0263956600    0.0035291854
  -14.1400000000    0.0262196629    0.0034853757
  -14.1300000000    0.0260451363    0.0034430993
  -14.1200000000    0.0258720439    0.0034023066
  -14.1100000000    0.0257003502    0.0033629513
  -14.1000000000    0.0255300203    0.0033249899
  -14.0900000000    0.0253610203    0.0032883820
  -14.0800000000    0.0251933171    0.0032530903
  -14.0700000000    0.0250268783    0.0032190798
  -14.0600000000    0.0248616726    0.0031863185
  -14.0500000000    0.0246976693    0.0031547768
  -14.0400000000    0.0245348386    0.0031244278
  -14.0300000000    0.0243731517    0.0030952470
  -14.0200000000    0.0242125804    0.0030672124
  -14.0100000000    0.0240530978    0.0030403043
  -14.0000000000    0.0238946777    0.0030145053
  -13.9900000000    0.0237372948    0.0029898007
  -13.9800000000    0.0235809249    0.0029661778
  -13.9700000000    0.0234255449    0.0029436265
  -13.9600000000    0.0232711328    0.0029221388
  -13.9500000000    0.0231176678    0.0029017093
  -13.9400000000    0.0229651302    0.0028823349
  -13.9300000000    0.0228135019    0.0028640150
  -13.9200000000    0.0226627661    0.0028467513
  -13.9100000000    0.0225129077    0.0028305483
  -13.9000000000    0.0223639133    0.0028154127
  -13.8900000000    0.0222157715    0.0028013541
  -13.8800000000    0.0220684728    0.0027883847
  -13.8700000000    0.0219220104    0.0027765193
  -13.8600000000    0.0217763799    0.0027657755
  -13.8500000000    0.0216315798    0.0027561739
  -13.8400000000    0.0214876120    0.0027477378
  -13.8300000000    0.0213444821    0.0027404933
  -13.8200000000    0.0212021995    0.0027344697
  -13.8100000000    0.0210607785    0.0027296987
  -13.8000000000    0.0209202386    0.0027262152
  -13.7900000000    0.0207806049    0.0027240566
  -13.7800000000    0.0206419092    0.0027232628
  -13.7700000000    0.0205041905    0.0027238759
  -13.7600000000    0.0203674960    0.0027259400
  -13.7500000000    0.0202318821    0.0027295004
  -13.7400000000    0.0200974153    0.0027346033
  -13.7300000000    0.0199641734    0.0027412947
  -13.7200000000    0.0198322466    0.0027496194
  -13.7100000000    0.0197017387    0.0027596196
  -13.7000000000    0.0195727684    0.0027713336
  -13.6900000000    0.0194454704    0.0027847931
  -13.6800000000    0.0193199963    0.0028000212
  -13.6700000000    0.0191965156    0.0028170296
  -13.6600000000    0.0190752166    0.0028358143
  -13.6500000000    0.0189563057    0.0028563528
  -13.6400000000    0.0188400076    0.0028785983
  -13.6300000000    0.0187265639    0.0029024755
  -13.6200000000    0.0186162304    0.0029278745
  -13.6100000000    0.0185092738    0.0029546452
  -13.6000000000    0.0184059663    0.0029825914
  -13.5900000000    0.0183065786    0.0030114650
  -13.5800000000    0.0182113714    0.0030409613
  -13.5700000000    0.0181205836    0.0030707155
  -13.5600000000    0.0180344200    0.0031003008
  -13.5500000000    0.0179530368    0.0031292302
  -13.5400000000    0.0178765251    0.0031569609
  -13.5300000000    0.0178048960    0.0031829034
  -13.5200000000    0.0177380650    0.0032064351
  -13.5100000000    0.0176758399    0.0032269185
  -13.5000000000    0.0176179123    0.0032437239
  -13.4900000000    0.0175638547    0.0032562555
  -13.4800000000    0.0175131245    0.0032639782
  -13.4700000000    0.0174650754    0.0032664456
  -13.4600000000    0.0174189765    0.0032633236
  -13.4500000000    0.0173740378    0.0032544100
  -13.4400000000    0.0173294405    0.0032396458
  -13.4300000000    0.0172843700    0.0032191196
  -13.4200000000    0.0172380481    0.0031930610
  -13.4100000000    0.0171897631    0.0031618278
  -13.4000000000    0.0171388933    0.0031258848
  -13.3900000000    0.0170849248    0.0030857792
  -13.3800000000    0.0170274610    0.0030421124
  -13.3700000000    0.0169662250    0.0029955131
  -13.3600000000    0.0169010553    0.0029466118
  -13.3500000000    0.0168318961    0.0028960192
  -13.3400000000    0.0167587843    0.0028443084
  -13.3300000000    0.0166818339    0.0027920032
  -13.3200000000    0.0166012201    0.0027395692
  -13.3100000000    0.0165171638    0.0026874107
  -13.3000000000    0.0164299172    0.0026358697
  -13.2900000000    0.0163397510    0.0025852281
  -13.2800000000    0.0162469442    0.0025357117
  -13.2700000000    0.0161517756    0.0024874955
  -13.2600000000    0.0160545166    0.0024407091
  -13.2500000000    0.0159554274    0.0023954430
  -13.2400000000    0.0158547526    0.0023517544
  -13.2300000000    0.0157527202    0.0023096725
  -13.2200000000    0.0156495396    0.0022692038
  -13.2100000000    0.0155454019    0.0022303363
  -13.2000000000    0.0154404798    0.0021930436
  -13.1900000000    0.0153349286    0.0021572881
  -13.1800000000    0.0152288869    0.0021230241
  -13.1700000000    0.0151224778    0.0020901997
  -13.1600000000    0.0150158100    0.0020587594
  -13.1500000000    0.0149089793    0.0020286448
  -13.1400000000    0.0148020694    0.0019997967
  -13.1300000000    0.0146951537    0.0019721557
  -13.1200000000    0.0145882956    0.0019456629
  -13.1100000000    0.0144815502    0.0019202607
  -13.1000000000    0.0143749650    0.0018958929
  -13.0900000000    0.0142685807    0.0018725056
  -13.0800000000    0.0141624321    0.0018500467
  -13.0700000000    0.0140565488    0.0018284666
  -13.0600000000    0.0139509557    0.0018077180
  -13.0500000000    0.0138456738    0.0017877559
  -13.0400000000    0.0137407205    0.0017685377
  -13.0300000000    0.0136361101    0.0017500232
  -13.0200000000    0.0135318542    0.0017321743
  -13.0100000000    0.0134279623    0.0017149553
  -13.0000000000    0.0133244415    0.0016983322
  -12.9900000000    0.0132212973    0.0016822734
  -12.9800000000    0.0131185338    0.0016667490
  -12.9700000000    0.0130161536    0.0016517308
  -12.9600000000    0.0129141582    0.0016371926
  -12.9500000000    0.0128125482    0.0016231095
  -12.9400000000    0.0127113233    0.0016094581
  -12.9300000000    0.0126104824    0.0015962167
  -12.9200000000    0.0125100240    0.0015833647
  -12.9100000000    0.0124099459    0.0015708828
  -12.9000000000    0.0123102456    0.0015587528
  -12.8900000000    0.0122109201    0.0015469577
  -12.8800000000    0.0121119661    0.0015354814
  -12.8700000000    0.0120133802    0.0015243089
  -12.8600000000    0.0119151586    0.0015134260
  -12.8500000000    0.0118172975    0.0015028193
  -12.8400000000    0.0117197928    0.0014924763
  -12.8300000000    0.0116226406    0.0014823851
  -12.8200000000    0.0115258365    0.0014725345
  -12.8100000000    0.0114293765    0.0014629141
  -12.8000000000    0.0113332561    0.0014535138
  -12.7900000000    0.0112374712    0.0014443244
  -12.7800000000    0.0111420175    0.0014353369
  -12.7700000000    0.0110468907    0.0014265431
  -12.7600000000    0.0109520865    0.0014179349
  -12.7500000000    0.0108576009    0.0014095049
  -12.7400000000    0.0107634295    0.0014012461
  -12.7300000000    0.0106695684    0.0013931517
  -12.7200000000    0.0105760133    0.0013852154
  -12.7100000000    0.0104827604    0.0013774311
  -12.7000000000    0.0103898056    0.0013697932
  -12.6900000000    0.0102971450    0.0013622962
  -12.6800000000    0.0102047748    0.0013549351
  -12.6700000000    0.0101126912    0.0013477048
  -12.6600000000    0.0100208906    0.0013406008
  -12.6500000000    0.0099293692    0.0013336186
  -12.6400000000    0.0098381235    0.0013267541
  -12.6300000000    0.0097471500    0.0013200032
  -12.6200000000    0.0096564453    0.0013133621
  -12.6100000000    0.0095660059    0.0013068272
  -12.6000000000    0.0094758286    0.0013003951
  -12.5900000000    0.0093859101    0.0012940623
  -12.5800000000    0.0092962472    0.0012878259
  -12.5700000000    0.0092068368    0.0012816826
  -12.5600000000    0.0091176759    0.0012756298
  -12.5500000000    0.0090287615    0.0012696645
  -12.5400000000    0.0089400906    0.0012637843
  -12.5300000000    0.0088516604    0.0012579865
  -12.5200000000    0.0087634680    0.0012522688
  -12.5100000000    0.0086755107    0.0012466289
  -12.5000000000    0.0085877858    0.0012410645
  -12.4900000000    0.0085002907    0.0012355735
  -12.4800000000    0.0084130227    0.0012301539
  -12.4700000000    0.0083259793    0.0012248037
  -12.4600000000    0.0082391580    0.0012195211
  -12.4500000000    0.0081525564    0.0012143042
  -12.4400000000    0.0080661721    0.0012091514
  -12.4300000000    0.0079800027    0.0012040609
  -12.4200000000    0.0078940460    0.0011990312
  -12.4100000000    0.0078082996    0.0011940608
  -12.4000000000    0.0077227615    0.0011891480
  -12.3900000000    0.0076374293    0.0011842917
  -12.3800000000    0.0075523010    0.0011794902
  -12.3700000000    0.0074673745    0.0011747424
  -12.3600000000    0.0073826478    0.0011700470
  -12.3500000000    0.0072981188    0.0011654027
  -12.3400000000    0.0072137856    0.0011608083
  -12.3300000000    0.0071296462    0.0011562628
  -12.3200000000    0.0070456988    0.0011517649
  -12.3100000000    0.0069619414    0.0011473137
  -12.3000000000    0.0068783724    0.0011429080
  -12.2900000000    0.0067949898    0.0011385470
  -12.2800000000    0.0067117919    0.0011342296
  -12.2700000000    0.0066287769    0.0011299549
  -12.2600000000    0.0065459433    0.0011257220
  -12.2500000000    0.0064632892    0.0011215300
  -12.2400000000    0.0063808131    0.0011173782
  -12.2300000000    0.0062985134    0.0011132656
  -12.2200000000    0.0062163884    0.0011091915
  -12.2100000000    0.0061344366    0.0011051551
  -12.2000000000    0.0060526565    0.0011011557
  -12.1900000000    0.0059710466    0.0010971925
  -12.1800000000    0.0058896053    0.0010932649
  -12.1700000000    0.0058083313    0.0010893722
  -12.1600000000    0.0057272231    0.0010855136
  -12.1500000000    0.0056462792    0.0010816887
  -12.1400000000    0.0055654984    0.0010778967
  -12.1300000000    0.0054848792    0.0010741370
  -12.1200000000    0.0054044203    0.0010704091
  -12.1100000000    0.0053241204    0.0010667125
  -12.1000000000    0.0052439781    0.0010630464
  -12.0900000000    0.0051639923    0.0010594105
  -12.0800000000    0.0050841615    0.0010558041
  -12.0700000000    0.0050044847    0.0010522268
  -12.0600000000    0.0049249605    0.0010486781
  -12.0500000000    0.0048455878    0.0010451575
  -12.0400000000    0.0047663653    0.0010416646
  -12.0300000000    0.0046872919    0.0010381988
  -12.0200000000    0.0046083665    0.0010347597
  -12.0100000000    0.0045295879    0.0010313469
  -12.0000000000    0.0044509551    0.0010279600
  -11.9900000000    0.0043724667    0.0010245985
  -11.9800000000    0.0042941219    0.0010212621
  -11.9700000000    0.0042159196    0.0010179503
  -11.9600000000    0.0041378586    0.0010146628
  -11.9500000000    0.0040599379    0.0010113993
  -11.9400000000    0.0039821565    0.0010081593
  -11.9300000000    0.0039045134    0.0010049424
  -11.9200000000    0.0038270076    0.0010017484
  -11.9100000000    0.0037496381    0.0009985770
  -11.9000000000    0.0036724039    0.0009954277
  -11.8900000000    0.0035953041    0.0009923002
  -11.8800000000    0.0035183377    0.0009891943
  -11.8700000000    0.0034415038    0.0009861096
  -11.8600000000    0.0033648014    0.0009830458
  -11.8500000000    0.0032882296    0.0009800027
  -11.8400000000    0.0032117876    0.0009769799
  -11.8300000000    0.0031354745    0.0009739772
  -11.8200000000    0.0030592893    0.0009709942
  -11.8100000000    0.0029832312    0.0009680308
  -11.8000000000    0.0029072994    0.0009650866
  -11.7900000000    0.0028314929    0.0009621615
  -11.7800000000    0.0027558110    0.0009592550
  -11.7700000000    0.0026802529    0.0009563671
  -11.7600000000    0.0026048176    0.0009534974
  -11.7500000000    0.0025295045    0.0009506458
  -11.7400000000    0.0024543127    0.0009478119
  -11.7300000000    0.0023792415    0.0009449956
  -11.7200000000    0.0023042899    0.0009421966
  -11.7100000000    0.0022294574    0.0009394148
  -11.7000000000    0.0021547431    0.0009366498
  -11.6900000000    0.0020801462    0.0009339016
  -11.6800000000    0.0020056661    0.0009311698
  -11.6700000000    0.0019313019    0.0009284544
  -11.6600000000    0.0018570531    0.0009257550
  -11.6500000000    0.0017829187    0.0009230715
  -11.6400000000    0.0017088982    0.0009204037
  -11.6300000000    0.0016349908    0.0009177515
  -11.6200000000    0.0015611959    0.0009151145
  -11.6100000000    0.0014875127    0.0009124928
  -11.6000000000    0.0014139406    0.0009098860
  -11.5900000000    0.0013404788    0.0009072940
  -11.5800000000    0.0012671268    0.0009047167
  -11.5700000000    0.0011938838    0.0009021538
  -11.5600000000    0.0011207493    0.0008996053
  -11.5500000000    0.0010477225    0.0008970709
  -11.5400000000    0.0009748028    0.0008945505
  -11.5300000000    0.0009019897    0.0008920439
  -11.5200000000    0.0008292824    0.0008895511
  -11.5100000000    0.0007566803    0.0008870717
  -11.5000000000    0.0006841829    0.0008846057
  -11.4900000000    0.0006117895    0.0008821530
  -11.4800000000    0.0005394996    0.0008797134
  -11.4700000000    0.0004673124    0.0008772867
  -11.4600000000    0.0003952275    0.0008748729
  -11.4500000000    0.0003232443    0.0008724718
  -11.4400000000    0.0002513621    0.0008700832
  -11.4300000000    0.0001795804    0.0008677070
  -11.4200000000    0.0001078987    0.0008653432
  -11.4100000000    0.0000363163    0.0008629915
  -11.4000000000   -0.0000351672    0.0008606518
  -11.3900000000   -0.0001065525    0.0008583241
  -11.3800000000   -0.0001778401    0.0008560082
  -11.3700000000   -0.0002490304    0.0008537040
  -11.3600000000   -0.0003201242    0.0008514113
  -11.3500000000   -0.0003911219    0.0008491301
  -11.3400000000   -0.0004620239    0.0008468603
  -11.3300000000   -0.0005328310    0.0008446017
  -11.3200000000   -0.0006035434    0.0008423542
  -11.3100000000   -0.0006741619    0.0008401177
  -11.3000000000   -0.0007446868    0.0008378921
  -11.2900000000   -0.0008151188    0.0008356773
  -11.2800000000   -0.0008854582    0.0008334733
  -11.2700000000   -0.0009557056    0.0008312798
  -11.2600000000   -0.0010258615    0.0008290968
  -11.2500000000   -0.0010959263    0.0008269243
  -11.2400000000   -0.0011659006    0.0008247620
  -11.2300000000   -0.0012357848    0.0008226100
  -11.2200000000   -0.0013055794    0.0008204681
  -11.2100000000   -0.0013752848    0.0008183362
  -11.2000000000   -0.0014449017    0.0008162142
  -11.1900000000   -0.0015144303    0.0008141021
  -11.1800000000   -0.0015838711    0.0008119997
  -11.1700000000   -0.0016532247    0.0008099070
  -11.1600000000   -0.0017224914    0.0008078239
  -11.1500000000   -0.0017916718    0.0008057503
  -11.1400000000   -0.0018607662    0.0008036861
  -11.1300000000   -0.0019297751    0.0008016312
  -11.1200000000   -0.0019986990    0.0007995856
  -11.1100000000   -0.0020675382    0.0007975491
  -11.1000000000   -0.0021362932    0.0007955217
  -11.0900000000   -0.0022049645    0.0007935034
  -11.0800000000   -0.0022735524    0.0007914940
  -11.0700000000   -0.0023420574    0.0007894934
  -11.0600000000   -0.0024104798    0.0007875016
  -11.0500000000   -0.0024788202    0.0007855185
  -11.0400000000   -0.0025470789    0.0007835441
  -11.0300000000   -0.0026152563    0.0007815782
  -11.0200000000   -0.0026833529    0.0007796208
  -11.0100000000   -0.0027513690    0.0007776719
  -11.0000000000   -0.0028193050    0.0007757313
  -10.9900000000   -0.0028871613    0.0007737989
  -10.9800000000   -0.0029549384    0.0007718748
  -10.9700000000   -0.0030226366    0.0007699589
  -10.9600000000   -0.0030902562    0.0007680510
  -10.9500000000   -0.0031577978    0.0007661512
  -10.9400000000   -0.0032252616    0.0007642593
  -10.9300000000   -0.0032926481    0.0007623753
  -10.9200000000   -0.0033599576    0.0007604991
  -10.9100000000   -0.0034271904    0.0007586307
  -10.9000000000   -0.0034943471    0.0007567700
  -10.8900000000   -0.0035614279    0.0007549170
  -10.8800000000   -0.0036284332    0.0007530715
  -10.8700000000   -0.0036953633    0.0007512336
  -10.8600000000   -0.0037622187    0.0007494031
  -10.8500000000   -0.0038289997    0.0007475801
  -10.8400000000   -0.0038957066    0.0007457644
  -10.8300000000   -0.0039623398    0.0007439560
  -10.8200000000   -0.0040288996    0.0007421548
  -10.8100000000   -0.0040953865    0.0007403609
  -10.8000000000   -0.0041618007    0.0007385741
  -10.7900000000   -0.0042281426    0.0007367943
  -10.7800000000   -0.0042944125    0.0007350216
  -10.7700000000   -0.0043606107    0.0007332559
  -10.7600000000   -0.0044267377    0.0007314971
  -10.7500000000   -0.0044927938    0.0007297451
  -10.7400000000   -0.0045587792    0.0007280000
  -10.7300000000   -0.0046246943    0.0007262617
  -10.7200000000   -0.0046905394    0.0007245301
  -10.7100000000   -0.0047563150    0.0007228052
  -10.7000000000   -0.0048220212    0.0007210869
  -10.6900000000   -0.0048876584    0.0007193751
  -10.6800000000   -0.0049532269    0.0007176699
  -10.6700000000   -0.0050187272    0.0007159712
  -10.6600000000   -0.0050841593    0.0007142790
  -10.6500000000   -0.0051495238    0.0007125931
  -10.6400000000   -0.0052148209    0.0007109136
  -10.6300000000   -0.0052800509    0.0007092404
  -10.6200000000   -0.0053452141    0.0007075735
  -10.6100000000   -0.0054103108    0.0007059127
  -10.6000000000   -0.0054753413    0.0007042582
  -10.5900000000   -0.0055403060    0.0007026098
  -10.5800000000   -0.0056052052    0.0007009674
  -10.5700000000   -0.0056700391    0.0006993311
  -10.5600000000   -0.0057348080    0.0006977009
  -10.5500000000   -0.0057995122    0.0006960766
  -10.5400000000   -0.0058641521    0.0006944582
  -10.5300000000   -0.0059280140    0.0006635809
  -10.5200000000   -0.0059925323    0.0006620495
  -10.5100000000   -0.0060569871    0.0006605233
  -10.5000000000   -0.0061213786    0.0006590022
  -10.4900000000   -0.0061857071    0.0006574864
  -10.4800000000   -0.0062499729    0.0006559757
  -10.4700000000   -0.0063141763    0.0006544701
  -10.4600000000   -0.0063783175    0.0006529696
  -10.4500000000   -0.0064423969    0.0006514741
  -10.4400000000   -0.0065064146    0.0006499837
  -10.4300000000   -0.0065703711    0.0006484983
  -10.4200000000   -0.0066342666    0.0006470178
  -10.4100000000   -0.0066981013    0.0006455422
  -10.4000000000   -0.0067618755    0.0006440716
  -10.3900000000   -0.0068255896    0.0006426058
  -10.3800000000   -0.0068892437    0.0006411449
  -10.3700000000   -0.0069528381    0.0006396888
  -10.3600000000   -0.0070163732    0.0006382375
  -10.3500000000   -0.0070798491    0.0006367910
  -10.3400000000   -0.0071432662    0.0006353492
  -10.3300000000   -0.0072066247    0.0006339121
  -10.3200000000   -0.0072699248    0.0006324798
  -10.3100000000   -0.0073331669    0.0006310520
  -10.3000000000   -0.0073963512    0.0006296289
  -10.2900000000   -0.0074594779    0.0006282104
  -10.2800000000   -0.0075225474    0.0006267965
  -10.2700000000   -0.0075855598    0.0006253872
  -10.2600000000   -0.0076485154    0.0006239823
  -10.2500000000   -0.0077114145    0.0006225820
  -10.2400000000   -0.0077742573    0.0006211862
  -10.2300000000   -0.0078370441    0.0006197948
  -10.2200000000   -0.0078997751    0.0006184079
  -10.2100000000   -0.0079624506    0.0006170253
  -10.2000000000   -0.0080250708    0.0006156471
  -10.1900000000   -0.0080876360    0.0006142733
  -10.1800000000   -0.0081501464    0.0006129039
  -10.1700000000   -0.0082126022    0.0006115387
  -10.1600000000   -0.0082750038    0.0006101778
  -10.1500000000   -0.0083373513    0.0006088212
  -10.1400000000   -0.0083996450    0.0006074688
  -10.1300000000   -0.0084618851    0.0006061207
  -10.1200000000   -0.0085240719    0.0006047767
  -10.1100000000   -0.0085862056    0.0006034369
  -10.1000000000   -0.0086482864    0.0006021013
  -10.0900000000   -0.0087103145    0.0006007698
  -10.0800000000   -0.0087722903    0.0005994424
  -10.0700000000   -0.0088342139    0.0005981191
  -10.0600000000   -0.0088960856    0.0005967998
  -10.0500000000   -0.0089579056    0.0005954846
  -10.0400000000   -0.0090196742    0.0005941734
  -10.0300000000   -0.0090813914    0.0005928662
  -10.0200000000   -0.0091430577    0.0005915630
  -10.0100000000   -0.0092046732    0.0005902638
  -10.0000000000   -0.0092662381    0.0005889684
   -9.9900000000   -0.0093277527    0.0005876770
   -9.9800000000   -0.0093892172    0.0005863895
   -9.9700000000   -0.0094506318    0.0005851059
   -9.9600000000   -0.0095119967    0.0005838261
   -9.9500000000   -0.0095733122    0.0005825502
   -9.9400000000   -0.0096345785    0.0005812780
   -9.9300000000   -0.0096957957    0.0005800097
   -9.9200000000   -0.0097569642    0.0005787451
   -9.9100000000   -0.0098180841    0.0005774843
   -9.9000000000   -0.0098791557    0.0005762273
   -9.8900000000   -0.0099401791    0.0005749739
   -9.8800000000   -0.0100011546    0.0005737243
   -9.8700000000   -0.0100620824    0.0005724783
   -9.8600000000   -0.0101229627    0.0005712360
   -9.8500000000   -0.0101837958    0.0005699973
   -9.8400000000   -0.0102445817    0.0005687623
   -9.8300000000   -0.0103053208    0.0005675309
   -9.8200000000   -0.0103660133    0.0005663030
   -9.8100000000   -0.0104266593    0.0005650788
   -9.8000000000   -0.0104872591    0.0005638581
   -9.7900000000   -0.0105478129    0.0005626409
   -9.7800000000   -0.0106083209    0.0005614272
   -9.7700000000   -0.0106687832    0.0005602171
   -9.7600000000   -0.0107292002    0.0005590104
   -9.7500000000   -0.0107895720    0.0005578072
   -9.7400000000   -0.0108498987    0.0005566075
   -9.7300000000   -0.0109101807    0.0005554111
   -9.7200000000   -0.0109704181    0.0005542182
   -9.7100000000   -0.0110306111    0.0005530287
   -9.7000000000   -0.0110907600    0.0005518426
   -9.6900000000   -0.0111508648    0.0005506599
   -9.6800000000   -0.0112109259    0.0005494805
   -9.6700000000   -0.0112709434    0.0005483044
   -9.6600000000   -0.0113309174    0.0005471316
   -9.6500000000   -0.0113908484    0.0005459622
   -9.6400000000   -0.0114507363    0.0005447960
   -9.6300000000   -0.0115105814    0.0005436331
   -9.6200000000   -0.0115703839    0.0005424735
   -9.6100000000   -0.0116301440    0.0005413171
   -9.6000000000   -0.0116898619    0.0005401639
   -9.5900000000   -0.0117495378    0.0005390139
   -9.5800000000   -0.0118091719    0.0005378671
   -9.5700000000   -0.0118687644    0.0005367235
   -9.5600000000   -0.0119283154    0.0005355831
   -9.5500000000   -0.0119878251    0.0005344458
   -9.5400000000   -0.0120472939    0.0005333116
   -9.5300000000   -0.0121067217    0.0005321806
   -9.5200000000   -0.0121661089    0.0005310527
   -9.5100000000   -0.0122254556    0.0005299278
   -9.5000000000   -0.0122847620    0.0005288060
   -9.4900000000   -0.0123440283    0.0005276873
   -9.4800000000   -0.0124032546    0.0005265717
   -9.4700000000   -0.0124624412    0.0005254590
   -9.4600000000   -0.0125215883    0.0005243494
   -9.4500000000   -0.0125806961    0.0005232428
   -9.4400000000   -0.0126397646    0.0005221392
   -9.4300000000   -0.0126987942    0.0005210385
   -9.4200000000   -0.0127577849    0.0005199408
   -9.4100000000   -0.0128167370    0.0005188461
   -9.4000000000   -0.0128756507    0.0005177543
   -9.3900000000   -0.0129345262    0.0005166654
   -9.3800000000   -0.0129933635    0.0005155795
   -9.3700000000   -0.0130521630    0.0005144964
   -9.3600000000   -0.0131109247    0.0005134162
   -9.3500000000   -0.0131696490    0.0005123389
   -9.3400000000   -0.0132283359    0.0005112644
   -9.3300000000   -0.0132869856    0.0005101928
   -9.3200000000   -0.0133455983    0.0005091240
   -9.3100000000   -0.0134041742    0.0005080580
   -9.3000000000   -0.0134627135    0.0005069949
   -9.2900000000   -0.0135212163    0.0005059345
   -9.2800000000   -0.0135796829    0.0005048769
   -9.2700000000   -0.0136381133    0.0005038221
   -9.2600000000   -0.0136965079    0.0005027700
   -9.2500000000   -0.0137548667    0.0005017207
   -9.2400000000   -0.0138131899    0.0005006741
   -9.2300000000   -0.0138714777    0.0004996302
   -9.2200000000   -0.0139297303    0.0004985891
   -9.2100000000   -0.0139879479    0.0004975506
   -9.2000000000   -0.0140461306    0.0004965148
   -9.1900000000   -0.0141042787    0.0004954817
   -9.1800000000   -0.0141623922    0.0004944513
   -9.1700000000   -0.0142204714    0.0004934235
   -9.1600000000   -0.0142785164    0.0004923983
   -9.1500000000   -0.0143365274    0.0004913758
   -9.1400000000   -0.0143945045    0.0004903558
   -9.1300000000   -0.0144524481    0.0004893385
   -9.1200000000   -0.0145103581    0.0004883238
   -9.1100000000   -0.0145682349    0.0004873116
   -9.1000000000   -0.0146260785    0.0004863021
   -9.0900000000   -0.0146838891    0.0004852950
   -9.0800000000   -0.0147416670    0.0004842906
   -9.0700000000   -0.0147994122    0.0004832886
   -9.0600000000   -0.0148571250    0.0004822892
   -9.0500000000   -0.0149148054    0.0004812923
   -9.0400000000   -0.0149724538    0.0004802979
   -9.0300000000   -0.0150300703    0.0004793060
   -9.0200000000   -0.0150876549    0.0004783166
   -9.0100000000   -0.0151452080    0.0004773297
   -9.0000000000   -0.0152027296    0.0004763452
   -8.9900000000   -0.0152602199    0.0004753632
   -8.9800000000   -0.0153176792    0.0004743836
   -8.9700000000   -0.0153751075    0.0004734064
   -8.9600000000   -0.0154325050    0.0004724317
   -8.9500000000   -0.0154898720    0.0004714593
   -8.9400000000   -0.0155472085    0.0004704894
   -8.9300000000   -0.0156045147    0.0004695219
   -8.9200000000   -0.0156617909    0.0004685567
   -8.9100000000   -0.0157190371    0.0004675939
   -8.9000000000   -0.0157762536    0.0004666335
   -8.8900000000   -0.0158334405    0.0004656755
   -8.8800000000   -0.0158905979    0.0004647197
   -8.8700000000   -0.0159477261    0.0004637663
   -8.8600000000   -0.0160048251    0.0004628153
   -8.8500000000   -0.0160618953    0.0004618665
   -8.8400000000   -0.0161189366    0.0004609200
   -8.8300000000   -0.0161759494    0.0004599759
   -8.8200000000   -0.0162329337    0.0004590340
   -8.8100000000   -0.0162898898    0.0004580944
   -8.8000000000   -0.0163468177    0.0004571570
   -8.7900000000   -0.0164037177    0.0004562219
   -8.7800000000   -0.0164605899    0.0004552891
   -8.6700000000   -0.0170772171    0.0000000000
   -8.6600000000   -0.0171337920    0.0000000000
   -8.6500000000   -0.0171903411    0.0000000000
   -8.6400000000   -0.0172468647    0.0000000000
   -8.6300000000   -0.0173033629    0.0000000000
   -8.6200000000   -0.0173598358    0.0000000000
   -8.6100000000   -0.0174162836    0.0000000000
   -8.6000000000   -0.0174727065    0.0000000000
   -8.5900000000   -0.0175291046    0.0000000000
   -8.5800000000   -0.0175854782    0.0000000000
   -8.5700000000   -0.0176418273    0.0000000000
   -8.5600000000   -0.0176981521    0.0000000000
   -8.5500000000   -0.0177544528    0.0000000000
   -8.5400000000   -0.0178107295    0.0000000000
   -8.5300000000   -0.0178669825    0.0000000000
   -8.5200000000   -0.0179232119    0.0000000000
   -8.5100000000   -0.0179794178    0.0000000000
   -8.5000000000   -0.0180356004    0.0000000000
   -8.4900000000   -0.0180917599    0.0000000000
   -8.4800000000   -0.0181478964    0.0000000000
   -8.4700000000   -0.0182040101    0.0000000000
   -8.4600000000   -0.0182601012    0.0000000000
   -8.4500000000   -0.0183161698    0.0000000000
   -8.4400000000   -0.0183722161    0.0000000000
   -8.4300000000   -0.0184282403    0.0000000000
   -8.4200000000   -0.0184842424    0.0000000000
   -8.4100000000   -0.0185402228    0.0000000000
   -8.4000000000   -0.0185961815    0.0000000000
   -8.3900000000   -0.0186521187    0.0000000000
   -8.3800000000   -0.0187080346    0.0000000000
   -8.3700000000   -0.0187639293    0.0000000000
   -8.3600000000   -0.0188198030    0.0000000000
   -8.3500000000   -0.0188756559    0.0000000000
   -8.3400000000   -0.0189314881    0.0000000000
   -8.3300000000   -0.0189872999    0.0000000000
   -8.3200000000   -0.0190430913    0.0000000000
   -8.3100000000   -0.0190988625    0.0000000000
   -8.3000000000   -0.0191546137    0.0000000000
   -8.2900000000   -0.0192103451    0.0000000000
   -8.2800000000   -0.0192660568    0.0000000000
   -8.2700000000   -0.0193217490    0.0000000000
   -8.2600000000   -0.0193774218    0.0000000000
   -8.2500000000   -0.0194330755    0.0000000000
   -8.2400000000   -0.0194887102    0.0000000000
   -8.2300000000   -0.0195443260    0.0000000000
   -8.2200000000   -0.0195999232    0.0000000000
   -8.2100000000   -0.0196555018    0.0000000000
   -8.2000000000   -0.0197110621    0.0000000000
   -8.1900000000   -0.0197666042    0.0000000000
   -8.1800000000   -0.0198221284    0.0000000000
   -8.1700000000   -0.0198776347    0.0000000000
   -8.1600000000   -0.0199331233    0.0000000000
   -8.1500000000   -0.0199885944    0.0000000000
   -8.1400000000   -0.0200440482    0.0000000000
   -8.1300000000   -0.0200994849    0.0000000000
   -8.1200000000   -0.0201549045    0.0000000000
   -8.1100000000   -0.0202103073    0.0000000000
   -8.1000000000   -0.0202656935    0.0000000000
   -8.0900000000   -0.0203210632    0.0000000000
   -8.0800000000   -0.0203764166    0.0000000000
   -8.0700000000   -0.0204317539    0.0000000000
   -8.0600000000   -0.0204870751    0.0000000000
   -8.0500000000   -0.0205423806    0.0000000000
   -8.0400000000   -0.0205976705    0.0000000000
   -8.0300000000   -0.0206529449    0.0000000000
   -8.0200000000   -0.0207082041    0.0000000000
   -8.0100000000   -0.0207634481    0.0000000000
   -8.0000000000   -0.0208186772    0.0000000000
   -7.9900000000   -0.0208738916    0.0000000000
   -7.9800000000   -0.0209290914    0.0000000000
   -7.9700000000   -0.0209842767    0.0000000000
   -7.9600000000   -0.0210394479    0.0000000000
   -7.9500000000   -0.0210946050    0.0000000000
   -7.9400000000   -0.0211497482    0.0000000000
   -7.9300000000   -0.0212048777    0.0000000000
   -7.9200000000   -0.0212599937    0.0000000000
   -7.9100000000   -0.0213150963    0.0000000000
   -7.9000000000   -0.0213701858    0.0000000000
   -7.8900000000   -0.0214252623    0.0000000000
   -7.8800000000   -0.0214803260    0.0000000000
   -7.8700000000   -0.0215353770    0.0000000000
   -7.8600000000   -0.0215904156    0.0000000000
   -7.8500000000   -0.0216454420    0.0000000000
   -7.8400000000   -0.0217004562    0.0000000000
   -7.8300000000   -0.0217554586    0.0000000000
   -7.8200000000   -0.0218104492    0.0000000000
   -7.8100000000   -0.0218654283    0.0000000000
   -7.8000000000   -0.0219203960    0.0000000000
   -7.7900000000   -0.0219753526    0.0000000000
   -7.7800000000   -0.0220302982    0.0000000000
   -7.7700000000   -0.0220852329    0.0000000000
   -7.7600000000   -0.0221401571    0.0000000000
   -7.7500000000   -0.0221950709    0.0000000000
   -7.7400000000   -0.0222499744    0.0000000000
   -7.7300000000   -0.0223048678    0.0000000000
   -7.7200000000   -0.0223597514    0.0000000000
   -7.7100000000   -0.0224146253    0.0000000000
   -7.7000000000   -0.0224694898    0.0000000000
   -7.6900000000   -0.0225243449    0.0000000000
   -7.6800000000   -0.0225791910    0.0000000000
   -7.6700000000   -0.0226340281    0.0000000000
   -7.6600000000   -0.0226888566    0.0000000000
   -7.6500000000   -0.0227436765    0.0000000000
   -7.6400000000   -0.0227984881    0.0000000000
   -7.6300000000   -0.0228532915    0.0000000000
   -7.6200000000   -0.0229080871    0.0000000000
   -7.6100000000   -0.0229628749    0.0000000000
   -7.6000000000   -0.0230176551    0.0000000000
   -7.5900000000   -0.0230724281    0.0000000000
   -7.5800000000   -0.0231271939    0.0000000000
   -7.5700000000   -0.0231819527    0.0000000000
   -7.5600000000   -0.0232367049    0.0000000000
   -7.5500000000   -0.0232914504    0.0000000000
   -7.5400000000   -0.0233461897    0.0000000000
   -7.5300000000   -0.0234009229    0.0000000000
   -7.5200000000   -0.0234556501    0.0000000000
   -7.5100000000   -0.0235103716    0.0000000000
   -7.5000000000   -0.0235650876    0.0000000000
   -7.4900000000   -0.0236197983    0.0000000000
   -7.4800000000   -0.0236745040    0.0000000000
   -7.4700000000   -0.0237292047    0.0000000000
   -7.4600000000   -0.0237839008    0.0000000000
   -7.4500000000   -0.0238385925    0.0000000000
   -7.4400000000   -0.0238932799    0.0000000000
   -7.4300000000   -0.0239479632    0.0000000000
   -7.4200000000   -0.0240026428    0.0000000000
   -7.4100000000   -0.0240573188    0.0000000000
   -7.4000000000   -0.0241119914    0.0000000000
   -7.3900000000   -0.0241666609    0.0000000000
   -7.3800000000   -0.0242213274    0.0000000000
   -7.3700000000   -0.0242759912    0.0000000000
   -7.3600000000   -0.0243306526    0.0000000000
   -7.3500000000   -0.0243853117    0.0000000000
   -7.3400000000   -0.0244399687    0.0000000000
   -7.3300000000   -0.0244946239    0.0000000000
   -7.3200000000   -0.0245492776    0.0000000000
   -7.3100000000   -0.0246039299    0.0000000000
   -7.3000000000   -0.0246585811    0.0000000000
   -7.2900000000   -0.0247132314    0.0000000000
   -7.2800000000   -0.0247678810    0.0000000000
   -7.2700000000   -0.0248225302    0.0000000000
   -7.2600000000   -0.0248771792    0.0000000000
   -7.2500000000   -0.0249318283    0.0000000000
   -7.2400000000   -0.0249864777    0.0000000000
   -7.2300000000   -0.0250411277    0.0000000000
   -7.2200000000   -0.0250957784    0.0000000000
   -7.2100000000   -0.0251504301    0.0000000000
   -7.2000000000   -0.0252050831    0.0000000000
   -7.1900000000   -0.0252597376    0.0000000000
   -7.1800000000   -0.0253143939    0.0000000000
   -7.1700000000   -0.0253690522    0.0000000000
   -7.1600000000   -0.0254237127    0.0000000000
   -7.1500000000   -0.0254783758    0.0000000000
   -7.1400000000   -0.0255330417    0.0000000000
   -7.1300000000   -0.0255877106    0.0000000000
   -7.1200000000   -0.0256423828    0.0000000000
   -7.1100000000   -0.0256970585    0.0000000000
   -7.1000000000   -0.0257517381    0.0000000000
   -7.0900000000   -0.0258064217    0.0000000000
   -7.0800000000   -0.0258611097    0.0000000000
   -7.0700000000   -0.0259158024    0.0000000000
   -7.0600000000   -0.0259704999    0.0000000000
   -7.0500000000   -0.0260252026    0.0000000000
   -7.0400000000   -0.0260799107    0.0000000000
   -7.0300000000   -0.0261346245    0.0000000000
   -7.0200000000   -0.0261893443    0.0000000000
   -7.0100000000   -0.0262440704    0.0000000000
   -7.0000000000   -0.0262988031    0.0000000000
   -6.9900000000   -0.0263535425    0.0000000000
   -6.9800000000   -0.0264082892    0.0000000000
   -6.9700000000   -0.0264630432    0.0000000000
   -6.9600000000   -0.0265178050    0.0000000000
   -6.9500000000   -0.0265725747    0.0000000000
   -6.9400000000   -0.0266273528    0.0000000000
   -6.9300000000   -0.0266821394    0.0000000000
   -6.9200000000   -0.0267369350    0.0000000000
   -6.9100000000   -0.0267917398    0.0000000000
   -6.9000000000   -0.0268465541    0.0000000000
   -6.8900000000   -0.0269013782    0.0000000000
   -6.8800000000   -0.0269562124    0.0000000000
   -6.8700000000   -0.0270110571    0.0000000000
   -6.8600000000   -0.0270659125    0.0000000000
   -6.8500000000   -0.0271207791    0.0000000000
   -6.8400000000   -0.0271756570    0.0000000000
   -6.8300000000   -0.0272305467    0.0000000000
   -6.8200000000   -0.0272854485    0.0000000000
   -6.8100000000   -0.0273403626    0.0000000000
   -6.8000000000   -0.0273952894    0.0000000000
   -6.7900000000   -0.0274502294    0.0000000000
   -6.7800000000   -0.0275051827    0.0000000000
   -6.7700000000   -0.0275601498    0.0000000000
   -6.7600000000   -0.0276151309    0.0000000000
   -6.7500000000   -0.0276701265    0.0000000000
   -6.7400000000   -0.0277251369    0.0000000000
   -6.7300000000   -0.0277801625    0.0000000000
   -6.7200000000   -0.0278352035    0.0000000000
   -6.7100000000   -0.0278902604    0.0000000000
   -6.7000000000   -0.0279453336    0.0000000000
   -6.6900000000   -0.0280004234    0.0000000000
   -6.6800000000   -0.0280555301    0.0000000000
   -6.6700000000   -0.0281106542    0.0000000000
   -6.6600000000   -0.0281657961    0.0000000000
   -6.6500000000   -0.0282209561    0.0000000000
   -6.6400000000   -0.0282761345    0.0000000000
   -6.6300000000   -0.0283313319    0.0000000000
   -6.6200000000   -0.0283865486    0.0000000000
   -6.6100000000   -0.0284417849    0.0000000000
   -6.6000000000   -0.0284970414    0.0000000000
   -6.5900000000   -0.0285523184    0.0000000000
   -6.5800000000   -0.0286076163    0.0000000000
   -6.5700000000   -0.0286629355    0.0000000000
   -6.5600000000   -0.0287182765    0.0000000000
   -6.5500000000   -0.0287736397    0.0000000000
   -6.5400000000   -0.0288290255    0.0000000000
   -6.5300000000   -0.0288844343    0.0000000000
   -6.5200000000   -0.0289398666    0.0000000000
   -6.5100000000   -0.0289953228    0.0000000000
   -6.5000000000   -0.0290508035    0.0000000000
   -6.4900000000   -0.0291063089    0.0000000000
   -6.4800000000   -0.0291618396    0.0000000000
   -6.4700000000   -0.0292173961    0.0000000000
   -6.4600000000   -0.0292729788    0.0000000000
   -6.4500000000   -0.0293285882    0.0000000000
   -6.4400000000   -0.0293842248    0.0000000000
   -6.4300000000   -0.0294398890    0.0000000000
   -6.4200000000   -0.0294955813    0.0000000000
   -6.4100000000   -0.0295513023    0.0000000000
   -6.4000000000   -0.0296070525    0.0000000000
   -6.3900000000   -0.0296628322    0.0000000000
   -6.3800000000   -0.0297186422    0.0000000000
   -6.3700000000   -0.0297744828    0.0000000000
   -6.3600000000   -0.0298214870   -0.0001276613
   -6.3500000000   -0.0298772863   -0.0001286773
   -6.3400000000   -0.0299331165   -0.0001297028
   -6.3300000000   -0.0299889779   -0.0001307380
   -6.3200000000   -0.0300448713   -0.0001317830
   -6.3100000000   -0.0301007970   -0.0001328381
   -6.3000000000   -0.0301567557   -0.0001339032
   -6.2900000000   -0.0302127478   -0.0001349787
   -6.2800000000   -0.0302687739   -0.0001360645
   -6.2700000000   -0.0303248347   -0.0001371610
   -6.2600000000   -0.0303809305   -0.0001382682
   -6.2500000000   -0.0304370621   -0.0001393863
   -6.2400000000   -0.0304932299   -0.0001405155
   -6.2300000000   -0.0305494347   -0.0001416559
   -6.2200000000   -0.0306056768   -0.0001428077
   -6.2100000000   -0.0306619570   -0.0001439711
   -6.2000000000   -0.0307182759   -0.0001451462
   -6.1900000000   -0.0307746340   -0.0001463332
   -6.1800000000   -0.0308310321   -0.0001475323
   -6.1700000000   -0.0308874706   -0.0001487437
   -6.1600000000   -0.0309439503   -0.0001499676
   -6.1500000000   -0.0310004717   -0.0001512042
   -6.1400000000   -0.0310570357   -0.0001524536
   -6.1300000000   -0.0311136427   -0.0001537160
   -6.1200000000   -0.0311702935   -0.0001549917
   -6.1100000000   -0.0312269887   -0.0001562808
   -6.1000000000   -0.0312837291   -0.0001575837
   -6.0900000000   -0.0313405152   -0.0001589004
   -6.0800000000   -0.0313973480   -0.0001602311
   -6.0700000000   -0.0314542279   -0.0001615762
   -6.0600000000   -0.0315111559   -0.0001629359
   -6.0500000000   -0.0315681325   -0.0001643103
   -6.0400000000   -0.0316251586   -0.0001656996
   -6.0300000000   -0.0316822349   -0.0001671043
   -6.0200000000   -0.0317393621   -0.0001685244
   -6.0100000000   -0.0317965410   -0.0001699602
   -6.0000000000   -0.0318537725   -0.0001714120
   -5.9900000000   -0.0319110573   -0.0001728800
   -5.9800000000   -0.0319683962   -0.0001743645
   -5.9700000000   -0.0320257900   -0.0001758658
   -5.9600000000   -0.0320832395   -0.0001773841
   -5.9500000000   -0.0321407457   -0.0001789197
   -5.9400000000   -0.0321983093   -0.0001804728
   -5.9300000000   -0.0322559312   -0.0001820439
   -5.9200000000   -0.0323136124   -0.0001836331
   -5.9100000000   -0.0323713535   -0.0001852407
   -5.9000000000   -0.0324291557   -0.0001868672
   -5.8900000000   -0.0324870198   -0.0001885127
   -5.8800000000   -0.0325449466   -0.0001901776
   -5.8700000000   -0.0326029373   -0.0001918623
   -5.8600000000   -0.0326609926   -0.0001935669
   -5.8500000000   -0.0327191137   -0.0001952920
   -5.8400000000   -0.0327773014   -0.0001970378
   -5.8300000000   -0.0328355567   -0.0001988047
   -5.8200000000   -0.0328938808   -0.0002005930
   -5.8100000000   -0.0329522746   -0.0002024032
   -5.8000000000   -0.0330107391   -0.0002042355
   -5.7900000000   -0.0330692754   -0.0002060904
   -5.7800000000   -0.0331278847   -0.0002079682
   -5.7700000000   -0.0331865679   -0.0002098694
   -5.7600000000   -0.0332453262   -0.0002117943
   -5.7500000000   -0.0333041608   -0.0002137434
   -5.7400000000   -0.0333630727   -0.0002157171
   -5.7300000000   -0.0334220631   -0.0002177158
   -5.7200000000   -0.0334811333   -0.0002197400
   -5.7100000000   -0.0335402844   -0.0002217901
   -5.7000000000   -0.0335995176   -0.0002238666
   -5.6900000000   -0.0336588342   -0.0002259700
   -5.6800000000   -0.0337182354   -0.0002281007
   -5.6700000000   -0.0337777226   -0.0002302592
   -5.6600000000   -0.0338372970   -0.0002324461
   -5.6500000000   -0.0338969599   -0.0002346618
   -5.6400000000   -0.0339567127   -0.0002369069
   -5.6300000000   -0.0340165567   -0.0002391819
   -5.6200000000   -0.0340764934   -0.0002414874
   -5.6100000000   -0.0341365241   -0.0002438239
   -5.6000000000   -0.0341966504   -0.0002461920
   -5.5900000000   -0.0342568735   -0.0002485923
   -5.5800000000   -0.0343171951   -0.0002510254
   -5.5700000000   -0.0343776167   -0.0002534919
   -5.5600000000   -0.0344381397   -0.0002559925
   -5.5500000000   -0.0344987658   -0.0002585278
   -5.5400000000   -0.0345594965   -0.0002610984
   -5.5300000000   -0.0346203334   -0.0002637050
   -5.5200000000   -0.0346812783   -0.0002663484
   -5.5100000000   -0.0347423327   -0.0002690293
   -5.5000000000   -0.0348034983   -0.0002717482
   -5.4900000000   -0.0348647770   -0.0002745061
   -5.4800000000   -0.0349261705   -0.0002773037
   -5.4700000000   -0.0349876805   -0.0002801417
   -5.4600000000   -0.0350493089   -0.0002830210
   -5.4500000000   -0.0351110576   -0.0002859423
   -5.4400000000   -0.0351729285   -0.0002889066
   -5.4300000000   -0.0352349234   -0.0002919146
   -5.4200000000   -0.0352970444   -0.0002949673
   -5.4100000000   -0.0353592935   -0.0002980655
   -5.4000000000   -0.0354216726   -0.0003012102
   -5.3900000000   -0.0354841839   -0.0003044024
   -5.3800000000   -0.0355468296   -0.0003076429
   -5.3700000000   -0.0356096116   -0.0003109329
   -5.3600000000   -0.0356725324   -0.0003142733
   -5.3500000000   -0.0357355940   -0.0003176652
   -5.3400000000   -0.0357987988   -0.0003211096
   -5.3300000000   -0.0358621491   -0.0003246077
   -5.3200000000   -0.0359256472   -0.0003281606
   -5.3100000000   -0.0359892957   -0.0003317695
   -5.3000000000   -0.0360530969   -0.0003354355
   -5.2900000000   -0.0361170533   -0.0003391600
   -5.2800000000   -0.0361811677   -0.0003429440
   -5.2700000000   -0.0362454424   -0.0003467891
   -5.2600000000   -0.0363098803   -0.0003506964
   -5.2500000000   -0.0363744840   -0.0003546673
   -5.2400000000   -0.0364392563   -0.0003587033
   -5.2300000000   -0.0365042000   -0.0003628057
   -5.2200000000   -0.0365693180   -0.0003669762
   -5.2100000000   -0.0366346134   -0.0003712161
   -5.2000000000   -0.0367000890   -0.0003755270
   -5.1900000000   -0.0367657479   -0.0003799106
   -5.1800000000   -0.0368315934   -0.0003843686
   -5.1700000000   -0.0368976285   -0.0003889025
   -5.1600000000   -0.0369638566   -0.0003935142
   -5.1500000000   -0.0370302809   -0.0003982054
   -5.1400000000   -0.0370969050   -0.0004029781
   -5.1300000000   -0.0371637322   -0.0004078341
   -5.1200000000   -0.0372307661   -0.0004127753
   -5.1100000000   -0.0372980104   -0.0004178038
   -5.1000000000   -0.0373654687   -0.0004229217
   -5.0900000000   -0.0374331449   -0.0004281311
   -5.0800000000   -0.0375010428   -0.0004334341
   -5.0700000000   -0.0375691664   -0.0004388332
   -5.0600000000   -0.0376375197   -0.0004443305
   -5.0500000000   -0.0377061068   -0.0004499285
   -5.0400000000   -0.0377749321   -0.0004556298
   -5.0300000000   -0.0378439997   -0.0004614367
   -5.0200000000   -0.0379133141   -0.0004673520
   -5.0100000000   -0.0379828799   -0.0004733785
   -5.0000000000   -0.0380527016   -0.0004795188
   -4.9900000000   -0.0381227840   -0.0004857759
   -4.9800000000   -0.0381931320   -0.0004921527
   -4.9700000000   -0.0382637504   -0.0004986523
   -4.9600000000   -0.0383346443   -0.0005052780
   -4.9500000000   -0.0384058190   -0.0005120329
   -4.9400000000   -0.0384772796   -0.0005189205
   -4.9300000000   -0.0385490317   -0.0005259442
   -4.9200000000   -0.0386210808   -0.0005331077
   -4.9100000000   -0.0386934326   -0.0005404146
   -4.9000000000   -0.0387660929   -0.0005478688
   -4.8900000000   -0.0388390677   -0.0005554744
   -4.8800000000   -0.0389123631   -0.0005632353
   -4.8700000000   -0.0389859854   -0.0005711558
   -4.8600000000   -0.0390599409   -0.0005792404
   -4.8500000000   -0.0391342363   -0.0005874935
   -4.8400000000   -0.0392088782   -0.0005959199
   -4.8300000000   -0.0392838736   -0.0006045245
   -4.8200000000   -0.0393592296   -0.0006133122
   -4.8100000000   -0.0394349533   -0.0006222882
   -4.8000000000   -0.0395110523   -0.0006314580
   -4.7900000000   -0.0395875342   -0.0006408272
   -4.7800000000   -0.0396644067   -0.0006504014
   -4.7700000000   -0.0397416779   -0.0006601868
   -4.7600000000   -0.0398193561   -0.0006701894
   -4.7500000000   -0.0398974496   -0.0006804158
   -4.7400000000   -0.0399759670   -0.0006908727
   -4.7300000000   -0.0400549174   -0.0007015669
   -4.7200000000   -0.0401343098   -0.0007125056
   -4.7100000000   -0.0402141535   -0.0007236962
   -4.7000000000   -0.0402944582   -0.0007351466
   -4.6900000000   -0.0403752337   -0.0007468647
   -4.6800000000   -0.0404564902   -0.0007588588
   -4.6700000000   -0.0405382379   -0.0007711376
   -4.6600000000   -0.0406204877   -0.0007837102
   -4.6500000000   -0.0407032504   -0.0007965857
   -4.6400000000   -0.0407865373   -0.0008097741
   -4.6300000000   -0.0408703600   -0.0008232853
   -4.6200000000   -0.0409547303   -0.0008371298
   -4.6100000000   -0.0410396606   -0.0008513186
   -4.6000000000   -0.0411251632   -0.0008658631
   -4.5900000000   -0.0412112512   -0.0008807751
   -4.5800000000   -0.0412979377   -0.0008960670
   -4.5700000000   -0.0413852364   -0.0009117515
   -4.5600000000   -0.0414731613   -0.0009278420
   -4.5500000000   -0.0415617268   -0.0009443526
   -4.5400000000   -0.0416509477   -0.0009612976
   -4.5300000000   -0.0417408392   -0.0009786924
   -4.5200000000   -0.0418314169   -0.0009965527
   -4.5100000000   -0.0419226971   -0.0010148951
   -4.5000000000   -0.0420146961   -0.0010337367
   -4.4900000000   -0.0421074312   -0.0010530955
   -4.4800000000   -0.0422009196   -0.0010729904
   -4.4700000000   -0.0422951796   -0.0010934410
   -4.4600000000   -0.0423902296   -0.0011144679
   -4.4500000000   -0.0424860887   -0.0011360924
   -4.4400000000   -0.0425827765   -0.0011583371
   -4.4300000000   -0.0426803132   -0.0011812255
   -4.4200000000   -0.0427787195   -0.0012047821
   -4.4100000000   -0.0428780168   -0.0012290328
   -4.4000000000   -0.0429782271   -0.0012540046
   -4.3900000000   -0.0430793729   -0.0012797256
   -4.3800000000   -0.0431814775   -0.0013062257
   -4.3700000000   -0.0432845647   -0.0013335358
   -4.3600000000   -0.0433886592   -0.0013616887
   -4.3500000000   -0.0434937863   -0.0013907186
   -4.3400000000   -0.0435999717   -0.0014206614
   -4.3300000000   -0.0437072424   -0.0014515549
   -4.3200000000   -0.0438156256   -0.0014834389
   -4.3100000000   -0.0439251497   -0.0015163551
   -4.3000000000   -0.0440358434   -0.0015503474
   -4.2900000000   -0.0441477366   -0.0015854620
   -4.2800000000   -0.0442608597   -0.0016217476
   -4.2700000000   -0.0443752440   -0.0016592553
   -4.2600000000   -0.0444909216   -0.0016980391
   -4.2500000000   -0.0446079253   -0.0017381559
   -4.2400000000   -0.0447262889   -0.0017796657
   -4.2300000000   -0.0448460468   -0.0018226318
   -4.2200000000   -0.0449672342   -0.0018671209
   -4.2100000000   -0.0450898872   -0.0019132036
   -4.2000000000   -0.0452140425   -0.0019609543
   -4.1900000000   -0.0453397375   -0.0020104519
   -4.1800000000   -0.0454670104   -0.0020617795
   -4.1700000000   -0.0455959001   -0.0021150253
   -4.1600000000   -0.0457264459   -0.0021702825
   -4.1500000000   -0.0458586877   -0.0022276498
   -4.1400000000   -0.0459926658   -0.0022872317
   -4.1300000000   -0.0461284209   -0.0023491391
   -4.1200000000   -0.0462659938   -0.0024134895
   -4.1100000000   -0.0464054257   -0.0024804075
   -4.1000000000   -0.0465467574   -0.0025500255
   -4.0900000000   -0.0466900294   -0.0026224839
   -4.0800000000   -0.0468352820   -0.0026979320
   -4.0700000000   -0.0469825546   -0.0027765283
   -4.0600000000   -0.0471318855   -0.0028584413
   -4.0500000000   -0.0472833118   -0.0029438505
   -4.0400000000   -0.0474368685   -0.0030329466
   -4.0300000000   -0.0475925887   -0.0031259327
   -4.0200000000   -0.0477505025   -0.0032230251
   -4.0100000000   -0.0479106366   -0.0033244540
   -4.0000000000   -0.0480730136   -0.0034304650
   -3.9900000000   -0.0482376513   -0.0035413197
   -3.9800000000   -0.0484045615   -0.0036572968
   -3.9700000000   -0.0485737491   -0.0037786939
   -3.9600000000   -0.0487452108   -0.0039058281
   -3.9500000000   -0.0489189338   -0.0040390377
   -3.9400000000   -0.0490948940   -0.0041786834
   -3.9300000000   -0.0492730543   -0.0043251503
   -3.9200000000   -0.0494533625   -0.0044788489
   -3.9100000000   -0.0496357485   -0.0046402168
   -3.9000000000   -0.0498201221   -0.0048097208
   -3.8900000000   -0.0500063696   -0.0049878580
   -3.8800000000   -0.0501943500   -0.0051751581
   -3.8700000000   -0.0503838910   -0.0053721845
   -3.8600000000   -0.0505747845   -0.0055795363
   -3.8500000000   -0.0507667810   -0.0057978498
   -3.8400000000   -0.0509595840   -0.0060277998
   -3.8300000000   -0.0511528424   -0.0062701004
   -3.8200000000   -0.0513461435   -0.0065255062
   -3.8100000000   -0.0515390039   -0.0067948121
   -3.8000000000   -0.0517308598   -0.0070788534
   -3.7900000000   -0.0519210558   -0.0073785039
   -3.7800000000   -0.0521088327   -0.0076946741
   -3.7700000000   -0.0522933142   -0.0080283074
   -3.7600000000   -0.0524734913   -0.0083803744
   -3.7500000000   -0.0526482061   -0.0087518657
   -3.7400000000   -0.0528161337   -0.0091437815
   -3.7300000000   -0.0529757634   -0.0095571182
   -3.7200000000   -0.0531253778   -0.0099928511
   -3.7100000000   -0.0532630322   -0.0104519129
   -3.7000000000   -0.0533865331   -0.0109351655
   -3.6900000000   -0.0534934174   -0.0114433672
   -3.6800000000   -0.0535809332   -0.0119771311
   -3.6700000000   -0.0536460234   -0.0125368761
   -3.6600000000   -0.0536853145   -0.0131227686
   -3.6500000000   -0.0536951120   -0.0137346548
   -3.6400000000   -0.0536714061   -0.0143719832
   -3.6300000000   -0.0536098910   -0.0150337174
   -3.6200000000   -0.0535060009   -0.0157182410
   -3.6100000000   -0.0533549680   -0.0164232567
   -3.6000000000   -0.0531519071   -0.0171456830
   -3.5900000000   -0.0528919296   -0.0178815550
   -3.5800000000   -0.0525702915   -0.0186259359
   -3.5700000000   -0.0521825773   -0.0193728501
   -3.5600000000   -0.0517249180   -0.0201152482
   -3.5500000000   -0.0511942389   -0.0208450181
   -3.5400000000   -0.0505885296   -0.0215530549
   -3.5300000000   -0.0499071200   -0.0222294011
   -3.5200000000   -0.0491509431   -0.0228634668
   -3.5100000000   -0.0483227613   -0.0234443309
   -3.5000000000   -0.0474273273   -0.0239611193
   -3.4900000000   -0.0464714539   -0.0244034426
   -3.4800000000   -0.0454639687   -0.0247618697
   -3.4700000000   -0.0444155408   -0.0250283997
   -3.4600000000   -0.0433383769   -0.0251968940
   -3.4500000000   -0.0422457999   -0.0252634251
   -3.4400000000   -0.0411517375   -0.0252265070
   -3.4300000000   -0.0400701618   -0.0250871823
   -3.4200000000   -0.0390145242   -0.0248489567
   -3.4100000000   -0.0379972363   -0.0245175872
   -3.4000000000   -0.0370292344   -0.0241007486
   -3.3900000000   -0.0361196585   -0.0236076126
   -3.3800000000   -0.0352756613   -0.0230483802
   -3.3700000000   -0.0345023452   -0.0224338088
   -3.3600000000   -0.0338028165   -0.0217747697
   -3.3500000000   -0.0331783333   -0.0210818623
   -3.3400000000   -0.0326285221   -0.0203651032
   -3.3300000000   -0.0321516346   -0.0196336959
   -3.3200000000   -0.0317448210   -0.0188958793
   -3.3100000000   -0.0314043984   -0.0181588487
   -3.3000000000   -0.0311261007   -0.0174287362
   -3.2900000000   -0.0309052998   -0.0167106382
   -3.2800000000   -0.0307371921   -0.0160086777
   -3.2700000000   -0.0306169510   -0.0153260879
   -3.2600000000   -0.0305398454   -0.0146653091
   -3.2500000000   -0.0305013278   -0.0140280902
   -3.2400000000   -0.0304970954   -0.0134155882
   -3.2300000000   -0.0305231303   -0.0128284638
   -3.2200000000   -0.0305757211   -0.0122669680
   -3.2100000000   -0.0306514705   -0.0117310207
   -3.2000000000   -0.0307472933   -0.0112202787
   -3.1900000000   -0.0308604064   -0.0107341951
   -3.1800000000   -0.0309883137   -0.0102720692
   -3.1700000000   -0.0311287879   -0.0098330885
   -3.1600000000   -0.0312798503   -0.0094163633
   -3.1500000000   -0.0314397504   -0.0090209547
   -3.1400000000   -0.0316069447   -0.0086458973
   -3.1300000000   -0.0317800772   -0.0082902173
   -3.1200000000   -0.0319579601   -0.0079529466
   -3.1100000000   -0.0321395560   -0.0076331330
   -3.1000000000   -0.0323239617   -0.0073298491
   -3.0900000000   -0.0325103927   -0.0070421972
   -3.0800000000   -0.0326981701   -0.0067693142
   -3.0700000000   -0.0328867078   -0.0065103737
   -3.0600000000   -0.0330755016   -0.0062645878
   -3.0500000000   -0.0332641196   -0.0060312078
   -3.0400000000   -0.0334521930   -0.0058095238
   -3.0300000000   -0.0336394081   -0.0055988645
   -3.0200000000   -0.0338255002   -0.0053985965
   -3.0100000000   -0.0340102467   -0.0052081223
   -3.0000000000   -0.0341934620   -0.0050268796
   -2.9900000000   -0.0343749926   -0.0048543398
   -2.9800000000   -0.0345547133   -0.0046900057
   -2.9700000000   -0.0347325231   -0.0045334108
   -2.9600000000   -0.0349083422   -0.0043841168
   -2.9500000000   -0.0350821090   -0.0042417126
   -2.9400000000   -0.0352537779   -0.0041058125
   -2.9300000000   -0.0354233168   -0.0039760547
   -2.9200000000   -0.0355907056   -0.0038520997
   -2.9100000000   -0.0357559340   -0.0037336292
   -2.9000000000   -0.0359190006   -0.0036203444
   -2.8900000000   -0.0360799112   -0.0035119652
   -2.8800000000   -0.0362386780   -0.0034082285
   -2.8700000000   -0.0363953185   -0.0033088874
   -2.8600000000   -0.0365498545   -0.0032137101
   -2.8500000000   -0.0367023118   -0.0031224790
   -2.8400000000   -0.0368527191   -0.0030349895
   -2.8300000000   -0.0370011077   -0.0029510493
   -2.8200000000   -0.0371475108   -0.0028704777
   -2.8100000000   -0.0372919634   -0.0027931048
   -2.8000000000   -0.0374345017   -0.0027187705
   -2.7900000000   -0.0375751629   -0.0026473243
   -2.7800000000   -0.0377139847   -0.0025786243
   -2.7700000000   -0.0378510056   -0.0025125369
   -2.7600000000   -0.0379862639   -0.0024489363
   -2.7500000000   -0.0381197982   -0.0023877037
   -2.7400000000   -0.0382516470   -0.0023287270
   -2.7300000000   -0.0383818487   -0.0022719005
   -2.7200000000   -0.0385104412   -0.0022171243
   -2.7100000000   -0.0386374620   -0.0021643041
   -2.7000000000   -0.0387629483   -0.0021133507
   -2.6900000000   -0.0388869366   -0.0020641799
   -2.6800000000   -0.0390094629   -0.0020167119
   -2.6700000000   -0.0391305624   -0.0019708711
   -2.6600000000   -0.0392502699   -0.0019265862
   -2.6500000000   -0.0393686194   -0.0018837894
   -2.6400000000   -0.0394856440   -0.0018424165
   -2.6300000000   -0.0396013764   -0.0018024067
   -2.6200000000   -0.0397158483   -0.0017637023
   -2.6100000000   -0.0398290908   -0.0017262485
   -2.6000000000   -0.0399411342   -0.0016899933
   -2.5900000000   -0.0400520081   -0.0016548873
   -2.5800000000   -0.0401617414   -0.0016208836
   -2.5700000000   -0.0402703623   -0.0015879375
   -2.5600000000   -0.0403778980   -0.0015560067
   -2.5500000000   -0.0404843753   -0.0015250507
   -2.5400000000   -0.0405898202   -0.0014950312
   -2.5300000000   -0.0406942581   -0.0014659115
   -2.5200000000   -0.0407977135   -0.0014376568
   -2.5100000000   -0.0409002104   -0.0014102338
   -2.5000000000   -0.0410017722   -0.0013836110
   -2.4900000000   -0.0411024215   -0.0013577580
   -2.4800000000   -0.0412021805   -0.0013326461
   -2.4700000000   -0.0413010706   -0.0013082478
   -2.4600000000   -0.0413991127   -0.0012845369
   -2.4500000000   -0.0414963272   -0.0012614881
   -2.4400000000   -0.0415927337   -0.0012390776
   -2.4300000000   -0.0416883515   -0.0012172825
   -2.4200000000   -0.0417831993   -0.0011960809
   -2.4100000000   -0.0418772953   -0.0011754517
   -2.4000000000   -0.0419706571   -0.0011553750
   -2.3900000000   -0.0420633020   -0.0011358315
   -2.3800000000   -0.0421552465   -0.0011168029
   -2.3700000000   -0.0422465071   -0.0010982716
   -2.3600000000   -0.0423370994   -0.0010802207
   -2.3500000000   -0.0424270390   -0.0010626341
   -2.3400000000   -0.0425163407   -0.0010454962
   -2.3300000000   -0.0426050191   -0.0010287921
   -2.3200000000   -0.0426930884   -0.0010125077
   -2.3100000000   -0.0427805624   -0.0009966292
   -2.3000000000   -0.0428674544   -0.0009811435
   -2.2900000000   -0.0429537774   -0.0009660380
   -2.2800000000   -0.0430395443   -0.0009513005
   -2.2700000000   -0.0431247674   -0.0009369195
   -2.2600000000   -0.0432094586   -0.0009228836
   -2.2500000000   -0.0432936297   -0.0009091822
   -2.2400000000   -0.0433772921   -0.0008958049
   -2.2300000000   -0.0434604569   -0.0008827418
   -2.2200000000   -0.0435431349   -0.0008699832
   -2.2100000000   -0.0436253367   -0.0008575199
   -2.2000000000   -0.0437070724   -0.0008453432
   -2.1900000000   -0.0437883521   -0.0008334443
   -2.1800000000   -0.0438691855   -0.0008218152
   -2.1700000000   -0.0439495820   -0.0008104478
   -2.1600000000   -0.0440295510   -0.0007993346
   -2.1500000000   -0.0441091015   -0.0007884680
   -2.1400000000   -0.0441882421   -0.0007778412
   -2.1300000000   -0.0442669814   -0.0007674471
   -2.1200000000   -0.0443453279   -0.0007572792
   -2.1100000000   -0.0444232896   -0.0007473310
   -2.1000000000   -0.0445008745   -0.0007375965
   -2.0900000000   -0.0445780902   -0.0007280697
   -2.0800000000   -0.0446549444   -0.0007187449
   -2.0700000000   -0.0447314443   -0.0007096165
   -2.0600000000   -0.0448075973   -0.0007006791
   -2.0500000000   -0.0448834102   -0.0006919276
   -2.0400000000   -0.0449588899   -0.0006833569
   -2.0300000000   -0.0450340430   -0.0006749623
   -2.0200000000   -0.0451088762   -0.0006667391
   -2.0100000000   -0.0451833957   -0.0006586827
   -2.0000000000   -0.0452576078   -0.0006507888
   -1.9900000000   -0.0453315184   -0.0006430531
   -1.9800000000   -0.0454051336   -0.0006354716
   -1.9700000000   -0.0454784591   -0.0006280402
   -1.9600000000   -0.0455515005   -0.0006207552
   -1.9500000000   -0.0456242635   -0.0006136128
   -1.9400000000   -0.0456967532   -0.0006066095
   -1.9300000000   -0.0457689751   -0.0005997417
   -1.9200000000   -0.0458409343   -0.0005930060
   -1.9100000000   -0.0459126357   -0.0005863992
   -1.9000000000   -0.0459840844   -0.0005799182
   -1.8900000000   -0.0460552850   -0.0005735598
   -1.8800000000   -0.0461262424   -0.0005673211
   -1.8700000000   -0.0461969611   -0.0005611991
   -1.8600000000   -0.0462674456   -0.0005551911
   -1.8500000000   -0.0463377003   -0.0005492944
   -1.8400000000   -0.0464077295   -0.0005435062
   -1.8300000000   -0.0464775374   -0.0005378241
   -1.8200000000   -0.0465471282   -0.0005322456
   -1.8100000000   -0.0466165057   -0.0005267682
   -1.8000000000   -0.0466856741   -0.0005213896
   -1.7900000000   -0.0467546371   -0.0005161076
   -1.7800000000   -0.0468233985   -0.0005109198
   -1.7700000000   -0.0468919621   -0.0005058242
   -1.7600000000   -0.0469603313   -0.0005008187
   -1.7500000000   -0.0470285099   -0.0004959013
   -1.7400000000   -0.0470965012   -0.0004910699
   -1.7300000000   -0.0471643087   -0.0004863227
   -1.7200000000   -0.0472319356   -0.0004816579
   -1.7100000000   -0.0472993853   -0.0004770735
   -1.7000000000   -0.0473666609   -0.0004725678
   -1.6900000000   -0.0474337656   -0.0004681392
   -1.6800000000   -0.0475007024   -0.0004637859
   -1.6700000000   -0.0475674744   -0.0004595064
   -1.6600000000   -0.0476340845   -0.0004552990
   -1.6500000000   -0.0477005355   -0.0004511623
   -1.6400000000   -0.0477668303   -0.0004470947
   -1.6300000000   -0.0478329718   -0.0004430948
   -1.6200000000   -0.0478989625   -0.0004391611
   -1.6100000000   -0.0479648053   -0.0004352923
   -1.6000000000   -0.0480305026   -0.0004314871
   -1.5900000000   -0.0480960572   -0.0004277441
   -1.5800000000   -0.0481614714   -0.0004240620
   -1.5700000000   -0.0482267478   -0.0004204397
   -1.5600000000   -0.0482918888   -0.0004168759
   -1.5500000000   -0.0483568968   -0.0004133694
   -1.5400000000   -0.0484217740   -0.0004099191
   -1.5300000000   -0.0484865229   -0.0004065239
   -1.5200000000   -0.0485511457   -0.0004031827
   -1.5100000000   -0.0486156445   -0.0003998943
   -1.5000000000   -0.0486800216   -0.0003966579
   -1.4900000000   -0.0487442791   -0.0003934723
   -1.4800000000   -0.0488084190   -0.0003903366
   -1.4700000000   -0.0488724434   -0.0003872498
   -1.4600000000   -0.0489363544   -0.0003842109
   -1.4500000000   -0.0490001539   -0.0003812192
   -1.4400000000   -0.0490638439   -0.0003782736
   -1.4300000000   -0.0491274263   -0.0003753733
   -1.4200000000   -0.0491909029   -0.0003725174
   -1.4100000000   -0.0492542756   -0.0003697052
   -1.4000000000   -0.0493175463   -0.0003669357
   -1.3900000000   -0.0493807167   -0.0003642083
   -1.3800000000   -0.0494437886   -0.0003615221
   -1.3700000000   -0.0495067637   -0.0003588764
   -1.3600000000   -0.0495696437   -0.0003562704
   -1.3500000000   -0.0496324302   -0.0003537034
   -1.3400000000   -0.0496951249   -0.0003511748
   -1.3300000000   -0.0497577295   -0.0003486838
   -1.3200000000   -0.0498202455   -0.0003462298
   -1.3100000000   -0.0498826744   -0.0003438120
   -1.3000000000   -0.0499450178   -0.0003414299
   -1.2900000000   -0.0500072773   -0.0003390829
   -1.2800000000   -0.0500694542   -0.0003367703
   -1.2700000000   -0.0501315501   -0.0003344915
   -1.2600000000   -0.0501935664   -0.0003322460
   -1.2500000000   -0.0502555045   -0.0003300331
   -1.2400000000   -0.0503173658   -0.0003278523
   -1.2300000000   -0.0503791517   -0.0003257031
   -1.2200000000   -0.0504408635   -0.0003235849
   -1.2100000000   -0.0505025026   -0.0003214972
   -1.2000000000   -0.0505640702   -0.0003194395
   -1.1900000000   -0.0506255677   -0.0003174113
   -1.1800000000   -0.0506869964   -0.0003154121
   -1.1700000000   -0.0507483574   -0.0003134415
   -1.1600000000   -0.0508096521   -0.0003114988
   -1.1500000000   -0.0508708815   -0.0003095838
   -1.1400000000   -0.0509320470   -0.0003076959
   -1.1300000000   -0.0509931498   -0.0003058347
   -1.1200000000   -0.0510541908   -0.0003039998
   -1.1100000000   -0.0511151714   -0.0003021907
   -1.1000000000   -0.0511760926   -0.0003004071
   -1.0900000000   -0.0512369556   -0.0002986485
   -1.0800000000   -0.0512977614   -0.0002969145
   -1.0700000000   -0.0513585112   -0.0002952048
   -1.0600000000   -0.0514192059   -0.0002935190
   -1.0500000000   -0.0514798467   -0.0002918567
   -1.0400000000   -0.0515404345   -0.0002902175
   -1.0300000000   -0.0516009705   -0.0002886011
   -1.0200000000   -0.0516614556   -0.0002870072
   -1.0100000000   -0.0517218907   -0.0002854353
   -1.0000000000   -0.0517822770   -0.0002838852
   -0.9900000000   -0.0518426153   -0.0002823565
   -0.9800000000   -0.0519029066   -0.0002808489
   -0.9700000000   -0.0519631518   -0.0002793622
   -0.9600000000   -0.0520233519   -0.0002778959
   -0.9500000000   -0.0520835078   -0.0002764498
   -0.9400000000   -0.0521436204   -0.0002750236
   -0.9300000000   -0.0522036906   -0.0002736170
   -0.9200000000   -0.0522637193   -0.0002722296
   -0.9100000000   -0.0523237073   -0.0002708614
   -0.9000000000   -0.0523836555   -0.0002695119
   -0.8900000000   -0.0524435647   -0.0002681808
   -0.8800000000   -0.0525034359   -0.0002668680
   -0.8700000000   -0.0525632697   -0.0002655732
   -0.8600000000   -0.0526230671   -0.0002642961
   -0.8500000000   -0.0526828288   -0.0002630365
   -0.8400000000   -0.0527425557   -0.0002617941
   -0.8300000000   -0.0528022485   -0.0002605686
   -0.8200000000   -0.0528619080   -0.0002593600
   -0.8100000000   -0.0529215350   -0.0002581678
   -0.8000000000   -0.0529811302   -0.0002569920
   -0.7900000000   -0.0530406944   -0.0002558322
   -0.7800000000   -0.0531002283   -0.0002546883
   -0.7700000000   -0.0531597327   -0.0002535600
   -0.7600000000   -0.0532192083   -0.0002524472
   -0.7500000000   -0.0532786558   -0.0002513496
   -0.7400000000   -0.0533380759   -0.0002502671
   -0.7300000000   -0.0533974694   -0.0002491994
   -0.7200000000   -0.0534568368   -0.0002481463
   -0.7100000000   -0.0535161790   -0.0002471077
   -0.7000000000   -0.0535754965   -0.0002460833
   -0.6900000000   -0.0536347901   -0.0002450731
   -0.6800000000   -0.0536940605   -0.0002440767
   -0.6700000000   -0.0537533081   -0.0002430941
   -0.6600000000   -0.0538125339   -0.0002421251
   -0.6500000000   -0.0538717383   -0.0002411694
   -0.6400000000   -0.0539309220   -0.0002402270
   -0.6300000000   -0.0539900856   -0.0002392976
   -0.6200000000   -0.0540492298   -0.0002383811
   -0.6100000000   -0.0541083552   -0.0002374774
   -0.6000000000   -0.0541674624   -0.0002365862
   -0.5900000000   -0.0542265520   -0.0002357075
   -0.5800000000   -0.0542856245   -0.0002348411
   -0.5700000000   -0.0543446807   -0.0002339868
   -0.5600000000   -0.0544037211   -0.0002331445
   -0.5500000000   -0.0544627462   -0.0002323141
   -0.5400000000   -0.0545217567   -0.0002314954
   -0.5300000000   -0.0545807530   -0.0002306882
   -0.5200000000   -0.0546397359   -0.0002298925
   -0.5100000000   -0.0546987058   -0.0002291082
   -0.5000000000   -0.0547576633   -0.0002283350
   -0.4900000000   -0.0548166089   -0.0002275729
   -0.4800000000   -0.0548755433   -0.0002268217
   -0.4700000000   -0.0549344668   -0.0002260813
   -0.4600000000   -0.0549933802   -0.0002253517
   -0.4500000000   -0.0550522838   -0.0002246326
   -0.4400000000   -0.0551111783   -0.0002239239
   -0.4300000000   -0.0551700642   -0.0002232257
   -0.4200000000   -0.0552289419   -0.0002225376
   -0.4100000000   -0.0552878120   -0.0002218597
   -0.4000000000   -0.0553466750   -0.0002211918
   -0.3900000000   -0.0554055314   -0.0002205338
   -0.3800000000   -0.0554643818   -0.0002198857
   -0.3700000000   -0.0555232265   -0.0002192472
   -0.3600000000   -0.0555820662   -0.0002186184
   -0.3500000000   -0.0556409012   -0.0002179990
   -0.3400000000   -0.0556997321   -0.0002173891
   -0.3300000000   -0.0557585594   -0.0002167885
   -0.3200000000   -0.0558173835   -0.0002161972
   -0.3100000000   -0.0558762049   -0.0002156149
   -0.3000000000   -0.0559350242   -0.0002150417
   -0.2900000000   -0.0559938416   -0.0002144775
   -0.2800000000   -0.0560526579   -0.0002139222
   -0.2700000000   -0.0561114733   -0.0002133756
   -0.2600000000   -0.0561702883   -0.0002128377
   -0.2500000000   -0.0562291035   -0.0002123085
   -0.2400000000   -0.0562879192   -0.0002117878
   -0.2300000000   -0.0563467359   -0.0002112755
   -0.2200000000   -0.0564055541   -0.0002107716
   -0.2100000000   -0.0564643741   -0.0002102761
   -0.2000000000   -0.0565231965   -0.0002097888
   -0.1900000000   -0.0565820217   -0.0002093096
   -0.1800000000   -0.0566408501   -0.0002088385
   -0.1700000000   -0.0566996822   -0.0002083754
   -0.1600000000   -0.0567585183   -0.0002079203
   -0.1500000000   -0.0568173590   -0.0002074731
   -0.1400000000   -0.0568762046   -0.0002070336
   -0.1300000000   -0.0569350555   -0.0002066019
   -0.1200000000   -0.0569939122   -0.0002061779
   -0.1100000000   -0.0570527751   -0.0002057615
   -0.1000000000   -0.0571116446   -0.0002053527
   -0.0900000000   -0.0571705212   -0.0002049513
   -0.0800000000   -0.0572294052   -0.0002045574
   -0.0700000000   -0.0572882970   -0.0002041708
   -0.0600000000   -0.0573434216   -0.0003873463
   -0.0500000000   -0.0574023145   -0.0003875301
   -0.0400000000   -0.0574612163   -0.0003877225
   -0.0300000000   -0.0575201276   -0.0003879235
   -0.0200000000   -0.0575790487   -0.0003881331
   -0.0100000000   -0.0576379799   -0.0003883512
    0.0000000000   -0.0576969218   -0.0003885778
