      -20.0000000000            0.7703197985
      -19.9900000000            0.7406403840
      -19.9800000000            0.7124909002
      -19.9700000000            0.6857916287
      -19.9600000000            0.6604649030
      -19.9500000000            0.6364356172
      -19.9400000000            0.6136315772
      -19.9300000000            0.5919837281
      -19.9200000000            0.5714262821
      -19.9100000000            0.5518967712
      -19.9000000000            0.5333360406
      -19.8900000000            0.5156881985
      -19.8800000000            0.4989005322
      -19.8700000000            0.4829234022
      -19.8600000000            0.4677101195
      -19.8500000000            0.4532168124
      -19.8400000000            0.4394022885
      -19.8300000000            0.4262278930
      -19.8200000000            0.4136573689
      -19.8100000000            0.4016567178
      -19.8000000000            0.3901940658
      -19.7900000000            0.3792395333
      -19.7800000000            0.3687651105
      -19.7700000000            0.3587445388
      -19.7600000000            0.3491531979
      -19.7500000000            0.3399679998
      -19.7400000000            0.3311672880
      -19.7300000000            0.3227307438
      -19.7200000000            0.3146392972
      -19.7100000000            0.3068750447
      -19.7000000000            0.2994211716
      -19.6900000000            0.2922618798
      -19.6800000000            0.2853823202
      -19.6700000000            0.2787685303
      -19.6600000000            0.2724073749
      -19.6500000000            0.2662864923
      -19.6400000000            0.2603942432
      -19.6300000000            0.2547196634
      -19.6200000000            0.2492524198
      -19.6100000000            0.2439827701
      -19.6000000000            0.2389015238
      -19.5900000000            0.2340000075
      -19.5800000000            0.2292700320
      -19.5700000000            0.2247038611
      -19.5600000000            0.2202941837
      -19.5500000000            0.2160340867
      -19.5400000000            0.2119170307
      -19.5300000000            0.2079368267
      -19.5200000000            0.2040876150
      -19.5100000000            0.2003638447
      -19.5000000000            0.1967602553
      -19.4900000000            0.1932718595
      -19.4800000000            0.1898939266
      -19.4700000000            0.1866219678
      -19.4600000000            0.1834517216
      -19.4500000000            0.1803791409
      -19.4400000000            0.1774003807
      -19.4300000000            0.1745117863
      -19.4200000000            0.1717098827
      -19.4100000000            0.1689913647
      -19.4000000000            0.1663530870
      -19.3900000000            0.1637920558
      -19.3800000000            0.1613054202
      -19.3700000000            0.1588904649
      -19.3600000000            0.1565446024
      -19.3500000000            0.1542653664
      -19.3400000000            0.1520504057
      -19.3300000000            0.1498974778
      -19.3200000000            0.1478044435
      -19.3100000000            0.1457692616
      -19.3000000000            0.1437899838
      -19.2900000000            0.1418647503
      -19.2800000000            0.1399917854
      -19.2700000000            0.1381693932
      -19.2600000000            0.1363959537
      -19.2500000000            0.1346699196
      -19.2400000000            0.1329898126
      -19.2300000000            0.1313542201
      -19.2200000000            0.1297617923
      -19.2100000000            0.1282112397
      -19.2000000000            0.1267013298
      -19.1900000000            0.1252308852
      -19.1800000000            0.1237987810
      -19.1700000000            0.1224039425
      -19.1600000000            0.1210453435
      -19.1500000000            0.1197220039
      -19.1400000000            0.1184329884
      -19.1300000000            0.1171774043
      -19.1200000000            0.1159544005
      -19.1100000000            0.1147631654
      -19.1000000000            0.1136029260
      -19.0900000000            0.1124729466
      -19.0800000000            0.1113725272
      -19.0700000000            0.1103010030
      -19.0600000000            0.1092577430
      -19.0500000000            0.1082421492
      -19.0400000000            0.1072536558
      -19.0300000000            0.1062917285
      -19.0200000000            0.1053558637
      -19.0100000000            0.1044455880
      -19.0000000000            0.1035604576
      -18.9900000000            0.1027000580
      -18.9800000000            0.1018640036
      -18.9700000000            0.1010519374
      -18.9600000000            0.1002635306
      -18.9500000000            0.0994984830
      -18.9400000000            0.0987565222
      -18.9300000000            0.0980374045
      -18.9200000000            0.0973409142
      -18.9100000000            0.0966668643
      -18.9000000000            0.0960150968
      -18.8900000000            0.0953854828
      -18.8800000000            0.0947779232
      -18.8700000000            0.0941923491
      -18.8600000000            0.0936287226
      -18.8500000000            0.0930870378
      -18.8400000000            0.0925673214
      -18.8300000000            0.0920696335
      -18.8200000000            0.0915940696
      -18.8100000000            0.0911407611
      -18.8000000000            0.0907098770
      -18.7900000000            0.0903016257
      -18.7800000000            0.0899162564
      -18.7700000000            0.0895540613
      -18.7600000000            0.0892153778
      -18.7500000000            0.0889005904
      -18.7400000000            0.0886101339
      -18.7300000000            0.0883444955
      -18.7200000000            0.0881042182
      -18.7100000000            0.0878899041
      -18.7000000000            0.0877022175
      -18.6900000000            0.0875418895
      -18.6800000000            0.0874097214
      -18.6700000000            0.0873065894
      -18.6600000000            0.0872334496
      -18.6500000000            0.0871913430
      -18.6400000000            0.0871814007
      -18.6300000000            0.0872048503
      -18.6200000000            0.0872630218
      -18.6100000000            0.0873573541
      -18.6000000000            0.0874894024
      -18.5900000000            0.0876608449
      -18.5800000000            0.0878734907
      -18.5700000000            0.0881292877
      -18.5600000000            0.0884303303
      -18.5500000000            0.0887788673
      -18.5400000000            0.0891773103
      -18.5300000000            0.0896282406
      -18.5200000000            0.0901344167
      -18.5100000000            0.0906987800
      -18.5000000000            0.0913244599
      -18.4900000000            0.0920147768
      -18.4800000000            0.0927732420
      -18.4700000000            0.0936035551
      -18.4600000000            0.0945095968
      -18.4500000000            0.0954954157
      -18.4400000000            0.0965652082
      -18.4300000000            0.0977232897
      -18.4200000000            0.0989740541
      -18.4100000000            0.1003219199
      -18.4000000000            0.1017712599
      -18.3900000000            0.1033263100
      -18.3800000000            0.1049910548
      -18.3700000000            0.1067690846
      -18.3600000000            0.1086634208
      -18.3500000000            0.1106763031
      -18.3400000000            0.1128089378
      -18.3300000000            0.1150612003
      -18.3200000000            0.1174312943
      -18.3100000000            0.1199153654
      -18.3000000000            0.1225070761
      -18.2900000000            0.1251971516
      -18.2800000000            0.1279729131
      -18.2700000000            0.1308178237
      -18.2600000000            0.1337110814
      -18.2500000000            0.1366273028
      -18.2400000000            0.1395363525
      -18.2300000000            0.1424033753
      -18.2200000000            0.1451890948
      -18.2100000000            0.1478504312
      -18.2000000000            0.1503414776
      -18.1900000000            0.1526148452
      -18.1800000000            0.1546233501
      -18.1700000000            0.1563219657
      -18.1600000000            0.1576699225
      -18.1500000000            0.1586327897
      -18.1400000000            0.1591843550
      -18.1300000000            0.1593081164
      -18.1200000000            0.1589982278
      -18.1100000000            0.1582597969
      -18.1000000000            0.1571085047
      -18.0900000000            0.1555695927
      -18.0800000000            0.1536763333
      -18.0700000000            0.1514681485
      -18.0600000000            0.1489885594
      -18.0500000000            0.1462831479
      -18.0400000000            0.1433976801
      -18.0300000000            0.1403765018
      -18.0200000000            0.1372612693
      -18.0100000000            0.1340900342
      -18.0000000000            0.1308966677
      -17.9900000000            0.1277105847
      -17.9800000000            0.1245567141
      -17.9700000000            0.1214556577
      -17.9600000000            0.1184239822
      -17.9500000000            0.1154745946
      -17.9400000000            0.1126171615
      -17.9300000000            0.1098585396
      -17.9200000000            0.1072031957
      -17.9100000000            0.1046536008
      -17.9000000000            0.1022105890
      -17.8900000000            0.0998736756
      -17.8800000000            0.0976413360
      -17.8700000000            0.0955112429
      -17.8600000000            0.0934804680
      -17.8500000000            0.0915456489
      -17.8400000000            0.0897031268
      -17.8300000000            0.0879490580
      -17.8200000000            0.0862795034
      -17.8100000000            0.0846904988
      -17.8000000000            0.0831781101
      -17.7900000000            0.0817384746
      -17.7800000000            0.0803678327
      -17.7700000000            0.0790625498
      -17.7600000000            0.0778191326
      -17.7500000000            0.0766342381
      -17.7400000000            0.0755046799
      -17.7300000000            0.0744274302
      -17.7200000000            0.0733996189
      -17.7100000000            0.0724185316
      -17.7000000000            0.0714816056
      -17.6900000000            0.0705864247
      -17.6800000000            0.0697307133
      -17.6700000000            0.0689123308
      -17.6600000000            0.0681292645
      -17.6500000000            0.0673796232
      -17.6400000000            0.0666616308
      -17.6300000000            0.0659736196
      -17.6200000000            0.0653140241
      -17.6100000000            0.0646813747
      -17.6000000000            0.0640742922
      -17.5900000000            0.0634914818
      -17.5800000000            0.0629317280
      -17.5700000000            0.0623938896
      -17.5600000000            0.0618768948
      -17.5500000000            0.0613797370
      -17.5400000000            0.0609014702
      -17.5300000000            0.0604412052
      -17.5200000000            0.0599981063
      -17.5100000000            0.0595713873
      -17.5000000000            0.0591603085
      -17.4900000000            0.0587641738
      -17.4800000000            0.0583823278
      -17.4700000000            0.0580141531
      -17.4600000000            0.0576590679
      -17.4500000000            0.0573165240
      -17.4400000000            0.0569860041
      -17.4300000000            0.0566670204
      -17.4200000000            0.0563591125
      -17.4100000000            0.0560618457
      -17.4000000000            0.0557748094
      -17.3900000000            0.0554976157
      -17.3800000000            0.0552298979
      -17.3700000000            0.0549713094
      -17.3600000000            0.0547215221
      -17.3500000000            0.0544802259
      -17.3400000000            0.0542471270
      -17.3300000000            0.0540219475
      -17.3200000000            0.0538044239
      -17.3100000000            0.0535943068
      -17.3000000000            0.0533913599
      -17.2900000000            0.0531953591
      -17.2800000000            0.0530060921
      -17.2700000000            0.0528233574
      -17.2600000000            0.0526469642
      -17.2500000000            0.0524767312
      -17.2400000000            0.0523124867
      -17.2300000000            0.0521540677
      -17.2200000000            0.0520013195
      -17.2100000000            0.0518540955
      -17.2000000000            0.0517122563
      -17.1900000000            0.0515756700
      -17.1800000000            0.0514442114
      -17.1700000000            0.0513177615
      -17.1600000000            0.0511962078
      -17.1500000000            0.0510794434
      -17.1400000000            0.0509673672
      -17.1300000000            0.0508598832
      -17.1200000000            0.0507569005
      -17.1100000000            0.0506583334
      -17.1000000000            0.0505641003
      -17.0900000000            0.0504741246
      -17.0800000000            0.0503883335
      -17.0700000000            0.0503066586
      -17.0600000000            0.0502290353
      -17.0500000000            0.0501554029
      -17.0400000000            0.0500857041
      -17.0300000000            0.0500198853
      -17.0200000000            0.0499578962
      -17.0100000000            0.0498996898
      -17.0000000000            0.0498452222
      -16.9900000000            0.0497944527
      -16.9800000000            0.0497473432
      -16.9700000000            0.0497038589
      -16.9600000000            0.0496639675
      -16.9500000000            0.0496276395
      -16.9400000000            0.0495948480
      -16.9300000000            0.0495655687
      -16.9200000000            0.0495397799
      -16.9100000000            0.0495174623
      -16.9000000000            0.0494985989
      -16.8900000000            0.0494831752
      -16.8800000000            0.0494711790
      -16.8700000000            0.0494626003
      -16.8600000000            0.0494574316
      -16.8500000000            0.0494556673
      -16.8400000000            0.0494573042
      -16.8300000000            0.0494623413
      -16.8200000000            0.0494707797
      -16.8100000000            0.0494826226
      -16.8000000000            0.0494978754
      -16.7900000000            0.0495165458
      -16.7800000000            0.0495386433
      -16.7700000000            0.0495641798
      -16.7600000000            0.0495931692
      -16.7500000000            0.0496256275
      -16.7400000000            0.0496615731
      -16.7300000000            0.0497010263
      -16.7200000000            0.0497440096
      -16.7100000000            0.0497905480
      -16.7000000000            0.0498406683
      -16.6900000000            0.0498943998
      -16.6800000000            0.0499517740
      -16.6700000000            0.0500128249
      -16.6600000000            0.0500775885
      -16.6500000000            0.0501461035
      -16.6400000000            0.0502184110
      -16.6300000000            0.0502945543
      -16.6200000000            0.0503745795
      -16.6100000000            0.0504585353
      -16.6000000000            0.0505464730
      -16.5900000000            0.0506384464
      -16.5800000000            0.0507345124
      -16.5700000000            0.0508347306
      -16.5600000000            0.0509391634
      -16.5500000000            0.0510478765
      -16.5400000000            0.0511609384
      -16.5300000000            0.0512784211
      -16.5200000000            0.0514003995
      -16.5100000000            0.0515269522
      -16.5000000000            0.0516581611
      -16.4900000000            0.0517941118
      -16.4800000000            0.0519348936
      -16.4700000000            0.0520805996
      -16.4600000000            0.0522313270
      -16.4500000000            0.0523871771
      -16.4400000000            0.0525482553
      -16.4300000000            0.0527146716
      -16.4200000000            0.0528865405
      -16.4100000000            0.0530639814
      -16.4000000000            0.0532471185
      -16.3900000000            0.0534360812
      -16.3800000000            0.0536310042
      -16.3700000000            0.0538320279
      -16.3600000000            0.0540392982
      -16.3500000000            0.0542529672
      -16.3400000000            0.0544731934
      -16.3300000000            0.0547001414
      -16.3200000000            0.0549339831
      -16.3100000000            0.0551748971
      -16.3000000000            0.0554230695
      -16.2900000000            0.0556786942
      -16.2800000000            0.0559419730
      -16.2700000000            0.0562131164
      -16.2600000000            0.0564923433
      -16.2500000000            0.0567798821
      -16.2400000000            0.0570759707
      -16.2300000000            0.0573808570
      -16.2200000000            0.0576947994
      -16.2100000000            0.0580180674
      -16.2000000000            0.0583509420
      -16.1900000000            0.0586937164
      -16.1800000000            0.0590466963
      -16.1700000000            0.0594102006
      -16.1600000000            0.0597845625
      -16.1500000000            0.0601701296
      -16.1400000000            0.0605672647
      -16.1300000000            0.0609763470
      -16.1200000000            0.0613977725
      -16.1100000000            0.0618319551
      -16.1000000000            0.0622793274
      -16.0900000000            0.0627403417
      -16.0800000000            0.0632154710
      -16.0700000000            0.0637052101
      -16.0600000000            0.0642100769
      -16.0500000000            0.0647306136
      -16.0400000000            0.0652673877
      -16.0300000000            0.0658209938
      -16.0200000000            0.0663920549
      -16.0100000000            0.0669812240
      -16.0000000000            0.0675891856
      -15.9900000000            0.0682166580
      -15.9800000000            0.0688643944
      -15.9700000000            0.0695331858
      -15.9600000000            0.0702238625
      -15.9500000000            0.0709372965
      -15.9400000000            0.0716744044
      -15.9300000000            0.0724361494
      -15.9200000000            0.0732235446
      -15.9100000000            0.0740376557
      -15.9000000000            0.0748796040
      -15.8900000000            0.0757505705
      -15.8800000000            0.0766517987
      -15.8700000000            0.0775845991
      -15.8600000000            0.0785503531
      -15.8500000000            0.0795505174
      -15.8400000000            0.0805866291
      -15.8300000000            0.0816603105
      -15.8200000000            0.0827732746
      -15.8100000000            0.0839273313
      -15.8000000000            0.0851243934
      -15.7900000000            0.0863664834
      -15.7800000000            0.0876557409
      -15.7700000000            0.0889944305
      -15.7600000000            0.0903849498
      -15.7500000000            0.0918298388
      -15.7400000000            0.0933317896
      -15.7300000000            0.0948936566
      -15.7200000000            0.0965184676
      -15.7100000000            0.0982094364
      -15.7000000000            0.0999699753
      -15.6900000000            0.1018037092
      -15.6800000000            0.1037144905
      -15.6700000000            0.1057064158
      -15.6600000000            0.1077838424
      -15.6500000000            0.1099514079
      -15.6400000000            0.1122140498
      -15.6300000000            0.1145770274
      -15.6200000000            0.1170459450
      -15.6100000000            0.1196267770
      -15.6000000000            0.1223258946
      -15.5900000000            0.1251500949
      -15.5800000000            0.1281066317
      -15.5700000000            0.1312032486
      -15.5600000000            0.1344482143
      -15.5500000000            0.1378503605
      -15.5400000000            0.1414191225
      -15.5300000000            0.1451645810
      -15.5200000000            0.1490975085
      -15.5100000000            0.1532294165
      -15.5000000000            0.1575726056
      -15.4900000000            0.1621402186
      -15.4800000000            0.1669462945
      -15.4700000000            0.1720058249
      -15.4600000000            0.1773348112
      -15.4500000000            0.1829503221
      -15.4400000000            0.1888705506
      -15.4300000000            0.1951148689
      -15.4200000000            0.2017038794
      -15.4100000000            0.2086594606
      -15.4000000000            0.2160048030
      -15.3900000000            0.2237644340
      -15.3800000000            0.2319642258
      -15.3700000000            0.2406313810
      -15.3600000000            0.2497943902
      -15.3500000000            0.2594829522
      -15.3400000000            0.2697278476
      -15.3300000000            0.2805607547
      -15.3200000000            0.2920139922
      -15.3100000000            0.3041201732
      -15.3000000000            0.3169117514
      -15.2900000000            0.3304204377
      -15.2800000000            0.3446764633
      -15.2700000000            0.3597076617
      -15.2600000000            0.3755383438
      -15.2500000000            0.3921879372
      -15.2400000000            0.4096693643
      -15.2300000000            0.4279871392
      -15.2200000000            0.4471351728
      -15.2100000000            0.4670942888
      -15.2000000000            0.4878294780
      -15.1900000000            0.5092869466
      -15.1800000000            0.5313910527
      -15.1700000000            0.5540412756
      -15.1600000000            0.5771094160
      -15.1500000000            0.6004372851
      -15.1400000000            0.6238351976
      -15.1300000000            0.6470816261
      -15.1200000000            0.6699243924
      -15.1100000000            0.6920837508
      -15.1000000000            0.7132576402
      -15.0900000000            0.7331292416
      -15.0800000000            0.7513767744
      -15.0700000000            0.7676852043
      -15.0600000000            0.7817592567
      -15.0500000000            0.7933368650
      -15.0400000000            0.8022019925
      -15.0300000000            0.8081956944
      -15.0200000000            0.8112243639
      -15.0100000000            0.8112643481
      -15.0000000000            0.8083624813
      -14.9900000000            0.8026325257
      -14.9800000000            0.7942479425
      -14.9700000000            0.7834317787
      -14.9600000000            0.7704446826
      -14.9500000000            0.7555721406
      -14.9400000000            0.7391119569
      -14.9300000000            0.7213628186
      -14.9200000000            0.7026145408
      -14.9100000000            0.6831403286
      -14.9000000000            0.6631911472
      -14.8900000000            0.6429921058
      -14.8800000000            0.6227406234
      -14.8700000000            0.6026060721
      -14.8600000000            0.5827305675
      -14.8500000000            0.5632305844
      -14.8400000000            0.5441991147
      -14.8300000000            0.5257081257
      -14.8200000000            0.5078111320
      -14.8100000000            0.4905457409
      -14.8000000000            0.4739360734
      -14.7900000000            0.4579949987
      -14.7800000000            0.4427261481
      -14.7700000000            0.4281256951
      -14.7600000000            0.4141839024
      -14.7500000000            0.4008864471
      -14.7400000000            0.3882155421
      -14.7300000000            0.3761508719
      -14.7200000000            0.3646703668
      -14.7100000000            0.3537508349
      -14.7000000000            0.3433684720
      -14.6900000000            0.3334992684
      -14.6800000000            0.3241193294
      -14.6700000000            0.3152051222
      -14.6600000000            0.3067336637
      -14.6500000000            0.2986826593
      -14.6400000000            0.2910306015
      -14.6300000000            0.2837568363
      -14.6200000000            0.2768416044
      -14.6100000000            0.2702660615
      -14.6000000000            0.2640122830
      -14.5900000000            0.2580632564
      -14.5800000000            0.2524028641
      -14.5700000000            0.2470158600
      -14.5600000000            0.2418878400
      -14.5500000000            0.2370052103
      -14.5400000000            0.2323551524
      -14.5300000000            0.2279255877
      -14.5200000000            0.2237051409
      -14.5100000000            0.2196831044
      -14.5000000000            0.2158494021
      -14.4900000000            0.2121945550
      -14.4800000000            0.2087096478
      -14.4700000000            0.2053862963
      -14.4600000000            0.2022166165
      -14.4500000000            0.1991931955
      -14.4400000000            0.1963090632
      -14.4300000000            0.1935576660
      -14.4200000000            0.1909328420
      -14.4100000000            0.1884287973
      -14.4000000000            0.1860400841
      -14.3900000000            0.1837615799
      -14.3800000000            0.1815884680
      -14.3700000000            0.1795162197
      -14.3600000000            0.1775405769
      -14.3500000000            0.1756575366
      -14.3400000000            0.1738633359
      -14.3300000000            0.1721544384
      -14.3200000000            0.1705275214
      -14.3100000000            0.1689794640
      -14.3000000000            0.1675073358
      -14.2900000000            0.1661083872
      -14.2800000000            0.1647800393
      -14.2700000000            0.1635198756
      -14.2600000000            0.1623256335
      -14.2500000000            0.1611951974
      -14.2400000000            0.1601265910
      -14.2300000000            0.1591179720
      -14.2200000000            0.1581676255
      -14.2100000000            0.1572739593
      -14.2000000000            0.1564354989
      -14.1900000000            0.1556508834
      -14.1800000000            0.1549188617
      -14.1700000000            0.1542382890
      -14.1600000000            0.1536081240
      -14.1500000000            0.1530274263
      -14.1400000000            0.1524953544
      -14.1300000000            0.1520111641
      -14.1200000000            0.1515742069
      -14.1100000000            0.1511839293
      -14.1000000000            0.1508398722
      -14.0900000000            0.1505416710
      -14.0800000000            0.1502890556
      -14.0700000000            0.1500818516
      -14.0600000000            0.1499199807
      -14.0500000000            0.1498034629
      -14.0400000000            0.1497324183
      -14.0300000000            0.1497070695
      -14.0200000000            0.1497277446
      -14.0100000000            0.1497948807
      -14.0000000000            0.1499090276
      -13.9900000000            0.1500708526
      -13.9800000000            0.1502811453
      -13.9700000000            0.1505408233
      -13.9600000000            0.1508509382
      -13.9500000000            0.1512126828
      -13.9400000000            0.1516273980
      -13.9300000000            0.1520965811
      -13.9200000000            0.1526218944
      -13.9100000000            0.1532051748
      -13.9000000000            0.1538484427
      -13.8900000000            0.1545539135
      -13.8800000000            0.1553240078
      -13.8700000000            0.1561613625
      -13.8600000000            0.1570688427
      -13.8500000000            0.1580495524
      -13.8400000000            0.1591068464
      -13.8300000000            0.1602443401
      -13.8200000000            0.1614659190
      -13.8100000000            0.1627757470
      -13.8000000000            0.1641782706
      -13.7900000000            0.1656782216
      -13.7800000000            0.1672806139
      -13.7700000000            0.1689907350
      -13.7600000000            0.1708141290
      -13.7500000000            0.1727565701
      -13.7400000000            0.1748240235
      -13.7300000000            0.1770225901
      -13.7200000000            0.1793584320
      -13.7100000000            0.1818376747
      -13.7000000000            0.1844662804
      -13.6900000000            0.1872498883
      -13.6800000000            0.1901936153
      -13.6700000000            0.1933018121
      -13.6600000000            0.1965777690
      -13.6500000000            0.2000233671
      -13.6400000000            0.2036386725
      -13.6300000000            0.2074214730
      -13.6200000000            0.2113667624
      -13.6100000000            0.2154661829
      -13.6000000000            0.2197074441
      -13.5900000000            0.2240737453
      -13.5800000000            0.2285432431
      -13.5700000000            0.2330886119
      -13.5600000000            0.2376767629
      -13.5500000000            0.2422687889
      -13.5400000000            0.2468202090
      -13.5300000000            0.2512815797
      -13.5200000000            0.2555995204
      -13.5100000000            0.2597181727
      -13.5000000000            0.2635810674
      -13.4900000000            0.2671333236
      -13.4800000000            0.2703240491
      -13.4700000000            0.2731087634
      -13.4600000000            0.2754516374
      -13.4500000000            0.2773273408
      -13.4400000000            0.2787223123
      -13.4300000000            0.2796353302
      -13.4200000000            0.2800773322
      -13.4100000000            0.2800705206
      -13.4000000000            0.2796468628
      -13.3900000000            0.2788461561
      -13.3800000000            0.2777138488
      -13.3700000000            0.2762988156
      -13.3600000000            0.2746512537
      -13.3500000000            0.2728208302
      -13.3400000000            0.2708551606
      -13.3300000000            0.2687986541
      -13.3200000000            0.2666917209
      -13.3100000000            0.2645703100
      -13.3000000000            0.2624657281
      -13.2900000000            0.2604046817
      -13.2800000000            0.2584094852
      -13.2700000000            0.2564983828
      -13.2600000000            0.2546859381
      -13.2500000000            0.2529834567
      -13.2400000000            0.2513994140
      -13.2300000000            0.2499398677
      -13.2200000000            0.2486088437
      -13.2100000000            0.2474086873
      -13.2000000000            0.2463403756
      -13.1900000000            0.2454037912
      -13.1800000000            0.2445979582
      -13.1700000000            0.2439212431
      -13.1600000000            0.2433715235
      -13.1500000000            0.2429463288
      -13.1400000000            0.2426429559
      -13.1300000000            0.2424585636
      -13.1200000000            0.2423902486
      -13.1100000000            0.2424351060
      -13.1000000000            0.2425902774
      -13.0900000000            0.2428529879
      -13.0800000000            0.2432205744
      -13.0700000000            0.2436905069
      -13.0600000000            0.2442604037
      -13.0500000000            0.2449280423
      -13.0400000000            0.2456913662
      -13.0300000000            0.2465484895
      -13.0200000000            0.2474976981
      -13.0100000000            0.2485374504
      -13.0000000000            0.2496663756
      -12.9900000000            0.2508832724
      -12.9800000000            0.2521871053
      -12.9700000000            0.2535770022
      -12.9600000000            0.2550522505
      -12.9500000000            0.2566122941
      -12.9400000000            0.2582567293
      -12.9300000000            0.2599853020
      -12.9200000000            0.2617979040
      -12.9100000000            0.2636945707
      -12.9000000000            0.2656754777
      -12.8900000000            0.2677409390
      -12.8800000000            0.2698914046
      -12.8700000000            0.2721274591
      -12.8600000000            0.2744498202
      -12.8500000000            0.2768593378
      -12.8400000000            0.2793569935
      -12.8300000000            0.2819439000
      -12.8200000000            0.2846213021
      -12.8100000000            0.2873905767
      -12.8000000000            0.2902532336
      -12.7900000000            0.2932109178
      -12.7800000000            0.2962654101
      -12.7700000000            0.2994186305
      -12.7600000000            0.3026726399
      -12.7500000000            0.3060296437
      -12.7400000000            0.3094919952
      -12.7300000000            0.3130621993
      -12.7200000000            0.3167429173
      -12.7100000000            0.3205369718
      -12.7000000000            0.3244473516
      -12.6900000000            0.3284772182
      -12.6800000000            0.3326299122
      -12.6700000000            0.3369089600
      -12.6600000000            0.3413180818
      -12.6500000000            0.3458611998
      -12.6400000000            0.3505424470
      -12.6300000000            0.3553661773
      -12.6200000000            0.3603369752
      -12.6100000000            0.3654596679
      -12.6000000000            0.3707393364
      -12.5900000000            0.3761813295
      -12.5800000000            0.3817912768
      -12.5700000000            0.3875751045
      -12.5600000000            0.3935390510
      -12.5500000000            0.3996896843
      -12.5400000000            0.4060339207
      -12.5300000000            0.4125790450
      -12.5200000000            0.4193327314
      -12.5100000000            0.4263030674
      -12.5000000000            0.4334985778
      -12.4900000000            0.4409282524
      -12.4800000000            0.4486015739
      -12.4700000000            0.4565285498
      -12.4600000000            0.4647197451
      -12.4500000000            0.4731863191
      -12.4400000000            0.4819400636
      -12.4300000000            0.4909934458
      -12.4200000000            0.5003596531
      -12.4100000000            0.5100526426
      -12.4000000000            0.5200871944
      -12.3900000000            0.5304789689
      -12.3800000000            0.5412445699
      -12.3700000000            0.5524016120
      -12.3600000000            0.5639687947
      -12.3500000000            0.5759659820
      -12.3400000000            0.5884142905
      -12.3300000000            0.6013361834
      -12.3200000000            0.6147555752
      -12.3100000000            0.6286979438
      -12.3000000000            0.6431904549
      -12.2900000000            0.6582620970
      -12.2800000000            0.6739438296
      -12.2700000000            0.6902687455
      -12.2600000000            0.7072722497
      -12.2500000000            0.7249922548
      -12.2400000000            0.7434693978
      -12.2300000000            0.7627472775
      -12.2200000000            0.7828727172
      -12.2100000000            0.8038960556
      -12.2000000000            0.8258714678
      -12.1900000000            0.8488573216
      -12.1800000000            0.8729165738
      -12.1700000000            0.8981172095
      -12.1600000000            0.9245327327
      -12.1500000000            0.9522427135
      -12.1400000000            0.9813333990
      -12.1300000000            1.0118983981
      -12.1200000000            1.0440394499
      -12.1100000000            1.0778672869
      -12.1000000000            1.1135026073
      -12.0900000000            1.1510771728
      -12.0800000000            1.1907350501
      -12.0700000000            1.2326340176
      -12.0600000000            1.2769471647
      -12.0500000000            1.3238647125
      -12.0400000000            1.3735960922
      -12.0300000000            1.4263723250
      -12.0200000000            1.4824487526
      -12.0100000000            1.5421081799
      -12.0000000000            1.6056645026
      -11.9900000000            1.6734669055
      -11.9800000000            1.7459047397
      -11.9700000000            1.8234132034
      -11.9600000000            1.9064799840
      -11.9500000000            1.9956530509
      -11.9400000000            2.0915498319
      -11.9300000000            2.1948680636
      -11.9200000000            2.3063986702
      -11.9100000000            2.4270411201
      -11.9000000000            2.5578218164
      -11.8900000000            2.6999162285
      -11.8800000000            2.8546756583
      -11.8700000000            3.0236597846
      -11.8600000000            3.2086764545
      -11.8500000000            3.4118306255
      -11.8400000000            3.6355849410
      -11.8300000000            3.8828352080
      -11.8200000000            4.1570051112
      -11.8100000000            4.4621659699
      -11.8000000000            4.8031893878
      -11.7900000000            5.1859435188
      -11.7800000000            5.6175477643
      -11.7700000000            6.1067066121
      -11.7600000000            6.6641519392
      -11.7500000000            7.3032358740
      -11.7400000000            8.0407355499
      -11.7300000000            8.8979605667
      -11.7200000000            9.9023000028
      -11.7100000000           11.0894191502
      -11.7000000000           12.5064355587
      -11.6900000000           14.2166031934
      -11.6800000000           16.3063747338
      -11.6700000000           18.8963136789
      -11.6600000000           22.1584230492
      -11.6500000000           26.3445218026
      -11.6400000000           31.8343431227
      -11.6300000000           39.2202812659
      -11.6200000000           49.4633050926
      -11.6100000000           64.1936698138
      -11.6000000000           86.3198041260
      -11.5900000000          121.3126635299
      -11.5800000000          179.9170025560
      -11.5700000000          282.8898436903
      -11.5600000000          458.9491295079
      -11.5500000000          668.8052188218
      -11.5400000000          671.5328010838
      -11.5300000000          461.6980299190
      -11.5200000000          283.2209829880
      -11.5100000000          178.9209969320
      -11.5000000000          119.8192258283
      -11.4900000000           84.6983843701
      -11.4800000000           62.5923575219
      -11.4700000000           47.9374251748
      -11.4600000000           37.7868085967
      -11.4500000000           30.4944557335
      -11.4400000000           25.0931354610
      -11.4300000000           20.9883015128
      -11.4200000000           17.7998444965
      -11.4100000000           15.2763113444
      -11.4000000000           13.2463413737
      -11.3900000000           11.5900803089
      -11.3800000000           10.2217601977
      -11.3700000000            9.0787511200
      -11.3600000000            8.1144883783
      -11.3500000000            7.2937894184
      -11.3400000000            6.5896836793
      -11.3300000000            5.9812233321
      -11.3200000000            5.4519438169
      -11.3100000000            4.9887633574
      -11.3000000000            4.5811843758
      -11.2900000000            4.2207059594
      -11.2800000000            3.9003860997
      -11.2700000000            3.6145116980
      -11.2600000000            3.3583471109
      -11.2500000000            3.1279406152
      -11.2400000000            2.9199740611
      -11.2300000000            2.7316450567
      -11.2200000000            2.5605738962
      -11.2100000000            2.4047294736
      -11.2000000000            2.2623698897
      -11.1900000000            2.1319945172
      -11.1800000000            2.0123050700
      -11.1700000000            1.9021737978
      -11.1600000000            1.8006173529
      -11.1500000000            1.7067752072
      -11.1400000000            1.6198917333
      -11.1300000000            1.5393012595
      -11.1200000000            1.4644155468
      -11.1100000000            1.3947132506
      -11.1000000000            1.3297310158
      -11.0900000000            1.2690559227
      -11.0800000000            1.2123190551
      -11.0700000000            1.1591900034
      -11.0600000000            1.1093721514
      -11.0500000000            1.0625986221
      -11.0400000000            1.0186287782
      -11.0300000000            0.9772451934
      -11.0200000000            0.9382510234
      -11.0100000000            0.9014677169
      -11.0000000000            0.8667330182
      -10.9900000000            0.8338992184
      -10.9800000000            0.8028316228
      -10.9700000000            0.7734072015
      -10.9600000000            0.7455134017
      -10.9500000000            0.7190470971
      -10.9400000000            0.6939136593
      -10.9300000000            0.6700261327
      -10.9200000000            0.6473045026
      -10.9100000000            0.6256750423
      -10.9000000000            0.6050697308
      -10.8900000000            0.5854257329
      -10.8800000000            0.5666849330
      -10.8700000000            0.5487935172
      -10.8600000000            0.5317015982
      -10.8500000000            0.5153628772
      -10.8400000000            0.4997343395
      -10.8300000000            0.4847759798
      -10.8200000000            0.4704505538
      -10.8100000000            0.4567233534
      -10.8000000000            0.4435620029
      -10.7900000000            0.4309362737
      -10.7800000000            0.4188179168
      -10.7700000000            0.4071805093
      -10.7600000000            0.3959993152
      -10.7500000000            0.3852511581
      -10.7400000000            0.3749143054
      -10.7300000000            0.3649683616
      -10.7200000000            0.3553941715
      -10.7100000000            0.3461737308
      -10.7000000000            0.3372901049
      -10.6900000000            0.3287273531
      -10.6800000000            0.3204704603
      -10.6700000000            0.3125052730
      -10.6600000000            0.3048184413
      -10.6500000000            0.2973973645
      -10.6400000000            0.2902301421
      -10.6300000000            0.2833055268
      -10.6200000000            0.2766128830
      -10.6100000000            0.2701421472
      -10.6000000000            0.2638837913
      -10.5900000000            0.2578287893
      -10.5800000000            0.2519685858
      -10.5700000000            0.2462950672
      -10.5600000000            0.2408005343
      -10.5500000000            0.2354776778
      -10.5300000000            0.2158137492
      -10.5200000000            0.2111722654
      -10.5100000000            0.2066703431
      -10.5000000000            0.2023025516
      -10.4900000000            0.1980637193
      -10.4800000000            0.1939489196
      -10.4700000000            0.1899534569
      -10.4600000000            0.1860728535
      -10.4500000000            0.1823028384
      -10.4400000000            0.1786393350
      -10.4300000000            0.1750784517
      -10.4200000000            0.1716164709
      -10.4100000000            0.1682498407
      -10.4000000000            0.1649751656
      -10.3900000000            0.1617891985
      -10.3800000000            0.1586888331
      -10.3700000000            0.1556710966
      -10.3600000000            0.1527331427
      -10.3500000000            0.1498722459
      -10.3400000000            0.1470857945
      -10.3300000000            0.1443712858
      -10.3200000000            0.1417263200
      -10.3100000000            0.1391485960
      -10.3000000000            0.1366359056
      -10.2900000000            0.1341861301
      -10.2800000000            0.1317972352
      -10.2700000000            0.1294672675
      -10.2600000000            0.1271943503
      -10.2500000000            0.1249766805
      -10.2400000000            0.1228125247
      -10.2300000000            0.1207002164
      -10.2200000000            0.1186381527
      -10.2100000000            0.1166247915
      -10.2000000000            0.1146586488
      -10.1900000000            0.1127382962
      -10.1800000000            0.1108623580
      -10.1700000000            0.1090295096
      -10.1600000000            0.1072384745
      -10.1500000000            0.1054880228
      -10.1400000000            0.1037769690
      -10.1300000000            0.1021041700
      -10.1200000000            0.1004685234
      -10.1100000000            0.0988689658
      -10.1000000000            0.0973044710
      -10.0900000000            0.0957740489
      -10.0800000000            0.0942767433
      -10.0700000000            0.0928116313
      -10.0600000000            0.0913778212
      -10.0500000000            0.0899744518
      -10.0400000000            0.0886006909
      -10.0300000000            0.0872557342
      -10.0200000000            0.0859388042
      -10.0100000000            0.0846491491
      -10.0000000000            0.0833860419
       -9.9900000000            0.0821487793
       -9.9800000000            0.0809366808
       -9.9700000000            0.0797490880
       -9.9600000000            0.0785853636
       -9.9500000000            0.0774448904
       -9.9400000000            0.0763270710
       -9.9300000000            0.0752313268
       -9.9200000000            0.0741570973
       -9.9100000000            0.0731038392
       -9.9000000000            0.0720710265
       -9.8900000000            0.0710581488
       -9.8800000000            0.0700647118
       -9.8700000000            0.0690902360
       -9.8600000000            0.0681342564
       -9.8500000000            0.0671963220
       -9.8400000000            0.0662759952
       -9.8300000000            0.0653728516
       -9.8200000000            0.0644864791
       -9.8100000000            0.0636164778
       -9.8000000000            0.0627624596
       -9.7900000000            0.0619240475
       -9.7800000000            0.0611008755
       -9.7700000000            0.0602925881
       -9.7600000000            0.0594988398
       -9.7500000000            0.0587192952
       -9.7400000000            0.0579536282
       -9.7300000000            0.0572015219
       -9.7200000000            0.0564626682
       -9.7100000000            0.0557367678
       -9.7000000000            0.0550235293
       -9.6900000000            0.0543226697
       -9.6800000000            0.0536339135
       -9.6700000000            0.0529569929
       -9.6600000000            0.0522916471
       -9.6500000000            0.0516376226
       -9.6400000000            0.0509946726
       -9.6300000000            0.0503625567
       -9.6200000000            0.0497410413
       -9.6100000000            0.0491298985
       -9.6000000000            0.0485289068
       -9.5900000000            0.0479378502
       -9.5800000000            0.0473565184
       -9.5700000000            0.0467847067
       -9.5600000000            0.0462222154
       -9.5500000000            0.0456688502
       -9.5400000000            0.0451244216
       -9.5300000000            0.0445887450
       -9.5200000000            0.0440616403
       -9.5100000000            0.0435429321
       -9.5000000000            0.0430324493
       -9.4900000000            0.0425300252
       -9.4800000000            0.0420354970
       -9.4700000000            0.0415487062
       -9.4600000000            0.0410694980
       -9.4500000000            0.0405977214
       -9.4400000000            0.0401332292
       -9.4300000000            0.0396758776
       -9.4200000000            0.0392255263
       -9.4100000000            0.0387820386
       -9.4000000000            0.0383452807
       -9.3900000000            0.0379151223
       -9.3800000000            0.0374914359
       -9.3700000000            0.0370740974
       -9.3600000000            0.0366629853
       -9.3500000000            0.0362579809
       -9.3400000000            0.0358589685
       -9.3300000000            0.0354658349
       -9.3200000000            0.0350784696
       -9.3100000000            0.0346967647
       -9.3000000000            0.0343206146
       -9.2900000000            0.0339499163
       -9.2800000000            0.0335845688
       -9.2700000000            0.0332244738
       -9.2600000000            0.0328695350
       -9.2500000000            0.0325196582
       -9.2400000000            0.0321747515
       -9.2300000000            0.0318347248
       -9.2200000000            0.0314994901
       -9.2100000000            0.0311689614
       -9.2000000000            0.0308430546
       -9.1900000000            0.0305216872
       -9.1800000000            0.0302047789
       -9.1700000000            0.0298922507
       -9.1600000000            0.0295840255
       -9.1500000000            0.0292800280
       -9.1400000000            0.0289801844
       -9.1300000000            0.0286844223
       -9.1200000000            0.0283926711
       -9.1100000000            0.0281048615
       -9.1000000000            0.0278209258
       -9.0900000000            0.0275407977
       -9.0800000000            0.0272644121
       -9.0700000000            0.0269917056
       -9.0600000000            0.0267226157
       -9.0500000000            0.0264570816
       -9.0400000000            0.0261950435
       -9.0300000000            0.0259364429
       -9.0200000000            0.0256812224
       -9.0100000000            0.0254293259
       -9.0000000000            0.0251806984
       -8.9900000000            0.0249352860
       -8.9800000000            0.0246930358
       -8.9700000000            0.0244538961
       -8.9600000000            0.0242178162
       -8.9500000000            0.0239847464
       -8.9400000000            0.0237546379
       -8.9300000000            0.0235274429
       -8.9200000000            0.0233031147
       -8.9100000000            0.0230816072
       -8.9000000000            0.0228628755
       -8.8900000000            0.0226468755
       -8.8800000000            0.0224335638
       -8.8700000000            0.0222228981
       -8.8600000000            0.0220148366
       -8.8500000000            0.0218093386
       -8.8400000000            0.0216063639
       -8.8300000000            0.0214058733
       -8.8200000000            0.0212078283
       -8.8100000000            0.0210121910
       -8.8000000000            0.0208189244
       -8.7900000000            0.0206279920
       -8.7800000000            0.0204393580
       -8.7700000000            0.0202529875
       -8.7600000000            0.0200688461
       -8.7500000000            0.0198868999
       -8.7400000000            0.0197071158
       -8.7200000000            0.0000000000
       -8.7100000000            0.0000000000
       -8.7000000000            0.0000000000
       -8.6900000000            0.0000000000
       -8.6800000000            0.0000000000
       -8.6700000000            0.0000000000
       -8.6600000000            0.0000000000
       -8.6500000000            0.0000000000
       -8.6400000000            0.0000000000
       -8.6300000000            0.0000000000
       -8.6200000000            0.0000000000
       -8.6100000000            0.0000000000
       -8.6000000000            0.0000000000
       -8.5900000000            0.0000000000
       -8.5800000000            0.0000000000
       -8.5700000000            0.0000000000
       -8.5600000000            0.0000000000
       -8.5500000000            0.0000000000
       -8.5400000000            0.0000000000
       -8.5300000000            0.0000000000
       -8.5200000000            0.0000000000
       -8.5100000000            0.0000000000
       -8.5000000000            0.0000000000
       -8.4900000000            0.0000000000
       -8.4800000000            0.0000000000
       -8.4700000000            0.0000000000
       -8.4600000000            0.0000000000
       -8.4500000000            0.0000000000
       -8.4400000000            0.0000000000
       -8.4300000000            0.0000000000
       -8.4200000000            0.0000000000
       -8.4100000000            0.0000000000
       -8.4000000000            0.0000000000
       -8.3900000000            0.0000000000
       -8.3800000000            0.0000000000
       -8.3700000000            0.0000000000
       -8.3600000000            0.0000000000
       -8.3500000000            0.0000000000
       -8.3400000000            0.0000000000
       -8.3300000000            0.0000000000
       -8.3200000000            0.0000000000
       -8.3100000000            0.0000000000
       -8.3000000000            0.0000000000
       -8.2900000000            0.0000000000
       -8.2800000000            0.0000000000
       -8.2700000000            0.0000000000
       -8.2600000000            0.0000000000
       -8.2500000000            0.0000000000
       -8.2400000000            0.0000000000
       -8.2300000000            0.0000000000
       -8.2200000000            0.0000000000
       -8.2100000000            0.0000000000
       -8.2000000000            0.0000000000
       -8.1900000000            0.0000000000
       -8.1800000000            0.0000000000
       -8.1700000000            0.0000000000
       -8.1600000000            0.0000000000
       -8.1500000000            0.0000000000
       -8.1400000000            0.0000000000
       -8.1300000000            0.0000000000
       -8.1200000000            0.0000000000
       -8.1100000000            0.0000000000
       -8.1000000000            0.0000000000
       -8.0900000000            0.0000000000
       -8.0800000000            0.0000000000
       -8.0700000000            0.0000000000
       -8.0600000000            0.0000000000
       -8.0500000000            0.0000000000
       -8.0400000000            0.0000000000
       -8.0300000000            0.0000000000
       -8.0200000000            0.0000000000
       -8.0100000000            0.0000000000
       -8.0000000000            0.0000000000
       -7.9900000000            0.0000000000
       -7.9800000000            0.0000000000
       -7.9700000000            0.0000000000
       -7.9600000000            0.0000000000
       -7.9500000000            0.0000000000
       -7.9400000000            0.0000000000
       -7.9300000000            0.0000000000
       -7.9200000000            0.0000000000
       -7.9100000000            0.0000000000
       -7.9000000000            0.0000000000
       -7.8900000000            0.0000000000
       -7.8800000000            0.0000000000
       -7.8700000000            0.0000000000
       -7.8600000000            0.0000000000
       -7.8500000000            0.0000000000
       -7.8400000000            0.0000000000
       -7.8300000000            0.0000000000
       -7.8200000000            0.0000000000
       -7.8100000000            0.0000000000
       -7.8000000000            0.0000000000
       -7.7900000000            0.0000000000
       -7.7800000000            0.0000000000
       -7.7700000000            0.0000000000
       -7.7600000000            0.0000000000
       -7.7500000000            0.0000000000
       -7.7400000000            0.0000000000
       -7.7300000000            0.0000000000
       -7.7200000000            0.0000000000
       -7.7100000000            0.0000000000
       -7.7000000000            0.0000000000
       -7.6900000000            0.0000000000
       -7.6800000000            0.0000000000
       -7.6700000000            0.0000000000
       -7.6600000000            0.0000000000
       -7.6500000000            0.0000000000
       -7.6400000000            0.0000000000
       -7.6300000000            0.0000000000
       -7.6200000000            0.0000000000
       -7.6100000000            0.0000000000
       -7.6000000000            0.0000000000
       -7.5900000000            0.0000000000
       -7.5800000000            0.0000000000
       -7.5700000000            0.0000000000
       -7.5600000000            0.0000000000
       -7.5500000000            0.0000000000
       -7.5400000000            0.0000000000
       -7.5300000000            0.0000000000
       -7.5200000000            0.0000000000
       -7.5100000000            0.0000000000
       -7.5000000000            0.0000000000
       -7.4900000000            0.0000000000
       -7.4800000000            0.0000000000
       -7.4700000000            0.0000000000
       -7.4600000000            0.0000000000
       -7.4500000000            0.0000000000
       -7.4400000000            0.0000000000
       -7.4300000000            0.0000000000
       -7.4200000000            0.0000000000
       -7.4100000000            0.0000000000
       -7.4000000000            0.0000000000
       -7.3900000000            0.0000000000
       -7.3800000000            0.0000000000
       -7.3700000000            0.0000000000
       -7.3600000000            0.0000000000
       -7.3500000000            0.0000000000
       -7.3400000000            0.0000000000
       -7.3300000000            0.0000000000
       -7.3200000000            0.0000000000
       -7.3100000000            0.0000000000
       -7.3000000000            0.0000000000
       -7.2900000000            0.0000000000
       -7.2800000000            0.0000000000
       -7.2700000000            0.0000000000
       -7.2600000000            0.0000000000
       -7.2500000000            0.0000000000
       -7.2400000000            0.0000000000
       -7.2300000000            0.0000000000
       -7.2200000000            0.0000000000
       -7.2100000000            0.0000000000
       -7.2000000000            0.0000000000
       -7.1900000000            0.0000000000
       -7.1800000000            0.0000000000
       -7.1700000000            0.0000000000
       -7.1600000000            0.0000000000
       -7.1500000000            0.0000000000
       -7.1400000000            0.0000000000
       -7.1300000000            0.0000000000
       -7.1200000000            0.0000000000
       -7.1100000000            0.0000000000
       -7.1000000000            0.0000000000
       -7.0900000000            0.0000000000
       -7.0800000000            0.0000000000
       -7.0700000000            0.0000000000
       -7.0600000000            0.0000000000
       -7.0500000000            0.0000000000
       -7.0400000000            0.0000000000
       -7.0300000000            0.0000000000
       -7.0200000000            0.0000000000
       -7.0100000000            0.0000000000
       -7.0000000000            0.0000000000
       -6.9900000000            0.0000000000
       -6.9800000000            0.0000000000
       -6.9700000000            0.0000000000
       -6.9600000000            0.0000000000
       -6.9500000000            0.0000000000
       -6.9400000000            0.0000000000
       -6.9300000000            0.0000000000
       -6.9200000000            0.0000000000
       -6.9100000000            0.0000000000
       -6.9000000000            0.0000000000
       -6.8900000000            0.0000000000
       -6.8800000000            0.0000000000
       -6.8700000000            0.0000000000
       -6.8600000000            0.0000000000
       -6.8500000000            0.0000000000
       -6.8400000000            0.0000000000
       -6.8300000000            0.0000000000
       -6.8200000000            0.0000000000
       -6.8100000000            0.0000000000
       -6.8000000000            0.0000000000
       -6.7900000000            0.0000000000
       -6.7800000000            0.0000000000
       -6.7700000000            0.0000000000
       -6.7600000000            0.0000000000
       -6.7500000000            0.0000000000
       -6.7400000000            0.0000000000
       -6.7300000000            0.0000000000
       -6.7200000000            0.0000000000
       -6.7100000000            0.0000000000
       -6.7000000000            0.0000000000
       -6.6900000000            0.0000000000
       -6.6800000000            0.0000000000
       -6.6700000000            0.0000000000
       -6.6600000000            0.0000000000
       -6.6500000000            0.0000000000
       -6.6400000000            0.0000000000
       -6.6300000000            0.0000000000
       -6.6200000000            0.0000000000
       -6.6100000000            0.0000000000
       -6.6000000000            0.0000000000
       -6.5900000000            0.0000000000
       -6.5800000000            0.0000000000
       -6.5700000000            0.0000000000
       -6.5600000000            0.0000000000
       -6.5500000000            0.0000000000
       -6.5400000000            0.0000000000
       -6.5300000000            0.0000000000
       -6.5200000000            0.0000000000
       -6.5100000000            0.0000000000
       -6.5000000000            0.0000000000
       -6.4900000000            0.0000000000
       -6.4800000000            0.0000000000
       -6.4700000000            0.0000000000
       -6.4600000000            0.0000000000
       -6.4500000000            0.0000000000
       -6.4400000000            0.0000000000
       -6.4300000000            0.0000000000
       -6.4200000000            0.0000000000
       -6.4100000000            0.0000000000
       -6.4000000000            0.0000000000
       -6.3900000000            0.0000000000
       -6.3800000000            0.0000000000
       -6.3700000000            0.0000000000
       -6.3500000000            0.0016651740
       -6.3400000000            0.0016720562
       -6.3300000000            0.0016789981
       -6.3200000000            0.0016860008
       -6.3100000000            0.0016930651
       -6.3000000000            0.0017001922
       -6.2900000000            0.0017073829
       -6.2800000000            0.0017146384
       -6.2700000000            0.0017219597
       -6.2600000000            0.0017293478
       -6.2500000000            0.0017368037
       -6.2400000000            0.0017443286
       -6.2300000000            0.0017519235
       -6.2200000000            0.0017595896
       -6.2100000000            0.0017673280
       -6.2000000000            0.0017751398
       -6.1900000000            0.0017830262
       -6.1800000000            0.0017909883
       -6.1700000000            0.0017990275
       -6.1600000000            0.0018071448
       -6.1500000000            0.0018153415
       -6.1400000000            0.0018236188
       -6.1300000000            0.0018319781
       -6.1200000000            0.0018404207
       -6.1100000000            0.0018489478
       -6.1000000000            0.0018575607
       -6.0900000000            0.0018662609
       -6.0800000000            0.0018750497
       -6.0700000000            0.0018839285
       -6.0600000000            0.0018928988
       -6.0500000000            0.0019019619
       -6.0400000000            0.0019111194
       -6.0300000000            0.0019203728
       -6.0200000000            0.0019297235
       -6.0100000000            0.0019391732
       -6.0000000000            0.0019487234
       -5.9900000000            0.0019583757
       -5.9800000000            0.0019681318
       -5.9700000000            0.0019779933
       -5.9600000000            0.0019879619
       -5.9500000000            0.0019980393
       -5.9400000000            0.0020082273
       -5.9300000000            0.0020185277
       -5.9200000000            0.0020289423
       -5.9100000000            0.0020394729
       -5.9000000000            0.0020501214
       -5.8900000000            0.0020608898
       -5.8800000000            0.0020717800
       -5.8700000000            0.0020827940
       -5.8600000000            0.0020939338
       -5.8500000000            0.0021052015
       -5.8400000000            0.0021165992
       -5.8300000000            0.0021281291
       -5.8200000000            0.0021397933
       -5.8100000000            0.0021515941
       -5.8000000000            0.0021635338
       -5.7900000000            0.0021756147
       -5.7800000000            0.0021878391
       -5.7700000000            0.0022002096
       -5.7600000000            0.0022127284
       -5.7500000000            0.0022253982
       -5.7400000000            0.0022382216
       -5.7300000000            0.0022512011
       -5.7200000000            0.0022643394
       -5.7100000000            0.0022776392
       -5.7000000000            0.0022911034
       -5.6900000000            0.0023047348
       -5.6800000000            0.0023185362
       -5.6700000000            0.0023325107
       -5.6600000000            0.0023466612
       -5.6500000000            0.0023609908
       -5.6400000000            0.0023755028
       -5.6300000000            0.0023902003
       -5.6200000000            0.0024050866
       -5.6100000000            0.0024201651
       -5.6000000000            0.0024354392
       -5.5900000000            0.0024509124
       -5.5800000000            0.0024665883
       -5.5700000000            0.0024824707
       -5.5600000000            0.0024985631
       -5.5500000000            0.0025148696
       -5.5400000000            0.0025313939
       -5.5300000000            0.0025481401
       -5.5200000000            0.0025651123
       -5.5100000000            0.0025823148
       -5.5000000000            0.0025997517
       -5.4900000000            0.0026174275
       -5.4800000000            0.0026353466
       -5.4700000000            0.0026535138
       -5.4600000000            0.0026719335
       -5.4500000000            0.0026906108
       -5.4400000000            0.0027095505
       -5.4300000000            0.0027287576
       -5.4200000000            0.0027482374
       -5.4100000000            0.0027679950
       -5.4000000000            0.0027880360
       -5.3900000000            0.0028083659
       -5.3800000000            0.0028289904
       -5.3700000000            0.0028499152
       -5.3600000000            0.0028711464
       -5.3500000000            0.0028926901
       -5.3400000000            0.0029145525
       -5.3300000000            0.0029367401
       -5.3200000000            0.0029592595
       -5.3100000000            0.0029821174
       -5.3000000000            0.0030053208
       -5.2900000000            0.0030288767
       -5.2800000000            0.0030527925
       -5.2700000000            0.0030770756
       -5.2600000000            0.0031017337
       -5.2500000000            0.0031267747
       -5.2400000000            0.0031522066
       -5.2300000000            0.0031780378
       -5.2200000000            0.0032042768
       -5.2100000000            0.0032309323
       -5.2000000000            0.0032580132
       -5.1900000000            0.0032855289
       -5.1800000000            0.0033134888
       -5.1700000000            0.0033419026
       -5.1600000000            0.0033707804
       -5.1500000000            0.0034001323
       -5.1400000000            0.0034299691
       -5.1300000000            0.0034603014
       -5.1200000000            0.0034911406
       -5.1100000000            0.0035224980
       -5.1000000000            0.0035543855
       -5.0900000000            0.0035868153
       -5.0800000000            0.0036197998
       -5.0700000000            0.0036533519
       -5.0600000000            0.0036874848
       -5.0500000000            0.0037222121
       -5.0400000000            0.0037575480
       -5.0300000000            0.0037935067
       -5.0200000000            0.0038301033
       -5.0100000000            0.0038673529
       -5.0000000000            0.0039052715
       -4.9900000000            0.0039438751
       -4.9800000000            0.0039831807
       -4.9700000000            0.0040232055
       -4.9600000000            0.0040639673
       -4.9500000000            0.0041054844
       -4.9400000000            0.0041477758
       -4.9300000000            0.0041908611
       -4.9200000000            0.0042347603
       -4.9100000000            0.0042794943
       -4.9000000000            0.0043250846
       -4.8900000000            0.0043715532
       -4.8800000000            0.0044189232
       -4.8700000000            0.0044672181
       -4.8600000000            0.0045164624
       -4.8500000000            0.0045666812
       -4.8400000000            0.0046179006
       -4.8300000000            0.0046701476
       -4.8200000000            0.0047234501
       -4.8100000000            0.0047778367
       -4.8000000000            0.0048333374
       -4.7900000000            0.0048899830
       -4.7800000000            0.0049478052
       -4.7700000000            0.0050068372
       -4.7600000000            0.0050671131
       -4.7500000000            0.0051286682
       -4.7400000000            0.0051915393
       -4.7300000000            0.0052557643
       -4.7200000000            0.0053213825
       -4.7100000000            0.0053884347
       -4.7000000000            0.0054569631
       -4.6900000000            0.0055270117
       -4.6800000000            0.0055986257
       -4.6700000000            0.0056718526
       -4.6600000000            0.0057467411
       -4.6500000000            0.0058233421
       -4.6400000000            0.0059017083
       -4.6300000000            0.0059818946
       -4.6200000000            0.0060639579
       -4.6100000000            0.0061479574
       -4.6000000000            0.0062339545
       -4.5900000000            0.0063220132
       -4.5800000000            0.0064122000
       -4.5700000000            0.0065045842
       -4.5600000000            0.0065992376
       -4.5500000000            0.0066962354
       -4.5400000000            0.0067956554
       -4.5300000000            0.0068975792
       -4.5200000000            0.0070020912
       -4.5100000000            0.0071092800
       -4.5000000000            0.0072192375
       -4.4900000000            0.0073320597
       -4.4800000000            0.0074478469
       -4.4700000000            0.0075667036
       -4.4600000000            0.0076887389
       -4.4500000000            0.0078140668
       -4.4400000000            0.0079428064
       -4.4300000000            0.0080750822
       -4.4200000000            0.0082110242
       -4.4100000000            0.0083507685
       -4.4000000000            0.0084944575
       -4.3900000000            0.0086422401
       -4.3800000000            0.0087942724
       -4.3700000000            0.0089507176
       -4.3600000000            0.0091117469
       -4.3500000000            0.0092775397
       -4.3400000000            0.0094482842
       -4.3300000000            0.0096241775
       -4.3200000000            0.0098054269
       -4.3100000000            0.0099922496
       -4.3000000000            0.0101848740
       -4.2900000000            0.0103835399
       -4.2800000000            0.0105884994
       -4.2700000000            0.0108000177
       -4.2600000000            0.0110183735
       -4.2500000000            0.0112438605
       -4.2400000000            0.0114767876
       -4.2300000000            0.0117174803
       -4.2200000000            0.0119662817
       -4.2100000000            0.0122235533
       -4.2000000000            0.0124896767
       -4.1900000000            0.0127650543
       -4.1800000000            0.0130501110
       -4.1700000000            0.0133452955
       -4.1600000000            0.0136510821
       -4.1500000000            0.0139679718
       -4.1400000000            0.0142964949
       -4.1300000000            0.0146372121
       -4.1200000000            0.0149907173
       -4.1100000000            0.0153576391
       -4.1000000000            0.0157386437
       -4.0900000000            0.0161344372
       -4.0800000000            0.0165457683
       -4.0700000000            0.0169734314
       -4.0600000000            0.0174182694
       -4.0500000000            0.0178811775
       -4.0400000000            0.0183631065
       -4.0300000000            0.0188650666
       -4.0200000000            0.0193881319
       -4.0100000000            0.0199334441
       -4.0000000000            0.0205022183
       -3.9900000000            0.0210957468
       -3.9800000000            0.0217154054
       -3.9700000000            0.0223626587
       -3.9600000000            0.0230390662
       -3.9500000000            0.0237462888
       -3.9400000000            0.0244860952
       -3.9300000000            0.0252603698
       -3.9200000000            0.0260711192
       -3.9100000000            0.0269204807
       -3.9000000000            0.0278107300
       -3.8900000000            0.0287442893
       -3.8800000000            0.0297237360
       -3.8700000000            0.0307518110
       -3.8600000000            0.0318314266
       -3.8500000000            0.0329656748
       -3.8400000000            0.0341578344
       -3.8300000000            0.0354113775
       -3.8200000000            0.0367299748
       -3.8100000000            0.0381174982
       -3.8000000000            0.0395780227
       -3.7900000000            0.0411158231
       -3.7800000000            0.0427353677
       -3.7700000000            0.0444413068
       -3.7600000000            0.0462384531
       -3.7500000000            0.0481317551
       -3.7400000000            0.0501262589
       -3.7300000000            0.0522270572
       -3.7200000000            0.0544392230
       -3.7100000000            0.0567677231
       -3.7000000000            0.0592173097
       -3.6900000000            0.0617923843
       -3.6800000000            0.0644968302
       -3.6700000000            0.0673338086
       -3.6600000000            0.0703055134
       -3.6500000000            0.0734128809
       -3.6400000000            0.0766552495
       -3.6300000000            0.0800299691
       -3.6200000000            0.0835319606
       -3.6100000000            0.0871532284
       -3.6000000000            0.0908823381
       -3.5900000000            0.0947038750
       -3.5800000000            0.0985979088
       -3.5700000000            0.1025395010
       -3.5600000000            0.1064983013
       -3.5500000000            0.1104382909
       -3.5400000000            0.1143177395
       -3.5300000000            0.1180894464
       -3.5200000000            0.1217013351
       -3.5100000000            0.1250974558
       -3.5000000000            0.1282194269
       -3.4900000000            0.1310083060
       -3.4800000000            0.1334068347
       -3.4700000000            0.1353619403
       -3.4600000000            0.1368273289
       -3.4500000000            0.1377659586
       -3.4400000000            0.1381521663
       -3.4300000000            0.1379732311
       -3.4200000000            0.1372302052
       -3.4100000000            0.1359379181
       -3.4000000000            0.1341241472
       -3.3900000000            0.1318280462
       -3.3800000000            0.1290979945
       -3.3700000000            0.1259890840
       -3.3600000000            0.1225604755
       -3.3500000000            0.1188728394
       -3.3400000000            0.1149860573
       -3.3300000000            0.1109573051
       -3.3200000000            0.1068395804
       -3.3100000000            0.1026806846
       -3.3000000000            0.0985226308
       -3.2900000000            0.0944014195
       -3.2800000000            0.0903471097
       -3.2700000000            0.0863841130
       -3.2600000000            0.0825316377
       -3.2500000000            0.0788042243
       -3.2400000000            0.0752123211
       -3.2300000000            0.0717628639
       -3.2200000000            0.0684598312
       -3.2100000000            0.0653047595
       -3.2000000000            0.0622972073
       -3.1900000000            0.0594351640
       -3.1800000000            0.0567154031
       -3.1700000000            0.0541337832
       -3.1600000000            0.0516854990
       -3.1500000000            0.0493652890
       -3.1400000000            0.0471676050
       -3.1300000000            0.0450867475
       -3.1200000000            0.0431169731
       -3.1100000000            0.0412525782
       -3.1000000000            0.0394879624
       -3.0900000000            0.0378176768
       -3.0800000000            0.0362364572
       -3.0700000000            0.0347392486
       -3.0600000000            0.0333212198
       -3.0500000000            0.0319777718
       -3.0400000000            0.0307045411
       -3.0300000000            0.0294973989
       -3.0200000000            0.0283524470
       -3.0100000000            0.0272660117
       -3.0000000000            0.0262346364
       -2.9900000000            0.0252550724
       -2.9800000000            0.0243242696
       -2.9700000000            0.0234393665
       -2.9600000000            0.0225976804
       -2.9500000000            0.0217966971
       -2.9400000000            0.0210340611
       -2.9300000000            0.0203075665
       -2.9200000000            0.0196151470
       -2.9100000000            0.0189548678
       -2.9000000000            0.0183249169
       -2.8900000000            0.0177235968
       -2.8800000000            0.0171493178
       -2.8700000000            0.0166005898
       -2.8600000000            0.0160760169
       -2.8500000000            0.0155742898
       -2.8400000000            0.0150941812
       -2.8300000000            0.0146345395
       -2.8200000000            0.0141942839
       -2.8100000000            0.0137724000
       -2.8000000000            0.0133679347
       -2.7900000000            0.0129799929
       -2.7800000000            0.0126077328
       -2.7700000000            0.0122503629
       -2.7600000000            0.0119071387
       -2.7500000000            0.0115773591
       -2.7400000000            0.0112603642
       -2.7300000000            0.0109555320
       -2.7200000000            0.0106622763
       -2.7100000000            0.0103800443
       -2.7000000000            0.0101083146
       -2.6900000000            0.0098465947
       -2.6800000000            0.0095944197
       -2.6700000000            0.0093513505
       -2.6600000000            0.0091169716
       -2.6500000000            0.0088908906
       -2.6400000000            0.0086727358
       -2.6300000000            0.0084621556
       -2.6200000000            0.0082588168
       -2.6100000000            0.0080624041
       -2.6000000000            0.0078726182
       -2.5900000000            0.0076891756
       -2.5800000000            0.0075118071
       -2.5700000000            0.0073402574
       -2.5600000000            0.0071742839
       -2.5500000000            0.0070136563
       -2.5400000000            0.0068581557
       -2.5300000000            0.0067075738
       -2.5200000000            0.0065617126
       -2.5100000000            0.0064203839
       -2.5000000000            0.0062834082
       -2.4900000000            0.0061506147
       -2.4800000000            0.0060218408
       -2.4700000000            0.0058969314
       -2.4600000000            0.0057757385
       -2.4500000000            0.0056581212
       -2.4400000000            0.0055439450
       -2.4300000000            0.0054330813
       -2.4200000000            0.0053254075
       -2.4100000000            0.0052208065
       -2.4000000000            0.0051191664
       -2.3900000000            0.0050203800
       -2.3800000000            0.0049243451
       -2.3700000000            0.0048309639
       -2.3600000000            0.0047401425
       -2.3500000000            0.0046517915
       -2.3400000000            0.0045658249
       -2.3300000000            0.0044821604
       -2.3200000000            0.0044007194
       -2.3100000000            0.0043214262
       -2.3000000000            0.0042442085
       -2.2900000000            0.0041689968
       -2.2800000000            0.0040957246
       -2.2700000000            0.0040243278
       -2.2600000000            0.0039547451
       -2.2500000000            0.0038869176
       -2.2400000000            0.0038207886
       -2.2300000000            0.0037563038
       -2.2200000000            0.0036934110
       -2.2100000000            0.0036320598
       -2.2000000000            0.0035722019
       -2.1900000000            0.0035137909
       -2.1800000000            0.0034567820
       -2.1700000000            0.0034011323
       -2.1600000000            0.0033468003
       -2.1500000000            0.0032937461
       -2.1400000000            0.0032419313
       -2.1300000000            0.0031913189
       -2.1200000000            0.0031418733
       -2.1100000000            0.0030935599
       -2.1000000000            0.0030463459
       -2.0900000000            0.0030001990
       -2.0800000000            0.0029550886
       -2.0700000000            0.0029109849
       -2.0600000000            0.0028678592
       -2.0500000000            0.0028256839
       -2.0400000000            0.0027844320
       -2.0300000000            0.0027440779
       -2.0200000000            0.0027045966
       -2.0100000000            0.0026659640
       -2.0000000000            0.0026281568
       -1.9900000000            0.0025911526
       -1.9800000000            0.0025549294
       -1.9700000000            0.0025194664
       -1.9600000000            0.0024847432
       -1.9500000000            0.0024507400
       -1.9400000000            0.0024174379
       -1.9300000000            0.0023848184
       -1.9200000000            0.0023528637
       -1.9100000000            0.0023215566
       -1.9000000000            0.0022908802
       -1.8900000000            0.0022608185
       -1.8800000000            0.0022313557
       -1.8700000000            0.0022024767
       -1.8600000000            0.0021741667
       -1.8500000000            0.0021464115
       -1.8400000000            0.0021191972
       -1.8300000000            0.0020925104
       -1.8200000000            0.0020663382
       -1.8100000000            0.0020406679
       -1.8000000000            0.0020154873
       -1.7900000000            0.0019907845
       -1.7800000000            0.0019665481
       -1.7700000000            0.0019427668
       -1.7600000000            0.0019194297
       -1.7500000000            0.0018965264
       -1.7400000000            0.0018740467
       -1.7300000000            0.0018519806
       -1.7200000000            0.0018303184
       -1.7100000000            0.0018090508
       -1.7000000000            0.0017881687
       -1.6900000000            0.0017676633
       -1.6800000000            0.0017475259
       -1.6700000000            0.0017277482
       -1.6600000000            0.0017083221
       -1.6500000000            0.0016892397
       -1.6400000000            0.0016704932
       -1.6300000000            0.0016520753
       -1.6200000000            0.0016339786
       -1.6100000000            0.0016161961
       -1.6000000000            0.0015987209
       -1.5900000000            0.0015815463
       -1.5800000000            0.0015646658
       -1.5700000000            0.0015480730
       -1.5600000000            0.0015317619
       -1.5500000000            0.0015157263
       -1.5400000000            0.0014999604
       -1.5300000000            0.0014844585
       -1.5200000000            0.0014692151
       -1.5100000000            0.0014542248
       -1.5000000000            0.0014394822
       -1.4900000000            0.0014249823
       -1.4800000000            0.0014107200
       -1.4700000000            0.0013966904
       -1.4600000000            0.0013828889
       -1.4500000000            0.0013693108
       -1.4400000000            0.0013559515
       -1.4300000000            0.0013428066
       -1.4200000000            0.0013298719
       -1.4100000000            0.0013171431
       -1.4000000000            0.0013046162
       -1.3900000000            0.0012922872
       -1.3800000000            0.0012801521
       -1.3700000000            0.0012682073
       -1.3600000000            0.0012564489
       -1.3500000000            0.0012448734
       -1.3400000000            0.0012334772
       -1.3300000000            0.0012222570
       -1.3200000000            0.0012112092
       -1.3100000000            0.0012003307
       -1.3000000000            0.0011896182
       -1.2900000000            0.0011790685
       -1.2800000000            0.0011686788
       -1.2700000000            0.0011584458
       -1.2600000000            0.0011483668
       -1.2500000000            0.0011384389
       -1.2400000000            0.0011286593
       -1.2300000000            0.0011190252
       -1.2200000000            0.0011095340
       -1.2100000000            0.0011001831
       -1.2000000000            0.0010909699
       -1.1900000000            0.0010818920
       -1.1800000000            0.0010729470
       -1.1700000000            0.0010641324
       -1.1600000000            0.0010554460
       -1.1500000000            0.0010468854
       -1.1400000000            0.0010384484
       -1.1300000000            0.0010301329
       -1.1200000000            0.0010219368
       -1.1100000000            0.0010138579
       -1.1000000000            0.0010058942
       -1.0900000000            0.0009980438
       -1.0800000000            0.0009903046
       -1.0700000000            0.0009826748
       -1.0600000000            0.0009751526
       -1.0500000000            0.0009677360
       -1.0400000000            0.0009604233
       -1.0300000000            0.0009532128
       -1.0200000000            0.0009461026
       -1.0100000000            0.0009390913
       -1.0000000000            0.0009321770
       -0.9900000000            0.0009253583
       -0.9800000000            0.0009186335
       -0.9700000000            0.0009120010
       -0.9600000000            0.0009054595
       -0.9500000000            0.0008990073
       -0.9400000000            0.0008926431
       -0.9300000000            0.0008863654
       -0.9200000000            0.0008801728
       -0.9100000000            0.0008740640
       -0.9000000000            0.0008680376
       -0.8900000000            0.0008620924
       -0.8800000000            0.0008562270
       -0.8700000000            0.0008504401
       -0.8600000000            0.0008447306
       -0.8500000000            0.0008390973
       -0.8400000000            0.0008335389
       -0.8300000000            0.0008280543
       -0.8200000000            0.0008226423
       -0.8100000000            0.0008173019
       -0.8000000000            0.0008120320
       -0.7900000000            0.0008068314
       -0.7800000000            0.0008016991
       -0.7700000000            0.0007966341
       -0.7600000000            0.0007916354
       -0.7500000000            0.0007867019
       -0.7400000000            0.0007818328
       -0.7300000000            0.0007770270
       -0.7200000000            0.0007722836
       -0.7100000000            0.0007676017
       -0.7000000000            0.0007629804
       -0.6900000000            0.0007584188
       -0.6800000000            0.0007539161
       -0.6700000000            0.0007494713
       -0.6600000000            0.0007450836
       -0.6500000000            0.0007407523
       -0.6400000000            0.0007364765
       -0.6300000000            0.0007322554
       -0.6200000000            0.0007280883
       -0.6100000000            0.0007239743
       -0.6000000000            0.0007199128
       -0.5900000000            0.0007159030
       -0.5800000000            0.0007119441
       -0.5700000000            0.0007080355
       -0.5600000000            0.0007041765
       -0.5500000000            0.0007003664
       -0.5400000000            0.0006966045
       -0.5300000000            0.0006928902
       -0.5200000000            0.0006892228
       -0.5100000000            0.0006856017
       -0.5000000000            0.0006820262
       -0.4900000000            0.0006784957
       -0.4800000000            0.0006750097
       -0.4700000000            0.0006715676
       -0.4600000000            0.0006681687
       -0.4500000000            0.0006648125
       -0.4400000000            0.0006614984
       -0.4300000000            0.0006582259
       -0.4200000000            0.0006549945
       -0.4100000000            0.0006518035
       -0.4000000000            0.0006486526
       -0.3900000000            0.0006455411
       -0.3800000000            0.0006424685
       -0.3700000000            0.0006394345
       -0.3600000000            0.0006364384
       -0.3500000000            0.0006334799
       -0.3400000000            0.0006305583
       -0.3300000000            0.0006276734
       -0.3200000000            0.0006248245
       -0.3100000000            0.0006220113
       -0.3000000000            0.0006192333
       -0.2900000000            0.0006164902
       -0.2800000000            0.0006137814
       -0.2700000000            0.0006111065
       -0.2600000000            0.0006084652
       -0.2500000000            0.0006058570
       -0.2400000000            0.0006032816
       -0.2300000000            0.0006007385
       -0.2200000000            0.0005982274
       -0.2100000000            0.0005957478
       -0.2000000000            0.0005932995
       -0.1900000000            0.0005908820
       -0.1800000000            0.0005884951
       -0.1700000000            0.0005861382
       -0.1600000000            0.0005838112
       -0.1500000000            0.0005815136
       -0.1400000000            0.0005792451
       -0.1300000000            0.0005770054
       -0.1200000000            0.0005747942
       -0.1100000000            0.0005726111
       -0.1000000000            0.0005704558
       -0.0900000000            0.0005683280
       -0.0800000000            0.0005662275
       -0.0700000000            0.0005641539
       -0.0500000000            0.0010670237
       -0.0400000000            0.0010656626
       -0.0300000000            0.0010643283
       -0.0200000000            0.0010630205
       -0.0100000000            0.0010617389
