      -20.0000000000            3.1810074657
      -19.9900000000            3.0542607050
      -19.9800000000            2.9328394525
      -19.9700000000            2.8166691391
      -19.9600000000            2.7056464132
      -19.9500000000            2.5996460109
      -19.9400000000            2.4985261980
      -19.9300000000            2.4021330730
      -19.9200000000            2.3103039964
      -19.9100000000            2.2228703579
      -19.9000000000            2.1396598436
      -19.8900000000            2.0604983199
      -19.8800000000            1.9852114113
      -19.8700000000            1.9136258289
      -19.8600000000            1.8455704874
      -19.8500000000            1.7808774397
      -19.8400000000            1.7193826506
      -19.8300000000            1.6609266298
      -19.8200000000            1.6053549393
      -19.8100000000            1.5525185880
      -19.8000000000            1.5022743271
      -19.7900000000            1.4544848548
      -19.7800000000            1.4090189421
      -19.7700000000            1.3657514870
      -19.7600000000            1.3245635076
      -19.7500000000            1.2853420816
      -19.7400000000            1.2479802403
      -19.7300000000            1.2123768269
      -19.7200000000            1.1784363228
      -19.7100000000            1.1460686532
      -19.7000000000            1.1151889745
      -19.6900000000            1.0857174504
      -19.6800000000            1.0575790225
      -19.6700000000            1.0307031767
      -19.6600000000            1.0050237112
      -19.6500000000            0.9804785081
      -19.6400000000            0.9570093094
      -19.6300000000            0.9345615013
      -19.6200000000            0.9130839062
      -19.6100000000            0.8925285838
      -19.6000000000            0.8728506422
      -19.5900000000            0.8540080590
      -19.5800000000            0.8359615118
      -19.5700000000            0.8186742193
      -19.5600000000            0.8021117916
      -19.5500000000            0.7862420902
      -19.5400000000            0.7710350962
      -19.5300000000            0.7564627873
      -19.5200000000            0.7424990220
      -19.5100000000            0.7291194312
      -19.5000000000            0.7163013151
      -19.4900000000            0.7040235462
      -19.4800000000            0.6922664758
      -19.4700000000            0.6810118439
      -19.4600000000            0.6702426910
      -19.4500000000            0.6599432702
      -19.4400000000            0.6500989579
      -19.4300000000            0.6406961615
      -19.4200000000            0.6317222221
      -19.4100000000            0.6231653096
      -19.4000000000            0.6150143070
      -19.3900000000            0.6072586817
      -19.3800000000            0.5998883408
      -19.3700000000            0.5928934654
      -19.3600000000            0.5862643222
      -19.3500000000            0.5799910478
      -19.3400000000            0.5740634032
      -19.3300000000            0.5684704968
      -19.3200000000            0.5632004748
      -19.3100000000            0.5582401811
      -19.3000000000            0.5535747928
      -19.2900000000            0.5491874388
      -19.2800000000            0.5450588198
      -19.2700000000            0.5411668482
      -19.2600000000            0.5374863412
      -19.2500000000            0.5339888012
      -19.2400000000            0.5306423288
      -19.2300000000            0.5274117161
      -19.2200000000            0.5242587655
      -19.2100000000            0.5211428759
      -19.2000000000            0.5180219184
      -19.1900000000            0.5148534004
      -19.1800000000            0.5115958860
      -19.1700000000            0.5082105994
      -19.1600000000            0.5046631031
      -19.1500000000            0.5009249146
      -19.1400000000            0.4969749076
      -19.1300000000            0.4928003550
      -19.1200000000            0.4883974971
      -19.1100000000            0.4837715695
      -19.1000000000            0.4789362847
      -19.0900000000            0.4739128270
      -19.0800000000            0.4687284657
      -19.0700000000            0.4634149331
      -19.0600000000            0.4580067167
      -19.0500000000            0.4525394103
      -19.0400000000            0.4470482369
      -19.0300000000            0.4415668222
      -19.0200000000            0.4361262577
      -19.0100000000            0.4307544591
      -19.0000000000            0.4254757987
      -18.9900000000            0.4203109723
      -18.9800000000            0.4152770548
      -18.9700000000            0.4103876941
      -18.9600000000            0.4056533991
      -18.9500000000            0.4010818828
      -18.9400000000            0.3966784277
      -18.9300000000            0.3924462523
      -18.9200000000            0.3883868603
      -18.9100000000            0.3845003632
      -18.9000000000            0.3807857695
      -18.8900000000            0.3772412393
      -18.8800000000            0.3738643033
      -18.8700000000            0.3706520495
      -18.8600000000            0.3676012782
      -18.8500000000            0.3647086318
      -18.8400000000            0.3619706989
      -18.8300000000            0.3593841004
      -18.8200000000            0.3569455568
      -18.8100000000            0.3546519420
      -18.8000000000            0.3525003260
      -18.7900000000            0.3504880072
      -18.7800000000            0.3486125382
      -18.7700000000            0.3468717447
      -18.7600000000            0.3452637408
      -18.7500000000            0.3437869406
      -18.7400000000            0.3424400668
      -18.7300000000            0.3412221587
      -18.7200000000            0.3401325782
      -18.7100000000            0.3391710158
      -18.7000000000            0.3383374963
      -18.6900000000            0.3376323852
      -18.6800000000            0.3370563948
      -18.6700000000            0.3366105920
      -18.6600000000            0.3362964066
      -18.6500000000            0.3361156404
      -18.6400000000            0.3360704786
      -18.6300000000            0.3361635011
      -18.6200000000            0.3363976959
      -18.6100000000            0.3367764745
      -18.6000000000            0.3373036869
      -18.5900000000            0.3379836396
      -18.5800000000            0.3388211137
      -18.5700000000            0.3398213843
      -18.5600000000            0.3409902408
      -18.5500000000            0.3423340071
      -18.5400000000            0.3438595620
      -18.5300000000            0.3455743587
      -18.5200000000            0.3474864433
      -18.5100000000            0.3496044697
      -18.5000000000            0.3519377117
      -18.4900000000            0.3544960690
      -18.4800000000            0.3572900660
      -18.4700000000            0.3603308403
      -18.4600000000            0.3636301182
      -18.4500000000            0.3672001734
      -18.4400000000            0.3710537636
      -18.4300000000            0.3752040407
      -18.4200000000            0.3796644268
      -18.4100000000            0.3844484488
      -18.4000000000            0.3895695225
      -18.3900000000            0.3950406761
      -18.3800000000            0.4008742012
      -18.3700000000            0.4070812184
      -18.3600000000            0.4136711460
      -18.3500000000            0.4206510559
      -18.3400000000            0.4280249073
      -18.3300000000            0.4357926472
      -18.3200000000            0.4439491734
      -18.3100000000            0.4524831637
      -18.3000000000            0.4613757847
      -18.2900000000            0.4705993111
      -18.2800000000            0.4801157045
      -18.2700000000            0.4898752275
      -18.2600000000            0.4998151955
      -18.2500000000            0.5098589999
      -18.2400000000            0.5199155640
      -18.2300000000            0.5298794111
      -18.2200000000            0.5396315328
      -18.2100000000            0.5490412247
      -18.2000000000            0.5579690111
      -18.1900000000            0.5662706973
      -18.1800000000            0.5738024732
      -18.1700000000            0.5804268518
      -18.1600000000            0.5860190826
      -18.1500000000            0.5904735514
      -18.1400000000            0.5937096026
      -18.1300000000            0.5956762135
      -18.1200000000            0.5963550299
      -18.1100000000            0.5957614348
      -18.1000000000            0.5939435347
      -18.0900000000            0.5909791900
      -18.0800000000            0.5869714253
      -18.0700000000            0.5820427107
      -18.0600000000            0.5763286793
      -18.0500000000            0.5699718342
      -18.0400000000            0.5631157193
      -18.0300000000            0.5558999030
      -18.0200000000            0.5484559807
      -18.0100000000            0.5409046696
      -18.0000000000            0.5333539578
      -17.9900000000            0.5258981896
      -17.9800000000            0.5186179278
      -17.9700000000            0.5115804138
      -17.9600000000            0.5048404530
      -17.9500000000            0.4984415717
      -17.9400000000            0.4924173176
      -17.9300000000            0.4867926045
      -17.9200000000            0.4815850288
      -17.9100000000            0.4768061083
      -17.9000000000            0.4724624144
      -17.8900000000            0.4685565811
      -17.8800000000            0.4650881881
      -17.8700000000            0.4620545203
      -17.8600000000            0.4594512118
      -17.8500000000            0.4572727860
      -17.8400000000            0.4555131022
      -17.8300000000            0.4541657225
      -17.8200000000            0.4532242095
      -17.8100000000            0.4526823662
      -17.8000000000            0.4525344280
      -17.7900000000            0.4527752147
      -17.7800000000            0.4534002507
      -17.7700000000            0.4544058596
      -17.7600000000            0.4557892389
      -17.7500000000            0.4575485181
      -17.7400000000            0.4596828063
      -17.7300000000            0.4621922306
      -17.7200000000            0.4650779686
      -17.7100000000            0.4683422775
      -17.7000000000            0.4719885210
      -17.6900000000            0.4760211964
      -17.6800000000            0.4804459622
      -17.6700000000            0.4852696679
      -17.6600000000            0.4905003866
      -17.6500000000            0.4961474519
      -17.6400000000            0.5022214982
      -17.6300000000            0.5087345074
      -17.6200000000            0.5156998603
      -17.6100000000            0.5231323942
      -17.6000000000            0.5310484683
      -17.5900000000            0.5394660351
      -17.5800000000            0.5484047205
      -17.5700000000            0.5578859117
      -17.5600000000            0.5679328547
      -17.5500000000            0.5785707605
      -17.5400000000            0.5898269221
      -17.5300000000            0.6017308414
      -17.5200000000            0.6143143680
      -17.5100000000            0.6276118498
      -17.5000000000            0.6416602954
      -17.4900000000            0.6564995507
      -17.4800000000            0.6721724876
      -17.4700000000            0.6887252083
      -17.4600000000            0.7062072626
      -17.4500000000            0.7246718804
      -17.4400000000            0.7441762183
      -17.4300000000            0.7647816209
      -17.4200000000            0.7865538946
      -17.4100000000            0.8095635943
      -17.4000000000            0.8338863196
      -17.3900000000            0.8596030192
      -17.3800000000            0.8868002984
      -17.3700000000            0.9155707246
      -17.3600000000            0.9460131246
      -17.3500000000            0.9782328645
      -17.3400000000            1.0123420994
      -17.3300000000            1.0484599787
      -17.3200000000            1.0867127884
      -17.3100000000            1.1272340053
      -17.3000000000            1.1701642339
      -17.2900000000            1.2156509899
      -17.2800000000            1.2638482830
      -17.2700000000            1.3149159468
      -17.2600000000            1.3690186473
      -17.2500000000            1.4263244919
      -17.2400000000            1.4870031470
      -17.2300000000            1.5512233537
      -17.2200000000            1.6191497215
      -17.2100000000            1.6909386596
      -17.2000000000            1.7667332978
      -17.1900000000            1.8466572412
      -17.1800000000            1.9308070027
      -17.1700000000            2.0192429764
      -17.1600000000            2.1119788465
      -17.1500000000            2.2089693882
      -17.1400000000            2.3100967141
      -17.1300000000            2.4151551566
      -17.1200000000            2.5238351645
      -17.1100000000            2.6357068347
      -17.1000000000            2.7502039890
      -17.0900000000            2.8666100289
      -17.0800000000            2.9840471344
      -17.0700000000            3.1014706594
      -17.0600000000            3.2176707541
      -17.0500000000            3.3312832369
      -17.0400000000            3.4408114531
      -17.0300000000            3.5446602304
      -17.0200000000            3.6411820523
      -17.0100000000            3.7287342507
      -17.0000000000            3.8057445161
      -16.9900000000            3.8707805472
      -16.9800000000            3.9226184891
      -16.9700000000            3.9603042283
      -16.9600000000            3.9832018099
      -16.9500000000            3.9910242894
      -16.9400000000            3.9838441034
      -16.9300000000            3.9620822545
      -16.9200000000            3.9264778794
      -16.9100000000            3.8780417219
      -16.9000000000            3.8179983783
      -16.8900000000            3.7477227667
      -16.8800000000            3.6686761265
      -16.8700000000            3.5823461122
      -16.8600000000            3.4901944229
      -16.8500000000            3.3936141372
      -16.8400000000            3.2938976898
      -16.8300000000            3.1922153748
      -16.8200000000            3.0896034603
      -16.8100000000            2.9869604755
      -16.8000000000            2.8850499685
      -16.7900000000            2.7845079826
      -16.7800000000            2.6858536152
      -16.7700000000            2.5895012510
      -16.7600000000            2.4957733400
      -16.7500000000            2.4049128961
      -16.7400000000            2.3170951699
      -16.7300000000            2.2324381911
      -16.7200000000            2.1510120652
      -16.7100000000            2.0728470390
      -16.7000000000            1.9979404320
      -16.6900000000            1.9262625661
      -16.6800000000            1.8577618401
      -16.6700000000            1.7923690768
      -16.6600000000            1.7300012604
      -16.6500000000            1.6705647512
      -16.6400000000            1.6139580520
      -16.6300000000            1.5600741796
      -16.6200000000            1.5088026866
      -16.6100000000            1.4600313707
      -16.6000000000            1.4136477027
      -16.5900000000            1.3695400023
      -16.5800000000            1.3275983915
      -16.5700000000            1.2877155495
      -16.5600000000            1.2497872955
      -16.5500000000            1.2137130236
      -16.5400000000            1.1793960106
      -16.5300000000            1.1467436180
      -16.5200000000            1.1156674055
      -16.5100000000            1.0860831736
      -16.5000000000            1.0579109469
      -16.4900000000            1.0310749140
      -16.4800000000            1.0055033304
      -16.4700000000            0.9811283961
      -16.4600000000            0.9578861145
      -16.4500000000            0.9357161371
      -16.4400000000            0.9145616012
      -16.4300000000            0.8943689627
      -16.4200000000            0.8750878282
      -16.4100000000            0.8566707878
      -16.4000000000            0.8390732518
      -16.3900000000            0.8222532911
      -16.3800000000            0.8061714838
      -16.3700000000            0.7907907674
      -16.3600000000            0.7760762984
      -16.3500000000            0.7619953177
      -16.3400000000            0.7485170240
      -16.3300000000            0.7356124538
      -16.3200000000            0.7232543684
      -16.3100000000            0.7114171471
      -16.3000000000            0.7000766874
      -16.2900000000            0.6892103115
      -16.2800000000            0.6787966784
      -16.2700000000            0.6688157015
      -16.2600000000            0.6592484722
      -16.2500000000            0.6500771880
      -16.2400000000            0.6412850857
      -16.2300000000            0.6328563788
      -16.2200000000            0.6247761994
      -16.2100000000            0.6170305440
      -16.2000000000            0.6096062229
      -16.1900000000            0.6024908130
      -16.1800000000            0.5956726143
      -16.1700000000            0.5891406090
      -16.1600000000            0.5828844234
      -16.1500000000            0.5768942930
      -16.1400000000            0.5711610294
      -16.1300000000            0.5656759903
      -16.1200000000            0.5604310508
      -16.1100000000            0.5554185775
      -16.1000000000            0.5506314043
      -16.0900000000            0.5460628096
      -16.0800000000            0.5417064960
      -16.0700000000            0.5375565707
      -16.0600000000            0.5336075281
      -16.0500000000            0.5298542335
      -16.0400000000            0.5262919082
      -16.0300000000            0.5229161158
      -16.0200000000            0.5197227499
      -16.0100000000            0.5167080229
      -16.0000000000            0.5138684557
      -15.9900000000            0.5112008686
      -15.9800000000            0.5087023736
      -15.9700000000            0.5063703667
      -15.9600000000            0.5042025225
      -15.9500000000            0.5021967885
      -15.9400000000            0.5003513811
      -15.9300000000            0.4986647821
      -15.9200000000            0.4971357364
      -15.9100000000            0.4957632501
      -15.9000000000            0.4945465903
      -15.8900000000            0.4934852848
      -15.8800000000            0.4925791234
      -15.8700000000            0.4918281600
      -15.8600000000            0.4912327152
      -15.8500000000            0.4907933806
      -15.8400000000            0.4905110233
      -15.8300000000            0.4903867916
      -15.8200000000            0.4904221225
      -15.8100000000            0.4906187493
      -15.8000000000            0.4909787104
      -15.7900000000            0.4915043604
      -15.7800000000            0.4921983810
      -15.7700000000            0.4930637943
      -15.7600000000            0.4941039770
      -15.7500000000            0.4953226761
      -15.7400000000            0.4967240265
      -15.7300000000            0.4983125700
      -15.7200000000            0.5000932761
      -15.7100000000            0.5020715651
      -15.7000000000            0.5042533326
      -15.6900000000            0.5066449768
      -15.6800000000            0.5092534278
      -15.6700000000            0.5120861795
      -15.6600000000            0.5151513245
      -15.6500000000            0.5184575910
      -15.6400000000            0.5220143840
      -15.6300000000            0.5258318287
      -15.6200000000            0.5299208179
      -15.6100000000            0.5342930631
      -15.6000000000            0.5389611497
      -15.5900000000            0.5439385958
      -15.5800000000            0.5492399161
      -15.5700000000            0.5548806901
      -15.5600000000            0.5608776351
      -15.5500000000            0.5672486847
      -15.5400000000            0.5740130720
      -15.5300000000            0.5811914184
      -15.5200000000            0.5888058276
      -15.5100000000            0.5968799855
      -15.5000000000            0.6054392641
      -15.4900000000            0.6145108317
      -15.4800000000            0.6241237662
      -15.4700000000            0.6343091724
      -15.4600000000            0.6451003021
      -15.4500000000            0.6565326737
      -15.4400000000            0.6686441926
      -15.4300000000            0.6814752653
      -15.4200000000            0.6950689084
      -15.4100000000            0.7094708432
      -15.4000000000            0.7247295747
      -15.3900000000            0.7408964437
      -15.3800000000            0.7580256458
      -15.3700000000            0.7761742050
      -15.3600000000            0.7954018877
      -15.3500000000            0.8157710409
      -15.3400000000            0.8373463343
      -15.3300000000            0.8601943811
      -15.3200000000            0.8843832091
      -15.3100000000            0.9099815483
      -15.3000000000            0.9370578937
      -15.2900000000            0.9656793013
      -15.2800000000            0.9959098630
      -15.2700000000            1.0278088094
      -15.2600000000            1.0614281790
      -15.2500000000            1.0968099985
      -15.2400000000            1.1339829185
      -15.2300000000            1.1729582610
      -15.2200000000            1.2137254553
      -15.2100000000            1.2562468652
      -15.2000000000            1.3004520600
      -15.1900000000            1.3462316392
      -15.1800000000            1.3934308026
      -15.1700000000            1.4418429567
      -15.1600000000            1.4912037628
      -15.1500000000            1.5411861548
      -15.1400000000            1.5913969736
      -15.1300000000            1.6413759581
      -15.1200000000            1.6905978764
      -15.1100000000            1.7384785426
      -15.1000000000            1.7843853153
      -15.0900000000            1.8276523986
      -15.0800000000            1.8676008478
      -15.0700000000            1.9035626626
      -15.0600000000            1.9349077670
      -15.0500000000            1.9610721290
      -15.0400000000            1.9815848558
      -15.0300000000            1.9960919254
      -15.0200000000            2.0043743417
      -15.0100000000            2.0063589510
      -15.0000000000            2.0021208845
      -14.9900000000            1.9918774709
      -14.9800000000            1.9759743675
      -14.9700000000            1.9548654154
      -14.9600000000            1.9290882408
      -14.9500000000            1.8992378318
      -14.9400000000            1.8659402268
      -14.9300000000            1.8298281218
      -14.9200000000            1.7915197254
      -14.9100000000            1.7516016602
      -14.9000000000            1.7106162106
      -14.8900000000            1.6690528038
      -14.8800000000            1.6273433109
      -14.8700000000            1.5858605766
      -14.8600000000            1.5449195067
      -14.8500000000            1.5047800446
      -14.8400000000            1.4656514295
      -14.8300000000            1.4276972132
      -14.8200000000            1.3910406180
      -14.8100000000            1.3557699167
      -14.8000000000            1.3219436070
      -14.7900000000            1.2895952313
      -14.7800000000            1.2587377521
      -14.7700000000            1.2293674442
      -14.7600000000            1.2014672960
      -14.7500000000            1.1750099376
      -14.7400000000            1.1499601280
      -14.7300000000            1.1262768423
      -14.7200000000            1.1039150017
      -14.7100000000            1.0828268931
      -14.7000000000            1.0629633186
      -14.6900000000            1.0442745172
      -14.6800000000            1.0267108918
      -14.6700000000            1.0102235758
      -14.6600000000            0.9947648650
      -14.6500000000            0.9802885403
      -14.6400000000            0.9667501003
      -14.6300000000            0.9541069215
      -14.6200000000            0.9423183612
      -14.6100000000            0.9313458138
      -14.6000000000            0.9211527318
      -14.5900000000            0.9117046181
      -14.5800000000            0.9029689981
      -14.5700000000            0.8949153755
      -14.5600000000            0.8875151773
      -14.5500000000            0.8807416899
      -14.5400000000            0.8745699917
      -14.5300000000            0.8689768817
      -14.5200000000            0.8639408079
      -14.5100000000            0.8594417951
      -14.5000000000            0.8554613748
      -14.4900000000            0.8519825173
      -14.4800000000            0.8489895656
      -14.4700000000            0.8464681734
      -14.4600000000            0.8444052462
      -14.4500000000            0.8427888858
      -14.4400000000            0.8416083386
      -14.4300000000            0.8408539483
      -14.4200000000            0.8405171115
      -14.4100000000            0.8405902376
      -14.4000000000            0.8410667122
      -14.3900000000            0.8419408648
      -14.3800000000            0.8432079394
      -14.3700000000            0.8448640688
      -14.3600000000            0.8469062527
      -14.3500000000            0.8493323393
      -14.3400000000            0.8521410096
      -14.3300000000            0.8553317662
      -14.3200000000            0.8589049239
      -14.3100000000            0.8628616051
      -14.3000000000            0.8672037376
      -14.2900000000            0.8719340556
      -14.2800000000            0.8770561049
      -14.2700000000            0.8825742505
      -14.2600000000            0.8884936881
      -14.2500000000            0.8948204590
      -14.2400000000            0.9015614689
      -14.2300000000            0.9087245100
      -14.2200000000            0.9163182873
      -14.2100000000            0.9243524489
      -14.2000000000            0.9328376208
      -14.1900000000            0.9417854458
      -14.1800000000            0.9512086278
      -14.1700000000            0.9611209808
      -14.1600000000            0.9715374837
      -14.1500000000            0.9824743404
      -14.1400000000            0.9939490477
      -14.1300000000            1.0059804680
      -14.1200000000            1.0185889114
      -14.1100000000            1.0317962248
      -14.1000000000            1.0456258897
      -14.0900000000            1.0601031306
      -14.0800000000            1.0752550329
      -14.0700000000            1.0911106728
      -14.0600000000            1.1077012600
      -14.0500000000            1.1250602937
      -14.0400000000            1.1432237347
      -14.0300000000            1.1622301939
      -14.0200000000            1.1821211401
      -14.0100000000            1.2029411275
      -14.0000000000            1.2247380477
      -13.9900000000            1.2475634062
      -13.9800000000            1.2714726274
      -13.9700000000            1.2965253924
      -13.9600000000            1.3227860107
      -13.9500000000            1.3503238333
      -13.9400000000            1.3792137087
      -13.9300000000            1.4095364899
      -13.9200000000            1.4413795969
      -13.9100000000            1.4748376425
      -13.9000000000            1.5100131297
      -13.8900000000            1.5470172293
      -13.8800000000            1.5859706487
      -13.8700000000            1.6270046045
      -13.8600000000            1.6702619131
      -13.8500000000            1.7158982146
      -13.8400000000            1.7640833514
      -13.8300000000            1.8150029208
      -13.8200000000            1.8688600303
      -13.8100000000            1.9258772840
      -13.8000000000            1.9862990367
      -13.7900000000            2.0503939582
      -13.7800000000            2.1184579562
      -13.7700000000            2.1908175187
      -13.7600000000            2.2678335457
      -13.7500000000            2.3499057550
      -13.7400000000            2.4374777653
      -13.7300000000            2.5310429795
      -13.7200000000            2.6311514191
      -13.7100000000            2.7384176956
      -13.7000000000            2.8535303446
      -13.6900000000            2.9772628062
      -13.6800000000            3.1104864012
      -13.6700000000            3.2541857441
      -13.6600000000            3.4094771483
      -13.6500000000            3.5776307249
      -13.6400000000            3.7600970759
      -13.6300000000            3.9585397309
      -13.6200000000            4.1748748132
      -13.6100000000            4.4113198619
      -13.6000000000            4.6704543225
      -13.5900000000            4.9552949983
      -13.5800000000            5.2693908131
      -13.5700000000            5.6169426538
      -13.5600000000            6.0029560209
      -13.5500000000            6.4334369040
      -13.5400000000            6.9156450834
      -13.5300000000            7.4584244092
      -13.5200000000            8.0726373344
      -13.5100000000            8.7717422620
      -13.5000000000            9.5725690557
      -13.4900000000           10.4963734301
      -13.4800000000           11.5702899516
      -13.4700000000           12.8293644479
      -13.4600000000           14.3194440664
      -13.4500000000           16.1013619309
      -13.4400000000           18.2571176795
      -13.4300000000           20.8992062536
      -13.4200000000           24.1850375167
      -13.4100000000           28.3398126948
      -13.4000000000           33.6938630827
      -13.3900000000           40.7454936695
      -13.3800000000           50.2702357296
      -13.3700000000           63.5170080043
      -13.3600000000           82.5700248654
      -13.3500000000          111.0221570868
      -13.3400000000          155.1620897249
      -13.3300000000          225.4850359870
      -13.3200000000          334.7969941352
      -13.3100000000          474.1217592967
      -13.3000000000          552.8977834084
      -13.2900000000          478.2510674558
      -13.2800000000          337.7975041212
      -13.2700000000          226.2505185661
      -13.2600000000          154.5280232755
      -13.2500000000          109.7061703941
      -13.2400000000           80.9643589860
      -13.2300000000           61.8155723693
      -13.2200000000           48.5660581632
      -13.2100000000           39.0820361837
      -13.2000000000           32.0902361598
      -13.1900000000           26.8031347336
      -13.1800000000           22.7165837606
      -13.1700000000           19.4975148115
      -13.1600000000           16.9195694751
      -13.1500000000           14.8249770669
      -13.1400000000           13.1012681265
      -13.1300000000           11.6666380305
      -13.1200000000           10.4605042142
      -13.1100000000            9.4372676363
      -13.1000000000            8.5621011783
      -13.0900000000            7.8080499601
      -13.0800000000            7.1539987868
      -13.0700000000            6.5832238745
      -13.0600000000            6.0823452754
      -13.0500000000            5.6405586075
      -13.0400000000            5.2490644054
      -13.0300000000            4.9006392475
      -13.0200000000            4.5893099054
      -13.0100000000            4.3101032539
      -13.0000000000            4.0588525101
      -12.9900000000            3.8320457918
      -12.9800000000            3.6267067767
      -12.9700000000            3.4402999321
      -12.9600000000            3.2706547106
      -12.9500000000            3.1159045052
      -12.9400000000            2.9744371733
      -12.9300000000            2.8448546962
      -12.9200000000            2.7259400982
      -12.9100000000            2.6166301731
      -12.9000000000            2.5159928835
      -12.8900000000            2.4232085414
      -12.8800000000            2.3375540651
      -12.8700000000            2.2583897520
      -12.8600000000            2.1851481190
      -12.8500000000            2.1173244501
      -12.8400000000            2.0544687592
      -12.8300000000            1.9961789324
      -12.8200000000            1.9420948558
      -12.8100000000            1.8918933714
      -12.8000000000            1.8452839300
      -12.7900000000            1.8020048346
      -12.7800000000            1.7618199835
      -12.7700000000            1.7245160404
      -12.7600000000            1.6898999677
      -12.7500000000            1.6577968726
      -12.7400000000            1.6280481208
      -12.7300000000            1.6005096811
      -12.7200000000            1.5750506701
      -12.7100000000            1.5515520699
      -12.7000000000            1.5299055961
      -12.6900000000            1.5100126973
      -12.6800000000            1.4917836687
      -12.6700000000            1.4751368665
      -12.6600000000            1.4599980102
      -12.6500000000            1.4462995627
      -12.6400000000            1.4339801788
      -12.6300000000            1.4229842145
      -12.6200000000            1.4132612899
      -12.6100000000            1.4047659009
      -12.6000000000            1.3974570724
      -12.5900000000            1.3912980511
      -12.5800000000            1.3862560321
      -12.5700000000            1.3823019168
      -12.5600000000            1.3794100992
      -12.5500000000            1.3775582770
      -12.5400000000            1.3767272874
      -12.5300000000            1.3769009628
      -12.5200000000            1.3780660077
      -12.5100000000            1.3802118935
      -12.5000000000            1.3833307697
      -12.4900000000            1.3874173927
      -12.4800000000            1.3924690687
      -12.4700000000            1.3984856117
      -12.4600000000            1.4054693158
      -12.4500000000            1.4134249410
      -12.4400000000            1.4223597119
      -12.4300000000            1.4322833307
      -12.4200000000            1.4432080025
      -12.4100000000            1.4551484749
      -12.4000000000            1.4681220900
      -12.3900000000            1.4821488516
      -12.3800000000            1.4972515062
      -12.3700000000            1.5134556387
      -12.3600000000            1.5307897847
      -12.3500000000            1.5492855591
      -12.3400000000            1.5689778021
      -12.3300000000            1.5899047451
      -12.3200000000            1.6121081959
      -12.3100000000            1.6356337474
      -12.3000000000            1.6605310087
      -12.2900000000            1.6868538639
      -12.2800000000            1.7146607579
      -12.2700000000            1.7440150151
      -12.2600000000            1.7749851912
      -12.2500000000            1.8076454642
      -12.2400000000            1.8420760665
      -12.2300000000            1.8783637642
      -12.2200000000            1.9166023885
      -12.2100000000            1.9568934242
      -12.2000000000            1.9993466637
      -12.1900000000            2.0440809319
      -12.1800000000            2.0912248939
      -12.1700000000            2.1409179517
      -12.1600000000            2.1933112452
      -12.1500000000            2.2485687674
      -12.1400000000            2.3068686114
      -12.1300000000            2.3684043654
      -12.1200000000            2.4333866751
      -12.1100000000            2.5020449992
      -12.1000000000            2.5746295824
      -12.0900000000            2.6514136787
      -12.0800000000            2.7326960616
      -12.0700000000            2.8188038630
      -12.0600000000            2.9100957930
      -12.0500000000            3.0069657968
      -12.0400000000            3.1098472214
      -12.0300000000            3.2192175725
      -12.0200000000            3.3356039609
      -12.0100000000            3.4595893543
      -12.0000000000            3.5918197762
      -11.9900000000            3.7330126188
      -11.9800000000            3.8839662739
      -11.9700000000            4.0455713293
      -11.9600000000            4.2188236300
      -11.9500000000            4.4048395727
      -11.9400000000            4.6048740882
      -11.9300000000            4.8203418694
      -11.9200000000            5.0528425445
      -11.9100000000            5.3041906674
      -11.9000000000            5.5764516216
      -11.8900000000            5.8719848292
      -11.8800000000            6.1934960349
      -11.8700000000            6.5441009347
      -11.8600000000            6.9274030807
      -11.8500000000            7.3475898692
      -11.8400000000            7.8095515992
      -11.8300000000            8.3190301735
      -11.8200000000            8.8828061844
      -11.8100000000            9.5089360971
      -11.8000000000           10.2070553750
      -11.7900000000           10.9887691843
      -11.7800000000           11.8681605386
      -11.7700000000           12.8624575693
      -11.7600000000           13.9929188548
      -11.7500000000           15.2860212731
      -11.7400000000           16.7750732762
      -11.7300000000           18.5024353604
      -11.7200000000           20.5226214256
      -11.7100000000           22.9067011946
      -11.7000000000           25.7486624945
      -11.6900000000           29.1747904314
      -11.6800000000           33.3578027659
      -11.6700000000           38.5386839749
      -11.6600000000           45.0613507117
      -11.6500000000           53.4294101402
      -11.6400000000           64.4023588966
      -11.6300000000           79.1650757790
      -11.6200000000           99.6396444725
      -11.6100000000          129.0867697571
      -11.6000000000          173.3235422092
      -11.5900000000          243.2921338293
      -11.5800000000          360.4823309606
      -11.5700000000          566.4084609554
      -11.5600000000          918.5066862845
      -11.5500000000         1338.1979880782
      -11.5400000000         1343.6319887363
      -11.5300000000          923.9412153949
      -11.5200000000          566.9660147625
      -11.5100000000          358.3452229390
      -11.5000000000          240.1212831164
      -11.4900000000          169.8597330743
      -11.4800000000          125.6284265662
      -11.4700000000           96.2999851945
      -11.4600000000           75.9808940852
      -11.4500000000           61.3790752827
      -11.4400000000           50.5600789349
      -11.4300000000           42.3348136350
      -11.4200000000           35.9430526906
      -11.4100000000           30.8818749907
      -11.4000000000           26.8085388208
      -11.3900000000           23.4833113396
      -11.3800000000           20.7346296043
      -11.3700000000           18.4372049641
      -11.3600000000           16.4978782294
      -11.3500000000           14.8462541386
      -11.3400000000           13.4283615447
      -11.3300000000           12.2022752665
      -11.3200000000           11.1350374396
      -11.3100000000           10.2004567459
      -11.3000000000            9.3775113818
      -11.2900000000            8.6491740797
      -11.2800000000            8.0015366351
      -11.2700000000            7.4231499375
      -11.2600000000            6.9045210560
      -11.2500000000            6.4377261488
      -11.2400000000            6.0161097336
      -11.2300000000            5.6340490144
      -11.2200000000            5.2867676872
      -11.2100000000            4.9701877150
      -11.2000000000            4.6808104848
      -11.1900000000            4.4156208831
      -11.1800000000            4.1720093788
      -11.1700000000            3.9477083558
      -11.1600000000            3.7407397967
      -11.1500000000            3.5493720628
      -11.1400000000            3.3720840101
      -11.1300000000            3.2075350522
      -11.1200000000            3.0545400705
      -11.1100000000            2.9120482971
      -11.1000000000            2.7791254663
      -11.0900000000            2.6549386705
      -11.0800000000            2.5387434620
      -11.0700000000            2.4298728286
      -11.0600000000            2.3277277377
      -11.0500000000            2.2317690003
      -11.0400000000            2.1415102469
      -11.0300000000            2.0565118469
      -11.0200000000            1.9763756280
      -11.0100000000            1.9007402786
      -11.0000000000            1.8292773334
      -10.9900000000            1.7616876600
      -10.9800000000            1.6976983752
      -10.9700000000            1.6370601334
      -10.9600000000            1.5795447352
      -10.9500000000            1.5249430155
      -10.9400000000            1.4730629724
      -10.9300000000            1.4237281074
      -10.9200000000            1.3767759500
      -10.9100000000            1.3320567431
      -10.9000000000            1.2894322697
      -10.8900000000            1.2487748041
      -10.8800000000            1.2099661725
      -10.8700000000            1.1728969099
      -10.8600000000            1.1374655030
      -10.8500000000            1.1035777080
      -10.8400000000            1.0711459364
      -10.8300000000            1.0400886998
      -10.8200000000            1.0103301086
      -10.8100000000            0.9817994169
      -10.8000000000            0.9544306116
      -10.7900000000            0.9281620376
      -10.7800000000            0.9029360581
      -10.7700000000            0.8786987453
      -10.7600000000            0.8553995981
      -10.7500000000            0.8329912845
      -10.7400000000            0.8114294070
      -10.7300000000            0.7906722871
      -10.7200000000            0.7706807686
      -10.7100000000            0.7514180370
      -10.7000000000            0.7328494537
      -10.6900000000            0.7149424043
      -10.6800000000            0.6976661582
      -10.6700000000            0.6809917401
      -10.6600000000            0.6648918115
      -10.6500000000            0.6493405608
      -10.6400000000            0.6343136030
      -10.6300000000            0.6197878860
      -10.6200000000            0.6057416044
      -10.6100000000            0.5921541196
      -10.6000000000            0.5790058862
      -10.5900000000            0.5662783831
      -10.5800000000            0.5539540502
      -10.5700000000            0.5420162292
      -10.5600000000            0.5304491087
      -10.5500000000            0.5192376734
      -10.5300000000            0.4560297795
      -10.5200000000            0.4464053385
      -10.5100000000            0.4370686066
      -10.5000000000            0.4280084355
      -10.4900000000            0.4192142069
      -10.4800000000            0.4106758034
      -10.4700000000            0.4023835805
      -10.4600000000            0.3943283398
      -10.4500000000            0.3865013054
      -10.4400000000            0.3788941002
      -10.4300000000            0.3714987250
      -10.4200000000            0.3643075380
      -10.4100000000            0.3573132360
      -10.4000000000            0.3505088365
      -10.3900000000            0.3438876613
      -10.3800000000            0.3374433204
      -10.3700000000            0.3311696976
      -10.3600000000            0.3250609366
      -10.3500000000            0.3191114277
      -10.3400000000            0.3133157956
      -10.3300000000            0.3076688879
      -10.3200000000            0.3021657641
      -10.3100000000            0.2968016850
      -10.3000000000            0.2915721035
      -10.2900000000            0.2864726551
      -10.2800000000            0.2814991490
      -10.2700000000            0.2766475603
      -10.2600000000            0.2719140222
      -10.2500000000            0.2672948181
      -10.2400000000            0.2627863755
      -10.2300000000            0.2583852587
      -10.2200000000            0.2540881629
      -10.2100000000            0.2498919084
      -10.2000000000            0.2457934347
      -10.1900000000            0.2417897954
      -10.1800000000            0.2378781530
      -10.1700000000            0.2340557745
      -10.1600000000            0.2303200264
      -10.1500000000            0.2266683706
      -10.1400000000            0.2230983602
      -10.1300000000            0.2196076360
      -10.1200000000            0.2161939221
      -10.1100000000            0.2128550232
      -10.1000000000            0.2095888206
      -10.0900000000            0.2063932693
      -10.0800000000            0.2032663948
      -10.0700000000            0.2002062906
      -10.0600000000            0.1972111149
      -10.0500000000            0.1942790884
      -10.0400000000            0.1914084916
      -10.0300000000            0.1885976626
      -10.0200000000            0.1858449944
      -10.0100000000            0.1831489333
      -10.0000000000            0.1805079764
       -9.9900000000            0.1779206698
       -9.9800000000            0.1753856068
       -9.9700000000            0.1729014257
       -9.9600000000            0.1704668085
       -9.9500000000            0.1680804791
       -9.9400000000            0.1657412018
       -9.9300000000            0.1634477795
       -9.9200000000            0.1611990526
       -9.9100000000            0.1589938975
       -9.9000000000            0.1568312251
       -9.8900000000            0.1547099799
       -9.8800000000            0.1526291385
       -9.8700000000            0.1505877083
       -9.8600000000            0.1485847270
       -9.8500000000            0.1466192609
       -9.8400000000            0.1446904040
       -9.8300000000            0.1427972774
       -9.8200000000            0.1409390279
       -9.8100000000            0.1391148274
       -9.8000000000            0.1373238717
       -9.7900000000            0.1355653802
       -9.7800000000            0.1338385946
       -9.7700000000            0.1321427784
       -9.7600000000            0.1304772158
       -9.7500000000            0.1288412117
       -9.7400000000            0.1272340904
       -9.7300000000            0.1256551950
       -9.7200000000            0.1241038871
       -9.7100000000            0.1225795459
       -9.7000000000            0.1210815679
       -9.6900000000            0.1196093659
       -9.6800000000            0.1181623689
       -9.6700000000            0.1167400214
       -9.6600000000            0.1153417828
       -9.6500000000            0.1139671271
       -9.6400000000            0.1126155423
       -9.6300000000            0.1112865303
       -9.6200000000            0.1099796057
       -9.6100000000            0.1086942964
       -9.6000000000            0.1074301421
       -9.5900000000            0.1061866951
       -9.5800000000            0.1049635189
       -9.5700000000            0.1037601885
       -9.5600000000            0.1025762896
       -9.5500000000            0.1014114186
       -9.5400000000            0.1002651822
       -9.5300000000            0.0991371971
       -9.5200000000            0.0980270896
       -9.5100000000            0.0969344953
       -9.5000000000            0.0958590589
       -9.4900000000            0.0948004340
       -9.4800000000            0.0937582828
       -9.4700000000            0.0927322758
       -9.4600000000            0.0917220913
       -9.4500000000            0.0907274159
       -9.4400000000            0.0897479435
       -9.4300000000            0.0887833754
       -9.4200000000            0.0878334201
       -9.4100000000            0.0868977933
       -9.4000000000            0.0859762171
       -9.3900000000            0.0850684204
       -9.3800000000            0.0841741386
       -9.3700000000            0.0832931130
       -9.3600000000            0.0824250914
       -9.3500000000            0.0815698270
       -9.3400000000            0.0807270790
       -9.3300000000            0.0798966121
       -9.3200000000            0.0790781965
       -9.3100000000            0.0782716075
       -9.3000000000            0.0774766256
       -9.2900000000            0.0766930363
       -9.2800000000            0.0759206299
       -9.2700000000            0.0751592014
       -9.2600000000            0.0744085505
       -9.2500000000            0.0736684811
       -9.2400000000            0.0729388019
       -9.2300000000            0.0722193255
       -9.2200000000            0.0715098686
       -9.2100000000            0.0708102521
       -9.2000000000            0.0701203007
       -9.1900000000            0.0694398431
       -9.1800000000            0.0687687113
       -9.1700000000            0.0681067413
       -9.1600000000            0.0674537726
       -9.1500000000            0.0668096479
       -9.1400000000            0.0661742134
       -9.1300000000            0.0655473187
       -9.1200000000            0.0649288162
       -9.1100000000            0.0643185617
       -9.1000000000            0.0637164141
       -9.0900000000            0.0631222349
       -9.0800000000            0.0625358888
       -9.0700000000            0.0619572432
       -9.0600000000            0.0613861681
       -9.0500000000            0.0608225364
       -9.0400000000            0.0602662235
       -9.0300000000            0.0597171072
       -9.0200000000            0.0591750680
       -9.0100000000            0.0586399888
       -9.0000000000            0.0581117546
       -8.9900000000            0.0575902531
       -8.9800000000            0.0570753739
       -8.9700000000            0.0565670090
       -8.9600000000            0.0560650525
       -8.9500000000            0.0555694005
       -8.9400000000            0.0550799512
       -8.9300000000            0.0545966050
       -8.9200000000            0.0541192639
       -8.9100000000            0.0536478320
       -8.9000000000            0.0531822153
       -8.8900000000            0.0527223214
       -8.8800000000            0.0522680600
       -8.8700000000            0.0518193422
       -8.8600000000            0.0513760811
       -8.8500000000            0.0509381911
       -8.8400000000            0.0505055886
       -8.8300000000            0.0500781914
       -8.8200000000            0.0496559188
       -8.8100000000            0.0492386917
       -8.8000000000            0.0488264324
       -8.7900000000            0.0484190648
       -8.7800000000            0.0480165139
       -8.7700000000            0.0476187065
       -8.7600000000            0.0472255703
       -8.7500000000            0.0468370348
       -8.7400000000            0.0464530305
       -8.7200000000            0.0000000000
       -8.7100000000            0.0000000000
       -8.7000000000            0.0000000000
       -8.6900000000            0.0000000000
       -8.6800000000            0.0000000000
       -8.6700000000            0.0000000000
       -8.6600000000            0.0000000000
       -8.6500000000            0.0000000000
       -8.6400000000            0.0000000000
       -8.6300000000            0.0000000000
       -8.6200000000            0.0000000000
       -8.6100000000            0.0000000000
       -8.6000000000            0.0000000000
       -8.5900000000            0.0000000000
       -8.5800000000            0.0000000000
       -8.5700000000            0.0000000000
       -8.5600000000            0.0000000000
       -8.5500000000            0.0000000000
       -8.5400000000            0.0000000000
       -8.5300000000            0.0000000000
       -8.5200000000            0.0000000000
       -8.5100000000            0.0000000000
       -8.5000000000            0.0000000000
       -8.4900000000            0.0000000000
       -8.4800000000            0.0000000000
       -8.4700000000            0.0000000000
       -8.4600000000            0.0000000000
       -8.4500000000            0.0000000000
       -8.4400000000            0.0000000000
       -8.4300000000            0.0000000000
       -8.4200000000            0.0000000000
       -8.4100000000            0.0000000000
       -8.4000000000            0.0000000000
       -8.3900000000            0.0000000000
       -8.3800000000            0.0000000000
       -8.3700000000            0.0000000000
       -8.3600000000            0.0000000000
       -8.3500000000            0.0000000000
       -8.3400000000            0.0000000000
       -8.3300000000            0.0000000000
       -8.3200000000            0.0000000000
       -8.3100000000            0.0000000000
       -8.3000000000            0.0000000000
       -8.2900000000            0.0000000000
       -8.2800000000            0.0000000000
       -8.2700000000            0.0000000000
       -8.2600000000            0.0000000000
       -8.2500000000            0.0000000000
       -8.2400000000            0.0000000000
       -8.2300000000            0.0000000000
       -8.2200000000            0.0000000000
       -8.2100000000            0.0000000000
       -8.2000000000            0.0000000000
       -8.1900000000            0.0000000000
       -8.1800000000            0.0000000000
       -8.1700000000            0.0000000000
       -8.1600000000            0.0000000000
       -8.1500000000            0.0000000000
       -8.1400000000            0.0000000000
       -8.1300000000            0.0000000000
       -8.1200000000            0.0000000000
       -8.1100000000            0.0000000000
       -8.1000000000            0.0000000000
       -8.0900000000            0.0000000000
       -8.0800000000            0.0000000000
       -8.0700000000            0.0000000000
       -8.0600000000            0.0000000000
       -8.0500000000            0.0000000000
       -8.0400000000            0.0000000000
       -8.0300000000            0.0000000000
       -8.0200000000            0.0000000000
       -8.0100000000            0.0000000000
       -8.0000000000            0.0000000000
       -7.9900000000            0.0000000000
       -7.9800000000            0.0000000000
       -7.9700000000            0.0000000000
       -7.9600000000            0.0000000000
       -7.9500000000            0.0000000000
       -7.9400000000            0.0000000000
       -7.9300000000            0.0000000000
       -7.9200000000            0.0000000000
       -7.9100000000            0.0000000000
       -7.9000000000            0.0000000000
       -7.8900000000            0.0000000000
       -7.8800000000            0.0000000000
       -7.8700000000            0.0000000000
       -7.8600000000            0.0000000000
       -7.8500000000            0.0000000000
       -7.8400000000            0.0000000000
       -7.8300000000            0.0000000000
       -7.8200000000            0.0000000000
       -7.8100000000            0.0000000000
       -7.8000000000            0.0000000000
       -7.7900000000            0.0000000000
       -7.7800000000            0.0000000000
       -7.7700000000            0.0000000000
       -7.7600000000            0.0000000000
       -7.7500000000            0.0000000000
       -7.7400000000            0.0000000000
       -7.7300000000            0.0000000000
       -7.7200000000            0.0000000000
       -7.7100000000            0.0000000000
       -7.7000000000            0.0000000000
       -7.6900000000            0.0000000000
       -7.6800000000            0.0000000000
       -7.6700000000            0.0000000000
       -7.6600000000            0.0000000000
       -7.6500000000            0.0000000000
       -7.6400000000            0.0000000000
       -7.6300000000            0.0000000000
       -7.6200000000            0.0000000000
       -7.6100000000            0.0000000000
       -7.6000000000            0.0000000000
       -7.5900000000            0.0000000000
       -7.5800000000            0.0000000000
       -7.5700000000            0.0000000000
       -7.5600000000            0.0000000000
       -7.5500000000            0.0000000000
       -7.5400000000            0.0000000000
       -7.5300000000            0.0000000000
       -7.5200000000            0.0000000000
       -7.5100000000            0.0000000000
       -7.5000000000            0.0000000000
       -7.4900000000            0.0000000000
       -7.4800000000            0.0000000000
       -7.4700000000            0.0000000000
       -7.4600000000            0.0000000000
       -7.4500000000            0.0000000000
       -7.4400000000            0.0000000000
       -7.4300000000            0.0000000000
       -7.4200000000            0.0000000000
       -7.4100000000            0.0000000000
       -7.4000000000            0.0000000000
       -7.3900000000            0.0000000000
       -7.3800000000            0.0000000000
       -7.3700000000            0.0000000000
       -7.3600000000            0.0000000000
       -7.3500000000            0.0000000000
       -7.3400000000            0.0000000000
       -7.3300000000            0.0000000000
       -7.3200000000            0.0000000000
       -7.3100000000            0.0000000000
       -7.3000000000            0.0000000000
       -7.2900000000            0.0000000000
       -7.2800000000            0.0000000000
       -7.2700000000            0.0000000000
       -7.2600000000            0.0000000000
       -7.2500000000            0.0000000000
       -7.2400000000            0.0000000000
       -7.2300000000            0.0000000000
       -7.2200000000            0.0000000000
       -7.2100000000            0.0000000000
       -7.2000000000            0.0000000000
       -7.1900000000            0.0000000000
       -7.1800000000            0.0000000000
       -7.1700000000            0.0000000000
       -7.1600000000            0.0000000000
       -7.1500000000            0.0000000000
       -7.1400000000            0.0000000000
       -7.1300000000            0.0000000000
       -7.1200000000            0.0000000000
       -7.1100000000            0.0000000000
       -7.1000000000            0.0000000000
       -7.0900000000            0.0000000000
       -7.0800000000            0.0000000000
       -7.0700000000            0.0000000000
       -7.0600000000            0.0000000000
       -7.0500000000            0.0000000000
       -7.0400000000            0.0000000000
       -7.0300000000            0.0000000000
       -7.0200000000            0.0000000000
       -7.0100000000            0.0000000000
       -7.0000000000            0.0000000000
       -6.9900000000            0.0000000000
       -6.9800000000            0.0000000000
       -6.9700000000            0.0000000000
       -6.9600000000            0.0000000000
       -6.9500000000            0.0000000000
       -6.9400000000            0.0000000000
       -6.9300000000            0.0000000000
       -6.9200000000            0.0000000000
       -6.9100000000            0.0000000000
       -6.9000000000            0.0000000000
       -6.8900000000            0.0000000000
       -6.8800000000            0.0000000000
       -6.8700000000            0.0000000000
       -6.8600000000            0.0000000000
       -6.8500000000            0.0000000000
       -6.8400000000            0.0000000000
       -6.8300000000            0.0000000000
       -6.8200000000            0.0000000000
       -6.8100000000            0.0000000000
       -6.8000000000            0.0000000000
       -6.7900000000            0.0000000000
       -6.7800000000            0.0000000000
       -6.7700000000            0.0000000000
       -6.7600000000            0.0000000000
       -6.7500000000            0.0000000000
       -6.7400000000            0.0000000000
       -6.7300000000            0.0000000000
       -6.7200000000            0.0000000000
       -6.7100000000            0.0000000000
       -6.7000000000            0.0000000000
       -6.6900000000            0.0000000000
       -6.6800000000            0.0000000000
       -6.6700000000            0.0000000000
       -6.6600000000            0.0000000000
       -6.6500000000            0.0000000000
       -6.6400000000            0.0000000000
       -6.6300000000            0.0000000000
       -6.6200000000            0.0000000000
       -6.6100000000            0.0000000000
       -6.6000000000            0.0000000000
       -6.5900000000            0.0000000000
       -6.5800000000            0.0000000000
       -6.5700000000            0.0000000000
       -6.5600000000            0.0000000000
       -6.5500000000            0.0000000000
       -6.5400000000            0.0000000000
       -6.5300000000            0.0000000000
       -6.5200000000            0.0000000000
       -6.5100000000            0.0000000000
       -6.5000000000            0.0000000000
       -6.4900000000            0.0000000000
       -6.4800000000            0.0000000000
       -6.4700000000            0.0000000000
       -6.4600000000            0.0000000000
       -6.4500000000            0.0000000000
       -6.4400000000            0.0000000000
       -6.4300000000            0.0000000000
       -6.4200000000            0.0000000000
       -6.4100000000            0.0000000000
       -6.4000000000            0.0000000000
       -6.3900000000            0.0000000000
       -6.3800000000            0.0000000000
       -6.3700000000            0.0000000000
       -6.3500000000            0.0236530409
       -6.3400000000            0.0238347091
       -6.3300000000            0.0240185719
       -6.3200000000            0.0242046654
       -6.3100000000            0.0243930261
       -6.3000000000            0.0245836916
       -6.2900000000            0.0247767000
       -6.2800000000            0.0249720902
       -6.2700000000            0.0251699019
       -6.2600000000            0.0253701756
       -6.2500000000            0.0255729527
       -6.2400000000            0.0257782753
       -6.2300000000            0.0259861865
       -6.2200000000            0.0261967301
       -6.2100000000            0.0264099510
       -6.2000000000            0.0266258950
       -6.1900000000            0.0268446087
       -6.1800000000            0.0270661399
       -6.1700000000            0.0272905372
       -6.1600000000            0.0275178503
       -6.1500000000            0.0277481301
       -6.1400000000            0.0279814283
       -6.1300000000            0.0282177980
       -6.1200000000            0.0284572931
       -6.1100000000            0.0286999691
       -6.1000000000            0.0289458822
       -6.0900000000            0.0291950902
       -6.0800000000            0.0294476521
       -6.0700000000            0.0297036281
       -6.0600000000            0.0299630798
       -6.0500000000            0.0302260700
       -6.0400000000            0.0304926632
       -6.0300000000            0.0307629250
       -6.0200000000            0.0310369228
       -6.0100000000            0.0313147253
       -6.0000000000            0.0315964027
       -5.9900000000            0.0318820271
       -5.9800000000            0.0321716720
       -5.9700000000            0.0324654126
       -5.9600000000            0.0327633259
       -5.9500000000            0.0330654907
       -5.9400000000            0.0333719877
       -5.9300000000            0.0336828991
       -5.9200000000            0.0339983096
       -5.9100000000            0.0343183056
       -5.9000000000            0.0346429754
       -5.8900000000            0.0349724097
       -5.8800000000            0.0353067012
       -5.8700000000            0.0356459449
       -5.8600000000            0.0359902381
       -5.8500000000            0.0363396804
       -5.8400000000            0.0366943738
       -5.8300000000            0.0370544230
       -5.8200000000            0.0374199351
       -5.8100000000            0.0377910198
       -5.8000000000            0.0381677898
       -5.7900000000            0.0385503603
       -5.7800000000            0.0389388496
       -5.7700000000            0.0393333790
       -5.7600000000            0.0397340726
       -5.7500000000            0.0401410581
       -5.7400000000            0.0405544661
       -5.7300000000            0.0409744307
       -5.7200000000            0.0414010895
       -5.7100000000            0.0418345838
       -5.7000000000            0.0422750582
       -5.6900000000            0.0427226616
       -5.6800000000            0.0431775464
       -5.6700000000            0.0436398694
       -5.6600000000            0.0441097913
       -5.6500000000            0.0445874773
       -5.6400000000            0.0450730970
       -5.6300000000            0.0455668245
       -5.6200000000            0.0460688389
       -5.6100000000            0.0465793239
       -5.6000000000            0.0470984685
       -5.5900000000            0.0476264668
       -5.5800000000            0.0481635185
       -5.5700000000            0.0487098286
       -5.5600000000            0.0492656080
       -5.5500000000            0.0498310738
       -5.5400000000            0.0504064490
       -5.5300000000            0.0509919630
       -5.5200000000            0.0515878519
       -5.5100000000            0.0521943587
       -5.5000000000            0.0528117333
       -5.4900000000            0.0534402331
       -5.4800000000            0.0540801230
       -5.4700000000            0.0547316757
       -5.4600000000            0.0553951721
       -5.4500000000            0.0560709014
       -5.4400000000            0.0567591618
       -5.4300000000            0.0574602603
       -5.4200000000            0.0581745133
       -5.4100000000            0.0589022470
       -5.4000000000            0.0596437975
       -5.3900000000            0.0603995116
       -5.3800000000            0.0611697467
       -5.3700000000            0.0619548717
       -5.3600000000            0.0627552668
       -5.3500000000            0.0635713247
       -5.3400000000            0.0644034504
       -5.3300000000            0.0652520622
       -5.3200000000            0.0661175917
       -5.3100000000            0.0670004848
       -5.3000000000            0.0679012019
       -5.2900000000            0.0688202188
       -5.2800000000            0.0697580270
       -5.2700000000            0.0707151346
       -5.2600000000            0.0716920667
       -5.2500000000            0.0726893662
       -5.2400000000            0.0737075949
       -5.2300000000            0.0747473334
       -5.2200000000            0.0758091828
       -5.2100000000            0.0768937650
       -5.2000000000            0.0780017240
       -5.1900000000            0.0791337261
       -5.1800000000            0.0802904617
       -5.1700000000            0.0814726459
       -5.1600000000            0.0826810195
       -5.1500000000            0.0839163504
       -5.1400000000            0.0851794345
       -5.1300000000            0.0864710970
       -5.1200000000            0.0877921941
       -5.1100000000            0.0891436136
       -5.1000000000            0.0905262771
       -5.0900000000            0.0919411412
       -5.0800000000            0.0933891989
       -5.0700000000            0.0948714818
       -5.0600000000            0.0963890613
       -5.0500000000            0.0979430509
       -5.0400000000            0.0995346080
       -5.0300000000            0.1011649362
       -5.0200000000            0.1028352871
       -5.0100000000            0.1045469630
       -5.0000000000            0.1063013192
       -4.9900000000            0.1080997666
       -4.9800000000            0.1099437747
       -4.9700000000            0.1118348741
       -4.9600000000            0.1137746599
       -4.9500000000            0.1157647948
       -4.9400000000            0.1178070127
       -4.9300000000            0.1199031223
       -4.9200000000            0.1220550110
       -4.9100000000            0.1242646490
       -4.9000000000            0.1265340939
       -4.8900000000            0.1288654950
       -4.8800000000            0.1312610985
       -4.8700000000            0.1337232527
       -4.8600000000            0.1362544138
       -4.8500000000            0.1388571515
       -4.8400000000            0.1415341557
       -4.8300000000            0.1442882430
       -4.8200000000            0.1471223643
       -4.8100000000            0.1500396121
       -4.8000000000            0.1530432289
       -4.7900000000            0.1561366162
       -4.7800000000            0.1593233436
       -4.7700000000            0.1626071591
       -4.7600000000            0.1659919996
       -4.7500000000            0.1694820027
       -4.7400000000            0.1730815191
       -4.7300000000            0.1767951256
       -4.7200000000            0.1806276394
       -4.7100000000            0.1845841337
       -4.7000000000            0.1886699538
       -4.6900000000            0.1928907349
       -4.6800000000            0.1972524212
       -4.6700000000            0.2017612864
       -4.6600000000            0.2064239558
       -4.6500000000            0.2112474300
       -4.6400000000            0.2162391111
       -4.6300000000            0.2214068303
       -4.6200000000            0.2267588780
       -4.6100000000            0.2323040367
       -4.6000000000            0.2380516162
       -4.5900000000            0.2440114922
       -4.5800000000            0.2501941479
       -4.5700000000            0.2566107193
       -4.5600000000            0.2632730447
       -4.5500000000            0.2701937183
       -4.5400000000            0.2773861491
       -4.5300000000            0.2848646246
       -4.5200000000            0.2926443807
       -4.5100000000            0.3007416784
       -4.5000000000            0.3091738877
       -4.4900000000            0.3179595791
       -4.4800000000            0.3271186249
       -4.4700000000            0.3366723101
       -4.4600000000            0.3466434542
       -4.4500000000            0.3570565463
       -4.4400000000            0.3679378933
       -4.4300000000            0.3793157846
       -4.4200000000            0.3912206736
       -4.4100000000            0.4036853796
       -4.4000000000            0.4167453113
       -4.3900000000            0.4304387163
       -4.3800000000            0.4448069580
       -4.3700000000            0.4598948256
       -4.3600000000            0.4757508795
       -4.3500000000            0.4924278390
       -4.3400000000            0.5099830173
       -4.3300000000            0.5284788092
       -4.3200000000            0.5479832424
       -4.3100000000            0.5685705977
       -4.3000000000            0.5903221118
       -4.2900000000            0.6133267737
       -4.2800000000            0.6376822287
       -4.2700000000            0.6634958089
       -4.2600000000            0.6908857090
       -4.2500000000            0.7199823324
       -4.2400000000            0.7509298351
       -4.2300000000            0.7838879035
       -4.2200000000            0.8190338049
       -4.2100000000            0.8565647617
       -4.2000000000            0.8967007073
       -4.1900000000            0.9396874971
       -4.1800000000            0.9858006607
       -4.1700000000            1.0353498041
       -4.1600000000            1.0886837919
       -4.1500000000            1.1461968724
       -4.1400000000            1.2083359464
       -4.1300000000            1.2756092313
       -4.1200000000            1.3485966330
       -4.1100000000            1.4279622230
       -4.1000000000            1.5144693221
       -4.0900000000            1.6089988322
       -4.0800000000            1.7125716396
       -4.0700000000            1.8263761566
       -4.0600000000            1.9518023919
       -4.0500000000            2.0904843789
       -4.0400000000            2.2443533869
       -4.0300000000            2.4157051615
       -4.0200000000            2.6072855806
       -4.0100000000            2.8224007162
       -4.0000000000            3.0650595754
       -3.9900000000            3.3401610808
       -3.9800000000            3.6537416583
       -3.9700000000            4.0133069314
       -3.9600000000            4.4282817728
       -3.9500000000            4.9106294584
       -3.9400000000            5.4757164836
       -3.9300000000            6.1435408179
       -3.9200000000            6.9405087689
       -3.9100000000            7.9020586210
       -3.9000000000            9.0766241065
       -3.8900000000           10.5317776641
       -3.8800000000           12.3640330965
       -3.8700000000           14.7150147473
       -3.8600000000           17.7991654768
       -3.8500000000           21.9533814509
       -3.8400000000           27.7306842556
       -3.8300000000           36.0883137755
       -3.8200000000           48.7947212803
       -3.8100000000           69.3941102657
       -3.8000000000          105.7604621464
       -3.7900000000          177.7960603061
       -3.7800000000          343.3081903520
       -3.7700000000          760.5175416229
       -3.7600000000         1213.6528002318
       -3.7500000000          698.2197026036
       -3.7400000000          319.4449125334
       -3.7300000000          169.2708664929
       -3.7200000000          102.5526950239
       -3.7100000000           68.2810161976
       -3.7000000000           48.6084647833
       -3.6900000000           36.3483456992
       -3.6800000000           28.2184608076
       -3.6700000000           22.5618368029
       -3.6600000000           18.4729825654
       -3.6500000000           15.4246008623
       -3.6400000000           13.0932863762
       -3.6300000000           11.2719678879
       -3.6200000000            9.8231700372
       -3.6100000000            8.6527551452
       -3.6000000000            7.6945137588
       -3.5900000000            6.9007756713
       -3.5800000000            6.2364993205
       -3.5700000000            5.6754428959
       -3.5600000000            5.1976206611
       -3.5500000000            4.7875750824
       -3.5400000000            4.4331799246
       -3.5300000000            4.1247968853
       -3.5200000000            3.8546725828
       -3.5100000000            3.6165020716
       -3.5000000000            3.4051096827
       -3.4900000000            3.2162136771
       -3.4800000000            3.0462513626
       -3.4700000000            2.8922480229
       -3.4600000000            2.7517175259
       -3.4500000000            2.6225856152
       -3.4400000000            2.5031291766
       -3.4300000000            2.3919265197
       -3.4200000000            2.2878151179
       -3.4100000000            2.1898543993
       -3.4000000000            2.0972921121
       -3.3900000000            2.0095335134
       -3.3800000000            1.9261131361
       -3.3700000000            1.8466692012
       -3.3600000000            1.7709208718
       -3.3500000000            1.6986485388
       -3.3400000000            1.6296772368
       -3.3300000000            1.5638631507
       -3.3200000000            1.5010830360
       -3.3100000000            1.4412262655
       -3.3000000000            1.3841891394
       -3.2900000000            1.3298710618
       -3.2800000000            1.2781721945
       -3.2700000000            1.2289922227
       -3.2600000000            1.1822299197
       -3.2500000000            1.1377832486
       -3.2400000000            1.0955497952
       -3.2300000000            1.0554273769
       -3.2200000000            1.0173147164
       -3.2100000000            0.9811121039
       -3.2000000000            0.9467220016
       -3.1900000000            0.9140495619
       -3.1800000000            0.8830030511
       -3.1700000000            0.8534941735
       -3.1600000000            0.8254383045
       -3.1500000000            0.7987546400
       -3.1400000000            0.7733662730
       -3.1300000000            0.7492002096
       -3.1200000000            0.7261873351
       -3.1100000000            0.7042623397
       -3.1000000000            0.6833636140
       -3.0900000000            0.6634331215
       -3.0800000000            0.6444162547
       -3.0700000000            0.6262616804
       -3.0600000000            0.6089211796
       -3.0500000000            0.5923494839
       -3.0400000000            0.5765041130
       -3.0300000000            0.5613452137
       -3.0200000000            0.5468354045
       -3.0100000000            0.5329396238
       -3.0000000000            0.5196249859
       -2.9900000000            0.5068606422
       -2.9800000000            0.4946176510
       -2.9700000000            0.4828688526
       -2.9600000000            0.4715887534
       -2.9500000000            0.4607534155
       -2.9400000000            0.4503403541
       -2.9300000000            0.4403284412
       -2.9200000000            0.4306978151
       -2.9100000000            0.4214297967
       -2.9000000000            0.4125068112
       -2.8900000000            0.4039123148
       -2.8800000000            0.3956307265
       -2.8700000000            0.3876473655
       -2.8600000000            0.3799483916
       -2.8500000000            0.3725207507
       -2.8400000000            0.3653521241
       -2.8300000000            0.3584308807
       -2.8200000000            0.3517460331
       -2.8100000000            0.3452871970
       -2.8000000000            0.3390445524
       -2.7900000000            0.3330088086
       -2.7800000000            0.3271711714
       -2.7700000000            0.3215233117
       -2.7600000000            0.3160573377
       -2.7500000000            0.3107657676
       -2.7400000000            0.3056415053
       -2.7300000000            0.3006778168
       -2.7200000000            0.2958683091
       -2.7100000000            0.2912069097
       -2.7000000000            0.2866878480
       -2.6900000000            0.2823056379
       -2.6800000000            0.2780550610
       -2.6700000000            0.2739311517
       -2.6600000000            0.2699291827
       -2.6500000000            0.2660446517
       -2.6400000000            0.2622732687
       -2.6300000000            0.2586109447
       -2.6200000000            0.2550537800
       -2.6100000000            0.2515980546
       -2.6000000000            0.2482402181
       -2.5900000000            0.2449768810
       -2.5800000000            0.2418048056
       -2.5700000000            0.2387208988
       -2.5600000000            0.2357222041
       -2.5500000000            0.2328058945
       -2.5400000000            0.2299692663
       -2.5300000000            0.2272097323
       -2.5200000000            0.2245248166
       -2.5100000000            0.2219121483
       -2.5000000000            0.2193694569
       -2.4900000000            0.2168945674
       -2.4800000000            0.2144853952
       -2.4700000000            0.2121399420
       -2.4600000000            0.2098562919
       -2.4500000000            0.2076326072
       -2.4400000000            0.2054671249
       -2.4300000000            0.2033581530
       -2.4200000000            0.2013040677
       -2.4100000000            0.1993033098
       -2.4000000000            0.1973543821
       -2.3900000000            0.1954558463
       -2.3800000000            0.1936063209
       -2.3700000000            0.1918044781
       -2.3600000000            0.1900490419
       -2.3500000000            0.1883387858
       -2.3400000000            0.1866725305
       -2.3300000000            0.1850491419
       -2.3200000000            0.1834675294
       -2.3100000000            0.1819266441
       -2.3000000000            0.1804254769
       -2.2900000000            0.1789630569
       -2.2800000000            0.1775384501
       -2.2700000000            0.1761507576
       -2.2600000000            0.1747991144
       -2.2500000000            0.1734826881
       -2.2400000000            0.1722006775
       -2.2300000000            0.1709523117
       -2.2200000000            0.1697368486
       -2.2100000000            0.1685535740
       -2.2000000000            0.1674018007
       -2.1900000000            0.1662808671
       -2.1800000000            0.1651901369
       -2.1700000000            0.1641289976
       -2.1600000000            0.1630968602
       -2.1500000000            0.1620931579
       -2.1400000000            0.1611173457
       -2.1300000000            0.1601688996
       -2.1200000000            0.1592473158
       -2.1100000000            0.1583521102
       -2.1000000000            0.1574828175
       -2.0900000000            0.1566389911
       -2.0800000000            0.1558202020
       -2.0700000000            0.1550260387
       -2.0600000000            0.1542561063
       -2.0500000000            0.1535100265
       -2.0400000000            0.1527874367
       -2.0300000000            0.1520879896
       -2.0200000000            0.1514113533
       -2.0100000000            0.1507572103
       -2.0000000000            0.1501252574
       -1.9900000000            0.1495152053
       -1.9800000000            0.1489267783
       -1.9700000000            0.1483597141
       -1.9600000000            0.1478137634
       -1.9500000000            0.1472886895
       -1.9400000000            0.1467842682
       -1.9300000000            0.1463002876
       -1.9200000000            0.1458365478
       -1.9100000000            0.1453928605
       -1.9000000000            0.1449690493
       -1.8900000000            0.1445649491
       -1.8800000000            0.1441804060
       -1.8700000000            0.1438152773
       -1.8600000000            0.1434694311
       -1.8500000000            0.1431427465
       -1.8400000000            0.1428351134
       -1.8300000000            0.1425464322
       -1.8200000000            0.1422766139
       -1.8100000000            0.1420255799
       -1.8000000000            0.1417932622
       -1.7900000000            0.1415796030
       -1.7800000000            0.1413845550
       -1.7700000000            0.1412080811
       -1.7600000000            0.1410501545
       -1.7500000000            0.1409107588
       -1.7400000000            0.1407898880
       -1.7300000000            0.1406875462
       -1.7200000000            0.1406037482
       -1.7100000000            0.1405385191
       -1.7000000000            0.1404918945
       -1.6900000000            0.1404639205
       -1.6800000000            0.1404546543
       -1.6700000000            0.1404641635
       -1.6600000000            0.1404925267
       -1.6500000000            0.1405398338
       -1.6400000000            0.1406061855
       -1.6300000000            0.1406916942
       -1.6200000000            0.1407964838
       -1.6100000000            0.1409206897
       -1.6000000000            0.1410644597
       -1.5900000000            0.1412279533
       -1.5800000000            0.1414113427
       -1.5700000000            0.1416148128
       -1.5600000000            0.1418385613
       -1.5500000000            0.1420827994
       -1.5400000000            0.1423477516
       -1.5300000000            0.1426336566
       -1.5200000000            0.1429407673
       -1.5100000000            0.1432693511
       -1.5000000000            0.1436196908
       -1.4900000000            0.1439920844
       -1.4800000000            0.1443868460
       -1.4700000000            0.1448043062
       -1.4600000000            0.1452448125
       -1.4500000000            0.1457087298
       -1.4400000000            0.1461964412
       -1.4300000000            0.1467083485
       -1.4200000000            0.1472448725
       -1.4100000000            0.1478064544
       -1.4000000000            0.1483935558
       -1.3900000000            0.1490066598
       -1.3800000000            0.1496462715
       -1.3700000000            0.1503129194
       -1.3600000000            0.1510071556
       -1.3500000000            0.1517295573
       -1.3400000000            0.1524807271
       -1.3300000000            0.1532612949
       -1.3200000000            0.1540719182
       -1.3100000000            0.1549132835
       -1.3000000000            0.1557861078
       -1.2900000000            0.1566911394
       -1.2800000000            0.1576291595
       -1.2700000000            0.1586009837
       -1.2600000000            0.1596074632
       -1.2500000000            0.1606494867
       -1.2400000000            0.1617279816
       -1.2300000000            0.1628439164
       -1.2200000000            0.1639983019
       -1.2100000000            0.1651921938
       -1.2000000000            0.1664266942
       -1.1900000000            0.1677029541
       -1.1800000000            0.1690221756
       -1.1700000000            0.1703856146
       -1.1600000000            0.1717945830
       -1.1500000000            0.1732504517
       -1.1400000000            0.1747546535
       -1.1300000000            0.1763086861
       -1.1200000000            0.1779141155
       -1.1100000000            0.1795725793
       -1.1000000000            0.1812857905
       -1.0900000000            0.1830555413
       -1.0800000000            0.1848837072
       -1.0700000000            0.1867722516
       -1.0600000000            0.1887232303
       -1.0500000000            0.1907387964
       -1.0400000000            0.1928212057
       -1.0300000000            0.1949728223
       -1.0200000000            0.1971961243
       -1.0100000000            0.1994937104
       -1.0000000000            0.2018683067
       -0.9900000000            0.2043227734
       -0.9800000000            0.2068601132
       -0.9700000000            0.2094834786
       -0.9600000000            0.2121961813
       -0.9500000000            0.2150017009
       -0.9400000000            0.2179036953
       -0.9300000000            0.2209060109
       -0.9200000000            0.2240126938
       -0.9100000000            0.2272280021
       -0.9000000000            0.2305564188
       -0.8900000000            0.2340026650
       -0.8800000000            0.2375717153
       -0.8700000000            0.2412688130
       -0.8600000000            0.2450994871
       -0.8500000000            0.2490695702
       -0.8400000000            0.2531852181
       -0.8300000000            0.2574529299
       -0.8200000000            0.2618795705
       -0.8100000000            0.2664723944
       -0.8000000000            0.2712390704
       -0.7900000000            0.2761877096
       -0.7800000000            0.2813268942
       -0.7700000000            0.2866657086
       -0.7600000000            0.2922137734
       -0.7500000000            0.2979812808
       -0.7400000000            0.3039790337
       -0.7300000000            0.3102184865
       -0.7200000000            0.3167117895
       -0.7100000000            0.3234718366
       -0.7000000000            0.3305123157
       -0.6900000000            0.3378477633
       -0.6800000000            0.3454936225
       -0.6700000000            0.3534663049
       -0.6600000000            0.3617832574
       -0.6500000000            0.3704630322
       -0.6400000000            0.3795253626
       -0.6300000000            0.3889912425
       -0.6200000000            0.3988830111
       -0.6100000000            0.4092244426
       -0.6000000000            0.4200408403
       -0.5900000000            0.4313591360
       -0.5800000000            0.4432079930
       -0.5700000000            0.4556179135
       -0.5600000000            0.4686213499
       -0.5500000000            0.4822528176
       -0.5400000000            0.4965490098
       -0.5300000000            0.5115489114
       -0.5200000000            0.5272939105
       -0.5100000000            0.5438279045
       -0.5000000000            0.5611973975
       -0.4900000000            0.5794515833
       -0.4800000000            0.5986424103
       -0.4700000000            0.6188246191
       -0.4600000000            0.6400557457
       -0.4500000000            0.6623960784
       -0.4400000000            0.6859085564
       -0.4300000000            0.7106585933
       -0.4200000000            0.7367138077
       -0.4100000000            0.7641436384
       -0.4000000000            0.7930188174
       -0.3900000000            0.8234106720
       -0.3800000000            0.8553902208
       -0.3700000000            0.8890270256
       -0.3600000000            0.9243877574
       -0.3500000000            0.9615344330
       -0.3400000000            1.0005222764
       -0.3300000000            1.0413971639
       -0.3200000000            1.0841926153
       -0.3100000000            1.1289263078
       -0.3000000000            1.1755961074
       -0.2900000000            1.2241756384
       -0.2800000000            1.2746094527
       -0.2700000000            1.3268079065
       -0.2600000000            1.3806419130
       -0.2500000000            1.4359378056
       -0.2400000000            1.4924726193
       -0.2300000000            1.5499701628
       -0.2200000000            1.6080983092
       -0.2100000000            1.6664679568
       -0.2000000000            1.7246341000
       -0.1900000000            1.7820993794
       -0.1800000000            1.8383203643
       -0.1700000000            1.8927166346
       -0.1600000000            1.9446825196
       -0.1500000000            1.9936011141
       -0.1400000000            2.0388599781
       -0.1300000000            2.0798677607
       -0.1200000000            2.1160708922
       -0.1100000000            2.1469694810
       -0.1000000000            2.1721316179
       -0.0900000000            2.1912054190
       -0.0800000000            2.2039283051
       -0.0700000000            2.2101331983
       -0.0500000000            2.2356244823
       -0.0400000000            2.2226176631
       -0.0300000000            2.2034007288
       -0.0200000000            2.1782693189
       -0.0100000000            2.1475914418
