  -20.0000000000    0.0880491040    0.0095717735
  -19.9900000000    0.0876357393    0.0096301028
  -19.9800000000    0.0872200254    0.0096908328
  -19.9700000000    0.0868019189    0.0097539792
  -19.9600000000    0.0863813722    0.0098195611
  -19.9500000000    0.0859583338    0.0098876005
  -19.9400000000    0.0855327490    0.0099581231
  -19.9300000000    0.0851045595    0.0100311575
  -19.9200000000    0.0846737040    0.0101067361
  -19.9100000000    0.0842401183    0.0101848945
  -19.9000000000    0.0838037352    0.0102656716
  -19.8900000000    0.0833644851    0.0103491100
  -19.8800000000    0.0829222955    0.0104352557
  -19.8700000000    0.0824770917    0.0105241583
  -19.8600000000    0.0820287961    0.0106158707
  -19.8500000000    0.0815773290    0.0107104499
  -19.8400000000    0.0831114985    0.0079294000
  -19.8300000000    0.0806645494    0.0109084540
  -19.8200000000    0.0802030653    0.0110120111
  -19.8100000000    0.0797380666    0.0111186995
  -19.8000000000    0.0792694619    0.0112285952
  -19.7900000000    0.0787971568    0.0113417782
  -19.7800000000    0.0783210549    0.0114583328
  -19.7700000000    0.0778410572    0.0115783476
  -19.7600000000    0.0773570622    0.0117019157
  -19.7500000000    0.0768689659    0.0118291350
  -19.7400000000    0.0763766616    0.0119601079
  -19.7300000000    0.0758800284    0.0120949312
  -19.7200000000    0.0753789899    0.0122337497
  -19.7100000000    0.0748733951    0.0123766498
  -19.7000000000    0.0743631393    0.0125237651
  -19.6900000000    0.0738481016    0.0126752253
  -19.6800000000    0.0733281589    0.0128311659
  -19.6700000000    0.0728031848    0.0129917287
  -19.6600000000    0.0722730498    0.0131570620
  -19.6500000000    0.0717376213    0.0133273211
  -19.6400000000    0.0711967635    0.0135026685
  -19.6300000000    0.0706503374    0.0136832743
  -19.6200000000    0.0700982004    0.0138693164
  -19.6100000000    0.0695402067    0.0140609812
  -19.6000000000    0.0689762068    0.0142584635
  -19.5900000000    0.0684060476    0.0144619676
  -19.5800000000    0.0678295726    0.0146717071
  -19.5700000000    0.0672466214    0.0148879061
  -19.5600000000    0.0666570296    0.0151107990
  -19.5500000000    0.0660606295    0.0153406315
  -19.5400000000    0.0654572489    0.0155776610
  -19.5300000000    0.0648467122    0.0158221576
  -19.5200000000    0.0642288394    0.0160744042
  -19.5100000000    0.0636034467    0.0163346977
  -19.5000000000    0.0629703461    0.0166033493
  -19.4900000000    0.0623293459    0.0168806860
  -19.4800000000    0.0616802500    0.0171670506
  -19.4700000000    0.0610228583    0.0174628034
  -19.4600000000    0.0603569670    0.0177683227
  -19.4500000000    0.0596823680    0.0180840061
  -19.4400000000    0.0589988497    0.0184102712
  -19.4300000000    0.0583061965    0.0187475574
  -19.4200000000    0.0576041894    0.0190963267
  -19.4100000000    0.0568926057    0.0194570653
  -19.4000000000    0.0561712198    0.0198302848
  -19.3900000000    0.0554398031    0.0202165239
  -19.3800000000    0.0546981242    0.0206163500
  -19.3700000000    0.0539459496    0.0210303610
  -19.3600000000    0.0531830440    0.0214591871
  -19.3500000000    0.0524091706    0.0219034927
  -19.3400000000    0.0516240921    0.0223639787
  -19.3300000000    0.0508275712    0.0228413845
  -19.3200000000    0.0500193713    0.0233364910
  -19.3100000000    0.0491992576    0.0238501223
  -19.3000000000    0.0483669981    0.0243831493
  -19.2900000000    0.0475223649    0.0249364920
  -19.2800000000    0.0466651355    0.0255111231
  -19.2700000000    0.0457950945    0.0261080710
  -19.2600000000    0.0449120354    0.0267284237
  -19.2500000000    0.0440157626    0.0273733322
  -19.2400000000    0.0431060942    0.0280440150
  -19.2300000000    0.0421828642    0.0287417618
  -19.2200000000    0.0412459258    0.0294679390
  -19.2100000000    0.0402951549    0.0302239936
  -19.2000000000    0.0393304544    0.0310114589
  -19.1900000000    0.0383517581    0.0318319600
  -19.1800000000    0.0373590362    0.0326872194
  -19.1700000000    0.0363523012    0.0335790631
  -19.1600000000    0.0353316141    0.0345094272
  -19.1500000000    0.0342970923    0.0354803648
  -19.1400000000    0.0332489174    0.0364940526
  -19.1300000000    0.0321873453    0.0375527987
  -19.1200000000    0.0311127165    0.0386590504
  -19.1100000000    0.0300254683    0.0398154017
  -19.1000000000    0.0289261488    0.0410246017
  -19.0900000000    0.0278154317    0.0422895629
  -19.0800000000    0.0266941345    0.0436133695
  -19.0700000000    0.0255632371    0.0449992855
  -19.0600000000    0.0244239047    0.0464507628
  -19.0500000000    0.0232775121    0.0479714492
  -19.0400000000    0.0221256718    0.0495651948
  -19.0300000000    0.0209702648    0.0512360586
  -19.0200000000    0.0198134762    0.0529883130
  -19.0100000000    0.0186578335    0.0548264472
  -19.0000000000    0.0175062509    0.0567551675
  -18.9900000000    0.0163620772    0.0587793957
  -18.9800000000    0.0152291503    0.0609042629
  -18.9700000000    0.0141118560    0.0631350991
  -18.9600000000    0.0130151942    0.0654774166
  -18.9500000000    0.0119448503    0.0679368866
  -18.9400000000    0.0109072742    0.0705193064
  -18.9300000000    0.0099097644    0.0732305566
  -18.9200000000    0.0089605597    0.0760765448
  -18.9100000000    0.0080689356    0.0790631343
  -18.9000000000    0.0072453061    0.0821960542
  -18.8900000000    0.0065013281    0.0854807883
  -18.8800000000    0.0058500076    0.0889224394
  -18.8700000000    0.0053058031    0.0925255643
  -18.8600000000    0.0048847229    0.0962939766
  -18.8500000000    0.0046044111    0.1002305136
  -18.8400000000    0.0044842141    0.1043367627
  -18.8300000000    0.0045452201    0.1086127457
  -18.8200000000    0.0048102597    0.1130565575
  -18.8100000000    0.0053038547    0.1176639621
  -18.8000000000    0.0060521018    0.1224279446
  -18.7900000000    0.0070824709    0.1273382296
  -18.7800000000    0.0084235036    0.1323807731
  -18.7700000000    0.0101043898    0.1375372464
  -18.7600000000    0.0121544072    0.1427845351
  -18.7500000000    0.0146022074    0.1480942839
  -18.7400000000    0.0174749400    0.1534325266
  -18.7300000000    0.0207972151    0.1587594484
  -18.7200000000    0.0245899156    0.1640293334
  -18.7100000000    0.0288688899    0.1691907537
  -18.7000000000    0.0336435698    0.1741870544
  -18.6900000000    0.0389155869    0.1789571811
  -18.6800000000    0.0446774735    0.1834368799
  -18.6700000000    0.0509115572    0.1875602738
  -18.6600000000    0.0575891639    0.1912617891
  -18.6500000000    0.0646702450    0.1944783629
  -18.6400000000    0.0721035265    0.1971518254
  -18.6300000000    0.0798272473    0.1992313123
  -18.6200000000    0.0877705087    0.2006755382
  -18.6100000000    0.0958551985    0.2014547520
  -18.6000000000    0.1039983980    0.2015522092
  -18.5900000000    0.1121151235    0.2009650278
  -18.5800000000    0.1201212152    0.1997043476
  -18.5700000000    0.1279361719    0.1977947794
  -18.5600000000    0.1354857303    0.1952731919
  -18.5500000000    0.1427040250    0.1921869492
  -18.5400000000    0.1495352053    0.1885917507
  -18.5300000000    0.1559344491    0.1845492500
  -18.5200000000    0.1618683685    0.1801246287
  -18.5100000000    0.1673148557    0.1753842850
  -18.5000000000    0.1722624548    0.1703937604
  -18.4900000000    0.1767093700    0.1652159938
  -18.4800000000    0.1806622282    0.1599099459
  -18.4700000000    0.1841347077    0.1545296058
  -18.4600000000    0.1871461338    0.1491233577
  -18.4500000000    0.1897201194    0.1437336698
  -18.4400000000    0.1918833090    0.1383970503
  -18.4300000000    0.1936642632    0.1331442169
  -18.4200000000    0.1950925041    0.1280004211
  -18.4100000000    0.1961977253    0.1229858798
  -18.4000000000    0.1970091619    0.1181162680
  -18.3900000000    0.1975551076    0.1134032399
  -18.3800000000    0.1978625611    0.1088549497
  -18.3700000000    0.1979569841    0.1044765534
  -18.3600000000    0.1978621517    0.1002706788
  -18.3500000000    0.1976000768    0.0962378533
  -18.3400000000    0.1971909927    0.0923768891
  -18.3300000000    0.1966533799    0.0886852213
  -18.3200000000    0.1960040256    0.0851592025
  -18.3100000000    0.1952581048    0.0817943549
  -18.3000000000    0.1944292764    0.0785855842
  -18.2900000000    0.1935297879    0.0755273589
  -18.2800000000    0.1925705827    0.0726138589
  -18.2700000000    0.1915614085    0.0698390969
  -18.2600000000    0.1905109222    0.0671970169
  -18.2500000000    0.1894267911    0.0646815733
  -18.2400000000    0.1883157878    0.0622867927
  -18.2300000000    0.1871838795    0.0600068218
  -18.2200000000    0.1860363105    0.0578359636
  -18.2100000000    0.1848776780    0.0557687043
  -18.2000000000    0.1837120009    0.0537997319
  -18.1900000000    0.1825427831    0.0519239484
  -18.1800000000    0.1813730703    0.0501364770
  -18.1700000000    0.1802055013    0.0484326652
  -18.1600000000    0.1790423540    0.0468080845
  -18.1500000000    0.1778855868    0.0452585276
  -18.1400000000    0.1767368757    0.0437800042
  -18.1300000000    0.1755976471    0.0423687341
  -18.1200000000    0.1744691073    0.0410211408
  -18.1100000000    0.1733522689    0.0397338433
  -18.1000000000    0.1722479735    0.0385036481
  -18.0900000000    0.1711569130    0.0373275402
  -18.0800000000    0.1700796478    0.0362026750
  -18.0700000000    0.1690166226    0.0351263691
  -18.0600000000    0.1679681815    0.0340960924
  -18.0500000000    0.1669345802    0.0331094593
  -18.0400000000    0.1659159976    0.0321642211
  -18.0300000000    0.1649125456    0.0312582580
  -18.0200000000    0.1639242779    0.0303895717
  -18.0100000000    0.1629511982    0.0295562785
  -18.0000000000    0.1619932663    0.0287566021
  -17.9900000000    0.1610504050    0.0279888680
  -17.9800000000    0.1601225049    0.0272514964
  -17.9700000000    0.1592094292    0.0265429974
  -17.9600000000    0.1583110182    0.0258619651
  -17.9500000000    0.1574270845    0.0252070647
  -17.9400000000    0.1565574565    0.0245770672
  -17.9300000000    0.1557019011    0.0239707659
  -17.9200000000    0.1548602062    0.0233870513
  -17.9100000000    0.1540321429    0.0228248673
  -17.9000000000    0.1532174755    0.0222832158
  -17.8900000000    0.1524159630    0.0217611528
  -17.8800000000    0.1516273606    0.0212577856
  -17.8700000000    0.1508514210    0.0207722692
  -17.8600000000    0.1500878955    0.0203038037
  -17.8500000000    0.1493365349    0.0198516319
  -17.8400000000    0.1485970904    0.0194150360
  -17.8300000000    0.1478693143    0.0189933362
  -17.8200000000    0.1471529605    0.0185858877
  -17.8100000000    0.1464477853    0.0181920790
  -17.8000000000    0.1457535475    0.0178113299
  -17.7900000000    0.1450700090    0.0174430899
  -17.7800000000    0.1443969348    0.0170868360
  -17.7700000000    0.1437340940    0.0167420716
  -17.7600000000    0.1430812590    0.0164083246
  -17.7500000000    0.1424382066    0.0160851465
  -17.7400000000    0.1418047173    0.0157721104
  -17.7300000000    0.1411805763    0.0154688106
  -17.7200000000    0.1405655727    0.0151748607
  -17.7100000000    0.1399595002    0.0148898930
  -17.7000000000    0.1393621567    0.0146135571
  -17.6900000000    0.1387733446    0.0143455193
  -17.6800000000    0.1381928707    0.0140854615
  -17.6700000000    0.1376205460    0.0138330806
  -17.6600000000    0.1370561862    0.0135880872
  -17.6500000000    0.1364996108    0.0133502053
  -17.6400000000    0.1359506441    0.0131191716
  -17.6300000000    0.1354091140    0.0128947346
  -17.6200000000    0.1348748530    0.0126766541
  -17.6100000000    0.1343476975    0.0124647006
  -17.6000000000    0.1338274878    0.0122586547
  -17.5900000000    0.1333140683    0.0120583068
  -17.5800000000    0.1328072871    0.0118634563
  -17.5700000000    0.1323069960    0.0116739114
  -17.5600000000    0.1318130506    0.0114894885
  -17.5500000000    0.1313253102    0.0113100119
  -17.5400000000    0.1308436373    0.0111353133
  -17.5300000000    0.1303678981    0.0109652314
  -17.5200000000    0.1298979620    0.0107996120
  -17.5100000000    0.1294337017    0.0106383068
  -17.5000000000    0.1289749930    0.0104811741
  -17.4900000000    0.1285217151    0.0103280779
  -17.4800000000    0.1280737498    0.0101788875
  -17.4700000000    0.1276309821    0.0100334777
  -17.4600000000    0.1271932998    0.0098917285
  -17.4500000000    0.1267605934    0.0097535243
  -17.4400000000    0.1263327563    0.0096187545
  -17.4300000000    0.1259096843    0.0094873126
  -17.4200000000    0.1254912758    0.0093590965
  -17.4100000000    0.1250774320    0.0092340079
  -17.4000000000    0.1246680560    0.0091119524
  -17.3900000000    0.1242630537    0.0089928392
  -17.3800000000    0.1238623330    0.0088765812
  -17.3700000000    0.1234658041    0.0087630944
  -17.3600000000    0.1230733794    0.0086522980
  -17.3500000000    0.1226849733    0.0085441144
  -17.3400000000    0.1223005024    0.0084384689
  -17.3300000000    0.1219198851    0.0083352894
  -17.3200000000    0.1215430417    0.0082345068
  -17.3100000000    0.1211698945    0.0081360542
  -17.3000000000    0.1208003674    0.0080398676
  -17.2900000000    0.1204343864    0.0079458851
  -17.2800000000    0.1200718789    0.0078540470
  -17.2700000000    0.1197127739    0.0077642959
  -17.2600000000    0.1193570022    0.0076765766
  -17.2500000000    0.1190044961    0.0075908357
  -17.2400000000    0.1186551893    0.0075070219
  -17.2300000000    0.1183090172    0.0074250857
  -17.2200000000    0.1179659163    0.0073449792
  -17.2100000000    0.1176258247    0.0072666566
  -17.2000000000    0.1172886818    0.0071900734
  -17.1900000000    0.1169544282    0.0071151869
  -17.1800000000    0.1166230058    0.0070419558
  -17.1700000000    0.1162943577    0.0069703404
  -17.1600000000    0.1159684283    0.0069003023
  -17.1500000000    0.1156451630    0.0068318047
  -17.1400000000    0.1153245083    0.0067648117
  -17.1300000000    0.1150064118    0.0066992893
  -17.1200000000    0.1146908223    0.0066352041
  -17.1100000000    0.1143776894    0.0065725242
  -17.1000000000    0.1140669637    0.0065112191
  -17.0900000000    0.1137585967    0.0064512588
  -17.0800000000    0.1134525411    0.0063926150
  -17.0700000000    0.1131487502    0.0063352602
  -17.0600000000    0.1128471782    0.0062791677
  -17.0500000000    0.1125477801    0.0062243121
  -17.0400000000    0.1122505119    0.0061706690
  -17.0300000000    0.1119553302    0.0061182145
  -17.0200000000    0.1116621923    0.0060669261
  -17.0100000000    0.1113710564    0.0060167819
  -17.0000000000    0.1110818812    0.0059677610
  -16.9900000000    0.1107946262    0.0059198431
  -16.9800000000    0.1105092516    0.0058730090
  -16.9700000000    0.1102257181    0.0058272402
  -16.9600000000    0.1099439871    0.0057825188
  -16.9500000000    0.1096640203    0.0057388279
  -16.9400000000    0.1093857805    0.0056961512
  -16.9300000000    0.1091092305    0.0056544732
  -16.9200000000    0.1088343339    0.0056137791
  -16.9100000000    0.1085610547    0.0055740548
  -16.9000000000    0.1082893575    0.0055352869
  -16.8900000000    0.1080192072    0.0054974627
  -16.8800000000    0.1077505691    0.0054605700
  -16.8700000000    0.1074834090    0.0054245974
  -16.8600000000    0.1072176933    0.0053895344
  -16.8500000000    0.1069533884    0.0053553706
  -16.8400000000    0.1066904612    0.0053220967
  -16.8300000000    0.1064288790    0.0052897038
  -16.8200000000    0.1061686094    0.0052581839
  -16.8100000000    0.1059096203    0.0052275292
  -16.8000000000    0.1056518797    0.0051977330
  -16.7900000000    0.1053953563    0.0051687888
  -16.7800000000    0.1051400185    0.0051406911
  -16.7700000000    0.1048858353    0.0051134348
  -16.7600000000    0.1046327759    0.0050870156
  -16.7500000000    0.1043808095    0.0050614296
  -16.7400000000    0.1041299055    0.0050366738
  -16.7300000000    0.1038800337    0.0050127457
  -16.7200000000    0.1036311637    0.0049896436
  -16.7100000000    0.1033832655    0.0049673663
  -16.7000000000    0.1031363091    0.0049459132
  -16.6900000000    0.1028902646    0.0049252848
  -16.6800000000    0.1026451020    0.0049054819
  -16.6700000000    0.1024007917    0.0048865061
  -16.6600000000    0.1021573039    0.0048683599
  -16.6500000000    0.1019146088    0.0048510464
  -16.6400000000    0.1016726766    0.0048345695
  -16.6300000000    0.1014314777    0.0048189339
  -16.6200000000    0.1011909823    0.0048041450
  -16.6100000000    0.1009511604    0.0047902092
  -16.6000000000    0.1007119823    0.0047771338
  -16.5900000000    0.1004734178    0.0047649268
  -16.5800000000    0.1002354369    0.0047535972
  -16.5700000000    0.0999980094    0.0047431550
  -16.5600000000    0.0997611048    0.0047336112
  -16.5500000000    0.0995246927    0.0047249778
  -16.5400000000    0.0992887424    0.0047172678
  -16.5300000000    0.0990532230    0.0047104955
  -16.5200000000    0.0988181034    0.0047046761
  -16.5100000000    0.0985833522    0.0046998264
  -16.5000000000    0.0983489378    0.0046959642
  -16.4900000000    0.0981148286    0.0046931086
  -16.4800000000    0.0978809923    0.0046912803
  -16.4700000000    0.0976473965    0.0046905013
  -16.4600000000    0.0974140086    0.0046907953
  -16.4500000000    0.0971807956    0.0046921875
  -16.4400000000    0.0969477240    0.0046947048
  -16.4300000000    0.0967147603    0.0046983761
  -16.4200000000    0.0964818704    0.0047032318
  -16.4100000000    0.0962490198    0.0047093048
  -16.4000000000    0.0960161738    0.0047166297
  -16.3900000000    0.0957832972    0.0047252435
  -16.3800000000    0.0955503546    0.0047351856
  -16.3700000000    0.0953173099    0.0047464979
  -16.3600000000    0.0950841270    0.0047592248
  -16.3500000000    0.0948507690    0.0047734138
  -16.3400000000    0.0946171992    0.0047891149
  -16.3300000000    0.0943833799    0.0048063818
  -16.3200000000    0.0941492737    0.0048252712
  -16.3100000000    0.0939148425    0.0048458435
  -16.3000000000    0.0936800481    0.0048681629
  -16.2900000000    0.0934448520    0.0048922975
  -16.2800000000    0.0932092156    0.0049183200
  -16.2700000000    0.0929731002    0.0049463074
  -16.2600000000    0.0927364672    0.0049763416
  -16.2500000000    0.0924992777    0.0050085099
  -16.2400000000    0.0922614934    0.0050429050
  -16.2300000000    0.0920230761    0.0050796256
  -16.2200000000    0.0917839880    0.0051187765
  -16.2100000000    0.0915441922    0.0051604697
  -16.2000000000    0.0913036522    0.0052048241
  -16.1900000000    0.0910623331    0.0052519662
  -16.1800000000    0.0908202008    0.0053020312
  -16.1700000000    0.0905772232    0.0053551627
  -16.1600000000    0.0903333702    0.0054115140
  -16.1500000000    0.0900886140    0.0054712483
  -16.1400000000    0.0898429298    0.0055345397
  -16.1300000000    0.0895962962    0.0056015738
  -16.1200000000    0.0893486958    0.0056725486
  -16.1100000000    0.0891001163    0.0057476751
  -16.1000000000    0.0888505509    0.0058271787
  -16.0900000000    0.0885999992    0.0059112996
  -16.0800000000    0.0883484689    0.0060002941
  -16.0700000000    0.0880959762    0.0060944356
  -16.0600000000    0.0878425480    0.0061940158
  -16.0500000000    0.0875882231    0.0062993458
  -16.0400000000    0.0873330540    0.0064107572
  -16.0300000000    0.0870771093    0.0065286035
  -16.0200000000    0.0868204759    0.0066532613
  -16.0100000000    0.0865632620    0.0067851314
  -16.0000000000    0.0863055998    0.0069246403
  -15.9900000000    0.0860476497    0.0070722412
  -15.9800000000    0.0857896036    0.0072284151
  -15.9700000000    0.0855316900    0.0073936719
  -15.9600000000    0.0852741792    0.0075685509
  -15.9500000000    0.0850173888    0.0077536215
  -15.9400000000    0.0847616908    0.0079494832
  -15.9300000000    0.0845075183    0.0081567653
  -15.9200000000    0.0842553747    0.0083761259
  -15.9100000000    0.0840058424    0.0086082497
  -15.9000000000    0.0837595930    0.0088538457
  -15.8900000000    0.0835173989    0.0091136425
  -15.8800000000    0.0832801458    0.0093883827
  -15.8700000000    0.0830488459    0.0096788154
  -15.8600000000    0.0828246521    0.0099856853
  -15.8500000000    0.0826088739    0.0103097205
  -15.8400000000    0.0824029926    0.0106516153
  -15.8300000000    0.0822086775    0.0110120098
  -15.8200000000    0.0820278015    0.0113914643
  -15.8100000000    0.0818624554    0.0117904290
  -15.8000000000    0.0817149606    0.0122092063
  -15.7900000000    0.0815878768    0.0126479075
  -15.7800000000    0.0814840065    0.0131064019
  -15.7700000000    0.0814063903    0.0135842583
  -15.7600000000    0.0813582930    0.0140806799
  -15.7500000000    0.0813431772    0.0145944325
  -15.7400000000    0.0813646599    0.0151237680
  -15.7300000000    0.0814264503    0.0156663472
  -15.7200000000    0.0815322651    0.0162191631
  -15.7100000000    0.0816857178    0.0167784742
  -15.7000000000    0.0818901817    0.0173397511
  -15.6900000000    0.0821486265    0.0178976478
  -15.6800000000    0.0824634318    0.0184460066
  -15.6700000000    0.0828361826    0.0189779061
  -15.6600000000    0.0832674597    0.0194857623
  -15.6500000000    0.0837566361    0.0199614893
  -15.6400000000    0.0843017016    0.0203967226
  -15.6300000000    0.0848991314    0.0207831008
  -15.6200000000    0.0855438245    0.0211125965
  -15.6100000000    0.0862291253    0.0213778755
  -15.6000000000    0.0869469441    0.0215726611
  -15.5900000000    0.0876879763    0.0216920708
  -15.5800000000    0.0884420153    0.0217328946
  -15.5700000000    0.0891983368    0.0216937860
  -15.5600000000    0.0899461269    0.0215753453
  -15.5500000000    0.0906749181    0.0213800857
  -15.5400000000    0.0913749972    0.0211122859
  -15.5300000000    0.0920377518    0.0207777452
  -15.5200000000    0.0926559315    0.0203834663
  -15.5100000000    0.0932238117    0.0199372977
  -15.5000000000    0.0937372555    0.0194475668
  -15.4900000000    0.0941936848    0.0189227321
  -15.4800000000    0.0945919751    0.0183710773
  -15.4700000000    0.0949322942    0.0178004607
  -15.4600000000    0.0952159058    0.0172181274
  -15.4500000000    0.0954449588    0.0166305834
  -15.4400000000    0.0956222761    0.0160435256
  -15.4300000000    0.0957511585    0.0154618215
  -15.4200000000    0.0958352085    0.0148895257
  -15.4100000000    0.0958781809    0.0143299252
  -15.4000000000    0.0958838606    0.0137856030
  -15.3900000000    0.0958559661    0.0132585130
  -15.3800000000    0.0957980784    0.0127500588
  -15.3700000000    0.0957135901    0.0122611724
  -15.3600000000    0.0956056723    0.0117923894
  -15.3500000000    0.0954772564    0.0113439179
  -15.3400000000    0.0953310266    0.0109157004
  -15.3300000000    0.0951694211    0.0105074691
  -15.3200000000    0.0949946391    0.0101187924
  -15.3100000000    0.0948086529    0.0097491155
  -15.3000000000    0.0946132215    0.0093977937
  -15.2900000000    0.0944099067    0.0090641199
  -15.2800000000    0.0942000894    0.0087473478
  -15.2700000000    0.0939849859    0.0084467096
  -15.2600000000    0.0937656635    0.0081614306
  -15.2500000000    0.0935430564    0.0078907404
  -15.2400000000    0.0933179790    0.0076338818
  -15.2300000000    0.0930911394    0.0073901167
  -15.2200000000    0.0928631514    0.0071587314
  -15.2100000000    0.0926345452    0.0069390394
  -15.2000000000    0.0924057774    0.0067303838
  -15.1900000000    0.0921772395    0.0065321383
  -15.1800000000    0.0919492663    0.0063437081
  -15.1700000000    0.0917221425    0.0061645295
  -15.1600000000    0.0914961090    0.0059940694
  -15.1500000000    0.0912713684    0.0058318250
  -15.1400000000    0.0910480900    0.0056773224
  -15.1300000000    0.0908264141    0.0055301157
  -15.1200000000    0.0906064555    0.0053897857
  -15.1100000000    0.0903883070    0.0052559386
  -15.1000000000    0.0901720424    0.0051282046
  -15.0900000000    0.0899577190    0.0050062369
  -15.0800000000    0.0897453797    0.0048897100
  -15.0700000000    0.0895350551    0.0047783188
  -15.0600000000    0.0893267652    0.0046717771
  -15.0500000000    0.0891205209    0.0045698166
  -15.0400000000    0.0889163251    0.0044721857
  -15.0300000000    0.0887141744    0.0043786483
  -15.0200000000    0.0885140595    0.0042889833
  -15.0100000000    0.0883159662    0.0042029830
  -15.0000000000    0.0881198765    0.0041204526
  -14.9900000000    0.0879257689    0.0040412092
  -14.9800000000    0.0877336191    0.0039650813
  -14.9700000000    0.0875434006    0.0038919075
  -14.9600000000    0.0873550849    0.0038215364
  -14.9500000000    0.0871686421    0.0037538256
  -14.9400000000    0.0869840411    0.0036886412
  -14.9300000000    0.0868012500    0.0036258574
  -14.9200000000    0.0866202360    0.0035653555
  -14.9100000000    0.0864409663    0.0035070240
  -14.9000000000    0.0862634074    0.0034507579
  -14.8900000000    0.0860875261    0.0033964581
  -14.8800000000    0.0859132890    0.0033440312
  -14.8700000000    0.0857406630    0.0032933892
  -14.8600000000    0.0855696150    0.0032444490
  -14.8500000000    0.0854001124    0.0031971322
  -14.8400000000    0.0852321232    0.0031513646
  -14.8300000000    0.0850656154    0.0031070762
  -14.8200000000    0.0849005579    0.0030642009
  -14.8100000000    0.0847369199    0.0030226761
  -14.8000000000    0.0845746712    0.0029824424
  -14.7900000000    0.0844137822    0.0029434439
  -14.7800000000    0.0842542240    0.0029056274
  -14.7700000000    0.0840959682    0.0028689426
  -14.7600000000    0.0839389869    0.0028333417
  -14.7500000000    0.0837832532    0.0027987794
  -14.7400000000    0.0836287405    0.0027652129
  -14.7300000000    0.0834754230    0.0027326013
  -14.7200000000    0.0833232753    0.0027009060
  -14.7100000000    0.0831722730    0.0026700900
  -14.7000000000    0.0830223920    0.0026401186
  -14.6900000000    0.0828736089    0.0026109583
  -14.6800000000    0.0827259009    0.0025825775
  -14.6700000000    0.0825792458    0.0025549462
  -14.6600000000    0.0824336220    0.0025280356
  -14.6500000000    0.0822890084    0.0025018184
  -14.6400000000    0.0821453845    0.0024762686
  -14.6300000000    0.0820027303    0.0024513614
  -14.6200000000    0.0818610263    0.0024270730
  -14.6100000000    0.0817202537    0.0024033810
  -14.6000000000    0.0815803940    0.0023802636
  -14.5900000000    0.0814414293    0.0023577004
  -14.5800000000    0.0813033420    0.0023356717
  -14.5700000000    0.0811661152    0.0023141586
  -14.5600000000    0.0810297324    0.0022931432
  -14.5500000000    0.0808941774    0.0022726084
  -14.5400000000    0.0807594345    0.0022525377
  -14.5300000000    0.0806254886    0.0022329153
  -14.5200000000    0.0804923247    0.0022137262
  -14.5100000000    0.0803599283    0.0021949559
  -14.5000000000    0.0802282854    0.0021765907
  -14.4900000000    0.0800973822    0.0021586174
  -14.4800000000    0.0799672054    0.0021410231
  -14.4700000000    0.0798377420    0.0021237957
  -14.4600000000    0.0797089793    0.0021069237
  -14.4500000000    0.0795809049    0.0020903956
  -14.4400000000    0.0794535068    0.0020742008
  -14.4300000000    0.0793267733    0.0020583290
  -14.4200000000    0.0792006930    0.0020427702
  -14.4100000000    0.0790752548    0.0020275149
  -14.4000000000    0.0789504477    0.0020125539
  -14.3900000000    0.0788262613    0.0019978784
  -14.3800000000    0.0787026851    0.0019834799
  -14.3700000000    0.0785797092    0.0019693503
  -14.3600000000    0.0784573238    0.0019554817
  -14.3500000000    0.0783355192    0.0019418666
  -14.3400000000    0.0782142862    0.0019284977
  -14.3300000000    0.0780936156    0.0019153679
  -14.3200000000    0.0779734987    0.0019024706
  -14.3100000000    0.0778539267    0.0018897992
  -14.3000000000    0.0777348911    0.0018773475
  -14.2900000000    0.0776163838    0.0018651094
  -14.2800000000    0.0774983966    0.0018530791
  -14.2700000000    0.0773809218    0.0018412509
  -14.2600000000    0.0772639515    0.0018296195
  -14.2500000000    0.0771474784    0.0018181796
  -14.2400000000    0.0770314951    0.0018069261
  -14.2300000000    0.0769159944    0.0017958541
  -14.2200000000    0.0768009694    0.0017849590
  -14.2100000000    0.0766864132    0.0017742361
  -14.2000000000    0.0765723191    0.0017636811
  -14.1900000000    0.0764586807    0.0017532897
  -14.1800000000    0.0763454915    0.0017430578
  -14.1700000000    0.0762327453    0.0017329814
  -14.1600000000    0.0761204360    0.0017230566
  -14.1500000000    0.0760085577    0.0017132797
  -14.1400000000    0.0758971044    0.0017036471
  -14.1300000000    0.0757860706    0.0016941554
  -14.1200000000    0.0756754506    0.0016848011
  -14.1100000000    0.0755652389    0.0016755809
  -14.1000000000    0.0754554303    0.0016664917
  -14.0900000000    0.0753460194    0.0016575304
  -14.0800000000    0.0752370012    0.0016486941
  -14.0700000000    0.0751283706    0.0016399798
  -14.0600000000    0.0750201228    0.0016313847
  -14.0500000000    0.0749122529    0.0016229061
  -14.0400000000    0.0748047561    0.0016145415
  -14.0300000000    0.0746976280    0.0016062882
  -14.0200000000    0.0745908640    0.0015981437
  -14.0100000000    0.0744844597    0.0015901057
  -14.0000000000    0.0743784106    0.0015821718
  -13.9900000000    0.0742727126    0.0015743398
  -13.9800000000    0.0741673615    0.0015666074
  -13.9700000000    0.0740623533    0.0015589725
  -13.9600000000    0.0739576838    0.0015514331
  -13.9500000000    0.0738533492    0.0015439871
  -13.9400000000    0.0737493457    0.0015366325
  -13.9300000000    0.0736456693    0.0015293675
  -13.9200000000    0.0735423166    0.0015221902
  -13.9100000000    0.0734392837    0.0015150988
  -13.9000000000    0.0733365672    0.0015080915
  -13.8900000000    0.0732341635    0.0015011667
  -13.8800000000    0.0731320693    0.0014943227
  -13.8700000000    0.0730302811    0.0014875578
  -13.8600000000    0.0729287956    0.0014808706
  -13.8500000000    0.0728276096    0.0014742594
  -13.8400000000    0.0727267199    0.0014677228
  -13.8300000000    0.0726261233    0.0014612594
  -13.8200000000    0.0725258169    0.0014548676
  -13.8100000000    0.0724257975    0.0014485463
  -13.8000000000    0.0723260622    0.0014422939
  -13.7900000000    0.0722266081    0.0014361093
  -13.7800000000    0.0721274323    0.0014299911
  -13.7700000000    0.0720285321    0.0014239382
  -13.7600000000    0.0719299046    0.0014179492
  -13.7500000000    0.0718315471    0.0014120231
  -13.7400000000    0.0717334570    0.0014061586
  -13.7300000000    0.0716356316    0.0014003547
  -13.7200000000    0.0715380683    0.0013946103
  -13.7100000000    0.0714407647    0.0013889243
  -13.7000000000    0.0713437182    0.0013832956
  -13.6900000000    0.0712469264    0.0013777233
  -13.6800000000    0.0711503868    0.0013722064
  -13.6700000000    0.0710540972    0.0013667439
  -13.6600000000    0.0709580550    0.0013613348
  -13.6500000000    0.0708622581    0.0013559783
  -13.6400000000    0.0707667042    0.0013506735
  -13.6300000000    0.0706713911    0.0013454194
  -13.6200000000    0.0705763165    0.0013402152
  -13.6100000000    0.0704814784    0.0013350601
  -13.6000000000    0.0703868746    0.0013299532
  -13.5900000000    0.0702925029    0.0013248938
  -13.5800000000    0.0701983615    0.0013198811
  -13.5700000000    0.0701044482    0.0013149143
  -13.5600000000    0.0700107610    0.0013099927
  -13.5500000000    0.0699172980    0.0013051155
  -13.5400000000    0.0698240573    0.0013002820
  -13.5300000000    0.0697310369    0.0012954916
  -13.5200000000    0.0696382350    0.0012907436
  -13.5100000000    0.0695456497    0.0012860372
  -13.5000000000    0.0694532793    0.0012813719
  -13.4900000000    0.0693611219    0.0012767469
  -13.4800000000    0.0692691757    0.0012721617
  -13.4700000000    0.0691774390    0.0012676157
  -13.4600000000    0.0690859102    0.0012631083
  -13.4500000000    0.0689945874    0.0012586388
  -13.4400000000    0.0689034692    0.0012542068
  -13.4300000000    0.0688125537    0.0012498116
  -13.4200000000    0.0687218394    0.0012454527
  -13.4100000000    0.0686313247    0.0012411295
  -13.4000000000    0.0685410080    0.0012368416
  -13.3900000000    0.0684508877    0.0012325884
  -13.3800000000    0.0683609624    0.0012283694
  -13.3700000000    0.0682712306    0.0012241841
  -13.3600000000    0.0681816907    0.0012200321
  -13.3500000000    0.0680923412    0.0012159128
  -13.3400000000    0.0680031808    0.0012118258
  -13.3300000000    0.0679142079    0.0012077707
  -13.3200000000    0.0678254213    0.0012037469
  -13.3100000000    0.0677368194    0.0011997541
  -13.3000000000    0.0676484010    0.0011957918
  -13.2900000000    0.0675601646    0.0011918596
  -13.2800000000    0.0674721090    0.0011879571
  -13.2700000000    0.0673842328    0.0011840839
  -13.2600000000    0.0672965347    0.0011802396
  -13.2500000000    0.0672090134    0.0011764237
  -13.2400000000    0.0671216676    0.0011726360
  -13.2300000000    0.0670344962    0.0011688760
  -13.2200000000    0.0669474979    0.0011651433
  -13.2100000000    0.0668606713    0.0011614377
  -13.2000000000    0.0667740155    0.0011577587
  -13.1900000000    0.0666875290    0.0011541060
  -13.1800000000    0.0666012109    0.0011504793
  -13.1700000000    0.0665150599    0.0011468782
  -13.1600000000    0.0664290748    0.0011433024
  -13.1500000000    0.0663432546    0.0011397516
  -13.1400000000    0.0662575980    0.0011362254
  -13.1300000000    0.0661721041    0.0011327236
  -13.1200000000    0.0660867717    0.0011292458
  -13.1100000000    0.0660015998    0.0011257918
  -13.1000000000    0.0659165827    0.0011223568
  -13.0900000000    0.0658317329    0.0011189537
  -13.0800000000    0.0657470359    0.0011155691
  -13.0700000000    0.0656624951    0.0011122071
  -13.0600000000    0.0655781096    0.0011088674
  -13.0500000000    0.0654938783    0.0011055498
  -13.0400000000    0.0654098003    0.0011022539
  -13.0300000000    0.0653258744    0.0010989795
  -13.0200000000    0.0652420999    0.0010957264
  -13.0100000000    0.0651584757    0.0010924943
  -13.0000000000    0.0650750008    0.0010892829
  -12.9900000000    0.0649916744    0.0010860921
  -12.9800000000    0.0649084954    0.0010829215
  -12.9700000000    0.0648254631    0.0010797710
  -12.9600000000    0.0647425764    0.0010766402
  -12.9500000000    0.0646598345    0.0010735291
  -12.9400000000    0.0645772365    0.0010704373
  -12.9300000000    0.0644947815    0.0010673646
  -12.9200000000    0.0644124687    0.0010643108
  -12.9100000000    0.0643302971    0.0010612758
  -12.9000000000    0.0642482660    0.0010582592
  -12.8900000000    0.0641663745    0.0010552609
  -12.8800000000    0.0640846217    0.0010522807
  -12.8700000000    0.0640030069    0.0010493184
  -12.8600000000    0.0639215292    0.0010463737
  -12.8500000000    0.0638401879    0.0010434465
  -12.8400000000    0.0637589820    0.0010405367
  -12.8300000000    0.0636779109    0.0010376439
  -12.8200000000    0.0635901110    0.0010272354
  -12.8100000000    0.0635161698    0.0010319090
  -12.8000000000    0.0634354983    0.0010290664
  -12.7900000000    0.0633549584    0.0010262403
  -12.7800000000    0.0632745494    0.0010234303
  -12.7700000000    0.0631942706    0.0010206364
  -12.7600000000    0.0631141213    0.0010178584
  -12.7500000000    0.0630341006    0.0010150961
  -12.7400000000    0.0629542080    0.0010123493
  -12.7300000000    0.0628744426    0.0010096179
  -12.7200000000    0.0627948038    0.0010069017
  -12.7100000000    0.0627152909    0.0010042006
  -12.7000000000    0.0626359031    0.0010015144
  -12.6900000000    0.0625566399    0.0009988429
  -12.6800000000    0.0624775005    0.0009961861
  -12.6600000000    0.0623195905    0.0009909156
  -12.6500000000    0.0622408185    0.0009883017
  -12.6400000000    0.0621621677    0.0009857019
  -12.6300000000    0.0620836375    0.0009831159
  -12.6200000000    0.0620052272    0.0009805437
  -12.6100000000    0.0619269361    0.0009779851
  -12.6000000000    0.0618487636    0.0009754400
  -12.5900000000    0.0617707091    0.0009729082
  -12.5800000000    0.0616927721    0.0009703897
  -12.5700000000    0.0616149518    0.0009678843
  -12.5600000000    0.0615372477    0.0009653918
  -12.5500000000    0.0614596591    0.0009629122
  -12.5400000000    0.0613821855    0.0009604453
  -12.5300000000    0.0613048264    0.0009579910
  -12.5200000000    0.0612275810    0.0009555493
  -12.5100000000    0.0611504489    0.0009531198
  -12.5000000000    0.0610734294    0.0009507026
  -12.4900000000    0.0609965220    0.0009482976
  -12.4800000000    0.0609197262    0.0009459046
  -12.4700000000    0.0608430413    0.0009435235
  -12.4600000000    0.0607664668    0.0009411542
  -12.4500000000    0.0606900022    0.0009387966
  -12.4400000000    0.0606136469    0.0009364505
  -12.4300000000    0.0605374004    0.0009341160
  -12.4200000000    0.0604612622    0.0009317928
  -12.4100000000    0.0603852317    0.0009294809
  -12.4000000000    0.0603093084    0.0009271802
  -12.3900000000    0.0602334917    0.0009248906
  -12.3800000000    0.0601577813    0.0009226119
  -12.3700000000    0.0600821764    0.0009203441
  -12.3600000000    0.0600066768    0.0009180871
  -12.3500000000    0.0599312817    0.0009158407
  -12.3400000000    0.0598559909    0.0009136050
  -12.3300000000    0.0597808036    0.0009113798
  -12.3200000000    0.0597057196    0.0009091649
  -12.3100000000    0.0596307382    0.0009069604
  -12.3000000000    0.0595558590    0.0009047661
  -12.2900000000    0.0594810815    0.0009025819
  -12.2800000000    0.0594064052    0.0009004078
  -12.2700000000    0.0593318297    0.0008982437
  -12.2600000000    0.0592573546    0.0008960894
  -12.2500000000    0.0591829792    0.0008939449
  -12.2400000000    0.0591087033    0.0008918102
  -12.2300000000    0.0590345263    0.0008896851
  -12.2200000000    0.0589604477    0.0008875695
  -12.2100000000    0.0588864672    0.0008854634
  -12.2000000000    0.0588125842    0.0008833667
  -12.1900000000    0.0587387984    0.0008812793
  -12.1800000000    0.0586651093    0.0008792011
  -12.1700000000    0.0585915165    0.0008771321
  -12.1600000000    0.0585180195    0.0008750722
  -12.1500000000    0.0584446179    0.0008730213
  -12.1400000000    0.0583713113    0.0008709793
  -12.1300000000    0.0582980993    0.0008689462
  -12.1200000000    0.0582249814    0.0008669219
  -12.1100000000    0.0581519573    0.0008649063
  -12.1000000000    0.0580790265    0.0008628994
  -12.0900000000    0.0580061886    0.0008609010
  -12.0800000000    0.0579334432    0.0008589112
  -12.0700000000    0.0578607899    0.0008569298
  -12.0600000000    0.0577882283    0.0008549568
  -12.0500000000    0.0577157581    0.0008529921
  -12.0400000000    0.0576433787    0.0008510356
  -12.0300000000    0.0575710899    0.0008490874
  -12.0200000000    0.0574988912    0.0008471472
  -12.0100000000    0.0574267823    0.0008452151
  -12.0000000000    0.0573547628    0.0008432910
  -11.9900000000    0.0572828323    0.0008413748
  -11.9800000000    0.0572109904    0.0008394666
  -11.9700000000    0.0571392367    0.0008375661
  -11.9600000000    0.0570675709    0.0008356733
  -11.9500000000    0.0569959926    0.0008337883
  -11.9400000000    0.0569245015    0.0008319109
  -11.9300000000    0.0568530972    0.0008300410
  -11.9200000000    0.0567817793    0.0008281787
  -11.9100000000    0.0567105474    0.0008263239
  -11.9000000000    0.0566394013    0.0008244764
  -11.8900000000    0.0565683405    0.0008226363
  -11.8800000000    0.0564973647    0.0008208035
  -11.8700000000    0.0564264736    0.0008189779
  -11.8600000000    0.0563556668    0.0008171595
  -11.8500000000    0.0562849440    0.0008153483
  -11.8400000000    0.0562143048    0.0008135441
  -11.8300000000    0.0561437490    0.0008117470
  -11.8200000000    0.0560732760    0.0008099568
  -11.8100000000    0.0560028857    0.0008081736
  -11.8000000000    0.0559325777    0.0008063973
  -11.7900000000    0.0558623517    0.0008046277
  -11.7800000000    0.0557922073    0.0008028650
  -11.7700000000    0.0557221442    0.0008011090
  -11.7600000000    0.0556521622    0.0007993596
  -11.7500000000    0.0555822607    0.0007976169
  -11.7400000000    0.0555124397    0.0007958808
  -11.7300000000    0.0554426987    0.0007941512
  -11.7200000000    0.0553730374    0.0007924282
  -11.7100000000    0.0553034555    0.0007907115
  -11.7000000000    0.0552339528    0.0007890013
  -11.6900000000    0.0551645288    0.0007872974
  -11.6800000000    0.0550951834    0.0007855998
  -11.6700000000    0.0550259161    0.0007839086
  -11.6600000000    0.0549567267    0.0007822235
  -11.6500000000    0.0548876149    0.0007805446
  -11.6400000000    0.0548185804    0.0007788718
  -11.6300000000    0.0547496229    0.0007772052
  -11.6200000000    0.0546807421    0.0007755446
  -11.6100000000    0.0546119377    0.0007738900
  -11.6000000000    0.0545432094    0.0007722414
  -11.5900000000    0.0544745570    0.0007705987
  -11.5800000000    0.0544059801    0.0007689619
  -11.5700000000    0.0543374784    0.0007673310
  -11.5600000000    0.0542690518    0.0007657059
  -11.5500000000    0.0542006998    0.0007640865
  -11.5400000000    0.0541324223    0.0007624729
  -11.5300000000    0.0540642189    0.0007608649
  -11.5200000000    0.0539960894    0.0007592627
  -11.5100000000    0.0539280334    0.0007576660
  -11.5000000000    0.0538600508    0.0007560750
  -11.4900000000    0.0537921413    0.0007544894
  -11.4800000000    0.0537243045    0.0007529094
  -11.4700000000    0.0536565402    0.0007513349
  -11.4600000000    0.0535888482    0.0007497658
  -11.4500000000    0.0535212281    0.0007482021
  -11.4400000000    0.0534536798    0.0007466438
  -11.4300000000    0.0533862029    0.0007450908
  -11.4200000000    0.0533187973    0.0007435431
  -11.4100000000    0.0532514625    0.0007420006
  -11.4000000000    0.0531841985    0.0007404634
  -11.3900000000    0.0531170049    0.0007389314
  -11.3800000000    0.0530498814    0.0007374045
  -11.3700000000    0.0529828279    0.0007358828
  -11.3600000000    0.0529158441    0.0007343662
  -11.3500000000    0.0528489297    0.0007328546
  -11.3400000000    0.0527820845    0.0007313481
  -11.3300000000    0.0527153082    0.0007298465
  -11.3200000000    0.0526486006    0.0007283499
  -11.3100000000    0.0525819615    0.0007268583
  -11.3000000000    0.0525153905    0.0007253716
  -11.2900000000    0.0524488875    0.0007238897
  -11.2800000000    0.0523824523    0.0007224127
  -11.2700000000    0.0523160845    0.0007209405
  -11.2600000000    0.0522497840    0.0007194731
  -11.2500000000    0.0521835505    0.0007180104
  -11.2400000000    0.0521173838    0.0007165525
  -11.2300000000    0.0520512836    0.0007150993
  -11.2200000000    0.0519852498    0.0007136507
  -11.2100000000    0.0519192821    0.0007122067
  -11.2000000000    0.0518533802    0.0007107674
  -11.1900000000    0.0517875439    0.0007093327
  -11.1800000000    0.0517217731    0.0007079025
  -11.1700000000    0.0516560675    0.0007064768
  -11.1600000000    0.0515904268    0.0007050557
  -11.1500000000    0.0515248508    0.0007036390
  -11.1400000000    0.0514593394    0.0007022267
  -11.1300000000    0.0513938923    0.0007008189
  -11.1200000000    0.0513285092    0.0006994154
  -11.1100000000    0.0512631901    0.0006980164
  -11.1000000000    0.0511979346    0.0006966216
  -11.0900000000    0.0511327425    0.0006952312
  -11.0800000000    0.0510676136    0.0006938451
  -11.0700000000    0.0510025477    0.0006924632
  -11.0600000000    0.0509375447    0.0006910855
  -11.0500000000    0.0508726042    0.0006897121
  -11.0400000000    0.0508077261    0.0006883429
  -11.0300000000    0.0507429102    0.0006869778
  -11.0200000000    0.0506781562    0.0006856169
  -11.0100000000    0.0506134640    0.0006842600
  -11.0000000000    0.0505488334    0.0006829073
  -10.9900000000    0.0504842641    0.0006815586
  -10.9800000000    0.0504197559    0.0006802140
  -10.9700000000    0.0503553087    0.0006788734
  -10.9600000000    0.0502909223    0.0006775368
  -10.9500000000    0.0502265964    0.0006762041
  -10.9400000000    0.0501623308    0.0006748754
  -10.9300000000    0.0500981254    0.0006735506
  -10.9200000000    0.0500339799    0.0006722298
  -10.9100000000    0.0499698942    0.0006709128
  -10.9000000000    0.0499058681    0.0006695997
  -10.8900000000    0.0498419013    0.0006682904
  -10.8800000000    0.0497779937    0.0006669849
  -10.8700000000    0.0497141451    0.0006656833
  -10.8600000000    0.0496503553    0.0006643854
  -10.8500000000    0.0495866241    0.0006630912
  -10.8400000000    0.0495229513    0.0006618008
  -10.8300000000    0.0494593368    0.0006605141
  -10.8200000000    0.0493957803    0.0006592311
  -10.8100000000    0.0493322817    0.0006579517
  -10.8000000000    0.0492688407    0.0006566760
  -10.7900000000    0.0492054572    0.0006554039
  -10.7800000000    0.0491421310    0.0006541355
  -10.7700000000    0.0490788620    0.0006528706
  -10.7600000000    0.0490156499    0.0006516093
  -10.7500000000    0.0489524946    0.0006503515
  -10.7400000000    0.0488893958    0.0006490973
  -10.7300000000    0.0488263535    0.0006478466
  -10.7200000000    0.0487633674    0.0006465993
  -10.7100000000    0.0487004373    0.0006453555
  -10.7000000000    0.0486375631    0.0006441152
  -10.6900000000    0.0485747447    0.0006428783
  -10.6800000000    0.0485119817    0.0006416449
  -10.6700000000    0.0484492741    0.0006404148
  -10.6600000000    0.0483866217    0.0006391881
  -10.6500000000    0.0483240243    0.0006379648
  -10.6400000000    0.0482614817    0.0006367448
  -10.6300000000    0.0481989938    0.0006355281
  -10.6200000000    0.0481365604    0.0006343147
  -10.6100000000    0.0480741814    0.0006331046
  -10.6000000000    0.0480118565    0.0006318978
  -10.5900000000    0.0479495856    0.0006306943
  -10.5800000000    0.0478873685    0.0006294939
  -10.5700000000    0.0478252051    0.0006282968
  -10.5600000000    0.0477630952    0.0006271029
  -10.5500000000    0.0477010386    0.0006259122
  -10.5400000000    0.0476390352    0.0006247246
  -10.5300000000    0.0475770848    0.0006235402
  -10.5200000000    0.0475151873    0.0006223589
  -10.5100000000    0.0474533424    0.0006211808
  -10.5000000000    0.0473915501    0.0006200057
  -10.4900000000    0.0473298102    0.0006188337
  -10.4800000000    0.0472681224    0.0006176648
  -10.4700000000    0.0472064867    0.0006164990
  -10.4600000000    0.0471449029    0.0006153361
  -10.4500000000    0.0470833709    0.0006141763
  -10.4400000000    0.0470218904    0.0006130195
  -10.4300000000    0.0469604614    0.0006118657
  -10.4200000000    0.0468990836    0.0006107149
  -10.4100000000    0.0468377570    0.0006095670
  -10.4000000000    0.0467764813    0.0006084221
  -10.3900000000    0.0467152564    0.0006072801
  -10.3800000000    0.0466540822    0.0006061410
  -10.3700000000    0.0465929585    0.0006050048
  -10.3600000000    0.0465318852    0.0006038714
  -10.3500000000    0.0464708621    0.0006027410
  -10.3400000000    0.0464098890    0.0006016134
  -10.3300000000    0.0463489659    0.0006004886
  -10.3200000000    0.0462880925    0.0005993667
  -10.3100000000    0.0462272687    0.0005982476
  -10.3000000000    0.0461664945    0.0005971312
  -10.2900000000    0.0461057695    0.0005960177
  -10.2800000000    0.0460450937    0.0005949069
  -10.2700000000    0.0459844670    0.0005937988
  -10.2600000000    0.0459238891    0.0005926936
  -10.2500000000    0.0458633600    0.0005915910
  -10.2400000000    0.0458028796    0.0005904911
  -10.2300000000    0.0457424475    0.0005893940
  -10.2200000000    0.0456820638    0.0005882995
  -10.2100000000    0.0456217283    0.0005872077
  -10.2000000000    0.0455614408    0.0005861185
  -10.1900000000    0.0455012012    0.0005850320
  -10.1800000000    0.0454410094    0.0005839482
  -10.1700000000    0.0453808652    0.0005828669
  -10.1600000000    0.0453207685    0.0005817883
  -10.1500000000    0.0452607192    0.0005807122
  -10.1400000000    0.0452007170    0.0005796387
  -10.1300000000    0.0451407619    0.0005785678
  -10.1200000000    0.0450808538    0.0005774995
  -10.1100000000    0.0450209925    0.0005764337
  -10.1000000000    0.0449611778    0.0005753704
  -10.0900000000    0.0449014097    0.0005743096
  -10.0800000000    0.0448416880    0.0005732513
  -10.0700000000    0.0447820125    0.0005721956
  -10.0600000000    0.0447223832    0.0005711423
  -10.0500000000    0.0446627999    0.0005700914
  -10.0400000000    0.0446032624    0.0005690431
  -10.0300000000    0.0445437707    0.0005679971
  -10.0200000000    0.0444843246    0.0005669536
  -10.0100000000    0.0444249240    0.0005659126
  -10.0000000000    0.0443655687    0.0005648739
   -9.9900000000    0.0443062587    0.0005638376
   -9.9800000000    0.0442469937    0.0005628037
   -9.9700000000    0.0441877737    0.0005617722
   -9.9600000000    0.0441285986    0.0005607431
   -9.9500000000    0.0440694681    0.0005597162
   -9.9400000000    0.0440103823    0.0005586918
   -9.9300000000    0.0439513409    0.0005576696
   -9.9200000000    0.0438923438    0.0005566498
   -9.9100000000    0.0438333909    0.0005556323
   -9.9000000000    0.0437744822    0.0005546171
   -9.8900000000    0.0437156174    0.0005536041
   -9.8800000000    0.0436567964    0.0005525935
   -9.8700000000    0.0435980191    0.0005515851
   -9.8600000000    0.0435392854    0.0005505789
   -9.8500000000    0.0434805952    0.0005495750
   -9.8400000000    0.0434219484    0.0005485733
   -9.8300000000    0.0433633447    0.0005475738
   -9.8200000000    0.0433047842    0.0005465766
   -9.8100000000    0.0432462667    0.0005455815
   -9.8000000000    0.0431877920    0.0005445886
   -9.7900000000    0.0431293601    0.0005435979
   -9.7800000000    0.0430709707    0.0005426094
   -9.7700000000    0.0430126239    0.0005416230
   -9.7600000000    0.0429543195    0.0005406388
   -9.7500000000    0.0428960574    0.0005396567
   -9.7400000000    0.0428378374    0.0005386767
   -9.7300000000    0.0427796595    0.0005376989
   -9.7200000000    0.0427215234    0.0005367231
   -9.7100000000    0.0426634292    0.0005357495
   -9.7000000000    0.0426053767    0.0005347779
   -9.6900000000    0.0425473657    0.0005338084
   -9.6800000000    0.0424893962    0.0005328410
   -9.6700000000    0.0424314681    0.0005318756
   -9.6600000000    0.0423735812    0.0005309123
   -9.6500000000    0.0423157354    0.0005299510
   -9.6400000000    0.0422579306    0.0005289918
   -9.6300000000    0.0422001666    0.0005280346
   -9.6200000000    0.0421424435    0.0005270793
   -9.6100000000    0.0420847611    0.0005261261
   -9.6000000000    0.0420271192    0.0005251749
   -9.5900000000    0.0419695177    0.0005242256
   -9.5800000000    0.0419119566    0.0005232784
   -9.5700000000    0.0418544357    0.0005223330
   -9.5600000000    0.0417969549    0.0005213897
   -9.5500000000    0.0417395142    0.0005204483
   -9.5400000000    0.0416821133    0.0005195088
   -9.5300000000    0.0416247522    0.0005185712
   -9.5200000000    0.0415674308    0.0005176356
   -9.5100000000    0.0415101489    0.0005167019
   -9.5000000000    0.0414529066    0.0005157701
   -9.4900000000    0.0413957035    0.0005148401
   -9.4800000000    0.0413385398    0.0005139121
   -9.4700000000    0.0412814151    0.0005129859
   -9.4600000000    0.0412243295    0.0005120616
   -9.4500000000    0.0411672829    0.0005111391
   -9.4400000000    0.0411102750    0.0005102185
   -9.4300000000    0.0410533059    0.0005092998
   -9.4200000000    0.0409963754    0.0005083829
   -9.4100000000    0.0409394834    0.0005074678
   -9.4000000000    0.0408826298    0.0005065545
   -9.3900000000    0.0408258145    0.0005056430
   -9.3800000000    0.0407690374    0.0005047333
   -9.3700000000    0.0407122984    0.0005038254
   -9.3600000000    0.0406555974    0.0005029193
   -9.3500000000    0.0405989343    0.0005020149
   -9.3400000000    0.0405423090    0.0005011124
   -9.3300000000    0.0404857214    0.0005002116
   -9.3200000000    0.0404291713    0.0004993125
   -9.3100000000    0.0403726587    0.0004984152
   -9.3000000000    0.0403161835    0.0004975196
   -9.2900000000    0.0402597456    0.0004966257
   -9.2800000000    0.0402033449    0.0004957336
   -9.2700000000    0.0401469813    0.0004948431
   -9.2600000000    0.0400906546    0.0004939544
   -9.2500000000    0.0400343648    0.0004930674
   -9.2400000000    0.0399781119    0.0004921820
   -9.2300000000    0.0399218956    0.0004912984
   -9.2200000000    0.0398657158    0.0004904164
   -9.2100000000    0.0398095726    0.0004895360
   -9.2000000000    0.0397534658    0.0004886573
   -9.1900000000    0.0396973952    0.0004877803
   -9.1800000000    0.0396413609    0.0004869049
   -9.1700000000    0.0395853627    0.0004860312
   -9.1600000000    0.0395294004    0.0004851590
   -9.1500000000    0.0394734741    0.0004842885
   -9.1400000000    0.0394175836    0.0004834196
   -9.1300000000    0.0393617288    0.0004825524
   -9.1200000000    0.0393059096    0.0004816867
   -9.1100000000    0.0392501260    0.0004808226
   -9.1000000000    0.0391943777    0.0004799600
   -9.0900000000    0.0391386649    0.0004790991
   -9.0800000000    0.0390829872    0.0004782397
   -9.0700000000    0.0390273447    0.0004773819
   -9.0600000000    0.0389717373    0.0004765257
   -9.0500000000    0.0389161648    0.0004756710
   -9.0400000000    0.0388606272    0.0004748178
   -9.0300000000    0.0388051244    0.0004739662
   -9.0200000000    0.0387496562    0.0004731160
   -9.0100000000    0.0386942227    0.0004722675
   -9.0000000000    0.0386388236    0.0004714204
   -8.9900000000    0.0385834590    0.0004705748
   -8.9800000000    0.0385281287    0.0004697307
   -8.9700000000    0.0384728326    0.0004688882
   -8.9600000000    0.0384175706    0.0004680471
   -8.9500000000    0.0383623427    0.0004672075
   -8.9400000000    0.0383071487    0.0004663693
   -8.9300000000    0.0382519886    0.0004655326
   -8.9200000000    0.0381968622    0.0004646974
   -8.9100000000    0.0381417696    0.0004638637
   -8.9000000000    0.0380867105    0.0004630314
   -8.8900000000    0.0380316850    0.0004622005
   -8.8800000000    0.0379766928    0.0004613710
   -8.8700000000    0.0379217340    0.0004605430
   -8.8600000000    0.0378668084    0.0004597164
   -8.8500000000    0.0378119160    0.0004588912
   -8.8400000000    0.0377570566    0.0004580674
   -8.8300000000    0.0377022302    0.0004572451
   -8.8200000000    0.0376474367    0.0004564241
   -8.8100000000    0.0375926760    0.0004556045
   -8.8000000000    0.0375379480    0.0004547863
   -8.7900000000    0.0374832526    0.0004539694
   -8.7800000000    0.0374285898    0.0004531540
   -8.7700000000    0.0373739594    0.0004523398
   -8.7600000000    0.0373193614    0.0004515271
   -8.7500000000    0.0372647957    0.0004507157
   -8.7400000000    0.0372102622    0.0004499056
   -8.7300000000    0.0371557607    0.0004490969
   -8.7200000000    0.0371012913    0.0004482895
   -8.7100000000    0.0370468539    0.0004474835
   -8.7000000000    0.0369924483    0.0004466787
   -8.6900000000    0.0369380744    0.0004458753
   -8.6800000000    0.0368837323    0.0004450732
   -8.6700000000    0.0368294217    0.0004442723
   -8.6600000000    0.0367751427    0.0004434728
   -8.6500000000    0.0367208951    0.0004426746
   -8.6400000000    0.0366666789    0.0004418776
   -8.6300000000    0.0366124939    0.0004410820
   -8.6200000000    0.0365583401    0.0004402876
   -8.6100000000    0.0365042174    0.0004394944
   -8.6000000000    0.0364501257    0.0004387026
   -8.5900000000    0.0363960650    0.0004379119
   -8.5800000000    0.0363420351    0.0004371226
   -8.5700000000    0.0362880360    0.0004363344
   -8.5600000000    0.0362340675    0.0004355476
   -8.5500000000    0.0361801297    0.0004347619
   -8.5400000000    0.0361262224    0.0004339775
   -8.5300000000    0.0360723456    0.0004331942
   -8.5200000000    0.0360184991    0.0004324123
   -8.5100000000    0.0359646829    0.0004316315
   -8.5000000000    0.0359108969    0.0004308519
   -8.4900000000    0.0358571411    0.0004300735
   -8.4800000000    0.0358034152    0.0004292963
   -8.4700000000    0.0357497194    0.0004285203
   -8.4600000000    0.0356960534    0.0004277455
   -8.4500000000    0.0356424172    0.0004269718
   -8.4400000000    0.0355888107    0.0004261993
   -8.4300000000    0.0355352339    0.0004254280
   -8.4200000000    0.0354816867    0.0004246578
   -8.4100000000    0.0354281689    0.0004238888
   -8.4000000000    0.0353746805    0.0004231210
   -8.3900000000    0.0353212215    0.0004223543
   -8.3800000000    0.0352677917    0.0004215887
   -8.3700000000    0.0352143911    0.0004208242
   -8.3600000000    0.0351610196    0.0004200609
   -8.3500000000    0.0351076771    0.0004192987
   -8.3400000000    0.0350543635    0.0004185376
   -8.3300000000    0.0350010788    0.0004177777
   -8.3200000000    0.0349478229    0.0004170188
   -8.3100000000    0.0348945956    0.0004162610
   -8.3000000000    0.0348413970    0.0004155043
   -8.2900000000    0.0347882270    0.0004147488
   -8.2800000000    0.0347350854    0.0004139943
   -8.2700000000    0.0346819722    0.0004132408
   -8.2600000000    0.0346288873    0.0004124885
   -8.2500000000    0.0345758307    0.0004117372
   -8.2400000000    0.0345228023    0.0004109870
   -8.2300000000    0.0344698019    0.0004102378
   -8.2200000000    0.0344168296    0.0004094897
   -8.2100000000    0.0343638852    0.0004087427
   -8.2000000000    0.0343109686    0.0004079967
   -8.1900000000    0.0342580799    0.0004072517
   -8.1800000000    0.0342052188    0.0004065077
   -8.1700000000    0.0341523854    0.0004057648
   -8.1600000000    0.0340995796    0.0004050229
   -8.1500000000    0.0340468012    0.0004042821
   -8.1400000000    0.0339940503    0.0004035422
   -8.1300000000    0.0339413267    0.0004028033
   -8.1200000000    0.0338886303    0.0004020655
   -8.1100000000    0.0338359612    0.0004013286
   -8.1000000000    0.0337833192    0.0004005928
   -8.0900000000    0.0337307042    0.0003998579
   -8.0800000000    0.0336781162    0.0003991240
   -8.0700000000    0.0336255550    0.0003983911
   -8.0600000000    0.0335730207    0.0003976591
   -8.0500000000    0.0335205132    0.0003969282
   -8.0400000000    0.0334680323    0.0003961981
   -8.0300000000    0.0334155780    0.0003954691
   -8.0200000000    0.0333631503    0.0003947410
   -8.0100000000    0.0333107490    0.0003940138
   -8.0000000000    0.0332583741    0.0003932876
   -7.9900000000    0.0332060255    0.0003925624
   -7.9800000000    0.0331537031    0.0003918380
   -7.9700000000    0.0331014069    0.0003911146
   -7.9600000000    0.0330491368    0.0003903921
   -7.9500000000    0.0329968927    0.0003896706
   -7.9400000000    0.0329446745    0.0003889499
   -7.9300000000    0.0328924823    0.0003882302
   -7.9200000000    0.0328403158    0.0003875113
   -7.9100000000    0.0327881751    0.0003867934
   -7.9000000000    0.0327360600    0.0003860763
   -7.8900000000    0.0326839706    0.0003853602
   -7.8800000000    0.0326319066    0.0003846449
   -7.8700000000    0.0325798681    0.0003839305
   -7.8600000000    0.0325278550    0.0003832170
   -7.8500000000    0.0324758671    0.0003825044
   -7.8400000000    0.0324239045    0.0003817926
   -7.8300000000    0.0323719671    0.0003810817
   -7.8200000000    0.0323200548    0.0003803717
   -7.8100000000    0.0322681675    0.0003796625
   -7.8000000000    0.0322163051    0.0003789541
   -7.7900000000    0.0321644676    0.0003782466
   -7.7800000000    0.0321126549    0.0003775400
   -7.7700000000    0.0320608670    0.0003768342
   -7.7600000000    0.0320091038    0.0003761292
   -7.7500000000    0.0319573651    0.0003754250
   -7.7400000000    0.0319056510    0.0003747216
   -7.7300000000    0.0318539613    0.0003740191
   -7.7200000000    0.0318022961    0.0003733174
   -7.7100000000    0.0317506551    0.0003726164
   -7.7000000000    0.0316990384    0.0003719163
   -7.6900000000    0.0316474459    0.0003712170
   -7.6800000000    0.0315958775    0.0003705185
   -7.6700000000    0.0315443332    0.0003698208
   -7.6600000000    0.0314928128    0.0003691238
   -7.6500000000    0.0314413164    0.0003684276
   -7.6400000000    0.0313898438    0.0003677322
   -7.6300000000    0.0313383949    0.0003670376
   -7.6200000000    0.0312869698    0.0003663437
   -7.6100000000    0.0312355682    0.0003656507
   -7.6000000000    0.0311841903    0.0003649583
   -7.5900000000    0.0311328358    0.0003642667
   -7.5800000000    0.0310815048    0.0003635759
   -7.5700000000    0.0310301971    0.0003628858
   -7.5600000000    0.0309789128    0.0003621964
   -7.5500000000    0.0309276516    0.0003615078
   -7.5400000000    0.0308764136    0.0003608199
   -7.5300000000    0.0308251987    0.0003601327
   -7.5200000000    0.0307740068    0.0003594463
   -7.5100000000    0.0307228379    0.0003587605
   -7.5000000000    0.0306716918    0.0003580755
   -7.4900000000    0.0306205686    0.0003573912
   -7.4800000000    0.0305694681    0.0003567076
   -7.4700000000    0.0305183903    0.0003560247
   -7.4600000000    0.0304673351    0.0003553425
   -7.4500000000    0.0304163024    0.0003546610
   -7.4400000000    0.0303652922    0.0003539801
   -7.4300000000    0.0303143045    0.0003533000
   -7.4200000000    0.0302633391    0.0003526205
   -7.4100000000    0.0302123959    0.0003519417
   -7.4000000000    0.0301614750    0.0003512635
   -7.3900000000    0.0301105762    0.0003505860
   -7.3800000000    0.0300596995    0.0003499092
   -7.3700000000    0.0300088448    0.0003492330
   -7.3600000000    0.0299580121    0.0003485575
   -7.3500000000    0.0299072012    0.0003478826
   -7.3400000000    0.0298564121    0.0003472084
   -7.3300000000    0.0298056448    0.0003465348
   -7.3200000000    0.0297548992    0.0003458619
   -7.3100000000    0.0297041751    0.0003451895
   -7.3000000000    0.0296534726    0.0003445178
   -7.2900000000    0.0296027916    0.0003438467
   -7.2800000000    0.0295521320    0.0003431762
   -7.2700000000    0.0295014938    0.0003425064
   -7.2600000000    0.0294508768    0.0003418371
   -7.2500000000    0.0294002810    0.0003411684
   -7.2400000000    0.0293497064    0.0003405004
   -7.2300000000    0.0292991528    0.0003398329
   -7.2200000000    0.0292486203    0.0003391660
   -7.2100000000    0.0291981087    0.0003384997
   -7.2000000000    0.0291476180    0.0003378340
   -7.1900000000    0.0290971482    0.0003371688
   -7.1800000000    0.0290466990    0.0003365043
   -7.1700000000    0.0289962706    0.0003358403
   -7.1600000000    0.0289458627    0.0003351768
   -7.1500000000    0.0288954755    0.0003345139
   -7.1400000000    0.0288451087    0.0003338516
   -7.1300000000    0.0287947623    0.0003331898
   -7.1200000000    0.0287444363    0.0003325285
   -7.1100000000    0.0286941306    0.0003318678
   -7.1000000000    0.0286438451    0.0003312077
   -7.0900000000    0.0285935797    0.0003305480
   -7.0800000000    0.0285433345    0.0003298889
   -7.0700000000    0.0284931093    0.0003292303
   -7.0600000000    0.0284429040    0.0003285722
   -7.0500000000    0.0283927187    0.0003279147
   -7.0400000000    0.0283425532    0.0003272576
   -7.0300000000    0.0282924074    0.0003266010
   -7.0200000000    0.0282422813    0.0003259450
   -7.0100000000    0.0281921749    0.0003252894
   -7.0000000000    0.0281420881    0.0003246344
   -6.9900000000    0.0280920207    0.0003239798
   -6.9800000000    0.0280419728    0.0003233257
   -6.9700000000    0.0279919443    0.0003226721
   -6.9600000000    0.0279419350    0.0003220189
   -6.9500000000    0.0278919451    0.0003213662
   -6.9400000000    0.0278419743    0.0003207140
   -6.9300000000    0.0277920226    0.0003200622
   -6.9200000000    0.0277420899    0.0003194109
   -6.9100000000    0.0276921763    0.0003187601
   -6.9000000000    0.0276422815    0.0003181097
   -6.8900000000    0.0275924057    0.0003174597
   -6.8800000000    0.0275425486    0.0003168102
   -6.8700000000    0.0274927102    0.0003161611
   -6.8600000000    0.0274428905    0.0003155124
   -6.8500000000    0.0273930893    0.0003148642
   -6.8400000000    0.0273433067    0.0003142163
   -6.8300000000    0.0272935426    0.0003135689
   -6.8200000000    0.0272437968    0.0003129219
   -6.8100000000    0.0271940694    0.0003122753
   -6.8000000000    0.0271443603    0.0003116291
   -6.7900000000    0.0270946693    0.0003109833
   -6.7800000000    0.0270449965    0.0003103379
   -6.7700000000    0.0269953418    0.0003096929
   -6.7600000000    0.0269457051    0.0003090482
   -6.7500000000    0.0268960863    0.0003084040
   -6.7400000000    0.0268464854    0.0003077601
   -6.7300000000    0.0267969022    0.0003071165
   -6.7200000000    0.0267473369    0.0003064734
   -6.7100000000    0.0266977892    0.0003058306
   -6.7000000000    0.0266482591    0.0003051881
   -6.6900000000    0.0265987466    0.0003045460
   -6.6800000000    0.0265492516    0.0003039043
   -6.6700000000    0.0264997739    0.0003032629
   -6.6600000000    0.0264503137    0.0003026218
   -6.6500000000    0.0264008707    0.0003019810
   -6.6400000000    0.0263514449    0.0003013406
   -6.6300000000    0.0263020363    0.0003007005
   -6.6200000000    0.0262526448    0.0003000607
   -6.6100000000    0.0262032704    0.0002994213
   -6.6000000000    0.0261539128    0.0002987821
   -6.5900000000    0.0261045722    0.0002981432
   -6.5800000000    0.0260552484    0.0002975047
   -6.5700000000    0.0260059414    0.0002968664
   -6.5600000000    0.0259566510    0.0002962284
   -6.5500000000    0.0259073773    0.0002955907
   -6.5400000000    0.0258581202    0.0002949533
   -6.5300000000    0.0258088796    0.0002943162
   -6.5200000000    0.0257596554    0.0002936793
   -6.5100000000    0.0257104475    0.0002930427
   -6.5000000000    0.0256612560    0.0002924063
   -6.4900000000    0.0256120807    0.0002917702
   -6.4800000000    0.0255629216    0.0002911344
   -6.4700000000    0.0255137786    0.0002904987
   -6.4600000000    0.0254646516    0.0002898634
   -6.4500000000    0.0254155406    0.0002892283
   -6.4400000000    0.0253664455    0.0002885933
   -6.4300000000    0.0253173663    0.0002879587
   -6.4200000000    0.0252683028    0.0002873242
   -6.4100000000    0.0252192550    0.0002866900
   -6.4000000000    0.0251702229    0.0002860559
   -6.3900000000    0.0251212064    0.0002854221
   -6.3800000000    0.0250722053    0.0002847885
   -6.3700000000    0.0250232197    0.0002841550
   -6.3600000000    0.0249742495    0.0002835218
   -6.3500000000    0.0249252946    0.0002828887
   -6.3400000000    0.0248763549    0.0002822559
   -6.3300000000    0.0248274305    0.0002816231
   -6.3200000000    0.0247785211    0.0002809906
   -6.3100000000    0.0247296268    0.0002803582
   -6.3000000000    0.0246807474    0.0002797260
   -6.2900000000    0.0246318830    0.0002790939
   -6.2800000000    0.0245830334    0.0002784620
   -6.2700000000    0.0245341985    0.0002778303
   -6.2600000000    0.0244853784    0.0002771986
   -6.2500000000    0.0244365729    0.0002765671
   -6.2400000000    0.0243877820    0.0002759357
   -6.2300000000    0.0243390056    0.0002753045
   -6.2200000000    0.0242902436    0.0002746734
   -6.2100000000    0.0242414960    0.0002740423
   -6.2000000000    0.0241927628    0.0002734114
   -6.1900000000    0.0241440437    0.0002727806
   -6.1800000000    0.0240953388    0.0002721499
   -6.1700000000    0.0240466480    0.0002715192
   -6.1600000000    0.0239979712    0.0002708887
   -6.1500000000    0.0239493084    0.0002702582
   -6.1400000000    0.0239006595    0.0002696278
   -6.1300000000    0.0238520244    0.0002689975
   -6.1200000000    0.0238034031    0.0002683672
   -6.1100000000    0.0237547955    0.0002677370
   -6.1000000000    0.0237062015    0.0002671068
   -6.0900000000    0.0236576210    0.0002664767
   -6.0800000000    0.0236090540    0.0002658466
   -6.0700000000    0.0235605004    0.0002652165
   -6.0600000000    0.0235119602    0.0002645865
   -6.0500000000    0.0234634332    0.0002639565
   -6.0400000000    0.0234149195    0.0002633265
   -6.0300000000    0.0233664189    0.0002626966
   -6.0200000000    0.0233179313    0.0002620666
   -6.0100000000    0.0232694568    0.0002614366
   -6.0000000000    0.0232209951    0.0002608066
   -5.9900000000    0.0231725463    0.0002601767
   -5.9800000000    0.0231241104    0.0002595466
   -5.9700000000    0.0230756871    0.0002589166
   -5.9600000000    0.0230272765    0.0002582865
   -5.9500000000    0.0229788784    0.0002576564
   -5.9400000000    0.0229304929    0.0002570263
   -5.9300000000    0.0228821197    0.0002563961
   -5.9200000000    0.0228337590    0.0002557659
   -5.9100000000    0.0227854105    0.0002551355
   -5.9000000000    0.0227370743    0.0002545052
   -5.8900000000    0.0226887502    0.0002538747
   -5.8800000000    0.0226404382    0.0002532442
   -5.8700000000    0.0225921382    0.0002526136
   -5.8600000000    0.0225438501    0.0002519828
   -5.8500000000    0.0224955739    0.0002513520
   -5.8400000000    0.0224473094    0.0002507211
   -5.8300000000    0.0223990567    0.0002500901
   -5.8200000000    0.0223508157    0.0002494589
   -5.8100000000    0.0223025862    0.0002488277
   -5.8000000000    0.0222543682    0.0002481963
   -5.7900000000    0.0222061616    0.0002475647
   -5.7800000000    0.0221579664    0.0002469330
   -5.7700000000    0.0221097825    0.0002463012
   -5.7600000000    0.0220616098    0.0002456692
   -5.7500000000    0.0220134482    0.0002450371
   -5.7400000000    0.0219652976    0.0002444047
   -5.7300000000    0.0219171581    0.0002437722
   -5.7200000000    0.0218690295    0.0002431395
   -5.7100000000    0.0218209117    0.0002425066
   -5.7000000000    0.0217728046    0.0002418736
   -5.6900000000    0.0217247083    0.0002412403
   -5.6800000000    0.0216766226    0.0002406068
   -5.6700000000    0.0216285474    0.0002399731
   -5.6600000000    0.0215804826    0.0002393391
   -5.6500000000    0.0215324283    0.0002387049
   -5.6400000000    0.0214843843    0.0002380705
   -5.6300000000    0.0214363505    0.0002374358
   -5.6200000000    0.0213883268    0.0002368009
   -5.6100000000    0.0213403133    0.0002361657
   -5.6000000000    0.0212923097    0.0002355303
   -5.5900000000    0.0212443161    0.0002348946
   -5.5800000000    0.0211963323    0.0002342585
   -5.5700000000    0.0211483584    0.0002336222
   -5.5600000000    0.0211003941    0.0002329856
   -5.5500000000    0.0210524394    0.0002323487
   -5.5400000000    0.0210044943    0.0002317115
   -5.5300000000    0.0209565586    0.0002310739
   -5.5200000000    0.0209086323    0.0002304360
   -5.5100000000    0.0208607154    0.0002297978
   -5.5000000000    0.0208128076    0.0002291592
   -5.4900000000    0.0207649090    0.0002285203
   -5.4800000000    0.0207170195    0.0002278810
   -5.4700000000    0.0206691390    0.0002272414
   -5.4600000000    0.0206212674    0.0002266014
   -5.4500000000    0.0205734046    0.0002259609
   -5.4400000000    0.0205255506    0.0002253201
   -5.4300000000    0.0204777052    0.0002246789
   -5.4200000000    0.0204298684    0.0002240373
   -5.4100000000    0.0203820402    0.0002233952
   -5.4000000000    0.0203342203    0.0002227528
   -5.3900000000    0.0202864088    0.0002221099
   -5.3800000000    0.0202386056    0.0002214665
   -5.3700000000    0.0201908106    0.0002208227
   -5.3600000000    0.0201430236    0.0002201785
   -5.3500000000    0.0200952447    0.0002195337
   -5.3400000000    0.0200474737    0.0002188885
   -5.3300000000    0.0199997105    0.0002182428
   -5.3200000000    0.0199519552    0.0002175966
   -5.3100000000    0.0199042075    0.0002169499
   -5.3000000000    0.0198564674    0.0002163027
   -5.2900000000    0.0198087348    0.0002156550
   -5.2800000000    0.0197610096    0.0002150067
   -5.2700000000    0.0197132918    0.0002143579
   -5.2600000000    0.0196655812    0.0002137085
   -5.2500000000    0.0196178779    0.0002130586
   -5.2400000000    0.0195701815    0.0002124081
   -5.2300000000    0.0195224922    0.0002117570
   -5.2200000000    0.0194748099    0.0002111054
   -5.2100000000    0.0194271343    0.0002104531
   -5.2000000000    0.0193794655    0.0002098003
   -5.1900000000    0.0193318033    0.0002091468
   -5.1800000000    0.0192841477    0.0002084927
   -5.1700000000    0.0192364985    0.0002078379
   -5.1600000000    0.0191888558    0.0002071825
   -5.1500000000    0.0191412193    0.0002065264
   -5.1400000000    0.0190935890    0.0002058697
   -5.1300000000    0.0190459649    0.0002052123
   -5.1200000000    0.0189983468    0.0002045542
   -5.1100000000    0.0189507346    0.0002038954
   -5.1000000000    0.0189031282    0.0002032359
   -5.0900000000    0.0188555276    0.0002025757
   -5.0800000000    0.0188079327    0.0002019148
   -5.0700000000    0.0187603433    0.0002012531
   -5.0600000000    0.0187127594    0.0002005906
   -5.0500000000    0.0186651809    0.0001999274
   -5.0400000000    0.0186176077    0.0001992634
   -5.0300000000    0.0185700397    0.0001985987
   -5.0200000000    0.0185224767    0.0001979331
   -5.0100000000    0.0184749188    0.0001972667
   -5.0000000000    0.0184273658    0.0001965995
   -4.9900000000    0.0183798176    0.0001959315
   -4.9800000000    0.0183322741    0.0001952627
   -4.9700000000    0.0182847352    0.0001945929
   -4.9600000000    0.0182372009    0.0001939224
   -4.9500000000    0.0181896709    0.0001932509
   -4.9400000000    0.0181421453    0.0001925785
   -4.9300000000    0.0180946240    0.0001919053
   -4.9200000000    0.0180471067    0.0001912311
   -4.9100000000    0.0179995935    0.0001905560
   -4.9000000000    0.0179520843    0.0001898800
   -4.8900000000    0.0179045788    0.0001892030
   -4.8800000000    0.0178570771    0.0001885250
   -4.8700000000    0.0178095790    0.0001878461
   -4.8600000000    0.0177620845    0.0001871662
   -4.8500000000    0.0177145934    0.0001864853
   -4.8400000000    0.0176671056    0.0001858033
   -4.8300000000    0.0176196210    0.0001851204
   -4.8200000000    0.0175721395    0.0001844364
   -4.8100000000    0.0175246610    0.0001837513
   -4.8000000000    0.0174771855    0.0001830652
   -4.7900000000    0.0174297127    0.0001823779
   -4.7800000000    0.0173822427    0.0001816896
   -4.7700000000    0.0173347752    0.0001810002
   -4.7600000000    0.0172873102    0.0001803096
   -4.7500000000    0.0172398476    0.0001796180
   -4.7400000000    0.0171923872    0.0001789251
   -4.7300000000    0.0171449290    0.0001782311
   -4.7200000000    0.0170974729    0.0001775359
   -4.7100000000    0.0170500187    0.0001768395
   -4.7000000000    0.0170025663    0.0001761419
   -4.6900000000    0.0169551156    0.0001754431
   -4.6800000000    0.0169076665    0.0001747430
   -4.6700000000    0.0168602190    0.0001740417
   -4.6600000000    0.0168127727    0.0001733391
   -4.6500000000    0.0167653278    0.0001726352
   -4.6400000000    0.0167178840    0.0001719300
   -4.6300000000    0.0166704412    0.0001712235
   -4.6200000000    0.0166229994    0.0001705156
   -4.6100000000    0.0165755584    0.0001698064
   -4.6000000000    0.0165281180    0.0001690958
   -4.5900000000    0.0164806782    0.0001683838
   -4.5800000000    0.0164332389    0.0001676705
   -4.5700000000    0.0163857999    0.0001669557
   -4.5600000000    0.0163383610    0.0001662395
   -4.5500000000    0.0162909223    0.0001655218
   -4.5400000000    0.0162434836    0.0001648026
   -4.5300000000    0.0161960447    0.0001640820
   -4.5200000000    0.0161486055    0.0001633598
   -4.5100000000    0.0161011659    0.0001626362
   -4.5000000000    0.0160537258    0.0001619110
   -4.4900000000    0.0160062851    0.0001611842
   -4.4800000000    0.0159588435    0.0001604558
   -4.4700000000    0.0159114011    0.0001597259
   -4.4600000000    0.0158639576    0.0001589943
   -4.4500000000    0.0158165130    0.0001582611
   -4.4400000000    0.0157690671    0.0001575263
   -4.4300000000    0.0157216198    0.0001567897
   -4.4200000000    0.0156741709    0.0001560515
   -4.4100000000    0.0156267203    0.0001553116
   -4.4000000000    0.0155792680    0.0001545699
   -4.3900000000    0.0155318137    0.0001538264
   -4.3800000000    0.0154843573    0.0001530812
   -4.3700000000    0.0154368987    0.0001523342
   -4.3600000000    0.0153894377    0.0001515854
   -4.3500000000    0.0153419743    0.0001508348
   -4.3400000000    0.0152945083    0.0001500823
   -4.3300000000    0.0152470394    0.0001493279
   -4.3200000000    0.0151995677    0.0001485716
   -4.3100000000    0.0151520930    0.0001478134
   -4.3000000000    0.0151046150    0.0001470532
   -4.2900000000    0.0150571337    0.0001462911
   -4.2800000000    0.0150096490    0.0001455269
   -4.2700000000    0.0149621607    0.0001447608
   -4.2600000000    0.0149146686    0.0001439926
   -4.2500000000    0.0148671725    0.0001432224
   -4.2400000000    0.0148196725    0.0001424501
   -4.2300000000    0.0147721682    0.0001416756
   -4.2200000000    0.0147246596    0.0001408991
   -4.2100000000    0.0146771465    0.0001401204
   -4.2000000000    0.0146296287    0.0001393394
   -4.1900000000    0.0145821062    0.0001385563
   -4.1800000000    0.0145345786    0.0001377710
   -4.1700000000    0.0144870460    0.0001369834
   -4.1600000000    0.0144395081    0.0001361935
   -4.1500000000    0.0143919648    0.0001354013
   -4.1400000000    0.0143444159    0.0001346067
   -4.1300000000    0.0142968612    0.0001338098
   -4.1200000000    0.0142493007    0.0001330105
   -4.1100000000    0.0142017340    0.0001322088
   -4.1000000000    0.0141541612    0.0001314047
   -4.0900000000    0.0141065819    0.0001305980
   -4.0800000000    0.0140589961    0.0001297889
   -4.0700000000    0.0140114036    0.0001289772
   -4.0600000000    0.0139638042    0.0001281630
   -4.0500000000    0.0139161977    0.0001273462
   -4.0400000000    0.0138685840    0.0001265267
   -4.0300000000    0.0138209629    0.0001257046
   -4.0200000000    0.0137733342    0.0001248799
   -4.0100000000    0.0137256977    0.0001240524
   -4.0000000000    0.0136780534    0.0001232221
   -3.9900000000    0.0136304009    0.0001223891
   -3.9800000000    0.0135827401    0.0001215533
   -3.9700000000    0.0135350709    0.0001207147
   -3.9600000000    0.0134873930    0.0001198732
   -3.9500000000    0.0134397063    0.0001190287
   -3.9400000000    0.0133920106    0.0001181814
   -3.9300000000    0.0133443057    0.0001173310
   -3.9200000000    0.0132965914    0.0001164777
   -3.9100000000    0.0132488675    0.0001156213
   -3.9000000000    0.0132011339    0.0001147619
   -3.8900000000    0.0131533903    0.0001138993
   -3.8800000000    0.0131056366    0.0001130336
   -3.8700000000    0.0130578725    0.0001121647
   -3.8600000000    0.0130100978    0.0001112926
   -3.8500000000    0.0129623125    0.0001104172
   -3.8400000000    0.0129145161    0.0001095385
   -3.8300000000    0.0128667087    0.0001086565
   -3.8200000000    0.0128188898    0.0001077712
   -3.8100000000    0.0127710595    0.0001068824
   -3.8000000000    0.0127232174    0.0001059901
   -3.7900000000    0.0126753633    0.0001050944
   -3.7800000000    0.0126274970    0.0001041951
   -3.7700000000    0.0125796183    0.0001032923
   -3.7600000000    0.0125317270    0.0001023858
   -3.7500000000    0.0124838229    0.0001014757
   -3.7400000000    0.0124359058    0.0001005619
   -3.7300000000    0.0123879754    0.0000996444
   -3.7200000000    0.0123400315    0.0000987230
   -3.7100000000    0.0122920739    0.0000977979
   -3.7000000000    0.0122441024    0.0000968688
   -3.6900000000    0.0121961167    0.0000959358
   -3.6800000000    0.0121481166    0.0000949989
   -3.6700000000    0.0121001019    0.0000940579
   -3.6600000000    0.0120520723    0.0000931129
   -3.6500000000    0.0120040277    0.0000921638
   -3.6400000000    0.0119559677    0.0000912105
   -3.6300000000    0.0119078921    0.0000902530
   -3.6200000000    0.0118598007    0.0000892913
   -3.6100000000    0.0118116933    0.0000883252
   -3.6000000000    0.0117635695    0.0000873548
   -3.5900000000    0.0117154292    0.0000863799
   -3.5800000000    0.0116672721    0.0000854006
   -3.5700000000    0.0116190979    0.0000844168
   -3.5600000000    0.0115709064    0.0000834284
   -3.5500000000    0.0115226973    0.0000824354
   -3.5400000000    0.0114744704    0.0000814377
   -3.5300000000    0.0114262254    0.0000804352
   -3.5200000000    0.0113779619    0.0000794280
   -3.5100000000    0.0113296799    0.0000784159
   -3.5000000000    0.0112813789    0.0000773989
   -3.4900000000    0.0112330587    0.0000763769
   -3.4800000000    0.0111847191    0.0000753499
   -3.4700000000    0.0111363597    0.0000743178
   -3.4600000000    0.0110879803    0.0000732805
   -3.4500000000    0.0110395806    0.0000722381
   -3.4400000000    0.0109911603    0.0000711903
   -3.4300000000    0.0109427190    0.0000701372
   -3.4200000000    0.0108942566    0.0000690787
   -3.4100000000    0.0108457727    0.0000680147
   -3.4000000000    0.0107972670    0.0000669451
   -3.3900000000    0.0107487392    0.0000658700
   -3.3800000000    0.0107001890    0.0000647891
   -3.3700000000    0.0106516162    0.0000637025
   -3.3600000000    0.0106030203    0.0000626101
   -3.3500000000    0.0105544010    0.0000615118
   -3.3400000000    0.0105057581    0.0000604075
   -3.3300000000    0.0104570912    0.0000592972
   -3.3200000000    0.0104084001    0.0000581808
   -3.3100000000    0.0103596843    0.0000570581
   -3.3000000000    0.0103109435    0.0000559292
   -3.2900000000    0.0102621774    0.0000547939
   -3.2800000000    0.0102133857    0.0000536522
   -3.2700000000    0.0101645680    0.0000525040
   -3.2600000000    0.0101157240    0.0000513492
   -3.2500000000    0.0100668533    0.0000501877
   -3.2400000000    0.0100179556    0.0000490195
   -3.2300000000    0.0099690304    0.0000478444
   -3.2200000000    0.0099200776    0.0000466623
   -3.2100000000    0.0098710966    0.0000454733
   -3.2000000000    0.0098220871    0.0000442771
   -3.1900000000    0.0097730487    0.0000430737
   -3.1800000000    0.0097239811    0.0000418630
   -3.1700000000    0.0096748839    0.0000406449
   -3.1600000000    0.0096257567    0.0000394194
   -3.1500000000    0.0095765990    0.0000381862
   -3.1400000000    0.0095274106    0.0000369454
   -3.1300000000    0.0094781910    0.0000356968
   -3.1200000000    0.0094289397    0.0000344403
   -3.1100000000    0.0093796565    0.0000331758
   -3.1000000000    0.0093303408    0.0000319032
   -3.0900000000    0.0092809923    0.0000306224
   -3.0800000000    0.0092316105    0.0000293333
   -3.0700000000    0.0091821951    0.0000280358
   -3.0600000000    0.0091327455    0.0000267298
   -3.0500000000    0.0090832614    0.0000254151
   -3.0400000000    0.0090337422    0.0000240917
   -3.0300000000    0.0089841876    0.0000227594
   -3.0200000000    0.0089345971    0.0000214182
   -3.0100000000    0.0088849702    0.0000200678
   -3.0000000000    0.0088353066    0.0000187081
   -2.9900000000    0.0087856056    0.0000173392
   -2.9800000000    0.0087358668    0.0000159607
   -2.9700000000    0.0086860898    0.0000145726
   -2.9600000000    0.0086362741    0.0000131748
   -2.9500000000    0.0085864191    0.0000117672
   -2.9400000000    0.0085365244    0.0000103495
   -2.9300000000    0.0084865894    0.0000089216
   -2.9200000000    0.0084366138    0.0000074835
   -2.9100000000    0.0083865968    0.0000060350
   -2.9000000000    0.0083365381    0.0000045759
   -2.8900000000    0.0082864371    0.0000031060
   -2.8800000000    0.0082362932    0.0000016254
   -2.8700000000    0.0081861060    0.0000001337
   -2.8600000000    0.0081358748   -0.0000013692
   -2.8500000000    0.0080855991   -0.0000028834
   -2.8400000000    0.0080352784   -0.0000044090
   -2.8300000000    0.0079849120   -0.0000059464
   -2.8200000000    0.0079344994   -0.0000074955
   -2.8100000000    0.0078840401   -0.0000090566
   -2.8000000000    0.0078335334   -0.0000106298
   -2.7900000000    0.0077829787   -0.0000122153
   -2.7800000000    0.0077323754   -0.0000138134
   -2.7700000000    0.0076817229   -0.0000154241
   -2.7600000000    0.0076310206   -0.0000170476
   -2.7500000000    0.0075802678   -0.0000186842
   -2.7400000000    0.0075294639   -0.0000203340
   -2.7300000000    0.0074786083   -0.0000219973
   -2.7200000000    0.0074277003   -0.0000236741
   -2.7100000000    0.0073767393   -0.0000253648
   -2.7000000000    0.0073257245   -0.0000270694
   -2.6900000000    0.0072746553   -0.0000287883
   -2.6800000000    0.0072235310   -0.0000305216
   -2.6700000000    0.0071723508   -0.0000322695
   -2.6600000000    0.0071211142   -0.0000340323
   -2.6500000000    0.0070698203   -0.0000358102
   -2.6400000000    0.0070184684   -0.0000376033
   -2.6300000000    0.0069670579   -0.0000394120
   -2.6200000000    0.0069155878   -0.0000412365
   -2.6100000000    0.0068640576   -0.0000430769
   -2.6000000000    0.0068124664   -0.0000449336
   -2.5900000000    0.0067608134   -0.0000468067
   -2.5800000000    0.0067090978   -0.0000486966
   -2.5700000000    0.0066573189   -0.0000506035
   -2.5600000000    0.0066054757   -0.0000525276
   -2.5500000000    0.0065535676   -0.0000544692
   -2.5400000000    0.0065015937   -0.0000564286
   -2.5300000000    0.0064495530   -0.0000584061
   -2.5200000000    0.0063974448   -0.0000604019
   -2.5100000000    0.0063452682   -0.0000624163
   -2.5000000000    0.0062930222   -0.0000644496
   -2.4900000000    0.0062407061   -0.0000665021
   -2.4800000000    0.0061883188   -0.0000685741
   -2.4700000000    0.0061358594   -0.0000706660
   -2.4600000000    0.0060833271   -0.0000727779
   -2.4500000000    0.0060307209   -0.0000749103
   -2.4400000000    0.0059780397   -0.0000770635
   -2.4300000000    0.0059252827   -0.0000792378
   -2.4200000000    0.0058724487   -0.0000814335
   -2.4100000000    0.0058195369   -0.0000836510
   -2.4000000000    0.0057665462   -0.0000858907
   -2.3900000000    0.0057134755   -0.0000881528
   -2.3800000000    0.0056603238   -0.0000904378
   -2.3700000000    0.0056070900   -0.0000927460
   -2.3600000000    0.0055537730   -0.0000950779
   -2.3500000000    0.0055003718   -0.0000974337
   -2.3400000000    0.0054468852   -0.0000998140
   -2.3300000000    0.0053933120   -0.0001022190
   -2.3200000000    0.0053396512   -0.0001046493
   -2.3100000000    0.0052859014   -0.0001071052
   -2.3000000000    0.0061192179    0.0014485851
   -2.2900000000    0.0051781306   -0.0001120957
   -2.2800000000    0.0051241070   -0.0001146311
   -2.2700000000    0.0050699897   -0.0001171940
   -2.2600000000    0.0050157774   -0.0001197847
   -2.2500000000    0.0049614688   -0.0001224038
   -2.2400000000    0.0049070625   -0.0001250517
   -2.2300000000    0.0048525574   -0.0001277289
   -2.2200000000    0.0047979519   -0.0001304360
   -2.2100000000    0.0047432447   -0.0001331735
   -2.2000000000    0.0046884344   -0.0001359418
   -2.1900000000    0.0046335197   -0.0001387416
   -2.1800000000    0.0045784990   -0.0001415734
   -2.1700000000    0.0045233710   -0.0001444377
   -2.1600000000    0.0044681340   -0.0001473351
   -2.1500000000    0.0044127867   -0.0001502663
   -2.1400000000    0.0043573274   -0.0001532317
   -2.1300000000    0.0043017546   -0.0001562321
   -2.1200000000    0.0042460667   -0.0001592681
   -2.1100000000    0.0041902620   -0.0001623402
   -2.1000000000    0.0041343391   -0.0001654492
   -2.0900000000    0.0040782960   -0.0001685958
   -2.0800000000    0.0040221313   -0.0001717805
   -2.0700000000    0.0039658430   -0.0001750042
   -2.0600000000    0.0039094295   -0.0001782675
   -2.0500000000    0.0038528890   -0.0001815712
   -2.0400000000    0.0037962197   -0.0001849160
   -2.0300000000    0.0037394196   -0.0001883027
   -2.0200000000    0.0036824870   -0.0001917321
   -2.0100000000    0.0036254198   -0.0001952050
   -2.0000000000    0.0035682161   -0.0001987222
   -1.9900000000    0.0035108741   -0.0002022845
   -1.9800000000    0.0034533915   -0.0002058929
   -1.9700000000    0.0033957664   -0.0002095482
   -1.9600000000    0.0033379966   -0.0002132512
   -1.9500000000    0.0032800801   -0.0002170031
   -1.9400000000    0.0032220146   -0.0002208046
   -1.9300000000    0.0031637979   -0.0002246567
   -1.9200000000    0.0031054279   -0.0002285605
   -1.9100000000    0.0030469021   -0.0002325170
   -1.9000000000    0.0029882182   -0.0002365272
   -1.8900000000    0.0029293739   -0.0002405922
   -1.8800000000    0.0028703668   -0.0002447131
   -1.8700000000    0.0028111943   -0.0002488910
   -1.8600000000    0.0027518540   -0.0002531270
   -1.8500000000    0.0026923432   -0.0002574224
   -1.8400000000    0.0026326594   -0.0002617783
   -1.8300000000    0.0025728000   -0.0002661961
   -1.8200000000    0.0025127621   -0.0002706769
   -1.8100000000    0.0024525430   -0.0002752220
   -1.8000000000    0.0023921399   -0.0002798329
   -1.7900000000    0.0023315499   -0.0002845109
   -1.7800000000    0.0022707702   -0.0002892574
   -1.7700000000    0.0022097976   -0.0002940738
   -1.7600000000    0.0021486292   -0.0002989616
   -1.7500000000    0.0020872618   -0.0003039224
   -1.7400000000    0.0020256923   -0.0003089577
   -1.7300000000    0.0019639174   -0.0003140691
   -1.7200000000    0.0019019338   -0.0003192582
   -1.7100000000    0.0018397383   -0.0003245269
   -1.7000000000    0.0017773273   -0.0003298767
   -1.6900000000    0.0017146973   -0.0003353095
   -1.6800000000    0.0016518447   -0.0003408271
   -1.6700000000    0.0015887660   -0.0003464315
   -1.6600000000    0.0015254574   -0.0003521244
   -1.6500000000    0.0014619151   -0.0003579080
   -1.6400000000    0.0013981351   -0.0003637843
   -1.6300000000    0.0013341137   -0.0003697553
   -1.6200000000    0.0012698466   -0.0003758233
   -1.6100000000    0.0012053298   -0.0003819904
   -1.6000000000    0.0011405590   -0.0003882590
   -1.5900000000    0.0010755300   -0.0003946314
   -1.5800000000    0.0010102383   -0.0004011100
   -1.5700000000    0.0009446795   -0.0004076974
   -1.5600000000    0.0008788490   -0.0004143960
   -1.5500000000    0.0008127420   -0.0004212085
   -1.5400000000    0.0007463538   -0.0004281377
   -1.5300000000    0.0006796794   -0.0004351862
   -1.5200000000    0.0006127139   -0.0004423571
   -1.5100000000    0.0005454522   -0.0004496533
   -1.5000000000    0.0004778889   -0.0004570778
   -1.4900000000    0.0004100189   -0.0004646338
   -1.4800000000    0.0003418365   -0.0004723245
   -1.4700000000    0.0002733362   -0.0004801533
   -1.4600000000    0.0002045122   -0.0004881235
   -1.4500000000    0.0001353588   -0.0004962389
   -1.4400000000    0.0000658699   -0.0005045030
   -1.4300000000   -0.0000039606   -0.0005129196
   -1.4200000000   -0.0000741390   -0.0005214926
   -1.4100000000   -0.0001446716   -0.0005302261
   -1.4000000000   -0.0002155651   -0.0005391241
   -1.3900000000   -0.0002868262   -0.0005481911
   -1.3800000000   -0.0003584617   -0.0005574313
   -1.3700000000   -0.0004304786   -0.0005668494
   -1.3600000000   -0.0005028843   -0.0005764501
   -1.3500000000   -0.0005756861   -0.0005862382
   -1.3400000000   -0.0006488914   -0.0005962189
   -1.3300000000   -0.0007225082   -0.0006063972
   -1.3200000000   -0.0007965443   -0.0006167786
   -1.3100000000   -0.0008710078   -0.0006273687
   -1.3000000000   -0.0009459070   -0.0006381731
   -1.2900000000   -0.0010212506   -0.0006491979
   -1.2800000000   -0.0010970472   -0.0006604492
   -1.2700000000   -0.0011733057   -0.0006719333
   -1.2600000000   -0.0012500355   -0.0006836569
   -1.2500000000   -0.0013272459   -0.0006956267
   -1.2400000000   -0.0014049465   -0.0007078498
   -1.2300000000   -0.0014831472   -0.0007203336
   -1.2200000000   -0.0015618583   -0.0007330855
   -1.2100000000   -0.0016410901   -0.0007461135
   -1.2000000000   -0.0017208533   -0.0007594257
   -1.1900000000   -0.0018011589   -0.0007730305
   -1.1800000000   -0.0018820181   -0.0007869366
   -1.1700000000   -0.0019634424   -0.0008011531
   -1.1600000000   -0.0020454437   -0.0008156894
   -1.1500000000   -0.0021280342   -0.0008305553
   -1.1400000000   -0.0022112263   -0.0008457609
   -1.1300000000   -0.0022950329   -0.0008613166
   -1.1200000000   -0.0023794670   -0.0008772335
   -1.1100000000   -0.0024645422   -0.0008935228
   -1.1000000000   -0.0025502724   -0.0009101963
   -1.0900000000   -0.0026366718   -0.0009272663
   -1.0800000000   -0.0027237550   -0.0009447455
   -1.0700000000   -0.0028115371   -0.0009626470
   -1.0600000000   -0.0029000335   -0.0009809848
   -1.0500000000   -0.0029892601   -0.0009997730
   -1.0400000000   -0.0030792331   -0.0010190266
   -1.0300000000   -0.0031699694   -0.0010387610
   -1.0200000000   -0.0032614861   -0.0010589925
   -1.0100000000   -0.0033538010   -0.0010797379
   -1.0000000000   -0.0034469323   -0.0011010146
   -0.9900000000   -0.0035408986   -0.0011228409
   -0.9800000000   -0.0036357192   -0.0011452360
   -0.9700000000   -0.0037314139   -0.0011682195
   -0.9600000000   -0.0038280030   -0.0011918123
   -0.9500000000   -0.0039255074   -0.0012160360
   -0.9400000000   -0.0040239487   -0.0012409130
   -0.9300000000   -0.0041233489   -0.0012664671
   -0.9200000000   -0.0042237307   -0.0012927228
   -0.9100000000   -0.0043251177   -0.0013197058
   -0.9000000000   -0.0044275338   -0.0013474430
   -0.8900000000   -0.0045310039   -0.0013759625
   -0.8800000000   -0.0046355533   -0.0014052938
   -0.8700000000   -0.0047412082   -0.0014354676
   -0.8600000000   -0.0048479956   -0.0014665160
   -0.8500000000   -0.0049559432   -0.0014984729
   -0.8400000000   -0.0050650795   -0.0015313736
   -0.8300000000   -0.0051754338   -0.0015652550
   -0.8200000000   -0.0052870362   -0.0016001561
   -0.8100000000   -0.0053999176   -0.0016361175
   -0.8000000000   -0.0055141100   -0.0016731819
   -0.7900000000   -0.0056296461   -0.0017113941
   -0.7800000000   -0.0057465595   -0.0017508013
   -0.7700000000   -0.0058648848   -0.0017914527
   -0.7600000000   -0.0059846574   -0.0018334005
   -0.7500000000   -0.0061059140   -0.0018766992
   -0.7400000000   -0.0062286919   -0.0019214062
   -0.7300000000   -0.0063530296   -0.0019675819
   -0.7200000000   -0.0064789666   -0.0020152900
   -0.7100000000   -0.0066065431   -0.0020645974
   -0.7000000000   -0.0067358008   -0.0021155747
   -0.6900000000   -0.0068667821   -0.0021682962
   -0.6800000000   -0.0069995304   -0.0022228403
   -0.6700000000   -0.0071340902   -0.0022792897
   -0.6600000000   -0.0072705069   -0.0023377318
   -0.6500000000   -0.0074088271   -0.0023982586
   -0.6400000000   -0.0075490979   -0.0024609675
   -0.6300000000   -0.0076913677   -0.0025259614
   -0.6200000000   -0.0078356856   -0.0025933489
   -0.6100000000   -0.0079821013   -0.0026632452
   -0.6000000000   -0.0081306655   -0.0027357718
   -0.5900000000   -0.0082814294   -0.0028110577
   -0.5800000000   -0.0084344446   -0.0028892394
   -0.5700000000   -0.0085897632   -0.0029704613
   -0.5600000000   -0.0087474375   -0.0030548770
   -0.5500000000   -0.0089075197   -0.0031426489
   -0.5400000000   -0.0090700621   -0.0032339495
   -0.5300000000   -0.0092351162   -0.0033289620
   -0.5200000000   -0.0094027331   -0.0034278810
   -0.5100000000   -0.0095729625   -0.0035309129
   -0.5000000000   -0.0097458529   -0.0036382775
   -0.4900000000   -0.0099214508   -0.0037502082
   -0.4800000000   -0.0100998001   -0.0038669535
   -0.4700000000   -0.0102809417   -0.0039887776
   -0.4600000000   -0.0104649128   -0.0041159620
   -0.4500000000   -0.0106517458   -0.0042488063
   -0.4400000000   -0.0108414679   -0.0043876294
   -0.4300000000   -0.0110340992   -0.0045327715
   -0.4200000000   -0.0112296525   -0.0046845949
   -0.4100000000   -0.0114281310   -0.0048434857
   -0.4000000000   -0.0116295270   -0.0050098556
   -0.3900000000   -0.0118338204   -0.0051841435
   -0.3800000000   -0.0120409760   -0.0053668174
   -0.3700000000   -0.0122509415   -0.0055583760
   -0.3600000000   -0.0124636444   -0.0057593511
   -0.3500000000   -0.0126789892   -0.0059703095
   -0.3400000000   -0.0128968536   -0.0061918548
   -0.3300000000   -0.0131170842   -0.0064246299
   -0.3200000000   -0.0133394924   -0.0066693190
   -0.3100000000   -0.0135638483   -0.0069266496
   -0.3000000000   -0.0137898754   -0.0071973945
   -0.2900000000   -0.0140172430   -0.0074823740
   -0.2800000000   -0.0142455591   -0.0077824567
   -0.2700000000   -0.0144743610   -0.0080985615
   -0.2600000000   -0.0147031058   -0.0084316582
   -0.2500000000   -0.0149311588   -0.0087827672
   -0.2400000000   -0.0151577812   -0.0091529594
   -0.2300000000   -0.0153821161   -0.0095433537
   -0.2200000000   -0.0156031722   -0.0099551142
   -0.2100000000   -0.0158198074   -0.0103894451
   -0.2000000000   -0.0160307087   -0.0108475833
   -0.1900000000   -0.0162343722   -0.0113307883
   -0.1800000000   -0.0164290795   -0.0118403291
   -0.1700000000   -0.0166128747   -0.0123774664
   -0.1600000000   -0.0167835378   -0.0129434301
   -0.1500000000   -0.0169385591   -0.0135393912
   -0.1400000000   -0.0170751125   -0.0141664265
   -0.1300000000   -0.0171900301   -0.0148254749
   -0.1200000000   -0.0172797783   -0.0155172857
   -0.1100000000   -0.0173404386   -0.0162423553
   -0.1000000000   -0.0173676944   -0.0170008535
   -0.0900000000   -0.0173568270   -0.0177925382
   -0.0800000000   -0.0173027242   -0.0186166570
   -0.0700000000   -0.0171999062   -0.0194718385
   -0.0600000000   -0.0170425731   -0.0203559729
   -0.0500000000   -0.0168246798   -0.0212660865
   -0.0400000000   -0.0165400436   -0.0221982139
   -0.0300000000   -0.0161824887   -0.0231472754
   -0.0200000000   -0.0157460332   -0.0241069687
   -0.0100000000   -0.0152251188   -0.0250696880
    0.0000000000   -0.0146148836   -0.0260264831
