  -20.0000000000   -0.0662254549    0.0047004503
  -19.9900000000   -0.0669757897    0.0047283159
  -19.9800000000   -0.0677304879    0.0047565466
  -19.9700000000   -0.0684896093    0.0047851481
  -19.9600000000   -0.0692532148    0.0048141264
  -19.9500000000   -0.0700213661    0.0048434875
  -19.9400000000   -0.0707941260    0.0048732378
  -19.9300000000   -0.0715715584    0.0049033835
  -19.9200000000   -0.0723537280    0.0049339312
  -19.9100000000   -0.0731407009    0.0049648875
  -19.9000000000   -0.0739325440    0.0049962592
  -19.8900000000   -0.0747293255    0.0050280531
  -19.8800000000   -0.0755311148    0.0050602765
  -19.8700000000   -0.0763379824    0.0050929365
  -19.8600000000   -0.0771499998    0.0051260405
  -19.8500000000   -0.0779672401    0.0051595962
  -19.8400000000   -0.0787897774    0.0051936113
  -19.8300000000   -0.0796176872    0.0052280937
  -19.8200000000   -0.0804510461    0.0052630515
  -19.8100000000   -0.0812899325    0.0052984931
  -19.8000000000   -0.0821344257    0.0053344268
  -19.7900000000   -0.0829846066    0.0053708614
  -19.7800000000   -0.0838405576    0.0054078058
  -19.7700000000   -0.0847023625    0.0054452690
  -19.7600000000   -0.0855701066    0.0054832604
  -19.7500000000   -0.0864438769    0.0055217894
  -19.7400000000   -0.0873237616    0.0055608660
  -19.7300000000   -0.0882098510    0.0056004999
  -19.7200000000   -0.0891022367    0.0056407015
  -19.7100000000   -0.0900010122    0.0056814811
  -19.7000000000   -0.0909062727    0.0057228497
  -19.6900000000   -0.0918181150    0.0057648180
  -19.6800000000   -0.0927366381    0.0058073974
  -19.6700000000   -0.0936619424    0.0058505993
  -19.6600000000   -0.0945941306    0.0058944357
  -19.6500000000   -0.0955333073    0.0059389186
  -19.6400000000   -0.0964795789    0.0059840604
  -19.6300000000   -0.0974330542    0.0060298738
  -19.6200000000   -0.0983938437    0.0060763719
  -19.6100000000   -0.0993620604    0.0061235679
  -19.6000000000   -0.1003378194    0.0061714758
  -19.5900000000   -0.1013212382    0.0062201094
  -19.5800000000   -0.1023124365    0.0062694832
  -19.5700000000   -0.1033115364    0.0063196120
  -19.5600000000   -0.1043186626    0.0063705110
  -19.5500000000   -0.1053339422    0.0064221958
  -19.5400000000   -0.1063575049    0.0064746822
  -19.5300000000   -0.1073894832    0.0065279869
  -19.5200000000   -0.1084300122    0.0065821265
  -19.5100000000   -0.1094792299    0.0066371184
  -19.5000000000   -0.1105372771    0.0066929804
  -19.4900000000   -0.1116042975    0.0067497307
  -19.4800000000   -0.1126804382    0.0068073880
  -19.4700000000   -0.1137658490    0.0068659716
  -19.4600000000   -0.1148606831    0.0069255013
  -19.4500000000   -0.1159650971    0.0069859975
  -19.4400000000   -0.1170792509    0.0070474810
  -19.4300000000   -0.1182033078    0.0071099733
  -19.4200000000   -0.1193374348    0.0071734966
  -19.4100000000   -0.1204818027    0.0072380736
  -19.4000000000   -0.1216365858    0.0073037278
  -19.3900000000   -0.1228019627    0.0073704831
  -19.3800000000   -0.1239781156    0.0074383644
  -19.3700000000   -0.1251652313    0.0075073972
  -19.3600000000   -0.1263635004    0.0075776077
  -19.3500000000   -0.1275731183    0.0076490230
  -19.3400000000   -0.1287942847    0.0077216710
  -19.3300000000   -0.1300272040    0.0077955804
  -19.3200000000   -0.1312720854    0.0078707807
  -19.3100000000   -0.1325291431    0.0079473026
  -19.3000000000   -0.1337985964    0.0080251774
  -19.2900000000   -0.1350806698    0.0081044375
  -19.2800000000   -0.1363755933    0.0081851166
  -19.2700000000   -0.1376836026    0.0082672490
  -19.2600000000   -0.1390049389    0.0083508706
  -19.2500000000   -0.1403398496    0.0084360181
  -19.2400000000   -0.1416885882    0.0085227296
  -19.2300000000   -0.1430514146    0.0086110444
  -19.2200000000   -0.1444285954    0.0087010031
  -19.2100000000   -0.1458204037    0.0087926479
  -19.2000000000   -0.1472271200    0.0088860223
  -19.1900000000   -0.1486490318    0.0089811712
  -19.1800000000   -0.1500864343    0.0090781414
  -19.1700000000   -0.1515396305    0.0091769812
  -19.1600000000   -0.1530089315    0.0092777408
  -19.1500000000   -0.1544946568    0.0093804720
  -19.1400000000   -0.1559971344    0.0094852290
  -19.1300000000   -0.1575167016    0.0095920679
  -19.1200000000   -0.1590537050    0.0097010470
  -19.1100000000   -0.1606085009    0.0098122269
  -19.1000000000   -0.1621814557    0.0099256710
  -19.0900000000   -0.1637729465    0.0100414451
  -19.0800000000   -0.1653833611    0.0101596183
  -19.0700000000   -0.1670130990    0.0102802624
  -19.0600000000   -0.1686625716    0.0104034529
  -19.0500000000   -0.1703322026    0.0105292688
  -19.0400000000   -0.1720224288    0.0106577932
  -19.0300000000   -0.1737337008    0.0107891138
  -19.0200000000   -0.1754664833    0.0109233228
  -19.0100000000   -0.1772212561    0.0110605181
  -19.0000000000   -0.1789985146    0.0112008037
  -18.9900000000   -0.1807987710    0.0113442904
  -18.9800000000   -0.1826225546    0.0114910968
  -18.9700000000   -0.1844704135    0.0116413505
  -18.9600000000   -0.1863429148    0.0117951897
  -18.9500000000   -0.1882406462    0.0119527648
  -18.9400000000   -0.1901642170    0.0121142406
  -18.9300000000   -0.1921142591    0.0122797996
  -18.9200000000   -0.1940914279    0.0124496454
  -18.9100000000   -0.1960964035    0.0126240076
  -18.9000000000   -0.1981298910    0.0128031480
  -18.8900000000   -0.2001926201    0.0129873691
  -18.8800000000   -0.2022853437    0.0131770249
  -18.8700000000   -0.2044088339    0.0133725355
  -18.8600000000   -0.2065638741    0.0135744059
  -18.8500000000   -0.2087512438    0.0137832521
  -18.8400000000   -0.2109716916    0.0139998332
  -18.8300000000   -0.2132258877    0.0142250920
  -18.8200000000   -0.2155143413    0.0144602018
  -18.8100000000   -0.2178372617    0.0147066072
  -18.8000000000   -0.2201943281    0.0149660320
  -18.7900000000   -0.2225843314    0.0152403807
  -18.7800000000   -0.2250046748    0.0155313826
  -18.7700000000   -0.2274508504    0.0158397041
  -18.7600000000   -0.2299163786    0.0161632078
  -18.7500000000   -0.2323943522    0.0164944739
  -18.7400000000   -0.2348819393    0.0168193211
  -18.7300000000   -0.2373867612    0.0171201768
  -18.7200000000   -0.2399287310    0.0173858558
  -18.7100000000   -0.2425315383    0.0176201088
  -18.7000000000   -0.2452103298    0.0178389330
  -18.6900000000   -0.2479676886    0.0180600073
  -18.6800000000   -0.2507984261    0.0182953249
  -18.6700000000   -0.2536955895    0.0185503461
  -18.6600000000   -0.2566536128    0.0188261691
  -18.6500000000   -0.2596691074    0.0191216453
  -18.6400000000   -0.2627407881    0.0194346648
  -18.6300000000   -0.2658693172    0.0197630014
  -18.6200000000   -0.2690569913    0.0201051695
  -18.6100000000   -0.2723068821    0.0204610825
  -18.6000000000   -0.2756217306    0.0208318770
  -18.5900000000   -0.2790034896    0.0212190387
  -18.5800000000   -0.2824536781    0.0216237357
  -18.5700000000   -0.2859739021    0.0220467457
  -18.5600000000   -0.2895661160    0.0224886854
  -18.5500000000   -0.2932326524    0.0229502310
  -18.5400000000   -0.2969761670    0.0234322482
  -18.5300000000   -0.3007995808    0.0239358565
  -18.5200000000   -0.3047060435    0.0244624687
  -18.5100000000   -0.3086989153    0.0250138312
  -18.5000000000   -0.3127817591    0.0255920775
  -18.4900000000   -0.3169583358    0.0261998044
  -18.4800000000   -0.3212325934    0.0268401788
  -18.4700000000   -0.3256086415    0.0275170836
  -18.4600000000   -0.3300906949    0.0282353159
  -18.4500000000   -0.3346829641    0.0290008539
  -18.4400000000   -0.3393894514    0.0298212108
  -18.4300000000   -0.3442135862    0.0307058986
  -18.4200000000   -0.3491575848    0.0316670115
  -18.4100000000   -0.3542213431    0.0327199096
  -18.4000000000   -0.3594005530    0.0338838849
  -18.3900000000   -0.3646835759    0.0351824535
  -18.3800000000   -0.3700464845    0.0366423785
  -18.3700000000   -0.3754459034    0.0382894436
  -18.3600000000   -0.3808107397    0.0401372441
  -18.3500000000   -0.3860384994    0.0421639050
  -18.3400000000   -0.3910112337    0.0442756984
  -18.3300000000   -0.3956532267    0.0462766759
  -18.3200000000   -0.4000276931    0.0478981997
  -18.3100000000   -0.4043916319    0.0489311483
  -18.3000000000   -0.4090998745    0.0493771197
  -18.2900000000   -0.4144115151    0.0494492191
  -18.2800000000   -0.4203926492    0.0494214152
  -18.2700000000   -0.4269704343    0.0494956068
  -18.2600000000   -0.4340299823    0.0497713969
  -18.2500000000   -0.4414724878    0.0502763251
  -18.2400000000   -0.4492314316    0.0510023942
  -18.2300000000   -0.4572689845    0.0519295188
  -18.2200000000   -0.4655677584    0.0530368500
  -18.2100000000   -0.4741236597    0.0543070778
  -18.2000000000   -0.4829409544    0.0557274641
  -18.1900000000   -0.4920291799    0.0572896010
  -18.1800000000   -0.5014013128    0.0589887972
  -18.1700000000   -0.5110727251    0.0608234514
  -18.1600000000   -0.5210606175    0.0627945318
  -18.1500000000   -0.5313837398    0.0649051843
  -18.1400000000   -0.5420622842    0.0671604582
  -18.1300000000   -0.5531178835    0.0695671298
  -18.1200000000   -0.5645736791    0.0721336054
  -18.1100000000   -0.5764544338    0.0748698887
  -18.1000000000   -0.5887866795    0.0777876036
  -18.0900000000   -0.6015988937    0.0809000626
  -18.0800000000   -0.6149217018    0.0842223804
  -18.0700000000   -0.6287881055    0.0877716286
  -18.0600000000   -0.6432337395    0.0915670340
  -18.0500000000   -0.6582971579    0.0956302230
  -18.0400000000   -0.6740201548    0.0999855162
  -18.0300000000   -0.6904481240    0.1046602818
  -18.0200000000   -0.7076304612    0.1096853538
  -18.0100000000   -0.7256210180    0.1150955300
  -18.0000000000   -0.7444786108    0.1209301609
  -17.9900000000   -0.7642675967    0.1272338500
  -17.9800000000   -0.7850585230    0.1340572869
  -17.9700000000   -0.8069288614    0.1414582413
  -17.9600000000   -0.8299638394    0.1495027531
  -17.9500000000   -0.8542573811    0.1582665639
  -17.9400000000   -0.8799131711    0.1678368428
  -17.9300000000   -0.9070458587    0.1783142806
  -17.9200000000   -0.9357824147    0.1898156386
  -17.9100000000   -0.9662636580    0.2024768686
  -17.9000000000   -0.9986459625    0.2164569513
  -17.8900000000   -1.0331031512    0.2319426421
  -17.8800000000   -1.0698285711    0.2491543739
  -17.8700000000   -1.1090373262    0.2683536389
  -17.8600000000   -1.1509686087    0.2898522756
  -17.8500000000   -1.1958880163    0.3140242224
  -17.8400000000   -1.2440896484    0.3413204832
  -17.8300000000   -1.2958976276    0.3722882991
  -17.8200000000   -1.3516664448    0.4075958529
  -17.8100000000   -1.4117791311    0.4480642809
  -17.8000000000   -1.4766416060    0.4947093614
  -17.7900000000   -1.5466704858    0.5487960161
  -17.7800000000   -1.6222698812    0.6119097254
  -17.7700000000   -1.7037898173    0.6860500491
  -17.7600000000   -1.7914541292    0.7737524703
  -17.7500000000   -1.8852377981    0.8782450869
  -17.7400000000   -1.9846608101    1.0036447308
  -17.7300000000   -2.0884449980    1.1551892182
  -17.7200000000   -2.1939488091    1.3394805479
  -17.7100000000   -2.2962514173    1.5646607891
  -17.7000000000   -2.3867120017    1.8403245495
  -17.6900000000   -2.4508296011    2.1767322942
  -17.6800000000   -2.4654220804    2.5824632353
  -17.6700000000   -2.3958895231    3.0590857038
  -17.6600000000   -2.1962221848    3.5913164670
  -17.6500000000   -1.8175301754    4.1334335715
  -17.6400000000   -1.2318817047    4.6003988129
  -17.6300000000   -0.4675783987    4.8825227300
  -17.6200000000    0.3734039897    4.8952315447
  -17.6100000000    1.1506411634    4.6337733386
  -17.6000000000    1.7555106003    4.1767810567
  -17.5900000000    2.1523153811    3.6345005252
  -17.5800000000    2.3651475995    3.0960314211
  -17.5700000000    2.4424986431    2.6110009883
  -17.5600000000    2.4315686428    2.1970522440
  -17.5500000000    2.3683821512    1.8536261671
  -17.5400000000    2.2772485859    1.5723733138
  -17.5300000000    2.1734241278    1.3429164302
  -17.5200000000    2.0660114550    1.1554334933
  -17.5100000000    1.9601965466    1.0015497308
  -17.5000000000    1.8587643288    0.8744629948
  -17.4900000000    1.7630644114    0.7687757245
  -17.4800000000    1.6736072052    0.6802481870
  -17.4700000000    1.5904254933    0.6055594518
  -17.4600000000    1.5132912885    0.5421045157
  -17.4500000000    1.4418446175    0.4878319154
  -17.4400000000    1.3756690499    0.4411174153
  -17.4300000000    1.3143351405    0.4006671011
  -17.4200000000    1.2574245971    0.3654434454
  -17.4100000000    1.2045429304    0.3346089454
  -17.4000000000    1.1553252798    0.3074830656
  -17.3900000000    1.1094382636    0.2835092171
  -17.3800000000    1.0665795769    0.2622293083
  -17.3700000000    1.0264763781    0.2432640214
  -17.3600000000    0.9888830866    0.2262974354
  -17.3500000000    0.9535789615    0.2110649647
  -17.3400000000    0.9203656710    0.1973438411
  -17.3300000000    0.8890649706    0.1849455568
  -17.3200000000    0.8595165484    0.1737098287
  -17.3100000000    0.8315760618    0.1634997504
  -17.3000000000    0.8051133705    0.1541978759
  -17.2900000000    0.7800109581    0.1457030393
  -17.2800000000    0.7561625301    0.1379277580
  -17.2700000000    0.7334717719    0.1307961024
  -17.2600000000    0.7118512518    0.1242419393
  -17.2500000000    0.6912214521    0.1182074777
  -17.2400000000    0.6715099137    0.1126420581
  -17.2300000000    0.6526504811    0.1075011421
  -17.2200000000    0.6345826357    0.1027454639
  -17.2100000000    0.6172509052    0.0983403171
  -17.2000000000    0.6006043414    0.0942549505
  -17.1900000000    0.5845960564    0.0904620574
  -17.1800000000    0.5691828112    0.0869373398
  -17.1700000000    0.5543246486    0.0836591374
  -17.1600000000    0.5399845665    0.0806081098
  -17.1500000000    0.5261282255    0.0777669639
  -17.1400000000    0.5127236869    0.0751202197
  -17.1300000000    0.4997411772    0.0726540081
  -17.1200000000    0.4871528765    0.0703558975
  -17.1100000000    0.4749327266    0.0682147425
  -17.1000000000    0.4630562575    0.0662205548
  -17.0900000000    0.4515004292    0.0643643901
  -17.0800000000    0.4402434879    0.0626382521
  -17.0700000000    0.4292648331    0.0610350084
  -17.0600000000    0.4185448961    0.0595483194
  -17.0500000000    0.4080650266    0.0581725770
  -17.0400000000    0.3978073876    0.0569028539
  -17.0300000000    0.3877548561    0.0557348598
  -17.0200000000    0.3778909300    0.0546649078
  -17.0100000000    0.3681996386    0.0536898859
  -17.0000000000    0.3586654570    0.0528072378
  -16.9900000000    0.3492732230    0.0520149490
  -16.9800000000    0.3400080549    0.0513115404
  -16.9700000000    0.3308552709    0.0506960695
  -16.9600000000    0.3218003078    0.0501681375
  -16.9500000000    0.3128286383    0.0497279055
  -16.9400000000    0.3039256865    0.0493761183
  -16.9300000000    0.2950767401    0.0491141378
  -16.9200000000    0.2862668585    0.0489439870
  -16.9100000000    0.2774807744    0.0488684061
  -16.9000000000    0.2687027903    0.0488909225
  -16.8900000000    0.2599166647    0.0490159375
  -16.8800000000    0.2511054901    0.0492488332
  -16.8700000000    0.2422515584    0.0495961027
  -16.8600000000    0.2333362133    0.0500655094
  -16.8500000000    0.2243396878    0.0506662827
  -16.8400000000    0.2152409237    0.0514093570
  -16.8300000000    0.2060173737    0.0523076658
  -16.8200000000    0.1966447838    0.0533765051
  -16.8100000000    0.1870969577    0.0546339840
  -16.8000000000    0.1773455063    0.0561015858
  -16.7900000000    0.1673595922    0.0578048704
  -16.7800000000    0.1571056868    0.0597743561
  -16.7700000000    0.1465473766    0.0620466267
  -16.7600000000    0.1356452800    0.0646657169
  -16.7500000000    0.1243571867    0.0676848208
  -16.7400000000    0.1126386002    0.0711683324
  -16.7300000000    0.1004439635    0.0751941090
  -16.7200000000    0.0877289201    0.0798555668
  -16.7100000000    0.0744538329    0.0852626343
  -16.7000000000    0.0605879183    0.0915396601
  -16.6900000000    0.0461106501    0.0988178125
  -16.6800000000    0.0310018415    0.1072223820
  -16.6700000000    0.0152087324    0.1168677371
  -16.6600000000   -0.0014049704    0.1278919647
  -16.6500000000   -0.0190780086    0.1405525942
  -16.6400000000   -0.0380792313    0.1553310321
  -16.6300000000   -0.0585802954    0.1729558040
  -16.6200000000   -0.0805741627    0.1943575158
  -16.6100000000   -0.1038488016    0.2206514880
  -16.6000000000   -0.1279357487    0.2531850803
  -16.5900000000   -0.1519644514    0.2936114398
  -16.5800000000   -0.1743818323    0.3439269301
  -16.5700000000   -0.1924992246    0.4063793164
  -16.5600000000   -0.2018488580    0.4830668518
  -16.5500000000   -0.1954664120    0.5748993134
  -16.5400000000   -0.1636317374    0.6794911310
  -16.5300000000   -0.0954089373    0.7879605767
  -16.5200000000    0.0161446836    0.8824114383
  -16.5100000000    0.1655454539    0.9387944610
  -16.5000000000    0.3303708530    0.9385880875
  -16.4900000000    0.4798249194    0.8818221281
  -16.4800000000    0.5915431374    0.7870381314
  -16.4700000000    0.6600879154    0.6782435894
  -16.4600000000    0.6924002182    0.5732773346
  -16.4500000000    0.6993848756    0.4809844670
  -16.4400000000    0.6907272332    0.4037364321
  -16.4300000000    0.6733626705    0.3406200031
  -16.4200000000    0.6517333727    0.2895350667
  -16.4100000000    0.6284986344    0.2482311886
  -16.4000000000    0.6051707241    0.2147130353
  -16.3900000000    0.5825634702    0.1873446123
  -16.3800000000    0.5610791030    0.1648321903
  -16.3700000000    0.5408832125    0.1461691707
  -16.3600000000    0.5220089113    0.1305768885
  -16.3500000000    0.5044180153    0.1174530915
  -16.3400000000    0.4880366528    0.1063306672
  -16.3300000000    0.4727758333    0.0968458458
  -16.3200000000    0.4585432788    0.0887141576
  -16.3100000000    0.4452503042    0.0817123777
  -16.3000000000    0.4328160822    0.0756648711
  -16.2900000000    0.4211707759    0.0704328849
  -16.2800000000    0.4102584221    0.0659052413
  -16.2700000000    0.4000396299    0.0619885069
  -16.2600000000    0.3904923921    0.0585944323
  -16.2500000000    0.3816060002    0.0556240090
  -16.2400000000    0.3733606516    0.0529545143
  -16.2300000000    0.3656939572    0.0504477722
  -16.2200000000    0.3584821700    0.0479937197
  -16.2100000000    0.3515728584    0.0455601558
  -16.2000000000    0.3448501400    0.0431912938
  -16.1900000000    0.3382667598    0.0409556279
  -16.1800000000    0.3318251685    0.0389004718
  -16.1700000000    0.3255444975    0.0370413509
  -16.1600000000    0.3194407116    0.0353717570
  -16.1500000000    0.3135208817    0.0338750824
  -16.1400000000    0.3077841562    0.0325322423
  -16.1300000000    0.3022243513    0.0313252763
  -16.1200000000    0.2968322107    0.0302386158
  -16.1100000000    0.2915969451    0.0292592745
  -16.1000000000    0.2865071638    0.0283766294
  -16.0900000000    0.2815513962    0.0275820986
  -16.0800000000    0.2767183567    0.0268688353
  -16.0700000000    0.2719970580    0.0262314762
  -16.0600000000    0.2673768359    0.0256659523
  -16.0500000000    0.2628473234    0.0251693568
  -16.0400000000    0.2583983954    0.0247398640
  -16.0300000000    0.2540200962    0.0243766951
  -16.0200000000    0.2497025564    0.0240801271
  -16.0100000000    0.2454359035    0.0238515460
  -16.0000000000    0.2412101673    0.0236935472
  -15.9900000000    0.2370151831    0.0236100905
  -15.9800000000    0.2328404944    0.0236067202
  -15.9700000000    0.2286752586    0.0236908664
  -15.9600000000    0.2245081636    0.0238722514
  -15.9500000000    0.2203273657    0.0241634321
  -15.9400000000    0.2161204734    0.0245805239
  -15.9300000000    0.2118746097    0.0251441657
  -15.9200000000    0.2075766203    0.0258808106
  -15.9100000000    0.2032135325    0.0268244523
  -15.9000000000    0.1987734494    0.0280189358
  -15.8900000000    0.1942471928    0.0295210338
  -15.8800000000    0.1896312281    0.0314044962
  -15.8700000000    0.1849327808    0.0337652410
  -15.8600000000    0.1801786750    0.0367276502
  -15.8500000000    0.1754304142    0.0404512984
  -15.8400000000    0.1708094310    0.0451357789
  -15.8300000000    0.1665379268    0.0510174077
  -15.8200000000    0.1630004676    0.0583433560
  -15.8100000000    0.1608235146    0.0672940071
  -15.8000000000    0.1609396709    0.0778068068
  -15.7900000000    0.1645296512    0.0892646027
  -15.7800000000    0.1726378929    0.1001350276
  -15.7700000000    0.1853342059    0.1079596158
  -15.7600000000    0.2008831180    0.1102661870
  -15.7500000000    0.2160576312    0.1061616957
  -15.7400000000    0.2278607712    0.0970325769
  -15.7300000000    0.2350110397    0.0854838788
  -15.7200000000    0.2378970360    0.0737989424
  -15.7100000000    0.2376555768    0.0632722945
  -15.7000000000    0.2354291114    0.0543566673
  -15.6900000000    0.2320777574    0.0470340538
  -15.6800000000    0.2281650360    0.0410961467
  -15.6700000000    0.2240317979    0.0362928953
  -15.6600000000    0.2198729377    0.0323944527
  -15.6500000000    0.2157939306    0.0292097987
  -15.6400000000    0.2118475274    0.0265872189
  -15.6300000000    0.2080562092    0.0244086516
  -15.6200000000    0.2044255278    0.0225829195
  -15.6100000000    0.2009519019    0.0210396501
  -15.6000000000    0.1976271214    0.0197243469
  -15.5900000000    0.1944409180    0.0185945728
  -15.5800000000    0.1913824067    0.0176170581
  -15.5700000000    0.1884408680    0.0167655285
  -15.5600000000    0.1856061500    0.0160190776
  -15.5500000000    0.1828688507    0.0153609461
  -15.5400000000    0.1802203761    0.0147776007
  -15.5300000000    0.1776529307    0.0142580374
  -15.5200000000    0.1751594723    0.0137932490
  -15.5100000000    0.1727336504    0.0133758181
  -15.5000000000    0.1703697386    0.0129996012
  -15.4900000000    0.1680625686    0.0126594845
  -15.4800000000    0.1658074659    0.0123511919
  -15.4700000000    0.1636001917    0.0120711349
  -15.4600000000    0.1614368900    0.0118162937
  -15.4500000000    0.1593140395    0.0115841233
  -15.4400000000    0.1572284115    0.0113724784
  -15.4300000000    0.1551770312    0.0111795552
  -15.4200000000    0.1531571442    0.0110038446
  -15.4100000000    0.1511661853    0.0108440968
  -15.4000000000    0.1492017519    0.0106992943
  -15.3900000000    0.1472615785    0.0105686329
  -15.3800000000    0.1453435144    0.0104515111
  -15.3700000000    0.1434455033    0.0103475253
  -15.3600000000    0.1415655653    0.0102564740
  -15.3500000000    0.1397017805    0.0101783702
  -15.3400000000    0.1378522766    0.0101134639
  -15.3300000000    0.1360152197    0.0100622778
  -15.3200000000    0.1341888130    0.0100256586
  -15.3100000000    0.1323713061    0.0100048499
  -15.3000000000    0.1305610229    0.0100015922
  -15.2900000000    0.1287564222    0.0100182596
  -15.2800000000    0.1269562113    0.0100580419
  -15.2700000000    0.1251595540    0.0101251825
  -15.2600000000    0.1233664336    0.0102252728
  -15.2500000000    0.1215782829    0.0103655839
  -15.2400000000    0.1197990466    0.0105553494
  -15.2300000000    0.1180369236    0.0108057639
  -15.2200000000    0.1163070523    0.0111291354
  -15.2100000000    0.1146351667    0.0115360109
  -15.2000000000    0.1130611684    0.0120282549
  -15.1900000000    0.1116386943    0.0125859434
  -15.1800000000    0.1104221378    0.0131498289
  -15.1700000000    0.1094325429    0.0136135274
  -15.1600000000    0.1086139892    0.0138525788
  -15.1500000000    0.1078280380    0.0137951150
  -15.1400000000    0.1069191408    0.0134747291
  -15.1300000000    0.1057963766    0.0130036643
  -15.1200000000    0.1044537693    0.0124999149
  -15.1100000000    0.1029348962    0.0120412385
  -15.1000000000    0.1012931759    0.0116622813
  -15.0900000000    0.0995720267    0.0113702274
  -15.0800000000    0.0978007877    0.0111595806
  -15.0700000000    0.0959971068    0.0110209827
  -15.0600000000    0.0941704868    0.0109453455
  -15.0500000000    0.0923251709    0.0109254062
  -15.0400000000    0.0904621020    0.0109561149
  -15.0300000000    0.0885801488    0.0110345892
  -15.0200000000    0.0866768387    0.0111599668
  -15.0100000000    0.0847487858    0.0113332964
  -15.0000000000    0.0827919364    0.0115575230
  -14.9900000000    0.0808017190    0.0118375897
  -14.9800000000    0.0787731542    0.0121806780
  -14.9700000000    0.0767009761    0.0125966065
  -14.9600000000    0.0745798211    0.0130984253
  -14.9500000000    0.0724045571    0.0137032526
  -14.9400000000    0.0701708755    0.0144334177
  -14.9300000000    0.0678763359    0.0153179799
  -14.9200000000    0.0655221843    0.0163946779
  -14.9100000000    0.0631164643    0.0177122847
  -14.9000000000    0.0606792249    0.0193331182
  -14.8900000000    0.0582509770    0.0213349422
  -14.8800000000    0.0559057902    0.0238104878
  -14.8700000000    0.0537702532    0.0268611618
  -14.8600000000    0.0520486121    0.0305789340
  -14.8500000000    0.0510516546    0.0350053629
  -14.8400000000    0.0512146040    0.0400474397
  -14.8300000000    0.0530494689    0.0453335024
  -14.8200000000    0.0569284839    0.0500696635
  -14.8100000000    0.0626787015    0.0531227370
  -14.8000000000    0.0693064080    0.0535482820
  -14.7900000000    0.0753487049    0.0512596035
  -14.7800000000    0.0797001073    0.0470919257
  -14.7700000000    0.0820742353    0.0421728723
  -14.7600000000    0.0827846972    0.0373254462
  -14.7500000000    0.0823073895    0.0329370582
  -14.7400000000    0.0810334496    0.0291190709
  -14.7300000000    0.0792357819    0.0258716657
  -14.7200000000    0.0771079989    0.0231563292
  -14.7100000000    0.0747913672    0.0209155063
  -14.7000000000    0.0723858961    0.0190820917
  -14.6900000000    0.0699579231    0.0175880890
  -14.6800000000    0.0675479086    0.0163710002
  -14.6700000000    0.0651779916    0.0153771813
  -14.6600000000    0.0628583491    0.0145626321
  -14.6500000000    0.0605918898    0.0138922291
  -14.6400000000    0.0583773869    0.0133383233
  -14.6300000000    0.0562114301    0.0128792627
  -14.6200000000    0.0540895853    0.0124980916
  -14.6100000000    0.0520070569    0.0121814922
  -14.6000000000    0.0499590514    0.0119189597
  -14.5900000000    0.0479409641    0.0117021693
  -14.5800000000    0.0459484649    0.0115244978
  -14.5700000000    0.0439775250    0.0113806604
  -14.5600000000    0.0420244129    0.0112664380
  -14.5500000000    0.0400856724    0.0111784708
  -14.5400000000    0.0381580935    0.0111141035
  -14.5300000000    0.0362386789    0.0110712705
  -14.5200000000    0.0343246107    0.0110484129
  -14.5100000000    0.0324132177    0.0110444210
  -14.5000000000    0.0305019446    0.0110585991
  -14.4900000000    0.0285883238    0.0110906515
  -14.4800000000    0.0266699498    0.0111406880
  -14.4700000000    0.0247444594    0.0112092512
  -14.4600000000    0.0228095172    0.0112973688
  -14.4500000000    0.0208628133    0.0114066356
  -14.4400000000    0.0189020773    0.0115393344
  -14.4300000000    0.0169251238    0.0116986048
  -14.4200000000    0.0149299472    0.0118886776
  -14.4100000000    0.0129149036    0.0121151902
  -14.4000000000    0.0108790411    0.0123856053
  -14.3900000000    0.0088226812    0.0127097431
  -14.3800000000    0.0067484293    0.0131004101
  -14.3700000000    0.0046628972    0.0135740198
  -14.3600000000    0.0025795693    0.0141508835
  -14.3500000000    0.0005233604    0.0148543527
  -14.3400000000   -0.0014627843    0.0157069993
  -14.3300000000   -0.0033102253    0.0167204033
  -14.3200000000   -0.0049211062    0.0178738526
  -14.3100000000   -0.0061827632    0.0190809786
  -14.3000000000   -0.0070203308    0.0201618165
  -14.2900000000   -0.0074849958    0.0208695599
  -14.2800000000   -0.0078040357    0.0210108528
  -14.2700000000   -0.0082937475    0.0205831396
  -14.2600000000   -0.0091840919    0.0197755274
  -14.2500000000   -0.0105305158    0.0188328167
  -14.2400000000   -0.0122622549    0.0179354267
  -14.2300000000   -0.0142694150    0.0171716824
  -14.2200000000   -0.0164554448    0.0165646143
  -14.2100000000   -0.0187519688    0.0161046654
  -14.2000000000   -0.0211157131    0.0157707949
  -14.1900000000   -0.0235211201    0.0155407035
  -14.1800000000   -0.0259538755    0.0153946832
  -14.1700000000   -0.0284064315    0.0153164233
  -14.1600000000   -0.0308753234    0.0152925941
  -14.1500000000   -0.0333598532    0.0153122043
  -14.1400000000   -0.0358615628    0.0153663795
  -14.1300000000   -0.0383836368    0.0154486839
  -14.1200000000   -0.0409297373    0.0155552559
  -14.1100000000   -0.0435028959    0.0156840860
  -14.1000000000   -0.0461052631    0.0158339217
  -14.0900000000   -0.0487385056    0.0160036151
  -14.0800000000   -0.0514042221    0.0161920046
  -14.0700000000   -0.0541041312    0.0163980085
  -14.0600000000   -0.0568400997    0.0166207129
  -14.0500000000   -0.0596141112    0.0168594074
  -14.0400000000   -0.0624282321    0.0171135817
  -14.0300000000   -0.0652845875    0.0173829060
  -14.0200000000   -0.0681853495    0.0176672070
  -14.0100000000   -0.0711327336    0.0179664461
  -14.0000000000   -0.0741290002    0.0182807013
  -13.9900000000   -0.0771764593    0.0186101523
  -13.9800000000   -0.0802774778    0.0189550699
  -13.9700000000   -0.0834344864    0.0193158076
  -13.9600000000   -0.0866499883    0.0196927955
  -13.9500000000   -0.0899265675    0.0200865368
  -13.9400000000   -0.0932668980    0.0204976050
  -13.9300000000   -0.0966737527    0.0209266429
  -13.9200000000   -0.1001500129    0.0213743628
  -13.9100000000   -0.1036986783    0.0218415470
  -13.9000000000   -0.1073228770    0.0223290501
  -13.8900000000   -0.1110258758    0.0228378016
  -13.8800000000   -0.1148110921    0.0233688089
  -13.8700000000   -0.1186821051    0.0239231619
  -13.8600000000   -0.1226426685    0.0245020376
  -13.8500000000   -0.1266967238    0.0251067060
  -13.8400000000   -0.1308484145    0.0257385364
  -13.8300000000   -0.1351021014    0.0263990049
  -13.8200000000   -0.1394623786    0.0270897025
  -13.8100000000   -0.1439340917    0.0278123445
  -13.8000000000   -0.1485223560    0.0285687808
  -13.7900000000   -0.1532325778    0.0293610072
  -13.7800000000   -0.1580704761    0.0301911787
  -13.7700000000   -0.1630421068    0.0310616237
  -13.7600000000   -0.1681538893    0.0319748599
  -13.7500000000   -0.1734126345    0.0329336121
  -13.7400000000   -0.1788255764    0.0339408328
  -13.7300000000   -0.1844004060    0.0349997239
  -13.7200000000   -0.1901453083    0.0361137619
  -13.7100000000   -0.1960690033    0.0372867262
  -13.7000000000   -0.2021807906    0.0385227306
  -13.6900000000   -0.2084905986    0.0398262584
  -13.6800000000   -0.2150090381    0.0412022031
  -13.6700000000   -0.2217474625    0.0426559128
  -13.6600000000   -0.2287180329    0.0441932419
  -13.6500000000   -0.2359337909    0.0458206087
  -13.6400000000   -0.2434087385    0.0475450614
  -13.6300000000   -0.2511579276    0.0493743528
  -13.6200000000   -0.2591975581    0.0513170263
  -13.6100000000   -0.2675450876    0.0533825131
  -13.6000000000   -0.2762193540    0.0555812448
  -13.5900000000   -0.2852407106    0.0579247825
  -13.5800000000   -0.2946311786    0.0604259652
  -13.5700000000   -0.3044146163    0.0630990823
  -13.5600000000   -0.3146169094    0.0659600724
  -13.5500000000   -0.3252661835    0.0690267556
  -13.5400000000   -0.3363930432    0.0723191038
  -13.5300000000   -0.3480308405    0.0758595575
  -13.5200000000   -0.3602159771    0.0796733977
  -13.5100000000   -0.3729882439    0.0837891837
  -13.5000000000   -0.3863912047    0.0882392717
  -13.4900000000   -0.4004726284    0.0930604300
  -13.4800000000   -0.4152849759    0.0982945721
  -13.4700000000   -0.4308859498    0.1039896349
  -13.4600000000   -0.4473391131    0.1102006328
  -13.4500000000   -0.4647145855    0.1169909319
  -13.4400000000   -0.4830898231    0.1244337937
  -13.4300000000   -0.5025504906    0.1326142573
  -13.4200000000   -0.5231914280    0.1416314433
  -13.4100000000   -0.5451177137    0.1516013904
  -13.4000000000   -0.5684458161    0.1626605643
  -13.3900000000   -0.5933048160    0.1749702227
  -13.3800000000   -0.6198376580    0.1887218765
  -13.3700000000   -0.6482023610    0.2041441577
  -13.3600000000   -0.6785730596    0.2215115089
  -13.3500000000   -0.7111406674    0.2411552363
  -13.3400000000   -0.7461128114    0.2634776476
  -13.3300000000   -0.7837124728    0.2889702249
  -13.3200000000   -0.8241744123    0.3182370895
  -13.3100000000   -0.8677378942    0.3520254029
  -13.3000000000   -0.9146333035    0.3912648196
  -13.2900000000   -0.9650587654    0.4371186405
  -13.2800000000   -1.0191404641    0.4910497826
  -13.2700000000   -1.0768664525    0.5549047928
  -13.2600000000   -1.1379774819    0.6310181427
  -13.2500000000   -1.2017885237    0.7223352981
  -13.2400000000   -1.2668997945    0.8325429818
  -13.2300000000   -1.3307356017    0.9661712489
  -13.2200000000   -1.3888268720    1.1285802416
  -13.2100000000   -1.4337466646    1.3256405022
  -13.2000000000   -1.4536734323    1.5627292380
  -13.1900000000   -1.4308331516    1.8423983081
  -13.1800000000   -1.3408123565    2.1599010108
  -13.1700000000   -1.1551233781    2.4963708155
  -13.1600000000   -0.8506246344    2.8121840437
  -13.1500000000   -0.4269758641    3.0482569452
  -13.1400000000    0.0769568711    3.1447362723
  -13.1300000000    0.5873121351    3.0728880353
  -13.1200000000    1.0270666705    2.8540094386
  -13.1100000000    1.3506973353    2.5452776219
  -13.1000000000    1.5531691911    2.2077730663
  -13.0900000000    1.6554256467    1.8847244078
  -13.0800000000    1.6860712410    1.5979376087
  -13.0700000000    1.6705528905    1.3538562831
  -13.0600000000    1.6277462205    1.1506658759
  -13.0500000000    1.5703365867    0.9831820511
  -13.0400000000    1.5063444074    0.8454767430
  -13.0300000000    1.4406186322    0.7320432615
  -13.0200000000    1.3759676400    0.6381914019
  -13.0100000000    1.3139290427    0.5600905429
  -13.0000000000    1.2552667785    0.4946760694
  -12.9900000000    1.2002832364    0.4395187075
  -12.9800000000    1.1490121621    0.3926979763
  -12.9700000000    1.1013366583    0.3526938409
  -12.9600000000    1.0570607210    0.3182990202
  -12.9500000000    1.0159521313    0.2885499844
  -12.9400000000    0.9777677476    0.2626734143
  -12.9300000000    0.9422680122    0.2400449117
  -12.9200000000    0.9092248765    0.2201572042
  -12.9100000000    0.8784257374    0.2025956254
  -12.9000000000    0.8496749883    0.1870191452
  -12.8900000000    0.8227941725    0.1731456306
  -12.8800000000    0.7976213511    0.1607403359
  -12.8700000000    0.7740100574    0.1496068659
  -12.8600000000    0.7518280659    0.1395800413
  -12.8500000000    0.7309561099    0.1305202345
  -12.8400000000    0.7112866265    0.1223088456
  -12.8300000000    0.6927225719    0.1148446713
  -12.8200000000    0.6751763263    0.1080409729
  -12.8100000000    0.6585686981    0.1018230967
  -12.8000000000    0.6428280258    0.0961265330
  -12.7900000000    0.6278893741    0.0908953251
  -12.7800000000    0.6136938174    0.0860807579
  -12.7700000000    0.6001878023    0.0816402739
  -12.7600000000    0.5873225823    0.0775365709
  -12.7500000000    0.5750537164    0.0737368495
  -12.7400000000    0.5633406250    0.0702121821
  -12.7300000000    0.5521461955    0.0669369819
  -12.7200000000    0.5414364329    0.0638885542
  -12.7100000000    0.5311801498    0.0610467162
  -12.7000000000    0.5213486910    0.0583934730
  -12.6900000000    0.5119156875    0.0559127417
  -12.6800000000    0.5028568389    0.0535901147
  -12.6700000000    0.4941497182    0.0514126560
  -12.6600000000    0.4857735983    0.0493687262
  -12.6500000000    0.4777092958    0.0474478310
  -12.6400000000    0.4699390323    0.0456404899
  -12.6300000000    0.4624463088    0.0439381219
  -12.6200000000    0.4552157940    0.0423329463
  -12.6100000000    0.4482332229    0.0408178959
  -12.6000000000    0.4414853058    0.0393865408
  -12.5900000000    0.4349596462    0.0380330215
  -12.5800000000    0.4286446666    0.0367519907
  -12.5700000000    0.4225295411    0.0355385609
  -12.5600000000    0.4166041344    0.0343882595
  -12.5500000000    0.4108589469    0.0332969877
  -12.5400000000    0.4052850637    0.0322609851
  -12.5300000000    0.3998741093    0.0312767974
  -12.5200000000    0.3946182054    0.0303412488
  -12.5100000000    0.3895099329    0.0294514163
  -12.5000000000    0.3845422968    0.0286046072
  -12.4900000000    0.3797086942    0.0277983395
  -12.4800000000    0.3750028848    0.0270303234
  -12.4700000000    0.3704189636    0.0262984457
  -12.4600000000    0.3659513363    0.0256007554
  -12.4500000000    0.3615946957    0.0249354506
  -12.4400000000    0.3573440008    0.0243008676
  -12.4300000000    0.3531944566    0.0236954701
  -12.4200000000    0.3491414957    0.0231178401
  -12.4100000000    0.3451807613    0.0225666703
  -12.4000000000    0.3413080906    0.0220407564
  -12.3900000000    0.3375195000    0.0215389909
  -12.3800000000    0.3338111705    0.0210603575
  -12.3700000000    0.3301794345    0.0206039265
  -12.3600000000    0.3266207625    0.0201688503
  -12.3500000000    0.3231317511    0.0197543603
  -12.3400000000    0.3197091107    0.0193597640
  -12.3300000000    0.3163496546    0.0189844429
  -12.3200000000    0.3130502871    0.0186278511
  -12.3100000000    0.3098079927    0.0182895145
  -12.3000000000    0.3066198253    0.0179690306
  -12.2900000000    0.3034828972    0.0176660696
  -12.2800000000    0.3003943676    0.0173803756
  -12.2700000000    0.2973514318    0.0171117691
  -12.2600000000    0.2943513095    0.0168601506
  -12.2500000000    0.2913912323    0.0166255050
  -12.2400000000    0.2884684317    0.0164079077
  -12.2300000000    0.2855801248    0.0162075323
  -12.2200000000    0.2827235006    0.0160246593
  -12.2100000000    0.2798957038    0.0158596882
  -12.2000000000    0.2770938187    0.0157131509
  -12.1900000000    0.2743148495    0.0155857297
  -12.1800000000    0.2715557008    0.0154782773
  -12.1700000000    0.2688131542    0.0153918429
  -12.1600000000    0.2660838433    0.0153277033
  -12.1500000000    0.2633642249    0.0152874010
  -12.1400000000    0.2606505471    0.0152727914
  -12.1300000000    0.2579388137    0.0152861009
  -12.1200000000    0.2552247433    0.0153299984
  -12.1100000000    0.2525037245    0.0154076857
  -12.1000000000    0.2497707646    0.0155230088
  -12.0900000000    0.2470204345    0.0156805999
  -12.0800000000    0.2442468071    0.0158860562
  -12.0700000000    0.2414433931    0.0161461681
  -12.0600000000    0.2386030749    0.0164692124
  -12.0500000000    0.2357180452    0.0168653309
  -12.0400000000    0.2327797589    0.0173470225
  -12.0300000000    0.2297789147    0.0179297882
  -12.0200000000    0.2267054968    0.0186329811
  -12.0100000000    0.2235489228    0.0194809321
  -12.0000000000    0.2202983844    0.0205044493
  -11.9900000000    0.2169435207    0.0217428175
  -11.9800000000    0.2134756675    0.0232464638
  -11.9700000000    0.2098900956    0.0250804812
  -11.9600000000    0.2061899411    0.0273292072
  -11.9500000000    0.2023930192    0.0301019376
  -11.9400000000    0.1985435069    0.0335394727
  -11.9300000000    0.1947316782    0.0378201098
  -11.9200000000    0.1911263923    0.0431610577
  -11.9100000000    0.1880259306    0.0498053955
  -11.9000000000    0.1859294707    0.0579732477
  -11.8900000000    0.1856139361    0.0677385399
  -11.8800000000    0.1881496900    0.0787837837
  -11.8700000000    0.1946942349    0.0900426727
  -11.8600000000    0.2058622501    0.0994664015
  -11.8500000000    0.2207974603    0.1044654541
  -11.8400000000    0.2368473621    0.1032990699
  -11.8300000000    0.2507366367    0.0963635953
  -11.8200000000    0.2603740358    0.0858786852
  -11.8100000000    0.2654999790    0.0743649285
  -11.8000000000    0.2670154602    0.0635384611
  -11.7900000000    0.2660956580    0.0541683686
  -11.7800000000    0.2637188219    0.0464016900
  -11.7700000000    0.2605600937    0.0400934943
  -11.7600000000    0.2570409167    0.0350063356
  -11.7500000000    0.2534081128    0.0309026727
  -11.7400000000    0.2497987434    0.0275780588
  -11.7300000000    0.2462841342    0.0248675382
  -11.7200000000    0.2428974036    0.0226419191
  -11.7100000000    0.2396500001    0.0208013031
  -11.7000000000    0.2365414300    0.0192687331
  -11.6900000000    0.2335649046    0.0179848564
  -11.6800000000    0.2307105800    0.0169037252
  -11.6700000000    0.2279673887    0.0159895913
  -11.6600000000    0.2253240469    0.0152144933
  -11.6500000000    0.2227695837    0.0145564525
  -11.6400000000    0.2202935932    0.0139981226
  -11.6300000000    0.2178863280    0.0135257791
  -11.6200000000    0.2155387032    0.0131285608
  -11.6100000000    0.2132422517    0.0127978983
  -11.6000000000    0.2109890548    0.0125270848
  -11.5900000000    0.2087716603    0.0123109531
  -11.5800000000    0.2065829971    0.0121456365
  -11.5700000000    0.2044162887    0.0120283929
  -11.5600000000    0.2022649684    0.0119574825
  -11.5500000000    0.2001225954    0.0119320885
  -11.5400000000    0.1979827730    0.0119522762
  -11.5300000000    0.1958390677    0.0120189869
  -11.5200000000    0.1936849273    0.0121340661
  -11.5100000000    0.1915135995    0.0123003276
  -11.5000000000    0.1893180485    0.0125216572
  -11.4900000000    0.1870908714    0.0128031612
  -11.4800000000    0.1848242131    0.0131513712
  -11.4700000000    0.1825096847    0.0135745161
  -11.4600000000    0.1801382876    0.0140828810
  -11.4500000000    0.1777003536    0.0146892780
  -11.4400000000    0.1751855145    0.0154096626
  -11.4300000000    0.1725827275    0.0162639415
  -11.4200000000    0.1698803979    0.0172770349
  -11.4100000000    0.1670666695    0.0184802745
  -11.4000000000    0.1641299996    0.0199132470
  -11.3900000000    0.1610602115    0.0216262216
  -11.3800000000    0.1578503483    0.0236833274
  -11.3700000000    0.1544998604    0.0261666570
  -11.3600000000    0.1510200138    0.0291814173
  -11.3500000000    0.1474429654    0.0328620316
  -11.3400000000    0.1438368147    0.0373784836
  -11.3300000000    0.1403301235    0.0429406980
  -11.3200000000    0.1371505886    0.0497954224
  -11.3100000000    0.1346823194    0.0582033035
  -11.3000000000    0.1335400844    0.0683719980
  -11.2900000000    0.1346364116    0.0803064442
  -11.2800000000    0.1391624724    0.0935389687
  -11.2700000000    0.1483207105    0.1067779895
  -11.2600000000    0.1626482142    0.1177396501
  -11.2500000000    0.1811225570    0.1236719674
  -11.2400000000    0.2009116676    0.1227385891
  -11.2300000000    0.2185261847    0.1152607775
  -11.2200000000    0.2315832775    0.1034757080
  -11.2100000000    0.2395584630    0.0900975586
  -11.2000000000    0.2432466176    0.0771381958
  -11.1900000000    0.2438781083    0.0656288059
  -11.1800000000    0.2425667872    0.0558796478
  -11.1700000000    0.2401323537    0.0478175925
  -11.1600000000    0.2371160731    0.0412181472
  -11.1500000000    0.2338527211    0.0358267547
  -11.1400000000    0.2305397244    0.0314102500
  -11.1300000000    0.2272881935    0.0277728794
  -11.1200000000    0.2241567636    0.0247569046
  -11.1100000000    0.2211728992    0.0222376586
  -11.1000000000    0.2183459512    0.0201173876
  -11.0900000000    0.2156750396    0.0183195515
  -11.0800000000    0.2131537648    0.0167840830
  -11.0700000000    0.2107729966    0.0154636306
  -11.0600000000    0.2085225029    0.0143206534
  -11.0500000000    0.2063918822    0.0133251979
  -11.0400000000    0.2043710761    0.0124532049
  -11.0300000000    0.2024506342    0.0116852190
  -11.0200000000    0.2006218305    0.0110054021
  -11.0100000000    0.1988766946    0.0104007772
  -11.0000000000    0.1972079949    0.0098606440
  -10.9900000000    0.1956091966    0.0093761268
  -10.9800000000    0.1940744070    0.0089398200
  -10.9700000000    0.1925983176    0.0085455114
  -10.9600000000    0.1911761462    0.0081879618
  -10.9500000000    0.1898035815    0.0078627312
  -10.9400000000    0.1884767330    0.0075660391
  -10.9300000000    0.1871920843    0.0072946522
  -10.9200000000    0.1859464516    0.0070457938
  -10.9100000000    0.1847369470    0.0068170697
  -10.9000000000    0.1835609453    0.0066064082
  -10.8900000000    0.1824160547    0.0064120104
  -10.8800000000    0.1813000910    0.0062323094
  -10.8700000000    0.1802110550    0.0060659364
  -10.8600000000    0.1791471120    0.0059116923
  -10.8500000000    0.1781065742    0.0057685245
  -10.8400000000    0.1770878844    0.0056355068
  -10.8300000000    0.1760896023    0.0055118232
  -10.8200000000    0.1751103919    0.0053967532
  -10.8100000000    0.1741490104    0.0052896607
  -10.8000000000    0.1732042978    0.0051899833
  -10.7900000000    0.1722751685    0.0050972242
  -10.7800000000    0.1713606030    0.0050109445
  -10.7700000000    0.1704596405    0.0049307575
  -10.7600000000    0.1695713725    0.0048563231
  -10.7500000000    0.1686949366    0.0047873431
  -10.7400000000    0.1678295111    0.0047235582
  -10.7300000000    0.1669743100    0.0046647441
  -10.7200000000    0.1661285778    0.0046107091
  -10.7100000000    0.1652915857    0.0045612919
  -10.7000000000    0.1644626270    0.0045163602
  -10.6900000000    0.1636410133    0.0044758088
  -10.6800000000    0.1628260707    0.0044395590
  -10.6700000000    0.1620171360    0.0044075578
  -10.6600000000    0.1612135531    0.0043797778
  -10.6500000000    0.1604146694    0.0043562170
  -10.6400000000    0.1596198323    0.0043368995
  -10.6300000000    0.1588283853    0.0043218759
  -10.6200000000    0.1580396644    0.0043112249
  -10.6100000000    0.1572529942    0.0043050543
  -10.6000000000    0.1564676837    0.0043035036
  -10.5900000000    0.1556830220    0.0043067461
  -10.5800000000    0.1548982738    0.0043149920
  -10.5700000000    0.1541126739    0.0043284927
  -10.5600000000    0.1533254224    0.0043475445
  -10.5500000000    0.1525356784    0.0043724949
  -10.5400000000    0.1517425533    0.0044037487
  -10.5300000000    0.1509451040    0.0044417757
  -10.5200000000    0.1501423244    0.0044871208
  -10.5100000000    0.1493331367    0.0045404143
  -10.5000000000    0.1485163812    0.0046023862
  -10.4900000000    0.1476908051    0.0046738820
  -10.4800000000    0.1468550499    0.0047558828
  -10.4700000000    0.1460076371    0.0048495286
  -10.4600000000    0.1451469523    0.0049561482
  -10.4500000000    0.1442712273    0.0050772938
  -10.4400000000    0.1433785202    0.0052147855
  -10.4300000000    0.1424666937    0.0053707651
  -10.4200000000    0.1415333904    0.0055477629
  -10.4100000000    0.1405760070    0.0057487820
  -10.4000000000    0.1395916675    0.0059774029
  -10.3900000000    0.1385771951    0.0062379171
  -10.3800000000    0.1375290878    0.0065354952
  -10.3700000000    0.1364434987    0.0068764036
  -10.3600000000    0.1353162288    0.0072682818
  -10.3500000000    0.1341427434    0.0077205020
  -10.3400000000    0.1329182278    0.0082446354
  -10.3300000000    0.1316377130    0.0088550629
  -10.3200000000    0.1302963174    0.0095697724
  -10.3100000000    0.1288896830    0.0104114047
  -10.3000000000    0.1274147337    0.0114086169
  -10.2900000000    0.1258709680    0.0125978432
  -10.2800000000    0.1242626315    0.0140255176
  -10.2700000000    0.1226023386    0.0157507536
  -10.2600000000    0.1209170485    0.0178482734
  -10.2500000000    0.1192577939    0.0204108682
  -10.2400000000    0.1177151306    0.0235495174
  -10.2300000000    0.1164425366    0.0273868806
  -10.2200000000    0.1156885971    0.0320353858
  -10.2100000000    0.1158322265    0.0375444893
  -10.2000000000    0.1173967131    0.0437973824
  -10.1900000000    0.1209831511    0.0503536465
  -10.1800000000    0.1270357605    0.0563076167
  -10.1700000000    0.1354289656    0.0603643345
  -10.1600000000    0.1451453440    0.0613410172
  -10.1500000000    0.1545178331    0.0588888385
  -10.1400000000    0.1620459857    0.0537488528
  -10.1300000000    0.1670602141    0.0472447805
  -10.1200000000    0.1697130902    0.0405714275
  -10.1100000000    0.1705644711    0.0344546241
  -10.1000000000    0.1702161083    0.0291885808
  -10.0900000000    0.1691467234    0.0248038798
  -10.0800000000    0.1676859923    0.0212104758
  -10.0700000000    0.1660429698    0.0182814540
  -10.0600000000    0.1643431004    0.0158922372
  -10.0500000000    0.1626581596    0.0139350588
  -10.0400000000    0.1610269231    0.0123218864
  -10.0300000000    0.1594684313    0.0109827578
  -10.0200000000    0.1579901927    0.0098627543
  -10.0100000000    0.1565931549    0.0089189376
  -10.0000000000    0.1552746799    0.0081177094
   -9.9900000000    0.1540303054    0.0074326848
   -9.9800000000    0.1528547754    0.0068430348
   -9.9700000000    0.1517426311    0.0063322157
   -9.9600000000    0.1506885393    0.0058870004
   -9.9500000000    0.1496874640    0.0054967424
   -9.9400000000    0.1487347465    0.0051528138
   -9.9300000000    0.1478261309    0.0048481769
   -9.9200000000    0.1469577601    0.0045770536
   -9.9100000000    0.1461261552    0.0043346704
   -9.9000000000    0.1453281873    0.0041170609
   -9.8900000000    0.1445610460    0.0039209097
   -9.8800000000    0.1438222083    0.0037434308
   -9.8700000000    0.1431094084    0.0035822713
   -9.8600000000    0.1424206098    0.0034354334
   -9.8500000000    0.1417539805    0.0033012137
   -9.8400000000    0.1411078696    0.0031781525
   -9.8300000000    0.1404807878    0.0030649943
   -9.8200000000    0.1398713886    0.0029606542
   -9.8100000000    0.1392784531    0.0028641917
   -9.8000000000    0.1387008757    0.0027747880
   -9.7900000000    0.1381376517    0.0026917278
   -9.7800000000    0.1375878665    0.0026143843
   -9.7700000000    0.1370506862    0.0025422064
   -9.7600000000    0.1365253486    0.0024747080
   -9.7500000000    0.1360111565    0.0024114590
   -9.7400000000    0.1355074703    0.0023520781
   -9.7300000000    0.1350137030    0.0022962259
   -9.7200000000    0.1345293142    0.0022435999
   -9.7100000000    0.1340538062    0.0021939296
   -9.7000000000    0.1335867197    0.0021469725
   -9.6900000000    0.1331276299    0.0021025109
   -9.6800000000    0.1326761437    0.0020603487
   -9.6700000000    0.1322318966    0.0020203091
   -9.6600000000    0.1317945501    0.0019822323
   -9.6500000000    0.1313637895    0.0019459734
   -9.6400000000    0.1309393218    0.0019114009
   -9.6300000000    0.1305208737    0.0018783955
   -9.6200000000    0.1301081902    0.0018468483
   -9.6100000000    0.1297010328    0.0018166599
   -9.6000000000    0.1292991783    0.0017877396
   -9.5900000000    0.1289024176    0.0017600044
   -9.5800000000    0.1285105544    0.0017333780
   -9.5700000000    0.1281234045    0.0017077905
   -9.5600000000    0.1277407945    0.0016831776
   -9.5500000000    0.1273625612    0.0016594801
   -9.5400000000    0.1269885510    0.0016366434
   -9.5300000000    0.1266186187    0.0016146169
   -9.5200000000    0.1262526274    0.0015933542
   -9.5100000000    0.1258904476    0.0015728120
   -9.5000000000    0.1255319568    0.0015529503
   -9.4900000000    0.1251770389    0.0015337319
   -9.4800000000    0.1248255841    0.0015151225
   -9.4700000000    0.1244774878    0.0014970898
   -9.4600000000    0.1241326511    0.0014796040
   -9.4500000000    0.1237909797    0.0014626373
   -9.4400000000    0.1234523840    0.0014461636
   -9.4300000000    0.1231167787    0.0014301587
   -9.4200000000    0.1227840826    0.0014145998
   -9.4100000000    0.1224542181    0.0013994658
   -9.4000000000    0.1221271113    0.0013847366
   -9.3900000000    0.1218026916    0.0013703937
   -9.3800000000    0.1214808914    0.0013564195
   -9.3700000000    0.1211616462    0.0013427976
   -9.3600000000    0.1208448942    0.0013295124
   -9.3500000000    0.1205305762    0.0013165495
   -9.3400000000    0.1202186358    0.0013038961
   -9.3300000000    0.1199090180    0.0012915361
   -9.3200000000    0.1196016712    0.0012794606
   -9.3100000000    0.1192965451    0.0012676570
   -9.3000000000    0.1189935916    0.0012561144
   -9.2900000000    0.1186927643    0.0012448224
   -9.2800000000    0.1183940188    0.0012337715
   -9.2700000000    0.1180973122    0.0012229523
   -9.2600000000    0.1178026033    0.0012123561
   -9.2500000000    0.1175098524    0.0012019747
   -9.2400000000    0.1172190210    0.0011918003
   -9.2300000000    0.1169300723    0.0011818253
   -9.2200000000    0.1166429705    0.0011720426
   -9.2100000000    0.1163576813    0.0011624457
   -9.2000000000    0.1160741713    0.0011530279
   -9.1900000000    0.1157924083    0.0011437834
   -9.1800000000    0.1155123614    0.0011347061
   -9.1700000000    0.1152340003    0.0011257907
   -9.1600000000    0.1149572960    0.0011170319
   -9.1500000000    0.1146822203    0.0011084245
   -9.1400000000    0.1144087458    0.0010999639
   -9.1300000000    0.1141368461    0.0010916454
   -9.1200000000    0.1138664956    0.0010834646
   -9.1100000000    0.1135976692    0.0010754175
   -9.1000000000    0.1133303429    0.0010674998
   -9.0900000000    0.1130644932    0.0010597079
   -9.0800000000    0.1128000974    0.0010520380
   -9.0700000000    0.1125371333    0.0010444866
   -9.0600000000    0.1122755794    0.0010370504
   -9.0500000000    0.1120154147    0.0010297261
   -9.0400000000    0.1117566191    0.0010225106
   -9.0300000000    0.1114991727    0.0010154009
   -9.0200000000    0.1112430562    0.0010083943
   -9.0100000000    0.1109882509    0.0010014878
   -9.0000000000    0.1107347385    0.0009946789
   -8.9900000000    0.1104825014    0.0009879651
   -8.9800000000    0.1102315220    0.0009813439
   -8.9700000000    0.1099817836    0.0009748129
   -8.9600000000    0.1097332697    0.0009683700
   -8.9500000000    0.1094859642    0.0009620128
   -8.9400000000    0.1092398514    0.0009557393
   -8.9300000000    0.1089949160    0.0009495476
   -8.9200000000    0.1087511431    0.0009434355
   -8.9100000000    0.1085085182    0.0009374014
   -8.9000000000    0.1082670268    0.0009314432
   -8.8900000000    0.1080266552    0.0009255593
   -8.8800000000    0.1077873897    0.0009197480
   -8.8700000000    0.1075492170    0.0009140077
   -8.8600000000    0.1073121241    0.0009083367
   -8.8500000000    0.1070760982    0.0009027336
   -8.8400000000    0.1068411270    0.0008971968
   -8.8300000000    0.1066071982    0.0008917249
   -8.8200000000    0.1063743000    0.0008863166
   -8.8100000000    0.1061424206    0.0008809705
   -8.8000000000    0.1059115486    0.0008756853
   -8.7900000000    0.1056816728    0.0008704598
   -8.7800000000    0.1054527822    0.0008652926
   -8.7700000000    0.1052248662    0.0008601827
   -8.7600000000    0.1049979141    0.0008551289
   -8.7500000000    0.1047719156    0.0008501302
   -8.7400000000    0.1045468607    0.0008451853
   -8.7300000000    0.1043227393    0.0008402933
   -8.7200000000    0.1040995417    0.0008354531
   -8.7100000000    0.1038772585    0.0008306638
   -8.7000000000    0.1036558801    0.0008259244
   -8.6900000000    0.1034353974    0.0008212340
   -8.6800000000    0.1032158014    0.0008165917
   -8.6700000000    0.1029970831    0.0008119966
   -8.6600000000    0.1027792339    0.0008074478
   -8.6500000000    0.1025622453    0.0008029446
   -8.6400000000    0.1023461087    0.0007984860
   -8.6300000000    0.1021308160    0.0007940714
   -8.6200000000    0.1019163590    0.0007896999
   -8.6100000000    0.1017027298    0.0007853708
   -8.6000000000    0.1014899205    0.0007810834
   -8.5900000000    0.1012779235    0.0007768370
   -8.5800000000    0.1010667310    0.0007726309
   -8.5700000000    0.1008563358    0.0007684644
   -8.5600000000    0.1006467304    0.0007643368
   -8.5500000000    0.1004379076    0.0007602476
   -8.5400000000    0.1002298604    0.0007561961
   -8.5300000000    0.1000225818    0.0007521817
   -8.5200000000    0.0998160648    0.0007482038
   -8.5100000000    0.0996103028    0.0007442618
   -8.5000000000    0.0994052890    0.0007403552
   -8.4900000000    0.0992010170    0.0007364834
   -8.4800000000    0.0989974802    0.0007326458
   -8.4700000000    0.0987946724    0.0007288421
   -8.4600000000    0.0985925872    0.0007250715
   -8.4500000000    0.0983912185    0.0007213338
   -8.4400000000    0.0981905602    0.0007176282
   -8.4300000000    0.0979906063    0.0007139545
   -8.4200000000    0.0977913509    0.0007103120
   -8.4100000000    0.0975927883    0.0007067004
   -8.4000000000    0.0973949126    0.0007031192
   -8.3900000000    0.0971977183    0.0006995680
   -8.3800000000    0.0970011998    0.0006960463
   -8.3700000000    0.0968053515    0.0006925538
   -8.3600000000    0.0966101682    0.0006890899
   -8.3500000000    0.0964156443    0.0006856544
   -8.3400000000    0.0962217747    0.0006822468
   -8.3300000000    0.0960285543    0.0006788667
   -8.3200000000    0.0958359777    0.0006755138
   -8.3100000000    0.0956440401    0.0006721877
   -8.3000000000    0.0954527364    0.0006688880
   -8.2900000000    0.0952620617    0.0006656144
   -8.2800000000    0.0950720112    0.0006623665
   -8.2700000000    0.0948825800    0.0006591441
   -8.2600000000    0.0946937634    0.0006559467
   -8.2500000000    0.0945055568    0.0006527740
   -8.2400000000    0.0943179556    0.0006496257
   -8.2300000000    0.0941309551    0.0006465016
   -8.2200000000    0.0939445510    0.0006434012
   -8.2100000000    0.0937587387    0.0006403244
   -8.2000000000    0.0935735139    0.0006372708
   -8.1900000000    0.0933888723    0.0006342400
   -8.1800000000    0.0932048096    0.0006312319
   -8.1700000000    0.0930213216    0.0006282461
   -8.1600000000    0.0928384040    0.0006252825
   -8.1500000000    0.0926560529    0.0006223406
   -8.1400000000    0.0924742640    0.0006194202
   -8.1300000000    0.0922930335    0.0006165212
   -8.1200000000    0.0921123572    0.0006136431
   -8.1100000000    0.0919322314    0.0006107859
   -8.1000000000    0.0917526520    0.0006079492
   -8.0900000000    0.0915736154    0.0006051327
   -8.0800000000    0.0913951176    0.0006023363
   -8.0700000000    0.0912171549    0.0005995598
   -8.0600000000    0.0910397237    0.0005968028
   -8.0500000000    0.0908628202    0.0005940652
   -8.0300000000    0.0905105821    0.0005886472
   -8.0200000000    0.0903352403    0.0005859663
   -8.0100000000    0.0901604121    0.0005833040
   -8.0000000000    0.0899860939    0.0005806600
   -7.9900000000    0.0898122823    0.0005780341
   -7.9800000000    0.0896389739    0.0005754260
   -7.9700000000    0.0894661654    0.0005728357
   -7.9600000000    0.0892938535    0.0005702628
   -7.9500000000    0.0891220349    0.0005677073
   -7.9400000000    0.0889507062    0.0005651689
   -7.9300000000    0.0887798645    0.0005626474
   -7.9200000000    0.0886095063    0.0005601427
   -7.9100000000    0.0884396287    0.0005576546
   -7.9000000000    0.0882702285    0.0005551828
   -7.8900000000    0.0881013025    0.0005527274
   -7.8800000000    0.0879328479    0.0005502879
   -7.8700000000    0.0877648614    0.0005478644
   -7.8600000000    0.0875973403    0.0005454566
   -7.8500000000    0.0874302814    0.0005430643
   -7.8400000000    0.0872636819    0.0005406875
   -7.8300000000    0.0870975389    0.0005383259
   -7.8200000000    0.0869318496    0.0005359794
   -7.8100000000    0.0867666110    0.0005336478
   -7.8000000000    0.0866018204    0.0005313310
   -7.7900000000    0.0864374749    0.0005290289
   -7.7800000000    0.0862735719    0.0005267412
   -7.7700000000    0.0861101086    0.0005244679
   -7.7600000000    0.0859470823    0.0005222089
   -7.7500000000    0.0857844903    0.0005199638
   -7.7400000000    0.0856223300    0.0005177327
   -7.7300000000    0.0854605987    0.0005155154
   -7.7200000000    0.0852992939    0.0005133117
   -7.7100000000    0.0851384129    0.0005111216
   -7.7000000000    0.0849779533    0.0005089449
   -7.6900000000    0.0848179125    0.0005067814
   -7.6800000000    0.0846582879    0.0005046311
   -7.6700000000    0.0844990772    0.0005024937
   -7.6600000000    0.0843402778    0.0005003693
   -7.6500000000    0.0841818874    0.0004982576
   -7.6400000000    0.0840239034    0.0004961586
   -7.6300000000    0.0838663236    0.0004940721
   -7.6200000000    0.0837091455    0.0004919980
   -7.6100000000    0.0835523668    0.0004899362
   -7.6000000000    0.0833959852    0.0004878866
   -7.5900000000    0.0832399984    0.0004858490
   -7.5800000000    0.0830844040    0.0004838234
   -7.5700000000    0.0829291999    0.0004818097
   -7.5600000000    0.0827743837    0.0004798077
   -7.5500000000    0.0826199533    0.0004778173
   -7.5400000000    0.0824659064    0.0004758385
   -7.5300000000    0.0823122409    0.0004738710
   -7.5200000000    0.0821589546    0.0004719149
   -7.5100000000    0.0820060453    0.0004699701
   -7.5000000000    0.0818535110    0.0004680363
   -7.4900000000    0.0817013495    0.0004661135
   -7.4800000000    0.0815495587    0.0004642017
   -7.4700000000    0.0813981365    0.0004623007
   -7.4600000000    0.0812470809    0.0004604105
   -7.4500000000    0.0810963898    0.0004585309
   -7.4400000000    0.0809460613    0.0004566618
   -7.4300000000    0.0807960933    0.0004548031
   -7.4200000000    0.0806464838    0.0004529549
   -7.4100000000    0.0804972309    0.0004511169
   -7.4000000000    0.0803483325    0.0004492891
   -7.3900000000    0.0801997868    0.0004474714
   -7.3800000000    0.0800515919    0.0004456637
   -7.3700000000    0.0799037458    0.0004438659
   -7.3600000000    0.0797562466    0.0004420780
   -7.3500000000    0.0796090924    0.0004402998
   -7.3400000000    0.0794622815    0.0004385313
   -7.3300000000    0.0793158119    0.0004367724
   -7.3200000000    0.0791696818    0.0004350230
   -7.3100000000    0.0790238894    0.0004332831
   -7.3000000000    0.0788784329    0.0004315525
   -7.2900000000    0.0787333106    0.0004298312
   -7.2800000000    0.0785885205    0.0004281191
   -7.2700000000    0.0784440610    0.0004264161
   -7.2600000000    0.0782999303    0.0004247221
   -7.2500000000    0.0781561268    0.0004230372
   -7.2400000000    0.0780126486    0.0004213611
   -7.2300000000    0.0778694940    0.0004196939
   -7.2200000000    0.0777266615    0.0004180354
   -7.2100000000    0.0775841492    0.0004163857
   -7.2000000000    0.0774419555    0.0004147445
   -7.1900000000    0.0773000789    0.0004131119
   -7.1800000000    0.0771585175    0.0004114878
   -7.1700000000    0.0770172699    0.0004098721
   -7.1600000000    0.0768763343    0.0004082647
   -7.1500000000    0.0767357092    0.0004066656
   -7.1400000000    0.0765953930    0.0004050748
   -7.1300000000    0.0764553841    0.0004034921
   -7.1200000000    0.0763156810    0.0004019174
   -7.1100000000    0.0761762820    0.0004003508
   -7.1000000000    0.0760371856    0.0003987922
   -7.0900000000    0.0758983904    0.0003972414
   -7.0800000000    0.0757598947    0.0003956985
   -7.0700000000    0.0756216971    0.0003941634
   -7.0600000000    0.0754837961    0.0003926360
   -7.0500000000    0.0753461902    0.0003911162
   -7.0400000000    0.0752088778    0.0003896040
   -7.0300000000    0.0750718576    0.0003880994
   -7.0200000000    0.0749351280    0.0003866022
   -7.0100000000    0.0747986877    0.0003851125
   -7.0000000000    0.0746625352    0.0003836301
   -6.9900000000    0.0745266690    0.0003821551
   -6.9800000000    0.0743910878    0.0003806873
   -6.9700000000    0.0742557901    0.0003792267
   -6.9600000000    0.0741207745    0.0003777733
   -6.9500000000    0.0739860397    0.0003763269
   -6.9400000000    0.0738515843    0.0003748876
   -6.9300000000    0.0737174069    0.0003734553
   -6.9200000000    0.0735835062    0.0003720299
   -6.9100000000    0.0734498808    0.0003706114
   -6.9000000000    0.0733165293    0.0003691997
   -6.8900000000    0.0731834505    0.0003677948
   -6.8800000000    0.0730506430    0.0003663966
   -6.8700000000    0.0729181055    0.0003650052
   -6.8600000000    0.0727858367    0.0003636203
   -6.8500000000    0.0726538354    0.0003622421
   -6.8400000000    0.0725221001    0.0003608703
   -6.8300000000    0.0723906298    0.0003595051
   -6.8200000000    0.0722594230    0.0003581463
   -6.8100000000    0.0721284785    0.0003567939
   -6.8000000000    0.0719977951    0.0003554479
   -6.7900000000    0.0718673716    0.0003541081
   -6.7800000000    0.0717372066    0.0003527746
   -6.7700000000    0.0716072990    0.0003514473
   -6.7600000000    0.0714776476    0.0003501262
   -6.7500000000    0.0713482512    0.0003488112
   -6.7400000000    0.0712191085    0.0003475023
   -6.7300000000    0.0710902183    0.0003461995
   -6.7200000000    0.0709615795    0.0003449026
   -6.7100000000    0.0708331909    0.0003436117
   -6.7000000000    0.0707050514    0.0003423267
   -6.6900000000    0.0705771597    0.0003410475
   -6.6800000000    0.0704495147    0.0003397742
   -6.6700000000    0.0703221152    0.0003385067
   -6.6600000000    0.0701949602    0.0003372449
   -6.6500000000    0.0700680485    0.0003359888
   -6.6400000000    0.0699413789    0.0003347383
   -6.6300000000    0.0698149504    0.0003334935
   -6.6200000000    0.0696887617    0.0003322543
   -6.6100000000    0.0695628120    0.0003310207
   -6.6000000000    0.0694370999    0.0003297925
   -6.5900000000    0.0693116245    0.0003285698
   -6.5800000000    0.0691863846    0.0003273526
   -6.5700000000    0.0690613792    0.0003261407
   -6.5600000000    0.0689366073    0.0003249342
   -6.5500000000    0.0688120676    0.0003237330
   -6.5400000000    0.0686877593    0.0003225371
   -6.5300000000    0.0685636811    0.0003213465
   -6.5200000000    0.0684398322    0.0003201611
   -6.5100000000    0.0683162114    0.0003189808
   -6.5000000000    0.0681928178    0.0003178057
   -6.4900000000    0.0680696502    0.0003166357
   -6.4800000000    0.0679467078    0.0003154707
   -6.4700000000    0.0678239894    0.0003143109
   -6.4600000000    0.0677014940    0.0003131560
   -6.4500000000    0.0675792207    0.0003120060
   -6.4400000000    0.0674571685    0.0003108611
   -6.4300000000    0.0673353363    0.0003097210
   -6.4200000000    0.0672137233    0.0003085858
   -6.4100000000    0.0670923283    0.0003074554
   -6.4000000000    0.0669711505    0.0003063299
   -6.3900000000    0.0668501889    0.0003052091
   -6.3800000000    0.0667294425    0.0003040930
   -6.3700000000    0.0666089104    0.0003029817
   -6.3600000000    0.0664885916    0.0003018751
   -6.3500000000    0.0663684852    0.0003007731
   -6.3400000000    0.0662485902    0.0002996757
   -6.3300000000    0.0661289057    0.0002985829
   -6.3200000000    0.0660094308    0.0002974946
   -6.3100000000    0.0658901645    0.0002964109
   -6.3000000000    0.0657711060    0.0002953317
   -6.2900000000    0.0656522544    0.0002942570
   -6.2800000000    0.0655336086    0.0002931867
   -6.2700000000    0.0654151679    0.0002921208
   -6.2600000000    0.0652969313    0.0002910593
   -6.2500000000    0.0651788979    0.0002900021
   -6.2400000000    0.0650610669    0.0002889493
   -6.2300000000    0.0649434374    0.0002879007
   -6.2200000000    0.0648260085    0.0002868565
   -6.2100000000    0.0647087793    0.0002858165
   -6.2000000000    0.0645917490    0.0002847806
   -6.1900000000    0.0644749167    0.0002837490
   -6.1800000000    0.0643582815    0.0002827216
   -6.1700000000    0.0642418426    0.0002816982
   -6.1600000000    0.0641255992    0.0002806790
   -6.1500000000    0.0640095504    0.0002796638
   -6.1400000000    0.0638936953    0.0002786528
   -6.1300000000    0.0637780332    0.0002776457
   -6.1200000000    0.0636625632    0.0002766426
   -6.1100000000    0.0635472845    0.0002756435
   -6.1000000000    0.0634321963    0.0002746484
   -6.0900000000    0.0633172977    0.0002736572
   -6.0800000000    0.0632025879    0.0002726699
   -6.0700000000    0.0630880662    0.0002716864
   -6.0600000000    0.0629737317    0.0002707069
   -6.0500000000    0.0628595837    0.0002697311
   -6.0400000000    0.0627456212    0.0002687591
   -6.0300000000    0.0626318437    0.0002677910
   -6.0200000000    0.0625182502    0.0002668265
   -6.0100000000    0.0624048400    0.0002658658
   -6.0000000000    0.0622916123    0.0002649089
   -5.9900000000    0.0621785663    0.0002639556
   -5.9800000000    0.0620657013    0.0002630059
   -5.9700000000    0.0619530165    0.0002620599
   -5.9600000000    0.0618405112    0.0002611175
   -5.9500000000    0.0617281845    0.0002601787
   -5.9400000000    0.0616160358    0.0002592435
   -5.9300000000    0.0615040642    0.0002583118
   -5.9200000000    0.0613922691    0.0002573837
   -5.9100000000    0.0612806496    0.0002564590
   -5.9000000000    0.0611692052    0.0002555379
   -5.8900000000    0.0610579349    0.0002546201
   -5.8800000000    0.0609468381    0.0002537059
   -5.8700000000    0.0608359141    0.0002527950
   -5.8600000000    0.0607251621    0.0002518876
   -5.8500000000    0.0606145815    0.0002509835
   -5.8400000000    0.0605041714    0.0002500827
   -5.8300000000    0.0603939313    0.0002491853
   -5.8200000000    0.0602838603    0.0002482912
   -5.8100000000    0.0601739578    0.0002474004
   -5.8000000000    0.0600642230    0.0002465129
   -5.7900000000    0.0599546554    0.0002456286
   -5.7800000000    0.0598452541    0.0002447475
   -5.7700000000    0.0597360185    0.0002438697
   -5.7600000000    0.0596269478    0.0002429950
   -5.7500000000    0.0595180415    0.0002421235
   -5.7400000000    0.0594092988    0.0002412552
   -5.7300000000    0.0593007191    0.0002403900
   -5.7200000000    0.0591923016    0.0002395279
   -5.7100000000    0.0590840458    0.0002386689
   -5.7000000000    0.0589759508    0.0002378130
   -5.6900000000    0.0588680161    0.0002369601
   -5.6800000000    0.0587602410    0.0002361102
   -5.6700000000    0.0586526249    0.0002352634
   -5.6600000000    0.0585451670    0.0002344196
   -5.6500000000    0.0584378667    0.0002335787
   -5.6400000000    0.0583307234    0.0002327408
   -5.6300000000    0.0582237365    0.0002319059
   -5.6200000000    0.0581169052    0.0002310739
   -5.6100000000    0.0580102289    0.0002302448
   -5.6000000000    0.0579037071    0.0002294185
   -5.5900000000    0.0577973390    0.0002285952
   -5.5800000000    0.0576911240    0.0002277746
   -5.5700000000    0.0575850615    0.0002269570
   -5.5600000000    0.0574791509    0.0002261421
   -5.5500000000    0.0573733915    0.0002253301
   -5.5400000000    0.0572677827    0.0002245208
   -5.5300000000    0.0571623239    0.0002237143
   -5.5200000000    0.0570570145    0.0002229105
   -5.5100000000    0.0569518539    0.0002221095
   -5.5000000000    0.0568468413    0.0002213112
   -5.4900000000    0.0567419764    0.0002205155
   -5.4800000000    0.0566372583    0.0002197226
   -5.4700000000    0.0565326866    0.0002189323
   -5.4600000000    0.0564282606    0.0002181447
   -5.4500000000    0.0563239798    0.0002173597
   -5.4400000000    0.0562198434    0.0002165773
   -5.4300000000    0.0561158510    0.0002157975
   -5.4200000000    0.0560120019    0.0002150203
   -5.4100000000    0.0559082956    0.0002142457
   -5.4000000000    0.0558047314    0.0002134736
   -5.3900000000    0.0557013088    0.0002127040
   -5.3800000000    0.0555980272    0.0002119370
   -5.3700000000    0.0554948860    0.0002111725
   -5.3600000000    0.0553918847    0.0002104104
   -5.3500000000    0.0552890226    0.0002096509
   -5.3400000000    0.0551862991    0.0002088937
   -5.3300000000    0.0550837138    0.0002081391
   -5.3200000000    0.0549812661    0.0002073868
   -5.3100000000    0.0548789553    0.0002066370
   -5.3000000000    0.0547767809    0.0002058895
   -5.2900000000    0.0546747424    0.0002051444
   -5.2800000000    0.0545728392    0.0002044017
   -5.2700000000    0.0544710707    0.0002036614
   -5.2600000000    0.0543694363    0.0002029234
   -5.2500000000    0.0542679356    0.0002021877
   -5.2400000000    0.0541665680    0.0002014543
   -5.2300000000    0.0540653329    0.0002007232
   -5.2200000000    0.0539642297    0.0001999943
   -5.2100000000    0.0538632580    0.0001992678
   -5.2000000000    0.0537624171    0.0001985434
   -5.1900000000    0.0536617066    0.0001978213
   -5.1800000000    0.0535611259    0.0001971015
   -5.1700000000    0.0534606744    0.0001963838
   -5.1600000000    0.0533603517    0.0001956683
   -5.1500000000    0.0532601572    0.0001949550
   -5.1400000000    0.0531600903    0.0001942439
   -5.1300000000    0.0530601505    0.0001935349
   -5.1200000000    0.0529603373    0.0001928280
   -5.1100000000    0.0528606502    0.0001921233
   -5.1000000000    0.0527610887    0.0001914206
   -5.0900000000    0.0526616521    0.0001907201
   -5.0800000000    0.0525623401    0.0001900216
   -5.0700000000    0.0524631520    0.0001893252
   -5.0600000000    0.0523640874    0.0001886309
   -5.0500000000    0.0522651457    0.0001879385
   -5.0400000000    0.0521663265    0.0001872482
   -5.0300000000    0.0520676291    0.0001865599
   -5.0200000000    0.0519690532    0.0001858737
   -5.0100000000    0.0518705982    0.0001851893
   -5.0000000000    0.0517722635    0.0001845070
   -4.9900000000    0.0516740487    0.0001838266
   -4.9800000000    0.0515759533    0.0001831482
   -4.9700000000    0.0514779767    0.0001824717
   -4.9600000000    0.0513801185    0.0001817971
   -4.9500000000    0.0512823782    0.0001811244
   -4.9400000000    0.0511847552    0.0001804536
   -4.9300000000    0.0510872490    0.0001797847
   -4.9200000000    0.0509898593    0.0001791176
   -4.9100000000    0.0508925854    0.0001784524
   -4.9000000000    0.0507954268    0.0001777890
   -4.8900000000    0.0506983832    0.0001771275
   -4.8800000000    0.0506014539    0.0001764677
   -4.8700000000    0.0505046386    0.0001758098
   -4.8600000000    0.0504079366    0.0001751536
   -4.8500000000    0.0503113476    0.0001744993
   -4.8400000000    0.0502148710    0.0001738466
   -4.8300000000    0.0501185063    0.0001731958
   -4.8200000000    0.0500222531    0.0001725466
   -4.8100000000    0.0499261109    0.0001718992
   -4.8000000000    0.0498300792    0.0001712535
   -4.7900000000    0.0497341575    0.0001706095
   -4.7800000000    0.0496383454    0.0001699672
   -4.7700000000    0.0495426423    0.0001693265
   -4.7600000000    0.0494470478    0.0001686875
   -4.7500000000    0.0493515614    0.0001680502
   -4.7400000000    0.0492561827    0.0001674145
   -4.7300000000    0.0491609111    0.0001667804
   -4.7200000000    0.0490657462    0.0001661479
   -4.7100000000    0.0489706875    0.0001655170
   -4.7000000000    0.0488757345    0.0001648877
   -4.6900000000    0.0487808868    0.0001642600
   -4.6800000000    0.0486861440    0.0001636338
   -4.6700000000    0.0485915054    0.0001630092
   -4.6600000000    0.0484969708    0.0001623861
   -4.6500000000    0.0484025395    0.0001617645
   -4.6400000000    0.0483082112    0.0001611444
   -4.6300000000    0.0482139853    0.0001605259
   -4.6200000000    0.0481198615    0.0001599088
   -4.6100000000    0.0480258392    0.0001592932
   -4.6000000000    0.0479319179    0.0001586790
   -4.5900000000    0.0478380973    0.0001580663
   -4.5800000000    0.0477443769    0.0001574551
   -4.5700000000    0.0476507562    0.0001568452
   -4.5600000000    0.0475572347    0.0001562368
   -4.5500000000    0.0474638119    0.0001556297
   -4.5400000000    0.0473704876    0.0001550241
   -4.5300000000    0.0472772610    0.0001544198
   -4.5200000000    0.0471841319    0.0001538168
   -4.5100000000    0.0470910997    0.0001532153
   -4.5000000000    0.0469981640    0.0001526150
   -4.4900000000    0.0469053244    0.0001520161
   -4.4800000000    0.0468125804    0.0001514185
   -4.4700000000    0.0467199314    0.0001508221
   -4.4600000000    0.0466273772    0.0001502271
   -4.4500000000    0.0465349172    0.0001496333
   -4.4400000000    0.0464425509    0.0001490408
   -4.4300000000    0.0463502780    0.0001484496
   -4.4200000000    0.0462580979    0.0001478595
   -4.4100000000    0.0461660102    0.0001472707
   -4.4000000000    0.0460740145    0.0001466831
   -4.3900000000    0.0459821104    0.0001460967
   -4.3800000000    0.0458902972    0.0001455115
   -4.3700000000    0.0457985747    0.0001449275
   -4.3600000000    0.0457069423    0.0001443446
   -4.3500000000    0.0456153996    0.0001437628
   -4.3400000000    0.0455239462    0.0001431822
   -4.3300000000    0.0454325816    0.0001426027
   -4.3200000000    0.0453413054    0.0001420243
   -4.3100000000    0.0452501170    0.0001414470
   -4.3000000000    0.0451590161    0.0001408707
   -4.2900000000    0.0450680022    0.0001402956
   -4.2800000000    0.0449770749    0.0001397215
   -4.2700000000    0.0448862336    0.0001391484
   -4.2600000000    0.0447954780    0.0001385763
   -4.2500000000    0.0447048076    0.0001380053
   -4.2400000000    0.0446142220    0.0001374353
   -4.2300000000    0.0445237207    0.0001368662
   -4.2200000000    0.0444333032    0.0001362981
   -4.2100000000    0.0443429691    0.0001357310
   -4.2000000000    0.0442527179    0.0001351648
   -4.1900000000    0.0441625493    0.0001345996
   -4.1800000000    0.0440724627    0.0001340352
   -4.1700000000    0.0439824577    0.0001334718
   -4.1600000000    0.0438925338    0.0001329092
   -4.1500000000    0.0438026906    0.0001323476
   -4.1400000000    0.0437129277    0.0001317868
   -4.1300000000    0.0436232445    0.0001312268
   -4.1200000000    0.0435336406    0.0001306677
   -4.1100000000    0.0434441156    0.0001301093
   -4.1000000000    0.0433546691    0.0001295518
   -4.0900000000    0.0432653005    0.0001289951
   -4.0800000000    0.0431760094    0.0001284391
   -4.0700000000    0.0430867953    0.0001278839
   -4.0600000000    0.0429976578    0.0001273295
   -4.0500000000    0.0429085965    0.0001267758
   -4.0400000000    0.0428196108    0.0001262227
   -4.0300000000    0.0427307003    0.0001256704
   -4.0200000000    0.0426418646    0.0001251188
   -4.0100000000    0.0425531031    0.0001245678
   -4.0000000000    0.0424644155    0.0001240175
   -3.9900000000    0.0423758012    0.0001234678
   -3.9800000000    0.0422872598    0.0001229187
   -3.9700000000    0.0421987909    0.0001223703
   -3.9600000000    0.0421103939    0.0001218224
   -3.9500000000    0.0420220684    0.0001212751
   -3.9400000000    0.0419338139    0.0001207283
   -3.9300000000    0.0418456299    0.0001201821
   -3.9200000000    0.0417575160    0.0001196364
   -3.9100000000    0.0416694718    0.0001190912
   -3.9000000000    0.0415814966    0.0001185465
   -3.8900000000    0.0414935901    0.0001180022
   -3.8800000000    0.0414057518    0.0001174584
   -3.8700000000    0.0413179812    0.0001169151
   -3.8600000000    0.0412302778    0.0001163721
   -3.8500000000    0.0411426411    0.0001158296
   -3.8400000000    0.0410550706    0.0001152874
   -3.8300000000    0.0409675659    0.0001147456
   -3.8200000000    0.0408801265    0.0001142041
   -3.8100000000    0.0407927519    0.0001136629
   -3.8000000000    0.0407054415    0.0001131221
   -3.7900000000    0.0406181949    0.0001125815
   -3.7800000000    0.0405310117    0.0001120412
   -3.7700000000    0.0404438912    0.0001115012
   -3.7600000000    0.0403568331    0.0001109613
   -3.7500000000    0.0402698367    0.0001104217
   -3.7400000000    0.0401829016    0.0001098822
   -3.7300000000    0.0400960274    0.0001093429
   -3.7200000000    0.0400092134    0.0001088038
   -3.7100000000    0.0399224591    0.0001082647
   -3.7000000000    0.0398357642    0.0001077258
   -3.6900000000    0.0397491279    0.0001071869
   -3.6800000000    0.0396625499    0.0001066481
   -3.6700000000    0.0395760295    0.0001061094
   -3.6600000000    0.0394895664    0.0001055706
   -3.6500000000    0.0394031598    0.0001050318
   -3.6400000000    0.0393168094    0.0001044930
   -3.6300000000    0.0392305146    0.0001039541
   -3.6200000000    0.0391442748    0.0001034151
   -3.6100000000    0.0390580894    0.0001028760
   -3.6000000000    0.0389719581    0.0001023368
   -3.5900000000    0.0388858801    0.0001017974
   -3.5800000000    0.0387998550    0.0001012578
   -3.5700000000    0.0387138822    0.0001007180
   -3.5600000000    0.0386279612    0.0001001779
   -3.5500000000    0.0385420913    0.0000996376
   -3.5400000000    0.0384562720    0.0000990970
   -3.5300000000    0.0383705028    0.0000985561
   -3.5200000000    0.0382847831    0.0000980148
   -3.5100000000    0.0381991122    0.0000974731
   -3.5000000000    0.0381134897    0.0000969310
   -3.4900000000    0.0380279149    0.0000963885
   -3.4800000000    0.0379423872    0.0000958455
   -3.4700000000    0.0378569061    0.0000953020
   -3.4600000000    0.0377714709    0.0000947580
   -3.4500000000    0.0376860810    0.0000942134
   -3.4400000000    0.0376007359    0.0000936682
   -3.4300000000    0.0375154348    0.0000931224
   -3.4200000000    0.0374301773    0.0000925759
   -3.4100000000    0.0373449626    0.0000920287
   -3.4000000000    0.0372597901    0.0000914808
   -3.3900000000    0.0371746592    0.0000909321
   -3.3800000000    0.0370895693    0.0000903826
   -3.3700000000    0.0370045197    0.0000898323
   -3.3600000000    0.0369195097    0.0000892810
   -3.3500000000    0.0368345387    0.0000887289
   -3.3400000000    0.0367496061    0.0000881758
   -3.3300000000    0.0366647110    0.0000876217
   -3.3200000000    0.0365798530    0.0000870666
   -3.3100000000    0.0364950312    0.0000865103
   -3.3000000000    0.0364102450    0.0000859530
   -3.2900000000    0.0363254937    0.0000853945
   -3.2800000000    0.0362407765    0.0000848348
   -3.2700000000    0.0361560928    0.0000842738
   -3.2600000000    0.0360714419    0.0000837115
   -3.2500000000    0.0359868229    0.0000831479
   -3.2400000000    0.0359022352    0.0000825829
   -3.2300000000    0.0358176780    0.0000820165
   -3.2200000000    0.0357331506    0.0000814485
   -3.2100000000    0.0356486522    0.0000808790
   -3.2000000000    0.0355641819    0.0000803079
   -3.1900000000    0.0354797391    0.0000797352
   -3.1800000000    0.0353953230    0.0000791607
   -3.1700000000    0.0353109326    0.0000785845
   -3.1600000000    0.0352265673    0.0000780065
   -3.1500000000    0.0351422262    0.0000774266
   -3.1400000000    0.0350579084    0.0000768448
   -3.1300000000    0.0349736132    0.0000762610
   -3.1200000000    0.0348893396    0.0000756751
   -3.1100000000    0.0348050868    0.0000750871
   -3.1000000000    0.0347208540    0.0000744969
   -3.0900000000    0.0346366401    0.0000739045
   -3.0800000000    0.0345524444    0.0000733098
   -3.0700000000    0.0344682659    0.0000727126
   -3.0600000000    0.0343841037    0.0000721130
   -3.0500000000    0.0342999568    0.0000715109
   -3.0400000000    0.0342158243    0.0000709062
   -3.0300000000    0.0341317053    0.0000702988
   -3.0200000000    0.0340475986    0.0000696886
   -3.0100000000    0.0339635034    0.0000690756
   -3.0000000000    0.0338794186    0.0000684596
   -2.9900000000    0.0337953433    0.0000678407
   -2.9800000000    0.0337112762    0.0000672186
   -2.9700000000    0.0336272165    0.0000665934
   -2.9600000000    0.0335431630    0.0000659649
   -2.9500000000    0.0334591146    0.0000653330
   -2.9400000000    0.0333750703    0.0000646976
   -2.9300000000    0.0332910288    0.0000640587
   -2.9200000000    0.0332069891    0.0000634161
   -2.9100000000    0.0331229499    0.0000627698
   -2.9000000000    0.0330389101    0.0000621196
   -2.8900000000    0.0329548685    0.0000614654
   -2.8800000000    0.0328708239    0.0000608071
   -2.8700000000    0.0327867749    0.0000601446
   -2.8600000000    0.0327027204    0.0000594778
   -2.8500000000    0.0326186590    0.0000588065
   -2.8400000000    0.0325345895    0.0000581306
   -2.8300000000    0.0324505104    0.0000574501
   -2.8200000000    0.0323664204    0.0000567647
   -2.8100000000    0.0322823182    0.0000560743
   -2.8000000000    0.0321982023    0.0000553788
   -2.7900000000    0.0321140712    0.0000546781
   -2.7800000000    0.0320299236    0.0000539719
   -2.7700000000    0.0319457578    0.0000532602
   -2.7600000000    0.0318615725    0.0000525428
   -2.7500000000    0.0317773659    0.0000518196
   -2.7400000000    0.0316931366    0.0000510903
   -2.7300000000    0.0316088828    0.0000503547
   -2.7200000000    0.0315246031    0.0000496128
   -2.7100000000    0.0314402955    0.0000488644
   -2.7000000000    0.0313559586    0.0000481092
   -2.6900000000    0.0312715904    0.0000473470
   -2.6800000000    0.0311871892    0.0000465777
   -2.6700000000    0.0311027532    0.0000458010
   -2.6600000000    0.0310182804    0.0000450168
   -2.6500000000    0.0309337691    0.0000442248
   -2.6400000000    0.0308492171    0.0000434248
   -2.6300000000    0.0307646226    0.0000426166
   -2.6200000000    0.0306799834    0.0000417999
   -2.6100000000    0.0305952976    0.0000409745
   -2.6000000000    0.0305105629    0.0000401402
   -2.5900000000    0.0304257771    0.0000392966
   -2.5800000000    0.0303409381    0.0000384435
   -2.5700000000    0.0302560436    0.0000375806
   -2.5600000000    0.0301710911    0.0000367076
   -2.5500000000    0.0300860783    0.0000358242
   -2.5400000000    0.0300010028    0.0000349302
   -2.5300000000    0.0299158621    0.0000340252
   -2.5200000000    0.0298306535    0.0000331088
   -2.5100000000    0.0297453744    0.0000321807
   -2.5000000000    0.0296600221    0.0000312407
   -2.4900000000    0.0295745938    0.0000302882
   -2.4800000000    0.0294890868    0.0000293229
   -2.4700000000    0.0294034980    0.0000283444
   -2.4600000000    0.0293178245    0.0000273524
   -2.4500000000    0.0292320632    0.0000263464
   -2.4400000000    0.0291462110    0.0000253259
   -2.4300000000    0.0290602646    0.0000242905
   -2.4200000000    0.0289742207    0.0000232397
   -2.4100000000    0.0288880758    0.0000221731
   -2.4000000000    0.0288018266    0.0000210902
   -2.3900000000    0.0287154693    0.0000199903
   -2.3800000000    0.0286290002    0.0000188730
   -2.3700000000    0.0285424157    0.0000177377
   -2.3600000000    0.0284557116    0.0000165838
   -2.3500000000    0.0283688841    0.0000154107
   -2.3400000000    0.0282819289    0.0000142178
   -2.3300000000    0.0281948418    0.0000130043
   -2.3200000000    0.0281076184    0.0000117697
   -2.3100000000    0.0280202542    0.0000105132
   -2.3000000000    0.0279327445    0.0000092340
   -2.2900000000    0.0278450845    0.0000079315
   -2.2800000000    0.0277572692    0.0000066047
   -2.2700000000    0.0276692937    0.0000052528
   -2.2600000000    0.0275811525    0.0000038750
   -2.2500000000    0.0274928402    0.0000024704
   -2.2400000000    0.0274043514    0.0000010379
   -2.2300000000    0.0273156801   -0.0000004233
   -2.2200000000    0.0272268204   -0.0000019144
   -2.2100000000    0.0271377662   -0.0000034363
   -2.2000000000    0.0270485111   -0.0000049903
   -2.1900000000    0.0269590485   -0.0000065775
   -2.1800000000    0.0268693716   -0.0000081991
   -2.1700000000    0.0267794734   -0.0000098564
   -2.1600000000    0.0266893465   -0.0000115508
   -2.1500000000    0.0265989836   -0.0000132836
   -2.1400000000    0.0265083767   -0.0000150564
   -2.1300000000    0.0264175179   -0.0000168706
   -2.1200000000    0.0263263987   -0.0000187279
   -2.1100000000    0.0262350105   -0.0000206300
   -2.1000000000    0.0261433444   -0.0000225786
   -2.0900000000    0.0260513909   -0.0000245756
   -2.0800000000    0.0259591406   -0.0000266229
   -2.0700000000    0.0258665833   -0.0000287226
   -2.0600000000    0.0257737087   -0.0000308768
   -2.0500000000    0.0256805060   -0.0000330878
   -2.0400000000    0.0255869639   -0.0000353579
   -2.0300000000    0.0254930709   -0.0000376896
   -2.0200000000    0.0253988148   -0.0000400856
   -2.0100000000    0.0253041829   -0.0000425486
   -2.0000000000    0.0252091623   -0.0000450814
   -1.9900000000    0.0251137392   -0.0000476872
   -1.9800000000    0.0250178994   -0.0000503692
   -1.9700000000    0.0249216282   -0.0000531308
   -1.9600000000    0.0248249100   -0.0000559755
   -1.9500000000    0.0247277289   -0.0000589072
   -1.9400000000    0.0246300680   -0.0000619298
   -1.9300000000    0.0245319098   -0.0000650476
   -1.9200000000    0.0244332360   -0.0000682651
   -1.9100000000    0.0243340274   -0.0000715869
   -1.9000000000    0.0242342641   -0.0000750182
   -1.8900000000    0.0241339253   -0.0000785642
   -1.8800000000    0.0240329889   -0.0000822305
   -1.8700000000    0.0239314322   -0.0000860232
   -1.8600000000    0.0238292311   -0.0000899486
   -1.8500000000    0.0237263606   -0.0000940134
   -1.8400000000    0.0236227941   -0.0000982249
   -1.8300000000    0.0235185042   -0.0001025906
   -1.8200000000    0.0234134617   -0.0001071188
   -1.8100000000    0.0233076361   -0.0001118181
   -1.8000000000    0.0232009955   -0.0001166977
   -1.7900000000    0.0230935059   -0.0001217675
   -1.7800000000    0.0229851320   -0.0001270381
   -1.7700000000    0.0228758363   -0.0001325208
   -1.7600000000    0.0227655795   -0.0001382277
   -1.7500000000    0.0226543199   -0.0001441717
   -1.7400000000    0.0225420137   -0.0001503667
   -1.7300000000    0.0224286147   -0.0001568276
   -1.7200000000    0.0223140737   -0.0001635705
   -1.7100000000    0.0221983390   -0.0001706124
   -1.7000000000    0.0220813558   -0.0001779721
   -1.6900000000    0.0219630661   -0.0001856695
   -1.6800000000    0.0218434081   -0.0001937261
   -1.6700000000    0.0217223165   -0.0002021653
   -1.6600000000    0.0215997220   -0.0002110122
   -1.6500000000    0.0214755506   -0.0002202941
   -1.6400000000    0.0213497240   -0.0002300406
   -1.6300000000    0.0212221583   -0.0002402838
   -1.6200000000    0.0210927646   -0.0002510586
   -1.6100000000    0.0209614476   -0.0002624028
   -1.6000000000    0.0208281058   -0.0002743580
   -1.5900000000    0.0206926304   -0.0002869693
   -1.5800000000    0.0205549051   -0.0003002860
   -1.5700000000    0.0204148052   -0.0003143623
   -1.5600000000    0.0202721971   -0.0003292573
   -1.5500000000    0.0201269370   -0.0003450362
   -1.5400000000    0.0199788705   -0.0003617707
   -1.5300000000    0.0198278312   -0.0003795396
   -1.5200000000    0.0196736398   -0.0003984302
   -1.5100000000    0.0195161027   -0.0004185389
   -1.5000000000    0.0193550106   -0.0004399727
   -1.4900000000    0.0191901371   -0.0004628504
   -1.4800000000    0.0190212366   -0.0004873042
   -1.4700000000    0.0188480425   -0.0005134818
   -1.4600000000    0.0186702651   -0.0005415481
   -1.4500000000    0.0184875888   -0.0005716882
   -1.4400000000    0.0182996695   -0.0006041100
   -1.4300000000    0.0181061312   -0.0006390479
   -1.4200000000    0.0179065628   -0.0006767666
   -1.4100000000    0.0177005135   -0.0007175663
   -1.4000000000    0.0174874884   -0.0007617881
   -1.3900000000    0.0172669434   -0.0008098209
   -1.3800000000    0.0170382790   -0.0008621097
   -1.3700000000    0.0168008336   -0.0009191653
   -1.3600000000    0.0165538761   -0.0009815760
   -1.3500000000    0.0162965968   -0.0010500226
   -1.3400000000    0.0160280977   -0.0011252951
   -1.3300000000    0.0157473815   -0.0012083150
   -1.3200000000    0.0154533388   -0.0013001611
   -1.3100000000    0.0151447347   -0.0014021029
   -1.3000000000    0.0148201926   -0.0015156410
   -1.2900000000    0.0144781782   -0.0016425585
   -1.2800000000    0.0141169811   -0.0017849854
   -1.2700000000    0.0137346974   -0.0019454805
   -1.2600000000    0.0133292121   -0.0021271355
   -1.2500000000    0.0128981861   -0.0023337092
   -1.2400000000    0.0124390491   -0.0025698003
   -1.2300000000    0.0119490087   -0.0028410718
   -1.2200000000    0.0114250826   -0.0031545449
   -1.2100000000    0.0108641770   -0.0035189830
   -1.2000000000    0.0102632388   -0.0039453970
   -1.1900000000    0.0096195352   -0.0044477099
   -1.1800000000    0.0089311446   -0.0050436245
   -1.1700000000    0.0081978019   -0.0057557461
   -1.1600000000    0.0074223294   -0.0066129940
   -1.1500000000    0.0066130392   -0.0076522864
   -1.1400000000    0.0057877138   -0.0089203269
   -1.1300000000    0.0049800969   -0.0104749435
   -1.1200000000    0.0042501574   -0.0123845833
   -1.1100000000    0.0036994090   -0.0147228340
   -1.1000000000    0.0034911692   -0.0175517496
   -1.0900000000    0.0038702003   -0.0208836921
   -1.0800000000    0.0051623449   -0.0246107449
   -1.0700000000    0.0077122742   -0.0284078765
   -1.0600000000    0.0117114961   -0.0316723894
   -1.0500000000    0.0169490409   -0.0336351366
   -1.0400000000    0.0226991643   -0.0337181485
   -1.0300000000    0.0279846371   -0.0319106904
   -1.0200000000    0.0320685492   -0.0287732423
   -1.0100000000    0.0347230451   -0.0250668808
   -1.0000000000    0.0361239105   -0.0213956165
   -0.9900000000    0.0366052341   -0.0180912408
   -0.9800000000    0.0364876741   -0.0152697375
   -0.9700000000    0.0360145989   -0.0129257544
   -0.9600000000    0.0353499885   -0.0110024668
   -0.9500000000    0.0345968757   -0.0094298623
   -0.9400000000    0.0338169446   -0.0081418064
   -0.9300000000    0.0330455439   -0.0070819065
   -0.9200000000    0.0323018413   -0.0062043159
   -0.9100000000    0.0315952958   -0.0054726034
   -0.9000000000    0.0309296610   -0.0048581051
   -0.8900000000    0.0303054192   -0.0043383291
   -0.8800000000    0.0297212477   -0.0038955999
   -0.8700000000    0.0291748930   -0.0035159724
   -0.8600000000    0.0286636868   -0.0031883851
   -0.8500000000    0.0281848452   -0.0029040103
   -0.8400000000    0.0277356374   -0.0026557568
   -0.8300000000    0.0273134752   -0.0024378906
   -0.8200000000    0.0269159560   -0.0022457441
   -0.8100000000    0.0265408781   -0.0020754936
   -0.8000000000    0.0261862409   -0.0019239866
   -0.7900000000    0.0258502352   -0.0017886087
   -0.7800000000    0.0255312303   -0.0016671785
   -0.7700000000    0.0252277584   -0.0015578665
   -0.7600000000    0.0249384996   -0.0014591296
   -0.7500000000    0.0246622667   -0.0013696601
   -0.7400000000    0.0243979913   -0.0012883440
   -0.7300000000    0.0241447112   -0.0012142285
   -0.7200000000    0.0239015584   -0.0011464946
   -0.7100000000    0.0236677492   -0.0010844359
   -0.7000000000    0.0234425751   -0.0010274401
   -0.6900000000    0.0232253941   -0.0009749751
   -0.6800000000    0.0230156239   -0.0009265762
   -0.6700000000    0.0228127352   -0.0008818367
   -0.6600000000    0.0226162465   -0.0008403992
   -0.6500000000    0.0224257185   -0.0008019488
   -0.6400000000    0.0222407503   -0.0007662070
   -0.6300000000    0.0220609750   -0.0007329270
   -0.6200000000    0.0218860566   -0.0007018894
   -0.6100000000    0.0217156868   -0.0006728985
   -0.6000000000    0.0215495821   -0.0006457798
   -0.5900000000    0.0213874818   -0.0006203766
   -0.5800000000    0.0212291455   -0.0005965485
   -0.5700000000    0.0210743513   -0.0005741690
   -0.5600000000    0.0209228940   -0.0005531242
   -0.5500000000    0.0207745839   -0.0005333111
   -0.5400000000    0.0206292450   -0.0005146364
   -0.5300000000    0.0204867141   -0.0004970155
   -0.5200000000    0.0203468394   -0.0004803716
   -0.5100000000    0.0202094799   -0.0004646346
   -0.5000000000    0.0200745040   -0.0004497409
   -0.4900000000    0.0199417891   -0.0004356320
   -0.4800000000    0.0198112210   -0.0004222548
   -0.4700000000    0.0196826926   -0.0004095602
   -0.4600000000    0.0195561039   -0.0003975035
   -0.4500000000    0.0194313611   -0.0003860435
   -0.4400000000    0.0193083766   -0.0003751422
   -0.4300000000    0.0191870678   -0.0003647647
   -0.4200000000    0.0190673574   -0.0003548788
   -0.4100000000    0.0189491726   -0.0003454547
   -0.4000000000    0.0188324448   -0.0003364647
   -0.3900000000    0.0187171096   -0.0003278835
   -0.3800000000    0.0186031063   -0.0003196873
   -0.3700000000    0.0184903773   -0.0003118541
   -0.3600000000    0.0183788686   -0.0003043636
   -0.3500000000    0.0182685291   -0.0002971968
   -0.3400000000    0.0181593102   -0.0002903359
   -0.3300000000    0.0180511661   -0.0002837645
   -0.3200000000    0.0179440536   -0.0002774672
   -0.3100000000    0.0178379315   -0.0002714297
   -0.3000000000    0.0177327607   -0.0002656385
   -0.2900000000    0.0176285042   -0.0002600810
   -0.2800000000    0.0175251270   -0.0002547456
   -0.2700000000    0.0174225954   -0.0002496211
   -0.2600000000    0.0173208779   -0.0002446973
   -0.2500000000    0.0172199441   -0.0002399643
   -0.2400000000    0.0171197652   -0.0002354132
   -0.2300000000    0.0170203137   -0.0002310352
   -0.2200000000    0.0169215636   -0.0002268224
   -0.2100000000    0.0168234898   -0.0002227672
   -0.2000000000    0.0167260685   -0.0002188623
   -0.1900000000    0.0166292770   -0.0002151010
   -0.1800000000    0.0165330934   -0.0002114770
   -0.1700000000    0.0164374971   -0.0002079842
   -0.1600000000    0.0163424681   -0.0002046170
   -0.1500000000    0.0162479873   -0.0002013700
   -0.1400000000    0.0161540366   -0.0001982380
   -0.1300000000    0.0160605985   -0.0001952163
   -0.1200000000    0.0159676562   -0.0001923003
   -0.1100000000    0.0158751937   -0.0001894857
   -0.1000000000    0.0157831955   -0.0001867684
   -0.0900000000    0.0156916469   -0.0001841445
   -0.0800000000    0.0156005336   -0.0001816103
   -0.0700000000    0.0155098420   -0.0001791624
   -0.0600000000    0.0154195590   -0.0001767973
   -0.0500000000    0.0153296720   -0.0001745119
   -0.0400000000    0.0152401687   -0.0001723032
   -0.0300000000    0.0151510375   -0.0001701684
   -0.0200000000    0.0150622672   -0.0001681047
   -0.0100000000    0.0149738469   -0.0001661094
    0.0000000000    0.0148857661   -0.0001641802
