-0.2000000000E+02 0.7687999582E-01
-0.1999000000E+02 0.7659235575E-01
-0.1998000000E+02 0.7630752054E-01
-0.1997000000E+02 0.7602547888E-01
-0.1996000000E+02 0.7574621915E-01
-0.1995000000E+02 0.7546972942E-01
-0.1994000000E+02 0.7519599745E-01
-0.1993000000E+02 0.7492501073E-01
-0.1992000000E+02 0.7465675647E-01
-0.1991000000E+02 0.7439122164E-01
-0.1990000000E+02 0.7412839294E-01
-0.1989000000E+02 0.7386825685E-01
-0.1988000000E+02 0.7361079965E-01
-0.1987000000E+02 0.7335600737E-01
-0.1986000000E+02 0.7310386587E-01
-0.1985000000E+02 0.7285436083E-01
-0.1984000000E+02 0.7260747772E-01
-0.1983000000E+02 0.7236320188E-01
-0.1982000000E+02 0.7212151847E-01
-0.1981000000E+02 0.7188241251E-01
-0.1980000000E+02 0.7164586889E-01
-0.1979000000E+02 0.7141187236E-01
-0.1978000000E+02 0.7118040757E-01
-0.1977000000E+02 0.7095145904E-01
-0.1976000000E+02 0.7072501120E-01
-0.1975000000E+02 0.7050104839E-01
-0.1974000000E+02 0.7027955486E-01
-0.1973000000E+02 0.7006051477E-01
-0.1972000000E+02 0.6984391222E-01
-0.1971000000E+02 0.6962973126E-01
-0.1970000000E+02 0.6941795587E-01
-0.1969000000E+02 0.6920856998E-01
-0.1968000000E+02 0.6900155748E-01
-0.1967000000E+02 0.6879690223E-01
-0.1966000000E+02 0.6859458804E-01
-0.1965000000E+02 0.6839459873E-01
-0.1964000000E+02 0.6819691807E-01
-0.1963000000E+02 0.6800152983E-01
-0.1962000000E+02 0.6780841778E-01
-0.1961000000E+02 0.6761756567E-01
-0.1960000000E+02 0.6742895726E-01
-0.1959000000E+02 0.6724257632E-01
-0.1958000000E+02 0.6705840665E-01
-0.1957000000E+02 0.6687643203E-01
-0.1956000000E+02 0.6669663628E-01
-0.1955000000E+02 0.6651900325E-01
-0.1954000000E+02 0.6634351681E-01
-0.1953000000E+02 0.6617016087E-01
-0.1952000000E+02 0.6599891937E-01
-0.1951000000E+02 0.6582977630E-01
-0.1950000000E+02 0.6566271568E-01
-0.1949000000E+02 0.6549772159E-01
-0.1948000000E+02 0.6533477814E-01
-0.1947000000E+02 0.6517386953E-01
-0.1946000000E+02 0.6501497997E-01
-0.1945000000E+02 0.6485809377E-01
-0.1944000000E+02 0.6470319526E-01
-0.1943000000E+02 0.6455026888E-01
-0.1942000000E+02 0.6439929911E-01
-0.1941000000E+02 0.6425027049E-01
-0.1940000000E+02 0.6410316764E-01
-0.1939000000E+02 0.6395797527E-01
-0.1938000000E+02 0.6381467815E-01
-0.1937000000E+02 0.6367326111E-01
-0.1936000000E+02 0.6353370908E-01
-0.1935000000E+02 0.6339600708E-01
-0.1934000000E+02 0.6326014019E-01
-0.1933000000E+02 0.6312609357E-01
-0.1932000000E+02 0.6299385249E-01
-0.1931000000E+02 0.6286340228E-01
-0.1930000000E+02 0.6273472838E-01
-0.1929000000E+02 0.6260781630E-01
-0.1928000000E+02 0.6248265166E-01
-0.1927000000E+02 0.6235922015E-01
-0.1926000000E+02 0.6223750755E-01
-0.1925000000E+02 0.6211749977E-01
-0.1924000000E+02 0.6199918276E-01
-0.1923000000E+02 0.6188254262E-01
-0.1922000000E+02 0.6176756549E-01
-0.1921000000E+02 0.6165423765E-01
-0.1920000000E+02 0.6154254546E-01
-0.1919000000E+02 0.6143247537E-01
-0.1918000000E+02 0.6132401395E-01
-0.1917000000E+02 0.6121714783E-01
-0.1916000000E+02 0.6111186377E-01
-0.1915000000E+02 0.6100814863E-01
-0.1914000000E+02 0.6090598936E-01
-0.1913000000E+02 0.6080537300E-01
-0.1912000000E+02 0.6070628670E-01
-0.1911000000E+02 0.6060871771E-01
-0.1910000000E+02 0.6051265339E-01
-0.1909000000E+02 0.6041808118E-01
-0.1908000000E+02 0.6032498863E-01
-0.1907000000E+02 0.6023336340E-01
-0.1906000000E+02 0.6014319323E-01
-0.1905000000E+02 0.6005446598E-01
-0.1904000000E+02 0.5996716960E-01
-0.1903000000E+02 0.5988129214E-01
-0.1902000000E+02 0.5979682175E-01
-0.1901000000E+02 0.5971374669E-01
-0.1900000000E+02 0.5963205530E-01
-0.1899000000E+02 0.5955173605E-01
-0.1898000000E+02 0.5947277748E-01
-0.1897000000E+02 0.5939516825E-01
-0.1896000000E+02 0.5931889710E-01
-0.1895000000E+02 0.5924395288E-01
-0.1894000000E+02 0.5917032455E-01
-0.1893000000E+02 0.5909800114E-01
-0.1892000000E+02 0.5902697179E-01
-0.1891000000E+02 0.5895722576E-01
-0.1890000000E+02 0.5888875237E-01
-0.1889000000E+02 0.5882154106E-01
-0.1888000000E+02 0.5875558136E-01
-0.1887000000E+02 0.5869086290E-01
-0.1886000000E+02 0.5862737540E-01
-0.1885000000E+02 0.5856510867E-01
-0.1884000000E+02 0.5850405262E-01
-0.1883000000E+02 0.5844419726E-01
-0.1882000000E+02 0.5838553269E-01
-0.1881000000E+02 0.5832804910E-01
-0.1880000000E+02 0.5827173677E-01
-0.1879000000E+02 0.5821658608E-01
-0.1878000000E+02 0.5816258749E-01
-0.1877000000E+02 0.5810973156E-01
-0.1876000000E+02 0.5805800894E-01
-0.1875000000E+02 0.5800741036E-01
-0.1874000000E+02 0.5795792666E-01
-0.1873000000E+02 0.5790954875E-01
-0.1872000000E+02 0.5786226763E-01
-0.1871000000E+02 0.5781607440E-01
-0.1870000000E+02 0.5777096023E-01
-0.1869000000E+02 0.5772691638E-01
-0.1868000000E+02 0.5768393421E-01
-0.1867000000E+02 0.5764200516E-01
-0.1866000000E+02 0.5760112073E-01
-0.1865000000E+02 0.5756127254E-01
-0.1864000000E+02 0.5752245227E-01
-0.1863000000E+02 0.5748465169E-01
-0.1862000000E+02 0.5744786266E-01
-0.1861000000E+02 0.5741207710E-01
-0.1860000000E+02 0.5737728704E-01
-0.1859000000E+02 0.5734348455E-01
-0.1858000000E+02 0.5731066183E-01
-0.1857000000E+02 0.5727881112E-01
-0.1856000000E+02 0.5724792475E-01
-0.1855000000E+02 0.5721799514E-01
-0.1854000000E+02 0.5718901476E-01
-0.1853000000E+02 0.5716097618E-01
-0.1852000000E+02 0.5713387205E-01
-0.1851000000E+02 0.5710769507E-01
-0.1850000000E+02 0.5708243803E-01
-0.1849000000E+02 0.5705809380E-01
-0.1848000000E+02 0.5703465531E-01
-0.1847000000E+02 0.5701211557E-01
-0.1846000000E+02 0.5699046766E-01
-0.1845000000E+02 0.5696970474E-01
-0.1844000000E+02 0.5694982003E-01
-0.1843000000E+02 0.5693080681E-01
-0.1842000000E+02 0.5691265847E-01
-0.1841000000E+02 0.5689536843E-01
-0.1840000000E+02 0.5687893018E-01
-0.1839000000E+02 0.5686333731E-01
-0.1838000000E+02 0.5684858345E-01
-0.1837000000E+02 0.5683466230E-01
-0.1836000000E+02 0.5682156763E-01
-0.1835000000E+02 0.5680929328E-01
-0.1834000000E+02 0.5679783315E-01
-0.1833000000E+02 0.5678718120E-01
-0.1832000000E+02 0.5677733146E-01
-0.1831000000E+02 0.5676827802E-01
-0.1830000000E+02 0.5676001504E-01
-0.1829000000E+02 0.5675253674E-01
-0.1828000000E+02 0.5674583739E-01
-0.1827000000E+02 0.5673991133E-01
-0.1826000000E+02 0.5673475297E-01
-0.1825000000E+02 0.5673035676E-01
-0.1824000000E+02 0.5672671722E-01
-0.1823000000E+02 0.5672382892E-01
-0.1822000000E+02 0.5672168651E-01
-0.1821000000E+02 0.5672028468E-01
-0.1820000000E+02 0.5671961818E-01
-0.1819000000E+02 0.5671968182E-01
-0.1818000000E+02 0.5672047045E-01
-0.1817000000E+02 0.5672197900E-01
-0.1816000000E+02 0.5672420245E-01
-0.1815000000E+02 0.5672713581E-01
-0.1814000000E+02 0.5673077418E-01
-0.1813000000E+02 0.5673511268E-01
-0.1812000000E+02 0.5674014651E-01
-0.1811000000E+02 0.5674587092E-01
-0.1810000000E+02 0.5675228118E-01
-0.1809000000E+02 0.5675937265E-01
-0.1808000000E+02 0.5676714072E-01
-0.1807000000E+02 0.5677558084E-01
-0.1806000000E+02 0.5678468851E-01
-0.1805000000E+02 0.5679445926E-01
-0.1804000000E+02 0.5680488870E-01
-0.1803000000E+02 0.5681597247E-01
-0.1802000000E+02 0.5682770626E-01
-0.1801000000E+02 0.5684008581E-01
-0.1800000000E+02 0.5685310690E-01
-0.1799000000E+02 0.5686676538E-01
-0.1798000000E+02 0.5688105711E-01
-0.1797000000E+02 0.5689597802E-01
-0.1796000000E+02 0.5691152408E-01
-0.1795000000E+02 0.5692769132E-01
-0.1794000000E+02 0.5694447579E-01
-0.1793000000E+02 0.5696187358E-01
-0.1792000000E+02 0.5697988087E-01
-0.1791000000E+02 0.5699849382E-01
-0.1790000000E+02 0.5701770868E-01
-0.1789000000E+02 0.5703752172E-01
-0.1788000000E+02 0.5705792927E-01
-0.1787000000E+02 0.5707892768E-01
-0.1786000000E+02 0.5710051335E-01
-0.1785000000E+02 0.5712268273E-01
-0.1784000000E+02 0.5714543229E-01
-0.1783000000E+02 0.5716875857E-01
-0.1782000000E+02 0.5719265812E-01
-0.1781000000E+02 0.5721712754E-01
-0.1780000000E+02 0.5724216349E-01
-0.1779000000E+02 0.5726776262E-01
-0.1778000000E+02 0.5729392167E-01
-0.1777000000E+02 0.5732063738E-01
-0.1776000000E+02 0.5734790656E-01
-0.1775000000E+02 0.5737572602E-01
-0.1774000000E+02 0.5740409264E-01
-0.1773000000E+02 0.5743300331E-01
-0.1772000000E+02 0.5746245499E-01
-0.1771000000E+02 0.5749244463E-01
-0.1770000000E+02 0.5752296925E-01
-0.1769000000E+02 0.5755402590E-01
-0.1768000000E+02 0.5758561165E-01
-0.1767000000E+02 0.5761772362E-01
-0.1766000000E+02 0.5765035895E-01
-0.1765000000E+02 0.5768351483E-01
-0.1764000000E+02 0.5771718848E-01
-0.1763000000E+02 0.5775137713E-01
-0.1762000000E+02 0.5778607807E-01
-0.1761000000E+02 0.5782128861E-01
-0.1760000000E+02 0.5785700611E-01
-0.1759000000E+02 0.5789322792E-01
-0.1758000000E+02 0.5792995147E-01
-0.1757000000E+02 0.5796717420E-01
-0.1756000000E+02 0.5800489356E-01
-0.1755000000E+02 0.5804310708E-01
-0.1754000000E+02 0.5808181226E-01
-0.1753000000E+02 0.5812100669E-01
-0.1752000000E+02 0.5816068795E-01
-0.1751000000E+02 0.5820085366E-01
-0.1750000000E+02 0.5824150147E-01
-0.1749000000E+02 0.5828262906E-01
-0.1748000000E+02 0.5832423414E-01
-0.1747000000E+02 0.5836631445E-01
-0.1746000000E+02 0.5840886775E-01
-0.1745000000E+02 0.5845189183E-01
-0.1744000000E+02 0.5849538451E-01
-0.1743000000E+02 0.5853934365E-01
-0.1742000000E+02 0.5858376712E-01
-0.1741000000E+02 0.5862865281E-01
-0.1740000000E+02 0.5867399867E-01
-0.1739000000E+02 0.5871980264E-01
-0.1738000000E+02 0.5876606270E-01
-0.1737000000E+02 0.5881277687E-01
-0.1736000000E+02 0.5885994317E-01
-0.1735000000E+02 0.5890755967E-01
-0.1734000000E+02 0.5895562445E-01
-0.1733000000E+02 0.5900413562E-01
-0.1732000000E+02 0.5905309132E-01
-0.1731000000E+02 0.5910248969E-01
-0.1730000000E+02 0.5915232894E-01
-0.1729000000E+02 0.5920260726E-01
-0.1728000000E+02 0.5925332288E-01
-0.1727000000E+02 0.5930447406E-01
-0.1726000000E+02 0.5935605909E-01
-0.1725000000E+02 0.5940807626E-01
-0.1724000000E+02 0.5946052390E-01
-0.1723000000E+02 0.5951340036E-01
-0.1722000000E+02 0.5956670400E-01
-0.1721000000E+02 0.5962043323E-01
-0.1720000000E+02 0.5967458647E-01
-0.1719000000E+02 0.5972916214E-01
-0.1718000000E+02 0.5978415872E-01
-0.1717000000E+02 0.5983957468E-01
-0.1716000000E+02 0.5989540853E-01
-0.1715000000E+02 0.5995165880E-01
-0.1714000000E+02 0.6000832403E-01
-0.1713000000E+02 0.6006540280E-01
-0.1712000000E+02 0.6012289369E-01
-0.1711000000E+02 0.6018079531E-01
-0.1710000000E+02 0.6023910630E-01
-0.1709000000E+02 0.6029782531E-01
-0.1708000000E+02 0.6035695101E-01
-0.1707000000E+02 0.6041648210E-01
-0.1706000000E+02 0.6047641728E-01
-0.1705000000E+02 0.6053675530E-01
-0.1704000000E+02 0.6059749489E-01
-0.1703000000E+02 0.6065863484E-01
-0.1702000000E+02 0.6072017394E-01
-0.1701000000E+02 0.6078211100E-01
-0.1700000000E+02 0.6084444484E-01
-0.1699000000E+02 0.6090717432E-01
-0.1698000000E+02 0.6097029831E-01
-0.1697000000E+02 0.6103381569E-01
-0.1696000000E+02 0.6109772537E-01
-0.1695000000E+02 0.6116202627E-01
-0.1694000000E+02 0.6122671733E-01
-0.1693000000E+02 0.6129179752E-01
-0.1692000000E+02 0.6135726582E-01
-0.1691000000E+02 0.6142312121E-01
-0.1690000000E+02 0.6148936272E-01
-0.1689000000E+02 0.6155598938E-01
-0.1688000000E+02 0.6162300023E-01
-0.1687000000E+02 0.6169039435E-01
-0.1686000000E+02 0.6175817082E-01
-0.1685000000E+02 0.6182632874E-01
-0.1684000000E+02 0.6189486724E-01
-0.1683000000E+02 0.6196378543E-01
-0.1682000000E+02 0.6203308249E-01
-0.1681000000E+02 0.6210275758E-01
-0.1680000000E+02 0.6217280989E-01
-0.1679000000E+02 0.6224323862E-01
-0.1678000000E+02 0.6231404298E-01
-0.1677000000E+02 0.6238522222E-01
-0.1676000000E+02 0.6245677559E-01
-0.1675000000E+02 0.6252870236E-01
-0.1674000000E+02 0.6260100181E-01
-0.1673000000E+02 0.6267367324E-01
-0.1672000000E+02 0.6274671598E-01
-0.1671000000E+02 0.6282012934E-01
-0.1670000000E+02 0.6289391268E-01
-0.1669000000E+02 0.6296806537E-01
-0.1668000000E+02 0.6304258678E-01
-0.1667000000E+02 0.6311747632E-01
-0.1666000000E+02 0.6319273338E-01
-0.1665000000E+02 0.6326835739E-01
-0.1664000000E+02 0.6334434780E-01
-0.1663000000E+02 0.6342070407E-01
-0.1662000000E+02 0.6349742566E-01
-0.1661000000E+02 0.6357451205E-01
-0.1660000000E+02 0.6365196276E-01
-0.1659000000E+02 0.6372977730E-01
-0.1658000000E+02 0.6380795519E-01
-0.1657000000E+02 0.6388649599E-01
-0.1656000000E+02 0.6396539925E-01
-0.1655000000E+02 0.6404466455E-01
-0.1654000000E+02 0.6412429147E-01
-0.1653000000E+02 0.6420427963E-01
-0.1652000000E+02 0.6428462864E-01
-0.1651000000E+02 0.6436533813E-01
-0.1650000000E+02 0.6444640775E-01
-0.1649000000E+02 0.6452783717E-01
-0.1648000000E+02 0.6460962604E-01
-0.1647000000E+02 0.6469177408E-01
-0.1646000000E+02 0.6477428097E-01
-0.1645000000E+02 0.6485714644E-01
-0.1644000000E+02 0.6494037021E-01
-0.1643000000E+02 0.6502395204E-01
-0.1642000000E+02 0.6510789168E-01
-0.1641000000E+02 0.6519218890E-01
-0.1640000000E+02 0.6527684350E-01
-0.1639000000E+02 0.6536185527E-01
-0.1638000000E+02 0.6544722403E-01
-0.1637000000E+02 0.6553294960E-01
-0.1636000000E+02 0.6561903183E-01
-0.1635000000E+02 0.6570547057E-01
-0.1634000000E+02 0.6579226569E-01
-0.1633000000E+02 0.6587941707E-01
-0.1632000000E+02 0.6596692461E-01
-0.1631000000E+02 0.6605478822E-01
-0.1630000000E+02 0.6614300781E-01
-0.1629000000E+02 0.6623158333E-01
-0.1628000000E+02 0.6632051473E-01
-0.1627000000E+02 0.6640980196E-01
-0.1626000000E+02 0.6649944500E-01
-0.1625000000E+02 0.6658944385E-01
-0.1624000000E+02 0.6667979850E-01
-0.1623000000E+02 0.6677050896E-01
-0.1622000000E+02 0.6686157528E-01
-0.1621000000E+02 0.6695299748E-01
-0.1620000000E+02 0.6704477564E-01
-0.1619000000E+02 0.6713690980E-01
-0.1618000000E+02 0.6722940006E-01
-0.1617000000E+02 0.6732224651E-01
-0.1616000000E+02 0.6741544925E-01
-0.1615000000E+02 0.6750900841E-01
-0.1614000000E+02 0.6760292412E-01
-0.1613000000E+02 0.6769719654E-01
-0.1612000000E+02 0.6779182580E-01
-0.1611000000E+02 0.6788681210E-01
-0.1610000000E+02 0.6798215562E-01
-0.1609000000E+02 0.6807785655E-01
-0.1608000000E+02 0.6817391512E-01
-0.1607000000E+02 0.6827033153E-01
-0.1606000000E+02 0.6836710604E-01
-0.1605000000E+02 0.6846423889E-01
-0.1604000000E+02 0.6856173035E-01
-0.1603000000E+02 0.6865958069E-01
-0.1602000000E+02 0.6875779021E-01
-0.1601000000E+02 0.6885635921E-01
-0.1600000000E+02 0.6895528800E-01
-0.1599000000E+02 0.6905457693E-01
-0.1598000000E+02 0.6915422632E-01
-0.1597000000E+02 0.6925423653E-01
-0.1596000000E+02 0.6935460794E-01
-0.1595000000E+02 0.6945534093E-01
-0.1594000000E+02 0.6955643589E-01
-0.1593000000E+02 0.6965789323E-01
-0.1592000000E+02 0.6975971338E-01
-0.1591000000E+02 0.6986189676E-01
-0.1590000000E+02 0.6996444383E-01
-0.1589000000E+02 0.7006735505E-01
-0.1588000000E+02 0.7017063089E-01
-0.1587000000E+02 0.7027427185E-01
-0.1586000000E+02 0.7037827842E-01
-0.1585000000E+02 0.7048265111E-01
-0.1584000000E+02 0.7058739047E-01
-0.1583000000E+02 0.7069249702E-01
-0.1582000000E+02 0.7079797133E-01
-0.1581000000E+02 0.7090381396E-01
-0.1580000000E+02 0.7101002550E-01
-0.1579000000E+02 0.7111660654E-01
-0.1578000000E+02 0.7122355770E-01
-0.1577000000E+02 0.7133087959E-01
-0.1576000000E+02 0.7143857285E-01
-0.1575000000E+02 0.7154663813E-01
-0.1574000000E+02 0.7165507611E-01
-0.1573000000E+02 0.7176388745E-01
-0.1572000000E+02 0.7187307285E-01
-0.1571000000E+02 0.7198263302E-01
-0.1570000000E+02 0.7209256867E-01
-0.1569000000E+02 0.7220288055E-01
-0.1568000000E+02 0.7231356939E-01
-0.1567000000E+02 0.7242463597E-01
-0.1566000000E+02 0.7253608106E-01
-0.1565000000E+02 0.7264790545E-01
-0.1564000000E+02 0.7276010994E-01
-0.1563000000E+02 0.7287269536E-01
-0.1562000000E+02 0.7298566255E-01
-0.1561000000E+02 0.7309901234E-01
-0.1560000000E+02 0.7321274561E-01
-0.1559000000E+02 0.7332686323E-01
-0.1558000000E+02 0.7344136609E-01
-0.1557000000E+02 0.7355625511E-01
-0.1556000000E+02 0.7367153120E-01
-0.1555000000E+02 0.7378719531E-01
-0.1554000000E+02 0.7390324839E-01
-0.1553000000E+02 0.7401969140E-01
-0.1552000000E+02 0.7413652533E-01
-0.1551000000E+02 0.7425375118E-01
-0.1550000000E+02 0.7437136996E-01
-0.1549000000E+02 0.7448938270E-01
-0.1548000000E+02 0.7460779045E-01
-0.1547000000E+02 0.7472659426E-01
-0.1546000000E+02 0.7484579522E-01
-0.1545000000E+02 0.7496539441E-01
-0.1544000000E+02 0.7508539294E-01
-0.1543000000E+02 0.7520579194E-01
-0.1542000000E+02 0.7532659255E-01
-0.1541000000E+02 0.7544779593E-01
-0.1540000000E+02 0.7556940324E-01
-0.1539000000E+02 0.7569141568E-01
-0.1538000000E+02 0.7581383446E-01
-0.1537000000E+02 0.7593666079E-01
-0.1536000000E+02 0.7605989592E-01
-0.1535000000E+02 0.7618354110E-01
-0.1534000000E+02 0.7630759761E-01
-0.1533000000E+02 0.7643206673E-01
-0.1532000000E+02 0.7655694978E-01
-0.1531000000E+02 0.7668224808E-01
-0.1530000000E+02 0.7680796297E-01
-0.1529000000E+02 0.7693409582E-01
-0.1528000000E+02 0.7706064800E-01
-0.1527000000E+02 0.7718762091E-01
-0.1526000000E+02 0.7731501596E-01
-0.1525000000E+02 0.7744283459E-01
-0.1524000000E+02 0.7757107825E-01
-0.1523000000E+02 0.7769974840E-01
-0.1522000000E+02 0.7782884654E-01
-0.1521000000E+02 0.7795837416E-01
-0.1520000000E+02 0.7808833281E-01
-0.1519000000E+02 0.7821872402E-01
-0.1518000000E+02 0.7834954936E-01
-0.1517000000E+02 0.7848081040E-01
-0.1516000000E+02 0.7861250877E-01
-0.1515000000E+02 0.7874464607E-01
-0.1514000000E+02 0.7887722395E-01
-0.1513000000E+02 0.7901024407E-01
-0.1512000000E+02 0.7914370812E-01
-0.1511000000E+02 0.7927761780E-01
-0.1510000000E+02 0.7941197483E-01
-0.1509000000E+02 0.7954678097E-01
-0.1508000000E+02 0.7968203798E-01
-0.1507000000E+02 0.7981774763E-01
-0.1506000000E+02 0.7995391176E-01
-0.1505000000E+02 0.8009053217E-01
-0.1504000000E+02 0.8022761074E-01
-0.1503000000E+02 0.8036514932E-01
-0.1502000000E+02 0.8050314982E-01
-0.1501000000E+02 0.8064161416E-01
-0.1500000000E+02 0.8078054428E-01
-0.1499000000E+02 0.8091994214E-01
-0.1498000000E+02 0.8105980973E-01
-0.1497000000E+02 0.8120014906E-01
-0.1496000000E+02 0.8134096217E-01
-0.1495000000E+02 0.8148225111E-01
-0.1494000000E+02 0.8162401797E-01
-0.1493000000E+02 0.8176626485E-01
-0.1492000000E+02 0.8190899389E-01
-0.1491000000E+02 0.8205220723E-01
-0.1490000000E+02 0.8219590707E-01
-0.1489000000E+02 0.8234009560E-01
-0.1488000000E+02 0.8248477507E-01
-0.1487000000E+02 0.8262994772E-01
-0.1486000000E+02 0.8277561583E-01
-0.1485000000E+02 0.8292178173E-01
-0.1484000000E+02 0.8306844774E-01
-0.1483000000E+02 0.8321561623E-01
-0.1482000000E+02 0.8336328959E-01
-0.1481000000E+02 0.8351147024E-01
-0.1480000000E+02 0.8366016062E-01
-0.1479000000E+02 0.8380936321E-01
-0.1478000000E+02 0.8395908051E-01
-0.1477000000E+02 0.8410931505E-01
-0.1476000000E+02 0.8426006939E-01
-0.1475000000E+02 0.8441134612E-01
-0.1474000000E+02 0.8456314786E-01
-0.1473000000E+02 0.8471547726E-01
-0.1472000000E+02 0.8486833700E-01
-0.1471000000E+02 0.8502172979E-01
-0.1470000000E+02 0.8517565837E-01
-0.1469000000E+02 0.8533012551E-01
-0.1468000000E+02 0.8548513402E-01
-0.1467000000E+02 0.8564068673E-01
-0.1466000000E+02 0.8579678652E-01
-0.1465000000E+02 0.8595343629E-01
-0.1464000000E+02 0.8611063897E-01
-0.1463000000E+02 0.8626839753E-01
-0.1462000000E+02 0.8642671497E-01
-0.1461000000E+02 0.8658559434E-01
-0.1460000000E+02 0.8674503871E-01
-0.1459000000E+02 0.8690505119E-01
-0.1458000000E+02 0.8706563491E-01
-0.1457000000E+02 0.8722679307E-01
-0.1456000000E+02 0.8738852887E-01
-0.1455000000E+02 0.8755084558E-01
-0.1454000000E+02 0.8771374648E-01
-0.1453000000E+02 0.8787723491E-01
-0.1452000000E+02 0.8804131423E-01
-0.1451000000E+02 0.8820598786E-01
-0.1450000000E+02 0.8837125924E-01
-0.1449000000E+02 0.8853713185E-01
-0.1448000000E+02 0.8870360923E-01
-0.1447000000E+02 0.8887069494E-01
-0.1446000000E+02 0.8903839261E-01
-0.1445000000E+02 0.8920670587E-01
-0.1444000000E+02 0.8937563842E-01
-0.1443000000E+02 0.8954519402E-01
-0.1442000000E+02 0.8971537643E-01
-0.1441000000E+02 0.8988618948E-01
-0.1440000000E+02 0.9005763705E-01
-0.1439000000E+02 0.9022972306E-01
-0.1438000000E+02 0.9040245147E-01
-0.1437000000E+02 0.9057582629E-01
-0.1436000000E+02 0.9074985158E-01
-0.1435000000E+02 0.9092453145E-01
-0.1434000000E+02 0.9109987005E-01
-0.1433000000E+02 0.9127587158E-01
-0.1432000000E+02 0.9145254032E-01
-0.1431000000E+02 0.9162988054E-01
-0.1430000000E+02 0.9180789663E-01
-0.1429000000E+02 0.9198659298E-01
-0.1428000000E+02 0.9216597406E-01
-0.1427000000E+02 0.9234604439E-01
-0.1426000000E+02 0.9252680853E-01
-0.1425000000E+02 0.9270827112E-01
-0.1424000000E+02 0.9289043683E-01
-0.1423000000E+02 0.9307331040E-01
-0.1422000000E+02 0.9325689663E-01
-0.1421000000E+02 0.9344120037E-01
-0.1420000000E+02 0.9362622655E-01
-0.1419000000E+02 0.9381198013E-01
-0.1418000000E+02 0.9399846614E-01
-0.1417000000E+02 0.9418568969E-01
-0.1416000000E+02 0.9437365594E-01
-0.1415000000E+02 0.9456237011E-01
-0.1414000000E+02 0.9475183748E-01
-0.1413000000E+02 0.9494206342E-01
-0.1412000000E+02 0.9513305333E-01
-0.1411000000E+02 0.9532481272E-01
-0.1410000000E+02 0.9551734713E-01
-0.1409000000E+02 0.9571066220E-01
-0.1408000000E+02 0.9590476361E-01
-0.1407000000E+02 0.9609965715E-01
-0.1406000000E+02 0.9629534864E-01
-0.1405000000E+02 0.9649184401E-01
-0.1404000000E+02 0.9668914925E-01
-0.1403000000E+02 0.9688727042E-01
-0.1402000000E+02 0.9708621366E-01
-0.1401000000E+02 0.9728598520E-01
-0.1400000000E+02 0.9748659135E-01
-0.1399000000E+02 0.9768803848E-01
-0.1398000000E+02 0.9789033306E-01
-0.1397000000E+02 0.9809348164E-01
-0.1396000000E+02 0.9829749085E-01
-0.1395000000E+02 0.9850236742E-01
-0.1394000000E+02 0.9870811816E-01
-0.1393000000E+02 0.9891474995E-01
-0.1392000000E+02 0.9912226980E-01
-0.1391000000E+02 0.9933068477E-01
-0.1390000000E+02 0.9954000205E-01
-0.1389000000E+02 0.9975022889E-01
-0.1388000000E+02 0.9996137267E-01
-0.1387000000E+02 0.1001734408E+00
-0.1386000000E+02 0.1003864410E+00
-0.1385000000E+02 0.1006003807E+00
-0.1384000000E+02 0.1008152679E+00
-0.1383000000E+02 0.1010311103E+00
-0.1382000000E+02 0.1012479160E+00
-0.1381000000E+02 0.1014656929E+00
-0.1380000000E+02 0.1016844494E+00
-0.1379000000E+02 0.1019041938E+00
-0.1378000000E+02 0.1021249344E+00
-0.1377000000E+02 0.1023466797E+00
-0.1376000000E+02 0.1025694385E+00
-0.1375000000E+02 0.1027932196E+00
-0.1374000000E+02 0.1030180317E+00
-0.1373000000E+02 0.1032438840E+00
-0.1372000000E+02 0.1034707856E+00
-0.1371000000E+02 0.1036987457E+00
-0.1370000000E+02 0.1039277738E+00
-0.1369000000E+02 0.1041578794E+00
-0.1368000000E+02 0.1043890722E+00
-0.1367000000E+02 0.1046213620E+00
-0.1366000000E+02 0.1048547587E+00
-0.1365000000E+02 0.1050892725E+00
-0.1364000000E+02 0.1053249135E+00
-0.1363000000E+02 0.1055616921E+00
-0.1362000000E+02 0.1057996190E+00
-0.1361000000E+02 0.1060387048E+00
-0.1360000000E+02 0.1062789602E+00
-0.1359000000E+02 0.1065203964E+00
-0.1358000000E+02 0.1067630245E+00
-0.1357000000E+02 0.1070068558E+00
-0.1356000000E+02 0.1072519019E+00
-0.1355000000E+02 0.1074981743E+00
-0.1354000000E+02 0.1077456850E+00
-0.1353000000E+02 0.1079944459E+00
-0.1352000000E+02 0.1082444693E+00
-0.1351000000E+02 0.1084957675E+00
-0.1350000000E+02 0.1087483531E+00
-0.1349000000E+02 0.1090022388E+00
-0.1348000000E+02 0.1092574377E+00
-0.1347000000E+02 0.1095139628E+00
-0.1346000000E+02 0.1097718276E+00
-0.1345000000E+02 0.1100310456E+00
-0.1344000000E+02 0.1102916305E+00
-0.1343000000E+02 0.1105535963E+00
-0.1342000000E+02 0.1108169573E+00
-0.1341000000E+02 0.1110817279E+00
-0.1340000000E+02 0.1113479227E+00
-0.1339000000E+02 0.1116155566E+00
-0.1338000000E+02 0.1118846448E+00
-0.1337000000E+02 0.1121552025E+00
-0.1336000000E+02 0.1124272455E+00
-0.1335000000E+02 0.1127007895E+00
-0.1334000000E+02 0.1129758506E+00
-0.1333000000E+02 0.1132524453E+00
-0.1332000000E+02 0.1135305902E+00
-0.1331000000E+02 0.1138103022E+00
-0.1330000000E+02 0.1140915984E+00
-0.1329000000E+02 0.1143744965E+00
-0.1328000000E+02 0.1146590140E+00
-0.1327000000E+02 0.1149451691E+00
-0.1326000000E+02 0.1152329801E+00
-0.1325000000E+02 0.1155224657E+00
-0.1324000000E+02 0.1158136448E+00
-0.1323000000E+02 0.1161065368E+00
-0.1322000000E+02 0.1164011613E+00
-0.1321000000E+02 0.1166975382E+00
-0.1320000000E+02 0.1169956879E+00
-0.1319000000E+02 0.1172956309E+00
-0.1318000000E+02 0.1175973883E+00
-0.1317000000E+02 0.1179009815E+00
-0.1316000000E+02 0.1182064322E+00
-0.1315000000E+02 0.1185137625E+00
-0.1314000000E+02 0.1188229950E+00
-0.1313000000E+02 0.1191341524E+00
-0.1312000000E+02 0.1194472583E+00
-0.1311000000E+02 0.1197623362E+00
-0.1310000000E+02 0.1200794103E+00
-0.1309000000E+02 0.1203985052E+00
-0.1308000000E+02 0.1207196460E+00
-0.1307000000E+02 0.1210428582E+00
-0.1306000000E+02 0.1213681676E+00
-0.1305000000E+02 0.1216956007E+00
-0.1304000000E+02 0.1220251844E+00
-0.1303000000E+02 0.1223569461E+00
-0.1302000000E+02 0.1226909138E+00
-0.1301000000E+02 0.1230271159E+00
-0.1300000000E+02 0.1233655813E+00
-0.1299000000E+02 0.1237063395E+00
-0.1298000000E+02 0.1240494207E+00
-0.1297000000E+02 0.1243948554E+00
-0.1296000000E+02 0.1247426750E+00
-0.1295000000E+02 0.1250929112E+00
-0.1294000000E+02 0.1254455965E+00
-0.1293000000E+02 0.1258007640E+00
-0.1292000000E+02 0.1261584473E+00
-0.1291000000E+02 0.1265186808E+00
-0.1290000000E+02 0.1268814997E+00
-0.1289000000E+02 0.1272469396E+00
-0.1288000000E+02 0.1276150371E+00
-0.1287000000E+02 0.1279858292E+00
-0.1286000000E+02 0.1283593540E+00
-0.1285000000E+02 0.1287356501E+00
-0.1284000000E+02 0.1291147569E+00
-0.1283000000E+02 0.1294967149E+00
-0.1282000000E+02 0.1298815651E+00
-0.1281000000E+02 0.1302693494E+00
-0.1280000000E+02 0.1306601107E+00
-0.1279000000E+02 0.1310538926E+00
-0.1278000000E+02 0.1314507399E+00
-0.1277000000E+02 0.1318506981E+00
-0.1276000000E+02 0.1322538136E+00
-0.1275000000E+02 0.1326601341E+00
-0.1274000000E+02 0.1330697080E+00
-0.1273000000E+02 0.1334825849E+00
-0.1272000000E+02 0.1338988154E+00
-0.1271000000E+02 0.1343184513E+00
-0.1270000000E+02 0.1347415454E+00
-0.1269000000E+02 0.1351681518E+00
-0.1268000000E+02 0.1355983256E+00
-0.1267000000E+02 0.1360321233E+00
-0.1266000000E+02 0.1364696025E+00
-0.1265000000E+02 0.1369108223E+00
-0.1264000000E+02 0.1373558428E+00
-0.1263000000E+02 0.1378047259E+00
-0.1262000000E+02 0.1382575344E+00
-0.1261000000E+02 0.1387143330E+00
-0.1260000000E+02 0.1391751876E+00
-0.1259000000E+02 0.1396401657E+00
-0.1258000000E+02 0.1401093364E+00
-0.1257000000E+02 0.1405827704E+00
-0.1256000000E+02 0.1410605400E+00
-0.1255000000E+02 0.1415427193E+00
-0.1254000000E+02 0.1420293840E+00
-0.1253000000E+02 0.1425206118E+00
-0.1252000000E+02 0.1430164822E+00
-0.1251000000E+02 0.1435170765E+00
-0.1250000000E+02 0.1440224782E+00
-0.1249000000E+02 0.1445327726E+00
-0.1248000000E+02 0.1450480472E+00
-0.1247000000E+02 0.1455683917E+00
-0.1246000000E+02 0.1460938979E+00
-0.1245000000E+02 0.1466246601E+00
-0.1244000000E+02 0.1471607747E+00
-0.1243000000E+02 0.1477023407E+00
-0.1242000000E+02 0.1482494596E+00
-0.1241000000E+02 0.1488022354E+00
-0.1240000000E+02 0.1493607749E+00
-0.1239000000E+02 0.1499251875E+00
-0.1238000000E+02 0.1504955855E+00
-0.1237000000E+02 0.1510720842E+00
-0.1236000000E+02 0.1516548018E+00
-0.1235000000E+02 0.1522438597E+00
-0.1234000000E+02 0.1528393825E+00
-0.1233000000E+02 0.1534414980E+00
-0.1232000000E+02 0.1540503378E+00
-0.1231000000E+02 0.1546660365E+00
-0.1230000000E+02 0.1552887327E+00
-0.1229000000E+02 0.1559185688E+00
-0.1228000000E+02 0.1565556909E+00
-0.1227000000E+02 0.1572002493E+00
-0.1226000000E+02 0.1578523984E+00
-0.1225000000E+02 0.1585122968E+00
-0.1224000000E+02 0.1591801076E+00
-0.1223000000E+02 0.1598559987E+00
-0.1222000000E+02 0.1605401424E+00
-0.1221000000E+02 0.1612327162E+00
-0.1220000000E+02 0.1619339025E+00
-0.1219000000E+02 0.1626438889E+00
-0.1218000000E+02 0.1633628688E+00
-0.1217000000E+02 0.1640910406E+00
-0.1216000000E+02 0.1648286092E+00
-0.1215000000E+02 0.1655757849E+00
-0.1214000000E+02 0.1663327845E+00
-0.1213000000E+02 0.1670998313E+00
-0.1212000000E+02 0.1678771551E+00
-0.1211000000E+02 0.1686649927E+00
-0.1210000000E+02 0.1694635880E+00
-0.1209000000E+02 0.1702731921E+00
-0.1208000000E+02 0.1710940641E+00
-0.1207000000E+02 0.1719264706E+00
-0.1206000000E+02 0.1727706868E+00
-0.1205000000E+02 0.1736269960E+00
-0.1204000000E+02 0.1744956905E+00
-0.1203000000E+02 0.1753770717E+00
-0.1202000000E+02 0.1762714503E+00
-0.1201000000E+02 0.1771791467E+00
-0.1200000000E+02 0.1781004915E+00
-0.1199000000E+02 0.1790358258E+00
-0.1198000000E+02 0.1799855013E+00
-0.1197000000E+02 0.1809498811E+00
-0.1196000000E+02 0.1819293396E+00
-0.1195000000E+02 0.1829242636E+00
-0.1194000000E+02 0.1839350519E+00
-0.1193000000E+02 0.1849621163E+00
-0.1192000000E+02 0.1860058820E+00
-0.1191000000E+02 0.1870667877E+00
-0.1190000000E+02 0.1881452865E+00
-0.1189000000E+02 0.1892418461E+00
-0.1188000000E+02 0.1903569492E+00
-0.1187000000E+02 0.1914910945E+00
-0.1186000000E+02 0.1926447966E+00
-0.1185000000E+02 0.1938185869E+00
-0.1184000000E+02 0.1950130140E+00
-0.1183000000E+02 0.1962286443E+00
-0.1182000000E+02 0.1974660624E+00
-0.1181000000E+02 0.1987258719E+00
-0.1180000000E+02 0.2000086954E+00
-0.1179000000E+02 0.2013151758E+00
-0.1178000000E+02 0.2026459762E+00
-0.1177000000E+02 0.2040017807E+00
-0.1176000000E+02 0.2053832946E+00
-0.1175000000E+02 0.2067912454E+00
-0.1174000000E+02 0.2082263828E+00
-0.1173000000E+02 0.2096894792E+00
-0.1172000000E+02 0.2111813301E+00
-0.1171000000E+02 0.2127027544E+00
-0.1170000000E+02 0.2142545946E+00
-0.1169000000E+02 0.2158377171E+00
-0.1168000000E+02 0.2174530118E+00
-0.1167000000E+02 0.2191013927E+00
-0.1166000000E+02 0.2207837970E+00
-0.1165000000E+02 0.2225011854E+00
-0.1164000000E+02 0.2242545410E+00
-0.1163000000E+02 0.2260448686E+00
-0.1162000000E+02 0.2278731941E+00
-0.1161000000E+02 0.2297405627E+00
-0.1160000000E+02 0.2316480374E+00
-0.1159000000E+02 0.2335966970E+00
-0.1158000000E+02 0.2355876333E+00
-0.1157000000E+02 0.2376219485E+00
-0.1156000000E+02 0.2397007514E+00
-0.1155000000E+02 0.2418251527E+00
-0.1154000000E+02 0.2439962605E+00
-0.1153000000E+02 0.2462151740E+00
-0.1152000000E+02 0.2484829765E+00
-0.1151000000E+02 0.2508007273E+00
-0.1150000000E+02 0.2531694520E+00
-0.1149000000E+02 0.2555901321E+00
-0.1148000000E+02 0.2580636915E+00
-0.1147000000E+02 0.2605909828E+00
-0.1146000000E+02 0.2631727697E+00
-0.1145000000E+02 0.2658097087E+00
-0.1144000000E+02 0.2685023264E+00
-0.1143000000E+02 0.2712509948E+00
-0.1142000000E+02 0.2740559030E+00
-0.1141000000E+02 0.2769170247E+00
-0.1140000000E+02 0.2798340816E+00
-0.1139000000E+02 0.2828065020E+00
-0.1138000000E+02 0.2858333746E+00
-0.1137000000E+02 0.2889133958E+00
-0.1136000000E+02 0.2920448108E+00
-0.1135000000E+02 0.2952253491E+00
-0.1134000000E+02 0.2984521508E+00
-0.1133000000E+02 0.3017216863E+00
-0.1132000000E+02 0.3050296676E+00
-0.1131000000E+02 0.3083709510E+00
-0.1130000000E+02 0.3117394308E+00
-0.1129000000E+02 0.3151279248E+00
-0.1128000000E+02 0.3185280513E+00
-0.1127000000E+02 0.3219300989E+00
-0.1126000000E+02 0.3253228896E+00
-0.1125000000E+02 0.3286936376E+00
-0.1124000000E+02 0.3320278069E+00
-0.1123000000E+02 0.3353089693E+00
-0.1122000000E+02 0.3385186707E+00
-0.1121000000E+02 0.3416363073E+00
-0.1120000000E+02 0.3446390235E+00
-0.1119000000E+02 0.3475016366E+00
-0.1118000000E+02 0.3501966001E+00
-0.1117000000E+02 0.3526940178E+00
-0.1116000000E+02 0.3549617212E+00
-0.1115000000E+02 0.3569654239E+00
-0.1114000000E+02 0.3586689683E+00
-0.1113000000E+02 0.3600346781E+00
-0.1112000000E+02 0.3610238292E+00
-0.1111000000E+02 0.3615972480E+00
-0.1110000000E+02 0.3617160424E+00
-0.1109000000E+02 0.3613424633E+00
-0.1108000000E+02 0.3604408859E+00
-0.1107000000E+02 0.3589788922E+00
-0.1106000000E+02 0.3569284211E+00
-0.1105000000E+02 0.3542669467E+00
-0.1104000000E+02 0.3509786277E+00
-0.1103000000E+02 0.3470553696E+00
-0.1102000000E+02 0.3424977314E+00
-0.1101000000E+02 0.3373156109E+00
-0.1100000000E+02 0.3315286472E+00
-0.1099000000E+02 0.3251662939E+00
-0.1098000000E+02 0.3182675301E+00
-0.1097000000E+02 0.3108802041E+00
-0.1096000000E+02 0.3030600252E+00
-0.1095000000E+02 0.2948692472E+00
-0.1094000000E+02 0.2863751084E+00
-0.1093000000E+02 0.2776481086E+00
-0.1092000000E+02 0.2687602153E+00
-0.1091000000E+02 0.2597830912E+00
-0.1090000000E+02 0.2507864294E+00
-0.1089000000E+02 0.2418364688E+00
-0.1088000000E+02 0.2329947461E+00
-0.1087000000E+02 0.2243171175E+00
-0.1086000000E+02 0.2158530662E+00
-0.1085000000E+02 0.2076452893E+00
-0.1084000000E+02 0.1997295454E+00
-0.1083000000E+02 0.1921347313E+00
-0.1082000000E+02 0.1848831478E+00
-0.1081000000E+02 0.1779909152E+00
-0.1080000000E+02 0.1714684943E+00
-0.1079000000E+02 0.1653212767E+00
-0.1078000000E+02 0.1595502089E+00
-0.1077000000E+02 0.1541524224E+00
-0.1076000000E+02 0.1491218470E+00
-0.1075000000E+02 0.1444497907E+00
-0.1074000000E+02 0.1401254755E+00
-0.1073000000E+02 0.1361365200E+00
-0.1072000000E+02 0.1324693678E+00
-0.1071000000E+02 0.1291096595E+00
-0.1070000000E+02 0.1260425513E+00
-0.1069000000E+02 0.1232529823E+00
-0.1068000000E+02 0.1207258954E+00
-0.1067000000E+02 0.1184464162E+00
-0.1066000000E+02 0.1163999946E+00
-0.1065000000E+02 0.1145725148E+00
-0.1064000000E+02 0.1129503768E+00
-0.1063000000E+02 0.1115205552E+00
-0.1062000000E+02 0.1102706378E+00
-0.1061000000E+02 0.1091888491E+00
-0.1060000000E+02 0.1082640595E+00
-0.1059000000E+02 0.1074857853E+00
-0.1058000000E+02 0.1068441796E+00
-0.1057000000E+02 0.1063300176E+00
-0.1056000000E+02 0.1059346767E+00
-0.1055000000E+02 0.1058130914E+00
-0.1054000000E+02 0.1070745472E+00
-0.1053000000E+02 0.1082578395E+00
-0.1052000000E+02 0.1093696945E+00
-0.1051000000E+02 0.1104163766E+00
-0.1050000000E+02 0.1114037173E+00
-0.1049000000E+02 0.1123371437E+00
-0.1048000000E+02 0.1132217063E+00
-0.1047000000E+02 0.1140621050E+00
-0.1046000000E+02 0.1148627142E+00
-0.1045000000E+02 0.1156276061E+00
-0.1044000000E+02 0.1163605735E+00
-0.1043000000E+02 0.1170651504E+00
-0.1042000000E+02 0.1177446315E+00
-0.1041000000E+02 0.1184020910E+00
-0.1040000000E+02 0.1190403995E+00
-0.1039000000E+02 0.1196622398E+00
-0.1038000000E+02 0.1202701222E+00
-0.1037000000E+02 0.1208663981E+00
-0.1036000000E+02 0.1214532730E+00
-0.1035000000E+02 0.1220328183E+00
-0.1034000000E+02 0.1226069824E+00
-0.1033000000E+02 0.1231776013E+00
-0.1032000000E+02 0.1237464078E+00
-0.1031000000E+02 0.1243150405E+00
-0.1030000000E+02 0.1248850521E+00
-0.1029000000E+02 0.1254579171E+00
-0.1028000000E+02 0.1260350385E+00
-0.1027000000E+02 0.1266177550E+00
-0.1026000000E+02 0.1272073467E+00
-0.1025000000E+02 0.1278050409E+00
-0.1024000000E+02 0.1284120174E+00
-0.1023000000E+02 0.1290294137E+00
-0.1022000000E+02 0.1296583291E+00
-0.1021000000E+02 0.1303858938E+00
-0.1020000000E+02 0.1316776474E+00
-0.1019000000E+02 0.1329924077E+00
-0.1018000000E+02 0.1343302073E+00
-0.1017000000E+02 0.1356911318E+00
-0.1016000000E+02 0.1370753181E+00
-0.1015000000E+02 0.1384829519E+00
-0.1014000000E+02 0.1399142665E+00
-0.1013000000E+02 0.1413695408E+00
-0.1012000000E+02 0.1428490984E+00
-0.1011000000E+02 0.1443533062E+00
-0.1010000000E+02 0.1458825730E+00
-0.1009000000E+02 0.1474373493E+00
-0.1008000000E+02 0.1490181258E+00
-0.1007000000E+02 0.1506254332E+00
-0.1006000000E+02 0.1522598411E+00
-0.1005000000E+02 0.1539219581E+00
-0.1004000000E+02 0.1556124309E+00
-0.1003000000E+02 0.1573319442E+00
-0.1002000000E+02 0.1590812201E+00
-0.1001000000E+02 0.1608610183E+00
-0.1000000000E+02 0.1626721357E+00
-0.9990000000E+01 0.1645154059E+00
-0.9980000000E+01 0.1663916996E+00
-0.9970000000E+01 0.1683019241E+00
-0.9960000000E+01 0.1702470233E+00
-0.9950000000E+01 0.1722279775E+00
-0.9940000000E+01 0.1742458032E+00
-0.9930000000E+01 0.1763015527E+00
-0.9920000000E+01 0.1783963143E+00
-0.9910000000E+01 0.1805312114E+00
-0.9900000000E+01 0.1827074023E+00
-0.9890000000E+01 0.1849260796E+00
-0.9880000000E+01 0.1871884695E+00
-0.9870000000E+01 0.1894958309E+00
-0.9860000000E+01 0.1918494543E+00
-0.9850000000E+01 0.1942506609E+00
-0.9840000000E+01 0.1967008006E+00
-0.9830000000E+01 0.1992012505E+00
-0.9820000000E+01 0.2017534129E+00
-0.9810000000E+01 0.2043587130E+00
-0.9800000000E+01 0.2070185958E+00
-0.9790000000E+01 0.2097345231E+00
-0.9780000000E+01 0.2125079699E+00
-0.9770000000E+01 0.2153404203E+00
-0.9760000000E+01 0.2182333625E+00
-0.9750000000E+01 0.2211882840E+00
-0.9740000000E+01 0.2242066649E+00
-0.9730000000E+01 0.2272899721E+00
-0.9720000000E+01 0.2304396512E+00
-0.9710000000E+01 0.2336571184E+00
-0.9700000000E+01 0.2369437517E+00
-0.9690000000E+01 0.2403008805E+00
-0.9680000000E+01 0.2437297747E+00
-0.9670000000E+01 0.2472316329E+00
-0.9660000000E+01 0.2508075693E+00
-0.9650000000E+01 0.2544585996E+00
-0.9640000000E+01 0.2581856257E+00
-0.9630000000E+01 0.2619894199E+00
-0.9620000000E+01 0.2658706078E+00
-0.9610000000E+01 0.2698296496E+00
-0.9600000000E+01 0.2738668215E+00
-0.9590000000E+01 0.2779821957E+00
-0.9580000000E+01 0.2821756203E+00
-0.9570000000E+01 0.2864466978E+00
-0.9560000000E+01 0.2907947646E+00
-0.9550000000E+01 0.2952188693E+00
-0.9540000000E+01 0.2997177525E+00
-0.9530000000E+01 0.3042898268E+00
-0.9520000000E+01 0.3089331577E+00
-0.9510000000E+01 0.3136454471E+00
-0.9500000000E+01 0.3184240181E+00
-0.9490000000E+01 0.3232658029E+00
-0.9480000000E+01 0.3281673350E+00
-0.9470000000E+01 0.3331247437E+00
-0.9460000000E+01 0.3381337554E+00
-0.9450000000E+01 0.3431896988E+00
-0.9440000000E+01 0.3482875174E+00
-0.9430000000E+01 0.3534217877E+00
-0.9420000000E+01 0.3585867454E+00
-0.9410000000E+01 0.3637763190E+00
-0.9400000000E+01 0.3689841716E+00
-0.9390000000E+01 0.3742037506E+00
-0.9380000000E+01 0.3794283455E+00
-0.9370000000E+01 0.3846511540E+00
-0.9360000000E+01 0.3898653551E+00
-0.9350000000E+01 0.3950641884E+00
-0.9340000000E+01 0.4002410399E+00
-0.9330000000E+01 0.4053895315E+00
-0.9320000000E+01 0.4105036135E+00
-0.9310000000E+01 0.4155776585E+00
-0.9300000000E+01 0.4206065541E+00
-0.9290000000E+01 0.4255857940E+00
-0.9280000000E+01 0.4305115635E+00
-0.9270000000E+01 0.4353808191E+00
-0.9260000000E+01 0.4401913595E+00
-0.9250000000E+01 0.4449418867E+00
-0.9240000000E+01 0.4496320549E+00
-0.9230000000E+01 0.4542625077E+00
-0.9220000000E+01 0.4588349008E+00
-0.9210000000E+01 0.4633519111E+00
-0.9200000000E+01 0.4678172312E+00
-0.9190000000E+01 0.4722355505E+00
-0.9180000000E+01 0.4766125230E+00
-0.9170000000E+01 0.4809547220E+00
-0.9160000000E+01 0.4852695849E+00
-0.9150000000E+01 0.4895653474E+00
-0.9140000000E+01 0.4938509703E+00
-0.9130000000E+01 0.4981360596E+00
-0.9120000000E+01 0.5024307825E+00
-0.9110000000E+01 0.5067457793E+00
-0.9100000000E+01 0.5110920753E+00
-0.9090000000E+01 0.5154809919E+00
-0.9080000000E+01 0.5199240589E+00
-0.9070000000E+01 0.5244329289E+00
-0.9060000000E+01 0.5290192953E+00
-0.9050000000E+01 0.5336948133E+00
-0.9040000000E+01 0.5384710240E+00
-0.9030000000E+01 0.5433592840E+00
-0.9020000000E+01 0.5483706964E+00
-0.9010000000E+01 0.5535160471E+00
-0.9000000000E+01 0.5588057421E+00
-0.8990000000E+01 0.5642497480E+00
-0.8980000000E+01 0.5698575331E+00
-0.8970000000E+01 0.5756380083E+00
-0.8960000000E+01 0.5815994681E+00
-0.8950000000E+01 0.5877495290E+00
-0.8940000000E+01 0.5940950651E+00
-0.8930000000E+01 0.6006421396E+00
-0.8920000000E+01 0.6073959311E+00
-0.8910000000E+01 0.6143606531E+00
-0.8900000000E+01 0.6215394668E+00
-0.8890000000E+01 0.6289343846E+00
-0.8880000000E+01 0.6365461647E+00
-0.8870000000E+01 0.6443741958E+00
-0.8860000000E+01 0.6524163709E+00
-0.8850000000E+01 0.6606689493E+00
-0.8840000000E+01 0.6691264089E+00
-0.8830000000E+01 0.6777812855E+00
-0.8820000000E+01 0.6866240032E+00
-0.8810000000E+01 0.6956426941E+00
-0.8800000000E+01 0.7048230108E+00
-0.8790000000E+01 0.7141479324E+00
-0.8780000000E+01 0.7235975682E+00
-0.8770000000E+01 0.7331489614E+00
-0.8760000000E+01 0.7427758993E+00
-0.8750000000E+01 0.7524487331E+00
-0.8740000000E+01 0.7621342167E+00
-0.8730000000E+01 0.7717953698E+00
-0.8720000000E+01 0.7813913761E+00
-0.8710000000E+01 0.7908775247E+00
-0.8700000000E+01 0.8002052064E+00
-0.8690000000E+01 0.8093219763E+00
-0.8680000000E+01 0.8181716929E+00
-0.8670000000E+01 0.8266947472E+00
-0.8660000000E+01 0.8348283900E+00
-0.8650000000E+01 0.8425071693E+00
-0.8640000000E+01 0.8496634824E+00
-0.8630000000E+01 0.8562282493E+00
-0.8620000000E+01 0.8621317055E+00
-0.8610000000E+01 0.8673043107E+00
-0.8600000000E+01 0.8716777643E+00
-0.8590000000E+01 0.8751861097E+00
-0.8580000000E+01 0.8777669072E+00
-0.8570000000E+01 0.8793624471E+00
-0.8560000000E+01 0.8799209674E+00
-0.8550000000E+01 0.8793978404E+00
-0.8540000000E+01 0.8777566843E+00
-0.8530000000E+01 0.8749703599E+00
-0.8520000000E+01 0.8710218083E+00
-0.8510000000E+01 0.8659046948E+00
-0.8500000000E+01 0.8596238255E+00
-0.8490000000E+01 0.8521953138E+00
-0.8480000000E+01 0.8436464842E+00
-0.8470000000E+01 0.8340155100E+00
-0.8460000000E+01 0.8233507957E+00
-0.8450000000E+01 0.8117101241E+00
-0.8440000000E+01 0.7991595990E+00
-0.8430000000E+01 0.7857724223E+00
-0.8420000000E+01 0.7716275505E+00
-0.8410000000E+01 0.7568082774E+00
-0.8400000000E+01 0.7414007929E+00
-0.8390000000E+01 0.7254927625E+00
-0.8380000000E+01 0.7091719691E+00
-0.8370000000E+01 0.6925250532E+00
-0.8360000000E+01 0.6756363800E+00
-0.8350000000E+01 0.6585870525E+00
-0.8340000000E+01 0.6414540838E+00
-0.8330000000E+01 0.6243097340E+00
-0.8320000000E+01 0.6072210095E+00
-0.8310000000E+01 0.5902493178E+00
-0.8300000000E+01 0.5734502663E+00
-0.8290000000E+01 0.5568735914E+00
-0.8280000000E+01 0.5405631992E+00
-0.8270000000E+01 0.5245573027E+00
-0.8260000000E+01 0.5088886368E+00
-0.8250000000E+01 0.4935847333E+00
-0.8240000000E+01 0.4786682423E+00
-0.8230000000E+01 0.4641572835E+00
-0.8220000000E+01 0.4500658163E+00
-0.8210000000E+01 0.4364040179E+00
-0.8200000000E+01 0.4231786595E+00
-0.8190000000E+01 0.4103934746E+00
-0.8180000000E+01 0.3980495136E+00
-0.8170000000E+01 0.3861454800E+00
-0.8160000000E+01 0.3746780457E+00
-0.8150000000E+01 0.3636421436E+00
-0.8140000000E+01 0.3530312372E+00
-0.8130000000E+01 0.3428375645E+00
-0.8120000000E+01 0.3330523606E+00
-0.8110000000E+01 0.3236660554E+00
-0.8100000000E+01 0.3146684505E+00
-0.8090000000E+01 0.3060488757E+00
-0.8080000000E+01 0.2977963257E+00
-0.8070000000E+01 0.2898995797E+00
-0.8060000000E+01 0.2823473051E+00
-0.8050000000E+01 0.2751281454E+00
-0.8040000000E+01 0.2682307969E+00
-0.8030000000E+01 0.2616440714E+00
-0.8020000000E+01 0.2553569501E+00
-0.8010000000E+01 0.2493586278E+00
-0.8000000000E+01 0.2436385479E+00
-0.7990000000E+01 0.2381864322E+00
-0.7980000000E+01 0.2329923026E+00
-0.7970000000E+01 0.2280464987E+00
-0.7960000000E+01 0.2233396898E+00
-0.7950000000E+01 0.2188628840E+00
-0.7940000000E+01 0.2146074332E+00
-0.7930000000E+01 0.2105650354E+00
-0.7920000000E+01 0.2067277345E+00
-0.7910000000E+01 0.2030879188E+00
-0.7900000000E+01 0.1996383172E+00
-0.7890000000E+01 0.1963719944E+00
-0.7880000000E+01 0.1932823450E+00
-0.7870000000E+01 0.1903630869E+00
-0.7860000000E+01 0.1876082541E+00
-0.7850000000E+01 0.1850121893E+00
-0.7840000000E+01 0.1825695356E+00
-0.7830000000E+01 0.1802752288E+00
-0.7820000000E+01 0.1781244894E+00
-0.7810000000E+01 0.1761128145E+00
-0.7800000000E+01 0.1742360171E+00
-0.7790000000E+01 0.1724904414E+00
-0.7780000000E+01 0.1708720087E+00
-0.7770000000E+01 0.1693772478E+00
-0.7760000000E+01 0.1680029284E+00
-0.7750000000E+01 0.1667460542E+00
-0.7740000000E+01 0.1656038581E+00
-0.7730000000E+01 0.1645737957E+00
-0.7720000000E+01 0.1636535418E+00
-0.7710000000E+01 0.1628409850E+00
-0.7700000000E+01 0.1621342246E+00
-0.7690000000E+01 0.1615315670E+00
-0.7680000000E+01 0.1610315921E+00
-0.7670000000E+01 0.1606331139E+00
-0.7660000000E+01 0.1603348743E+00
-0.7650000000E+01 0.1601359881E+00
-0.7640000000E+01 0.1600357699E+00
-0.7630000000E+01 0.1600337345E+00
-0.7620000000E+01 0.1601295985E+00
-0.7610000000E+01 0.1603232816E+00
-0.7600000000E+01 0.1606149099E+00
-0.7590000000E+01 0.1610048187E+00
-0.7580000000E+01 0.1614935573E+00
-0.7570000000E+01 0.1620818942E+00
-0.7560000000E+01 0.1627708232E+00
-0.7550000000E+01 0.1635615706E+00
-0.7540000000E+01 0.1644556038E+00
-0.7530000000E+01 0.1654547006E+00
-0.7520000000E+01 0.1665614756E+00
-0.7510000000E+01 0.1677774823E+00
-0.7500000000E+01 0.1691052617E+00
-0.7490000000E+01 0.1705476576E+00
-0.7480000000E+01 0.1721078348E+00
-0.7470000000E+01 0.1737892973E+00
-0.7460000000E+01 0.1755959109E+00
-0.7450000000E+01 0.1775319264E+00
-0.7440000000E+01 0.1796020066E+00
-0.7430000000E+01 0.1818112559E+00
-0.7420000000E+01 0.1841652531E+00
-0.7410000000E+01 0.1866701183E+00
-0.7400000000E+01 0.1893326045E+00
-0.7390000000E+01 0.1921598069E+00
-0.7380000000E+01 0.1951596112E+00
-0.7370000000E+01 0.1983406057E+00
-0.7360000000E+01 0.2017121446E+00
-0.7350000000E+01 0.2052844170E+00
-0.7340000000E+01 0.2090685248E+00
-0.7330000000E+01 0.2130765696E+00
-0.7320000000E+01 0.2173217502E+00
-0.7310000000E+01 0.2218184713E+00
-0.7300000000E+01 0.2265824660E+00
-0.7290000000E+01 0.2316309338E+00
-0.7280000000E+01 0.2369826949E+00
-0.7270000000E+01 0.2426583658E+00
-0.7260000000E+01 0.2486805562E+00
-0.7250000000E+01 0.2550740928E+00
-0.7240000000E+01 0.2618662729E+00
-0.7230000000E+01 0.2690871518E+00
-0.7220000000E+01 0.2767698709E+00
-0.7210000000E+01 0.2849510313E+00
-0.7200000000E+01 0.2936711205E+00
-0.7190000000E+01 0.3029750012E+00
-0.7180000000E+01 0.3129207640E+00
-0.7170000000E+01 0.3235582561E+00
-0.7160000000E+01 0.3349463305E+00
-0.7150000000E+01 0.3471538694E+00
-0.7140000000E+01 0.3602579250E+00
-0.7130000000E+01 0.3743448677E+00
-0.7120000000E+01 0.3895117190E+00
-0.7110000000E+01 0.4058677015E+00
-0.7100000000E+01 0.4235360445E+00
-0.7090000000E+01 0.4426560899E+00
-0.7080000000E+01 0.4633857517E+00
-0.7070000000E+01 0.4859043894E+00
-0.7060000000E+01 0.5104161666E+00
-0.7050000000E+01 0.5371539741E+00
-0.7040000000E+01 0.5663840053E+00
-0.7030000000E+01 0.5984110789E+00
-0.7020000000E+01 0.6335848010E+00
-0.7010000000E+01 0.6723066506E+00
-0.7000000000E+01 0.7150380389E+00
-0.6990000000E+01 0.7623093278E+00
-0.6980000000E+01 0.8147296722E+00
-0.6970000000E+01 0.8729973323E+00
-0.6960000000E+01 0.9379097367E+00
-0.6950000000E+01 0.1010371976E+01
-0.6940000000E+01 0.1091401429E+01
-0.6930000000E+01 0.1182124713E+01
-0.6920000000E+01 0.1283760789E+01
-0.6910000000E+01 0.1397580653E+01
-0.6900000000E+01 0.1524829179E+01
-0.6890000000E+01 0.1666588493E+01
-0.6880000000E+01 0.1823555448E+01
-0.6870000000E+01 0.1995701003E+01
-0.6860000000E+01 0.2181782923E+01
-0.6850000000E+01 0.2378707104E+01
-0.6840000000E+01 0.2580799771E+01
-0.6830000000E+01 0.2779149333E+01
-0.6820000000E+01 0.2961355622E+01
-0.6810000000E+01 0.3112202250E+01
-0.6800000000E+01 0.3215585553E+01
-0.6790000000E+01 0.3257697930E+01
-0.6780000000E+01 0.3230619611E+01
-0.6770000000E+01 0.3134835512E+01
-0.6760000000E+01 0.2979379823E+01
-0.6750000000E+01 0.2779456926E+01
-0.6740000000E+01 0.2552686070E+01
-0.6730000000E+01 0.2315578174E+01
-0.6720000000E+01 0.2081314299E+01
-0.6710000000E+01 0.1859003693E+01
-0.6700000000E+01 0.1654002549E+01
-0.6690000000E+01 0.1468736181E+01
-0.6680000000E+01 0.1303606554E+01
-0.6670000000E+01 0.1157767127E+01
-0.6660000000E+01 0.1029697130E+01
-0.6650000000E+01 0.9175875621E+00
-0.6640000000E+01 0.8195794006E+00
-0.6630000000E+01 0.7338983950E+00
-0.6620000000E+01 0.6589223678E+00
-0.6610000000E+01 0.5932071505E+00
-0.6600000000E+01 0.5354887179E+00
-0.6590000000E+01 0.4846726922E+00
-0.6580000000E+01 0.4398180086E+00
-0.6570000000E+01 0.4001186815E+00
-0.6560000000E+01 0.3648858326E+00
-0.6550000000E+01 0.3335310613E+00
-0.6540000000E+01 0.3055516145E+00
-0.6530000000E+01 0.2805174597E+00
-0.6520000000E+01 0.2580601807E+00
-0.6510000000E+01 0.2378635302E+00
-0.6500000000E+01 0.2196554392E+00
-0.6490000000E+01 0.2032012840E+00
-0.6480000000E+01 0.1882982245E+00
-0.6470000000E+01 0.1747704457E+00
-0.6460000000E+01 0.1624651591E+00
-0.6450000000E+01 0.1512492396E+00
-0.6440000000E+01 0.1410063925E+00
-0.6430000000E+01 0.1316347649E+00
-0.6420000000E+01 0.1230449259E+00
-0.6410000000E+01 0.1152191511E+00
-0.6400000000E+01 0.1080507842E+00
-0.6390000000E+01 0.1014529952E+00
-0.6380000000E+01 0.9537139587E-01
-0.6370000000E+01 0.8975767097E-01
-0.6360000000E+01 0.8456880701E-01
-0.6350000000E+01 0.7976643014E-01
-0.6340000000E+01 0.7531623590E-01
-0.6330000000E+01 0.7118749728E-01
-0.6320000000E+01 0.6735263909E-01
-0.6310000000E+01 0.6378686898E-01
-0.6300000000E+01 0.6046785685E-01
-0.6290000000E+01 0.5737545563E-01
-0.6280000000E+01 0.5449145759E-01
-0.6270000000E+01 0.5179938131E-01
-0.6260000000E+01 0.4928428486E-01
-0.6250000000E+01 0.4693260189E-01
-0.6240000000E+01 0.4473199736E-01
-0.6230000000E+01 0.4267124039E-01
-0.6220000000E+01 0.4074009201E-01
-0.6210000000E+01 0.3892920586E-01
-0.6200000000E+01 0.3723004025E-01
-0.6190000000E+01 0.3563478007E-01
-0.6180000000E+01 0.3413626748E-01
-0.6170000000E+01 0.3272794019E-01
-0.6160000000E+01 0.3140377650E-01
-0.6150000000E+01 0.3015824625E-01
-0.6140000000E+01 0.2898626713E-01
-0.6130000000E+01 0.2788316553E-01
-0.6120000000E+01 0.2684464172E-01
-0.6110000000E+01 0.2586673860E-01
-0.6100000000E+01 0.2494581391E-01
-0.6090000000E+01 0.2407851534E-01
-0.6080000000E+01 0.2326175851E-01
-0.6070000000E+01 0.2249270727E-01
-0.6060000000E+01 0.2176875646E-01
-0.6050000000E+01 0.2108751668E-01
-0.6040000000E+01 0.2044680109E-01
-0.6030000000E+01 0.1984461419E-01
-0.6020000000E+01 0.1927914237E-01
-0.6010000000E+01 0.1874874635E-01
-0.6000000000E+01 0.1825233184E-01
-0.5990000000E+01 0.1778837994E-01
-0.5980000000E+01 0.1735553837E-01
-0.5970000000E+01 0.1695283132E-01
-0.5960000000E+01 0.1657944998E-01
-0.5950000000E+01 0.1623475875E-01
-0.5940000000E+01 0.1591830509E-01
-0.5930000000E+01 0.1562983373E-01
-0.5920000000E+01 0.1536930621E-01
-0.5910000000E+01 0.1513692729E-01
-0.5900000000E+01 0.1493317997E-01
-0.5890000000E+01 0.1475887187E-01
-0.5880000000E+01 0.1461519649E-01
-0.5870000000E+01 0.1450381425E-01
-0.5860000000E+01 0.1442696018E-01
-0.5850000000E+01 0.1438758737E-01
-0.5840000000E+01 0.1438955835E-01
-0.5830000000E+01 0.1443789828E-01
-0.5820000000E+01 0.1453911924E-01
-0.5810000000E+01 0.1470159155E-01
-0.5800000000E+01 0.1493578396E-01
-0.5790000000E+01 0.1527121623E-01
-0.5780000000E+01 0.1575717639E-01
-0.5770000000E+01 0.1647859602E-01
-0.5760000000E+01 0.1757744044E-01
-0.5750000000E+01 0.1858695190E-01
-0.5740000000E+01 0.1986006460E-01
-0.5730000000E+01 0.2186287390E-01
-0.5720000000E+01 0.2494260367E-01
-0.5710000000E+01 0.2999444975E-01
-0.5700000000E+01 0.4158986053E-01
-0.5690000000E+01 0.5131336439E-01
-0.5680000000E+01 0.7973970594E-01
-0.5670000000E+01 0.1229660153E+00
-0.5660000000E+01 0.1172129820E+00
-0.5650000000E+01 0.7979261306E-01
-0.5640000000E+01 0.5211255809E-01
-0.5630000000E+01 0.4678179782E-01
-0.5620000000E+01 0.5105437578E-01
-0.5610000000E+01 0.6428438862E-01
-0.5600000000E+01 0.9005004942E-01
-0.5590000000E+01 0.1316077306E+00
-0.5580000000E+01 0.1670332775E+00
-0.5570000000E+01 0.1452029148E+00
-0.5560000000E+01 0.9426800449E-01
-0.5550000000E+01 0.5827239600E-01
-0.5540000000E+01 0.3804670470E-01
-0.5530000000E+01 0.2666376642E-01
-0.5520000000E+01 0.1990882679E-01
-0.5510000000E+01 0.1566475846E-01
-0.5500000000E+01 0.1286003730E-01
-0.5490000000E+01 0.1093558812E-01
-0.5480000000E+01 0.9584065488E-02
-0.5470000000E+01 0.8594059039E-02
-0.5460000000E+01 0.7850347192E-02
-0.5450000000E+01 0.7279368440E-02
-0.5440000000E+01 0.6863864983E-02
-0.5430000000E+01 0.6533361889E-02
-0.5420000000E+01 0.6266032577E-02
-0.5410000000E+01 0.6046513085E-02
-0.5400000000E+01 0.5863725463E-02
-0.5390000000E+01 0.5709543153E-02
-0.5380000000E+01 0.5577914014E-02
-0.5370000000E+01 0.5464261313E-02
-0.5360000000E+01 0.5365086261E-02
-0.5350000000E+01 0.5277681897E-02
-0.5340000000E+01 0.5199932170E-02
-0.5330000000E+01 0.5130167306E-02
-0.5320000000E+01 0.5067058294E-02
-0.5310000000E+01 0.5009538952E-02
-0.5300000000E+01 0.4956747707E-02
-0.5290000000E+01 0.4907983650E-02
-0.5280000000E+01 0.4862673024E-02
-0.5270000000E+01 0.4820343458E-02
-0.5260000000E+01 0.4780603971E-02
-0.5250000000E+01 0.4743129334E-02
-0.5240000000E+01 0.4707647764E-02
-0.5230000000E+01 0.4674121504E-02
-0.5220000000E+01 0.4652585461E-02
-0.5210000000E+01 0.4630558305E-02
-0.5200000000E+01 0.4608179419E-02
-0.5190000000E+01 0.4585567308E-02
-0.5180000000E+01 0.4562822960E-02
-0.5170000000E+01 0.4540032615E-02
-0.5160000000E+01 0.4517270037E-02
-0.5150000000E+01 0.4494598411E-02
-0.5140000000E+01 0.4472071916E-02
-0.5130000000E+01 0.4449737035E-02
-0.5120000000E+01 0.4427633665E-02
-0.5110000000E+01 0.4405796038E-02
-0.5100000000E+01 0.4384253512E-02
-0.5090000000E+01 0.4363031230E-02
-0.5080000000E+01 0.4342150691E-02
-0.5070000000E+01 0.4321630226E-02
-0.5060000000E+01 0.4301494667E-02
-0.5050000000E+01 0.4281750002E-02
-0.5040000000E+01 0.4262403812E-02
-0.5030000000E+01 0.4243465408E-02
-0.5020000000E+01 0.4224942496E-02
-0.5010000000E+01 0.4206841371E-02
-0.5000000000E+01 0.4189167088E-02
-0.4990000000E+01 0.4171923609E-02
-0.4980000000E+01 0.4155113934E-02
-0.4970000000E+01 0.4138740214E-02
-0.4960000000E+01 0.4122803846E-02
-0.4950000000E+01 0.4107305567E-02
-0.4940000000E+01 0.4092245521E-02
-0.4930000000E+01 0.4077623333E-02
-0.4920000000E+01 0.4063438168E-02
-0.4910000000E+01 0.4049688778E-02
-0.4900000000E+01 0.4036373553E-02
-0.4890000000E+01 0.4023490559E-02
-0.4880000000E+01 0.4011037578E-02
-0.4870000000E+01 0.3999012134E-02
-0.4860000000E+01 0.3987411527E-02
-0.4850000000E+01 0.3976233570E-02
-0.4840000000E+01 0.3965474485E-02
-0.4830000000E+01 0.3955130971E-02
-0.4820000000E+01 0.3945199645E-02
-0.4810000000E+01 0.3935676998E-02
-0.4800000000E+01 0.3926559405E-02
-0.4790000000E+01 0.3917846072E-02
-0.4780000000E+01 0.3909532477E-02
-0.4770000000E+01 0.3901612251E-02
-0.4760000000E+01 0.3894081350E-02
-0.4750000000E+01 0.3886935648E-02
-0.4740000000E+01 0.3880170933E-02
-0.4730000000E+01 0.3873782904E-02
-0.4720000000E+01 0.3867774930E-02
-0.4710000000E+01 0.3862164588E-02
-0.4700000000E+01 0.3856940967E-02
-0.4690000000E+01 0.3852067944E-02
-0.4680000000E+01 0.3847540749E-02
-0.4670000000E+01 0.3843354327E-02
-0.4660000000E+01 0.3839592066E-02
-0.4650000000E+01 0.3836285095E-02
-0.4640000000E+01 0.3833271222E-02
-0.4630000000E+01 0.3830581099E-02
-0.4620000000E+01 0.3828480027E-02
-0.4610000000E+01 0.3827685881E-02
-0.4600000000E+01 0.3827525411E-02
-0.4590000000E+01 0.3827462018E-02
-0.4580000000E+01 0.3827470836E-02
-0.4570000000E+01 0.3827535431E-02
-0.4560000000E+01 0.3827660757E-02
-0.4550000000E+01 0.3827875402E-02
-0.4540000000E+01 0.3828207271E-02
-0.4530000000E+01 0.3828673604E-02
-0.4520000000E+01 0.3829284179E-02
-0.4510000000E+01 0.3830041979E-02
-0.4500000000E+01 0.3831043647E-02
-0.4490000000E+01 0.3832171699E-02
-0.4480000000E+01 0.3833424460E-02
-0.4470000000E+01 0.3834808605E-02
-0.4460000000E+01 0.3836340131E-02
-0.4450000000E+01 0.3838034937E-02
-0.4440000000E+01 0.3840001490E-02
-0.4430000000E+01 0.3842130983E-02
-0.4420000000E+01 0.3844436583E-02
-0.4410000000E+01 0.3847972879E-02
-0.4400000000E+01 0.3851741062E-02
-0.4390000000E+01 0.3855738369E-02
-0.4380000000E+01 0.3859961957E-02
-0.4370000000E+01 0.3864408909E-02
-0.4360000000E+01 0.3869076241E-02
-0.4350000000E+01 0.3873960908E-02
-0.4340000000E+01 0.3879059854E-02
-0.4330000000E+01 0.3884406009E-02
-0.4320000000E+01 0.3890215473E-02
-0.4310000000E+01 0.3896241258E-02
-0.4300000000E+01 0.3902481448E-02
-0.4290000000E+01 0.3908930819E-02
-0.4280000000E+01 0.3915584513E-02
-0.4270000000E+01 0.3922438224E-02
-0.4260000000E+01 0.3929487541E-02
-0.4250000000E+01 0.3936747763E-02
-0.4240000000E+01 0.3944216067E-02
-0.4230000000E+01 0.3951872151E-02
-0.4220000000E+01 0.3959711561E-02
-0.4210000000E+01 0.3967729694E-02
-0.4200000000E+01 0.3975921781E-02
-0.4190000000E+01 0.3984282941E-02
-0.4180000000E+01 0.3992823479E-02
-0.4170000000E+01 0.4001522268E-02
-0.4160000000E+01 0.4010373644E-02
-0.4150000000E+01 0.4019371657E-02
-0.4140000000E+01 0.4028510040E-02
-0.4130000000E+01 0.4037782172E-02
-0.4120000000E+01 0.4047181044E-02
-0.4110000000E+01 0.4056699211E-02
-0.4100000000E+01 0.4066328749E-02
-0.4090000000E+01 0.4076061201E-02
-0.4080000000E+01 0.4085904480E-02
-0.4070000000E+01 0.4095844225E-02
-0.4060000000E+01 0.4105859592E-02
-0.4050000000E+01 0.4115942048E-02
-0.4040000000E+01 0.4126076727E-02
-0.4030000000E+01 0.4136250481E-02
-0.4020000000E+01 0.4146449052E-02
-0.4010000000E+01 0.4156656948E-02
-0.4000000000E+01 0.4166857307E-02
-0.3990000000E+01 0.4177081389E-02
-0.3980000000E+01 0.4187520369E-02
-0.3970000000E+01 0.4197936422E-02
-0.3960000000E+01 0.4208525394E-02
-0.3950000000E+01 0.4225725918E-02
-0.3940000000E+01 0.4243617333E-02
-0.3930000000E+01 0.4262238697E-02
-0.3920000000E+01 0.4281632713E-02
-0.3910000000E+01 0.4301846162E-02
-0.3900000000E+01 0.4322930408E-02
-0.3890000000E+01 0.4344941970E-02
-0.3880000000E+01 0.4367943185E-02
-0.3870000000E+01 0.4392002971E-02
-0.3860000000E+01 0.4417197706E-02
-0.3850000000E+01 0.4443612252E-02
-0.3840000000E+01 0.4471341145E-02
-0.3830000000E+01 0.4500489982E-02
-0.3820000000E+01 0.4531177047E-02
-0.3810000000E+01 0.4563535223E-02
-0.3800000000E+01 0.4597714243E-02
-0.3790000000E+01 0.4633883359E-02
-0.3780000000E+01 0.4672234511E-02
-0.3770000000E+01 0.4712986108E-02
-0.3760000000E+01 0.4756387565E-02
-0.3750000000E+01 0.4802724756E-02
-0.3740000000E+01 0.4852326617E-02
-0.3730000000E+01 0.4905573163E-02
-0.3720000000E+01 0.4962905289E-02
-0.3710000000E+01 0.5024836799E-02
-0.3700000000E+01 0.5091969301E-02
-0.3690000000E+01 0.5165010651E-02
-0.3680000000E+01 0.5244797879E-02
-0.3670000000E+01 0.5332326422E-02
-0.3660000000E+01 0.5428786795E-02
-0.3650000000E+01 0.5535611469E-02
-0.3640000000E+01 0.5654535086E-02
-0.3630000000E+01 0.5787672406E-02
-0.3620000000E+01 0.5937619993E-02
-0.3610000000E+01 0.6107589940E-02
-0.3600000000E+01 0.6301587170E-02
-0.3590000000E+01 0.6524646410E-02
-0.3580000000E+01 0.6783151421E-02
-0.3570000000E+01 0.7085268129E-02
-0.3560000000E+01 0.7441535822E-02
-0.3550000000E+01 0.7865677109E-02
-0.3540000000E+01 0.8375707449E-02
-0.3530000000E+01 0.8995444347E-02
-0.3520000000E+01 0.9756519832E-02
-0.3510000000E+01 0.1070094452E-01
-0.3500000000E+01 0.1188404489E-01
-0.3490000000E+01 0.1337692366E-01
-0.3480000000E+01 0.1526586934E-01
-0.3470000000E+01 0.1764224018E-01
-0.3460000000E+01 0.2056911347E-01
-0.3450000000E+01 0.2400321059E-01
-0.3440000000E+01 0.2766233977E-01
-0.3430000000E+01 0.3091052519E-01
-0.3420000000E+01 0.3288878144E-01
-0.3410000000E+01 0.3307717092E-01
-0.3400000000E+01 0.3194272420E-01
-0.3390000000E+01 0.2959085446E-01
-0.3380000000E+01 0.2513938491E-01
-0.3370000000E+01 0.2155770967E-01
-0.3360000000E+01 0.1880501366E-01
-0.3350000000E+01 0.1664332742E-01
-0.3340000000E+01 0.1494229166E-01
-0.3330000000E+01 0.1360160333E-01
-0.3320000000E+01 0.1254122866E-01
-0.3310000000E+01 0.1169839983E-01
-0.3300000000E+01 0.1102486786E-01
-0.3290000000E+01 0.1048389265E-01
-0.3280000000E+01 0.1005002729E-01
-0.3270000000E+01 0.9701337337E-02
-0.3260000000E+01 0.9418452156E-02
-0.3250000000E+01 0.9188924083E-02
-0.3240000000E+01 0.9002927606E-02
-0.3230000000E+01 0.8852608923E-02
-0.3220000000E+01 0.8731603386E-02
-0.3210000000E+01 0.8634679997E-02
-0.3200000000E+01 0.8557482355E-02
-0.3190000000E+01 0.8496343461E-02
-0.3180000000E+01 0.8448157362E-02
-0.3170000000E+01 0.8410294151E-02
-0.3160000000E+01 0.8380547417E-02
-0.3150000000E+01 0.8357298150E-02
-0.3140000000E+01 0.8338911794E-02
-0.3130000000E+01 0.8324295838E-02
-0.3120000000E+01 0.8312688842E-02
-0.3110000000E+01 0.8303630124E-02
-0.3100000000E+01 0.8296919571E-02
-0.3090000000E+01 0.8292569129E-02
-0.3080000000E+01 0.8290749611E-02
-0.3070000000E+01 0.8291737479E-02
-0.3060000000E+01 0.8295866076E-02
-0.3050000000E+01 0.8303484686E-02
-0.3040000000E+01 0.8314927291E-02
-0.3030000000E+01 0.8330491363E-02
-0.3020000000E+01 0.8350425794E-02
-0.3010000000E+01 0.8374926372E-02
-0.3000000000E+01 0.8404136853E-02
-0.2990000000E+01 0.8438153791E-02
-0.2980000000E+01 0.8477033497E-02
-0.2970000000E+01 0.8520799892E-02
-0.2960000000E+01 0.8569452379E-02
-0.2950000000E+01 0.8622979821E-02
-0.2940000000E+01 0.8681377962E-02
-0.2930000000E+01 0.8744584010E-02
-0.2920000000E+01 0.8812563582E-02
-0.2910000000E+01 0.8885285219E-02
-0.2900000000E+01 0.8962723212E-02
-0.2890000000E+01 0.9064405326E-02
-0.2880000000E+01 0.9183819538E-02
-0.2870000000E+01 0.9306127892E-02
-0.2860000000E+01 0.9431471885E-02
-0.2850000000E+01 0.9559999749E-02
-0.2840000000E+01 0.9697274285E-02
-0.2830000000E+01 0.9852737031E-02
-0.2820000000E+01 0.1001095295E-01
-0.2810000000E+01 0.1017214778E-01
-0.2800000000E+01 0.1033654999E-01
-0.2790000000E+01 0.1050439156E-01
-0.2780000000E+01 0.1067590889E-01
-0.2770000000E+01 0.1085144774E-01
-0.2760000000E+01 0.1103418718E-01
-0.2750000000E+01 0.1122147694E-01
-0.2740000000E+01 0.1141358346E-01
-0.2730000000E+01 0.1161078257E-01
-0.2720000000E+01 0.1181361837E-01
-0.2710000000E+01 0.1202215510E-01
-0.2700000000E+01 0.1223669627E-01
-0.2690000000E+01 0.1245916316E-01
-0.2680000000E+01 0.1268840258E-01
-0.2670000000E+01 0.1292477575E-01
-0.2660000000E+01 0.1316866457E-01
-0.2650000000E+01 0.1342047150E-01
-0.2640000000E+01 0.1368062139E-01
-0.2630000000E+01 0.1394956352E-01
-0.2620000000E+01 0.1422777362E-01
-0.2610000000E+01 0.1451575604E-01
-0.2600000000E+01 0.1481405217E-01
-0.2590000000E+01 0.1512323211E-01
-0.2580000000E+01 0.1545593232E-01
-0.2570000000E+01 0.1580233618E-01
-0.2560000000E+01 0.1616293759E-01
-0.2550000000E+01 0.1653858942E-01
-0.2540000000E+01 0.1693020657E-01
-0.2530000000E+01 0.1733877165E-01
-0.2520000000E+01 0.1776534128E-01
-0.2510000000E+01 0.1821105315E-01
-0.2500000000E+01 0.1867713372E-01
-0.2490000000E+01 0.1916490690E-01
-0.2480000000E+01 0.1967580362E-01
-0.2470000000E+01 0.2021137258E-01
-0.2460000000E+01 0.2077329217E-01
-0.2450000000E+01 0.2136338387E-01
-0.2440000000E+01 0.2198362731E-01
-0.2430000000E+01 0.2263617707E-01
-0.2420000000E+01 0.2332338174E-01
-0.2410000000E+01 0.2404780531E-01
-0.2400000000E+01 0.2481225138E-01
-0.2390000000E+01 0.2561979067E-01
-0.2380000000E+01 0.2647379212E-01
-0.2370000000E+01 0.2737795838E-01
-0.2360000000E+01 0.2833636633E-01
-0.2350000000E+01 0.2935351332E-01
-0.2340000000E+01 0.3043437035E-01
-0.2330000000E+01 0.3158444306E-01
-0.2320000000E+01 0.3280984223E-01
-0.2310000000E+01 0.3411736521E-01
-0.2300000000E+01 0.3551459041E-01
-0.2290000000E+01 0.3700998736E-01
-0.2280000000E+01 0.3861304510E-01
-0.2270000000E+01 0.4033442272E-01
-0.2260000000E+01 0.4218612641E-01
-0.2250000000E+01 0.4418171837E-01
-0.2240000000E+01 0.4633656455E-01
-0.2230000000E+01 0.4866812940E-01
-0.2220000000E+01 0.5119632827E-01
-0.2210000000E+01 0.5394395057E-01
-0.2200000000E+01 0.5693717041E-01
-0.2190000000E+01 0.6020616596E-01
-0.2180000000E+01 0.6378587471E-01
-0.2170000000E+01 0.6771691969E-01
-0.2160000000E+01 0.7204675218E-01
-0.2150000000E+01 0.7683107058E-01
-0.2140000000E+01 0.8213559419E-01
-0.2130000000E+01 0.8803829640E-01
-0.2120000000E+01 0.9463223836E-01
-0.2110000000E+01 0.1020291937E+00
-0.2100000000E+01 0.1103643262E+00
-0.2090000000E+01 0.1198022830E+00
-0.2080000000E+01 0.1305452121E+00
-0.2070000000E+01 0.1428434269E+00
-0.2060000000E+01 0.1570097596E+00
-0.2050000000E+01 0.1734391234E+00
-0.2040000000E+01 0.1926355470E+00
-0.2030000000E+01 0.2152500931E+00
-0.2020000000E+01 0.2421349236E+00
-0.2010000000E+01 0.2744217678E+00
-0.2000000000E+01 0.3136380630E+00
-0.1990000000E+01 0.3618825771E+00
-0.1980000000E+01 0.4220973190E+00
-0.1970000000E+01 0.4984995636E+00
-0.1960000000E+01 0.5972879665E+00
-0.1950000000E+01 0.7278324573E+00
-0.1940000000E+01 0.9047448653E+00
-0.1930000000E+01 0.1151598543E+01
-0.1920000000E+01 0.1507787569E+01
-0.1910000000E+01 0.2041254562E+01
-0.1900000000E+01 0.2870735929E+01
-0.1890000000E+01 0.4193026304E+01
-0.1880000000E+01 0.6241553769E+01
-0.1870000000E+01 0.8822573138E+01
-0.1860000000E+01 0.1024012266E+02
-0.1850000000E+01 0.8859765023E+01
-0.1840000000E+01 0.6302704581E+01
-0.1830000000E+01 0.4261657846E+01
-0.1820000000E+01 0.2937724901E+01
-0.1810000000E+01 0.2103409458E+01
-0.1800000000E+01 0.1564548064E+01
-0.1790000000E+01 0.1203327170E+01
-0.1780000000E+01 0.9520517659E+00
-0.1770000000E+01 0.7713358296E+00
-0.1760000000E+01 0.6375395535E+00
-0.1750000000E+01 0.5359698506E+00
-0.1740000000E+01 0.4571808844E+00
-0.1730000000E+01 0.3949089729E+00
-0.1720000000E+01 0.3448830134E+00
-0.1710000000E+01 0.3041170276E+00
-0.1700000000E+01 0.2704764574E+00
-0.1690000000E+01 0.2424046922E+00
-0.1680000000E+01 0.2187461292E+00
-0.1670000000E+01 0.1986289689E+00
-0.1660000000E+01 0.1813859008E+00
-0.1650000000E+01 0.1664993728E+00
-0.1640000000E+01 0.1535631482E+00
-0.1630000000E+01 0.1422548586E+00
-0.1620000000E+01 0.1323161144E+00
-0.1610000000E+01 0.1235378912E+00
-0.1600000000E+01 0.1157496581E+00
-0.1590000000E+01 0.1088111920E+00
-0.1580000000E+01 0.1026063501E+00
-0.1570000000E+01 0.9703828156E-01
-0.1560000000E+01 0.9202571281E-01
-0.1550000000E+01 0.8750004003E-01
-0.1540000000E+01 0.8340303433E-01
-0.1530000000E+01 0.7968501709E-01
-0.1520000000E+01 0.7630339840E-01
-0.1510000000E+01 0.7322149843E-01
-0.1500000000E+01 0.7040759092E-01
-0.1490000000E+01 0.6783412224E-01
-0.1480000000E+01 0.6547707010E-01
-0.1470000000E+01 0.6331541412E-01
-0.1460000000E+01 0.6133069649E-01
-0.1450000000E+01 0.5950665567E-01
-0.1440000000E+01 0.5782891945E-01
-0.1430000000E+01 0.5628474674E-01
-0.1420000000E+01 0.5486280935E-01
-0.1410000000E+01 0.5355300683E-01
-0.1400000000E+01 0.5234630885E-01
-0.1390000000E+01 0.5123462035E-01
-0.1380000000E+01 0.5021066596E-01
-0.1370000000E+01 0.4926789043E-01
-0.1360000000E+01 0.4840037272E-01
-0.1350000000E+01 0.4760275149E-01
-0.1340000000E+01 0.4687016044E-01
-0.1330000000E+01 0.4619817196E-01
-0.1320000000E+01 0.4558274780E-01
-0.1310000000E+01 0.4502019602E-01
-0.1300000000E+01 0.4450713304E-01
-0.1290000000E+01 0.4404224781E-01
-0.1280000000E+01 0.4362129131E-01
-0.1270000000E+01 0.4324127993E-01
-0.1260000000E+01 0.4289976873E-01
-0.1250000000E+01 0.4259448900E-01
-0.1240000000E+01 0.4232333012E-01
-0.1230000000E+01 0.4208432342E-01
-0.1220000000E+01 0.4193849427E-01
-0.1210000000E+01 0.4182960157E-01
-0.1200000000E+01 0.4175077254E-01
-0.1190000000E+01 0.4170059334E-01
-0.1180000000E+01 0.4167773883E-01
-0.1170000000E+01 0.4168096461E-01
-0.1160000000E+01 0.4170910005E-01
-0.1150000000E+01 0.4176104209E-01
-0.1140000000E+01 0.4183574976E-01
-0.1130000000E+01 0.4193223937E-01
-0.1120000000E+01 0.4204958024E-01
-0.1110000000E+01 0.4218689103E-01
-0.1100000000E+01 0.4234333652E-01
-0.1090000000E+01 0.4251812483E-01
-0.1080000000E+01 0.4271050500E-01
-0.1070000000E+01 0.4291976500E-01
-0.1060000000E+01 0.4314523003E-01
-0.1050000000E+01 0.4338626103E-01
-0.1040000000E+01 0.4364225359E-01
-0.1030000000E+01 0.4391263701E-01
-0.1020000000E+01 0.4419687350E-01
-0.1010000000E+01 0.4449445774E-01
-0.1000000000E+01 0.4480491640E-01
-0.9900000000E+00 0.4512780791E-01
-0.9800000000E+00 0.4546272234E-01
-0.9700000000E+00 0.4580928134E-01
-0.9600000000E+00 0.4616713818E-01
-0.9500000000E+00 0.4653597782E-01
-0.9400000000E+00 0.4691551716E-01
-0.9300000000E+00 0.4730550514E-01
-0.9200000000E+00 0.4770572301E-01
-0.9100000000E+00 0.4811598461E-01
-0.9000000000E+00 0.4854030737E-01
-0.8900000000E+00 0.4897564973E-01
-0.8800000000E+00 0.4942068835E-01
-0.8700000000E+00 0.4987536967E-01
-0.8600000000E+00 0.5033967407E-01
-0.8500000000E+00 0.5081361607E-01
-0.8400000000E+00 0.5129724464E-01
-0.8300000000E+00 0.5179064340E-01
-0.8200000000E+00 0.5229393094E-01
-0.8100000000E+00 0.5280726102E-01
-0.8000000000E+00 0.5333082288E-01
-0.7900000000E+00 0.5386484149E-01
-0.7800000000E+00 0.5440957785E-01
-0.7700000000E+00 0.5496532934E-01
-0.7600000000E+00 0.5553243001E-01
-0.7500000000E+00 0.5611125106E-01
-0.7400000000E+00 0.5670220120E-01
-0.7300000000E+00 0.5730572716E-01
-0.7200000000E+00 0.5792231430E-01
-0.7100000000E+00 0.5855248717E-01
-0.7000000000E+00 0.5919681027E-01
-0.6900000000E+00 0.5985588885E-01
-0.6800000000E+00 0.6053036979E-01
-0.6700000000E+00 0.6122094265E-01
-0.6600000000E+00 0.6192834080E-01
-0.6500000000E+00 0.6265334269E-01
-0.6400000000E+00 0.6339677327E-01
-0.6300000000E+00 0.6415950560E-01
-0.6200000000E+00 0.6494246253E-01
-0.6100000000E+00 0.6574661866E-01
-0.6000000000E+00 0.6657300249E-01
-0.5900000000E+00 0.6742269869E-01
-0.5800000000E+00 0.6829685067E-01
-0.5700000000E+00 0.6919666338E-01
-0.5600000000E+00 0.7012340637E-01
-0.5500000000E+00 0.7107841707E-01
-0.5400000000E+00 0.7206310442E-01
-0.5300000000E+00 0.7307895284E-01
-0.5200000000E+00 0.7412752644E-01
-0.5100000000E+00 0.7521047369E-01
-0.5000000000E+00 0.7632953244E-01
-0.4900000000E+00 0.7748653537E-01
-0.4800000000E+00 0.7868341588E-01
-0.4700000000E+00 0.7992221449E-01
-0.4600000000E+00 0.8120508578E-01
-0.4500000000E+00 0.8253430586E-01
-0.4400000000E+00 0.8391228048E-01
-0.4300000000E+00 0.8534155384E-01
-0.4200000000E+00 0.8682481812E-01
-0.4100000000E+00 0.8836492372E-01
-0.4000000000E+00 0.8996489052E-01
-0.3900000000E+00 0.9162791993E-01
-0.3800000000E+00 0.9335740805E-01
-0.3700000000E+00 0.9515695991E-01
-0.3600000000E+00 0.9703040494E-01
-0.3500000000E+00 0.9898181376E-01
-0.3400000000E+00 0.1010155165E+00
-0.3300000000E+00 0.1031361226E+00
-0.3200000000E+00 0.1053485425E+00
-0.3100000000E+00 0.1076580111E+00
-0.3000000000E+00 0.1100701135E+00
-0.2900000000E+00 0.1125908132E+00
-0.2800000000E+00 0.1152264823E+00
-0.2700000000E+00 0.1179839350E+00
-0.2600000000E+00 0.1208704644E+00
-0.2500000000E+00 0.1238938825E+00
-0.2400000000E+00 0.1270625635E+00
-0.2300000000E+00 0.1303854925E+00
-0.2200000000E+00 0.1338723179E+00
-0.2100000000E+00 0.1375334093E+00
-0.2000000000E+00 0.1413799215E+00
-0.1900000000E+00 0.1454238641E+00
-0.1800000000E+00 0.1496781795E+00
-0.1700000000E+00 0.1541568275E+00
-0.1600000000E+00 0.1588748793E+00
-0.1500000000E+00 0.1638486219E+00
-0.1400000000E+00 0.1690956728E+00
-0.1300000000E+00 0.1746351068E+00
-0.1200000000E+00 0.1804875976E+00
-0.1100000000E+00 0.1866755739E+00
-0.1000000000E+00 0.1932233928E+00
-0.9000000000E-01 0.2001575330E+00
-0.8000000000E-01 0.2075068091E+00
-0.7000000000E-01 0.2153026104E+00
-0.6000000000E-01 0.2235791671E+00
-0.5000000000E-01 0.2323738466E+00
-0.4000000000E-01 0.2417274845E+00
-0.3000000000E-01 0.2516847539E+00
-0.2000000000E-01 0.2622945775E+00
