  -20.0000000000   -0.0461687063    0.1747786986
  -19.9900000000   -0.0599082335    0.1965710162
  -19.9800000000   -0.0712576401    0.2243360748
  -19.9700000000   -0.0776938613    0.2586199834
  -19.9600000000   -0.0756594271    0.2989254776
  -19.9500000000   -0.0609236895    0.3425592981
  -19.9400000000   -0.0302445690    0.3834843352
  -19.9300000000    0.0154827744    0.4128315928
  -19.9200000000    0.0688337501    0.4228520639
  -19.9100000000    0.1181723240    0.4123855188
  -19.9000000000    0.1541594523    0.3880346652
  -19.8900000000    0.1740643149    0.3595761831
  -19.8800000000    0.1807447761    0.3349343151
  -19.8700000000    0.1794802205    0.3184621368
  -19.8600000000    0.1758707735    0.3115000894
  -19.8500000000    0.1751353109    0.3131270545
  -19.8400000000    0.1817513720    0.3202499850
  -19.8300000000    0.1983933970    0.3274554641
  -19.8200000000    0.2240809560    0.3279935020
  -19.8100000000    0.2533569716    0.3168358300
  -19.8000000000    0.2787439437    0.2938372165
  -19.7900000000    0.2950237210    0.2634485110
  -19.7800000000    0.3011838616    0.2313166268
  -19.7700000000    0.2991400943    0.2014655119
  -19.7600000000    0.2916473912    0.1757036496
  -19.7500000000    0.2810610280    0.1542837242
  -19.7400000000    0.2689701054    0.1366995392
  -19.7300000000    0.2562674285    0.1222440648
  -19.7200000000    0.2433843014    0.1103101400
  -19.7100000000    0.2305360763    0.1004684417
  -19.7000000000    0.2178685577    0.0924136035
  -19.6900000000    0.2054993774    0.0858984304
  -19.6800000000    0.1935187554    0.0807053250
  -19.6700000000    0.1819910656    0.0766395873
  -19.6600000000    0.1709607061    0.0735254071
  -19.6500000000    0.1604575354    0.0712012695
  -19.6400000000    0.1505042262    0.0695131500
  -19.6300000000    0.1411199575    0.0682935546
  -19.6200000000    0.1322903730    0.0673318203
  -19.6100000000    0.1238961475    0.0663917339
  -19.6000000000    0.1156802105    0.0653166833
  -19.5900000000    0.1073410681    0.0641341691
  -19.5800000000    0.0986805239    0.0630280336
  -19.5700000000    0.0896543821    0.0622121885
  -19.5600000000    0.0803154481    0.0618418588
  -19.5500000000    0.0707418064    0.0620051969
  -19.5400000000    0.0610015945    0.0627526501
  -19.5300000000    0.0511492372    0.0641259399
  -19.5200000000    0.0412362344    0.0661763364
  -19.5100000000    0.0313290232    0.0689748014
  -19.5000000000    0.0215366107    0.0726141747
  -19.4900000000    0.0120513046    0.0771918764
  -19.4800000000    0.0031916181    0.0827521732
  -19.4700000000   -0.0045881681    0.0891707342
  -19.4600000000   -0.0107906436    0.0959922097
  -19.4500000000   -0.0151537301    0.1023221123
  -19.4400000000   -0.0180677020    0.1070095030
  -19.4300000000   -0.0207488374    0.1092577850
  -19.4200000000   -0.0247481296    0.1092331555
  -19.4100000000   -0.0311249694    0.1079778053
  -19.4000000000   -0.0401036184    0.1067361302
  -19.3900000000   -0.0513492552    0.1064263652
  -19.3800000000   -0.0643767114    0.1075534119
  -19.3700000000   -0.0787778483    0.1103566039
  -19.3600000000   -0.0942732668    0.1149728050
  -19.3500000000   -0.1106812368    0.1215434063
  -19.3400000000   -0.1278612514    0.1302718090
  -19.3300000000   -0.1456492114    0.1414497298
  -19.3200000000   -0.1637813670    0.1554586325
  -19.3100000000   -0.1818004498    0.1727337189
  -19.3000000000   -0.1989516588    0.1936546680
  -19.2900000000   -0.2141249639    0.2183098976
  -19.2800000000   -0.2260001614    0.2461212575
  -19.2700000000   -0.2336310679    0.2755265674
  -19.2600000000   -0.2374549718    0.3042936952
  -19.2500000000   -0.2398804674    0.3309622768
  -19.2400000000   -0.2442188505    0.3565887691
  -19.2300000000   -0.2523646486    0.3849165616
  -19.2200000000   -0.2632861576    0.4207328479
  -19.2100000000   -0.2730629658    0.4680996403
  -19.2000000000   -0.2753851643    0.5292844539
  -19.1900000000   -0.2618504562    0.6036388850
  -19.1800000000   -0.2228701182    0.6856008510
  -19.1700000000   -0.1509804266    0.7624851911
  -19.1600000000   -0.0472764560    0.8154025369
  -19.1500000000    0.0733656074    0.8272338714
  -19.1400000000    0.1866037751    0.7941804297
  -19.1300000000    0.2720789939    0.7288223907
  -19.1200000000    0.3228484171    0.6508658463
  -19.1100000000    0.3435397607    0.5764109403
  -19.1000000000    0.3434894136    0.5141304754
  -19.0900000000    0.3318610960    0.4666790459
  -19.0800000000    0.3158721682    0.4331232622
  -19.0700000000    0.3005352197    0.4105716899
  -19.0600000000    0.2886231007    0.3951024792
  -19.0500000000    0.2804998729    0.3826427997
  -19.0400000000    0.2742352520    0.3702733512
  -19.0300000000    0.2668056708    0.3575651225
  -19.0200000000    0.2561967131    0.3466168530
  -19.0100000000    0.2427584171    0.3404886287
  -19.0000000000    0.2290166358    0.3414827218
  -18.9900000000    0.2188201895    0.3502100682
  -18.9800000000    0.2164975389    0.3650359545
  -18.9700000000    0.2256159455    0.3815430617
  -18.9600000000    0.2468090044    0.3928129756
  -18.9500000000    0.2757393236    0.3919889682
  -18.9400000000    0.3040701139    0.3764809370
  -18.9300000000    0.3240531205    0.3497656154
  -18.9200000000    0.3324661336    0.3185903130
  -18.9100000000    0.3305660222    0.2889013561
  -18.9000000000    0.3217310722    0.2639889212
  -18.8900000000    0.3094928102    0.2447014563
  -18.8800000000    0.2966049585    0.2302310585
  -18.8700000000    0.2846104647    0.2188057100
  -18.8600000000    0.2735850892    0.2084653160
  -18.8500000000    0.2623808648    0.1980249558
  -18.8400000000    0.2495843062    0.1876087668
  -18.8300000000    0.2344618919    0.1782268764
  -18.8200000000    0.2171166273    0.1709518553
  -18.8100000000    0.1980801128    0.1664859937
  -18.8000000000    0.1779283284    0.1651930859
  -18.7900000000    0.1571345570    0.1672939314
  -18.7800000000    0.1360919214    0.1730336653
  -18.7700000000    0.1152151038    0.1827804326
  -18.7600000000    0.0950861882    0.1970636011
  -18.7500000000    0.0766484620    0.2165442378
  -18.7400000000    0.0614568899    0.2418655521
  -18.7300000000    0.0519450306    0.2732682145
  -18.7200000000    0.0515110925    0.3098169771
  -18.7100000000    0.0639249281    0.3482440914
  -18.7000000000    0.0913857410    0.3821027035
  -18.6900000000    0.1314949206    0.4029769833
  -18.6800000000    0.1758948616    0.4048420826
  -18.6700000000    0.2137202189    0.3885260359
  -18.6600000000    0.2375818539    0.3611924734
  -18.6500000000    0.2461401369    0.3315106374
  -18.6400000000    0.2421851617    0.3058032791
  -18.6300000000    0.2297249257    0.2873673549
  -18.6200000000    0.2123837001    0.2774943321
  -18.6100000000    0.1930944825    0.2765813852
  -18.6000000000    0.1744224501    0.2847739599
  -18.5900000000    0.1590866285    0.3021129156
  -18.5800000000    0.1504613285    0.3282016743
  -18.5700000000    0.1527859312    0.3613321495
  -18.5600000000    0.1705130746    0.3971624502
  -18.5500000000    0.2060802806    0.4278169278
  -18.5400000000    0.2565378070    0.4434067125
  -18.5300000000    0.3122477554    0.4370345412
  -18.5200000000    0.3610188757    0.4096319029
  -18.5100000000    0.3948021159    0.3690519422
  -18.5000000000    0.4123159928    0.3245002336
  -18.4900000000    0.4166514180    0.2823034153
  -18.4800000000    0.4119239387    0.2453430050
  -18.4700000000    0.4015593470    0.2143293342
  -18.4600000000    0.3880295771    0.1889877811
  -18.4500000000    0.3730742799    0.1686385381
  -18.4400000000    0.3578935632    0.1524053604
  -18.4300000000    0.3432241679    0.1393063401
  -18.4200000000    0.3293401318    0.1283666036
  -18.4100000000    0.3160950089    0.1188149887
  -18.4000000000    0.3031296023    0.1102588179
  -18.3900000000    0.2901564376    0.1026491221
  -18.3800000000    0.2770917161    0.0960730718
  -18.3700000000    0.2639996412    0.0905858560
  -18.3600000000    0.2509901004    0.0861676656
  -18.3500000000    0.2381609773    0.0827490708
  -18.3400000000    0.2255869422    0.0802424936
  -18.3300000000    0.2133296510    0.0785558879
  -18.3200000000    0.2014486485    0.0775865458
  -18.3100000000    0.1899977098    0.0772015751
  -18.3000000000    0.1789951638    0.0772210934
  -18.2900000000    0.1683714167    0.0774335755
  -18.2800000000    0.1579335546    0.0776685643
  -18.2700000000    0.1474112155    0.0778943001
  -18.2600000000    0.1365810050    0.0782417791
  -18.2500000000    0.1253598585    0.0789149420
  -18.2400000000    0.1137904136    0.0800753647
  -18.2300000000    0.1019614848    0.0817903542
  -18.2200000000    0.0899347986    0.0840495913
  -18.2100000000    0.0777152076    0.0868161520
  -18.2000000000    0.0652693225    0.0900635827
  -18.1900000000    0.0525453903    0.0937638603
  -18.1800000000    0.0394367449    0.0978704245
  -18.1700000000    0.0257299533    0.1023764741
  -18.1600000000    0.0111433931    0.1074166829
  -18.1500000000   -0.0045551056    0.1132855231
  -18.1400000000   -0.0214822549    0.1203546524
  -18.1300000000   -0.0396703748    0.1289995696
  -18.1200000000   -0.0591255574    0.1395966484
  -18.1100000000   -0.0798561008    0.1525654829
  -18.1000000000   -0.1018654870    0.1684220835
  -18.0900000000   -0.1251193833    0.1878315969
  -18.0800000000   -0.1494878314    0.2116622818
  -18.0700000000   -0.1746514030    0.2410425954
  -18.0600000000   -0.1999477406    0.2774148069
  -18.0500000000   -0.2241217572    0.3225588416
  -18.0400000000   -0.2449331762    0.3785177982
  -18.0300000000   -0.2585913813    0.4472735210
  -18.0200000000   -0.2590951827    0.5298871253
  -18.0100000000   -0.2378944218    0.6247053930
  -18.0000000000   -0.1850057343    0.7244963631
  -17.9900000000   -0.0933616512    0.8138538471
  -17.9800000000    0.0334903686    0.8710207861
  -17.9700000000    0.1763091579    0.8779950356
  -17.9600000000    0.3068564146    0.8331829521
  -17.9500000000    0.4035128331    0.7527490458
  -17.9400000000    0.4602426820    0.6589568759
  -17.9300000000    0.4829888214    0.5688213825
  -17.9200000000    0.4817624792    0.4910030129
  -17.9100000000    0.4655979928    0.4280475591
  -17.9000000000    0.4410356240    0.3794059748
  -17.8900000000    0.4123727857    0.3434306526
  -17.8800000000    0.3823780379    0.3183288434
  -17.8700000000    0.3529292066    0.3024597277
  -17.8600000000    0.3254051734    0.2942798657
  -17.8500000000    0.3007547946    0.2921737358
  -17.8400000000    0.2792683089    0.2944751353
  -17.8300000000    0.2604137593    0.2999558512
  -17.8200000000    0.2433438223    0.3084981397
  -17.8100000000    0.2280225132    0.3210509717
  -17.8000000000    0.2159719329    0.3385329026
  -17.7900000000    0.2098971613    0.3603969221
  -17.7800000000    0.2121994260    0.3837281341
  -17.7700000000    0.2227936419    0.4037511465
  -17.7600000000    0.2377239480    0.4164614911
  -17.7500000000    0.2508025465    0.4219604750
  -17.7400000000    0.2577054105    0.4250098950
  -17.7300000000    0.2586784057    0.4321105129
  -17.7200000000    0.2581549150    0.4482258552
  -17.7100000000    0.2630881785    0.4750542247
  -17.7000000000    0.2813318860    0.5100529247
  -17.6900000000    0.3193258722    0.5455212916
  -17.6800000000    0.3781356245    0.5692090780
  -17.6700000000    0.4498559242    0.5690563769
  -17.6600000000    0.5195535795    0.5407227775
  -17.6500000000    0.5735398099    0.4905449091
  -17.6400000000    0.6061129009    0.4303554377
  -17.6300000000    0.6191362283    0.3704200409
  -17.6200000000    0.6177894398    0.3165291961
  -17.6100000000    0.6072732637    0.2707165992
  -17.6000000000    0.5915511227    0.2328961126
  -17.5900000000    0.5732644892    0.2020888410
  -17.5800000000    0.5540335650    0.1770942166
  -17.5700000000    0.5347895950    0.1567888968
  -17.5600000000    0.5160324260    0.1402273714
  -17.5500000000    0.4980042770    0.1266525062
  -17.5400000000    0.4807990668    0.1154723547
  -17.5300000000    0.4644287373    0.1062286549
  -17.5200000000    0.4488626488    0.0985666423
  -17.5100000000    0.4340500979    0.0922086920
  -17.5000000000    0.4199309883    0.0869320555
  -17.4900000000    0.4064365960    0.0825522480
  -17.4800000000    0.3934838813    0.0789166634
  -17.4700000000    0.3809735651    0.0759106037
  -17.4600000000    0.3688021290    0.0734650369
  -17.4500000000    0.3568803328    0.0715501849
  -17.4400000000    0.3451403065    0.0701575577
  -17.4300000000    0.3335288207    0.0692865824
  -17.4200000000    0.3219978249    0.0689419545
  -17.4100000000    0.3104992118    0.0691369334
  -17.4000000000    0.2989837616    0.0698977348
  -17.3900000000    0.2874024477    0.0712674907
  -17.3800000000    0.2757092458    0.0733099229
  -17.3700000000    0.2638657026    0.0761129689
  -17.3600000000    0.2518482403    0.0797919000
  -17.3500000000    0.2396593826    0.0844900561
  -17.3400000000    0.2273430384    0.0903729190
  -17.3300000000    0.2149994509    0.0976084050
  -17.3200000000    0.2027842070    0.1063276176
  -17.3100000000    0.1908610281    0.1165791217
  -17.3000000000    0.1792898473    0.1283368688
  -17.2900000000    0.1679187813    0.1416483380
  -17.2800000000    0.1564477020    0.1568962414
  -17.2700000000    0.1447259032    0.1749658016
  -17.2600000000    0.1331183409    0.1971750091
  -17.2500000000    0.1227983956    0.2250385229
  -17.2400000000    0.1159945763    0.2599293477
  -17.2300000000    0.1162310282    0.3025363788
  -17.2200000000    0.1283915977    0.3518836515
  -17.2100000000    0.1579934915    0.4038222594
  -17.2000000000    0.2087249143    0.4497711628
  -17.1900000000    0.2783343502    0.4779655964
  -17.1800000000    0.3562332519    0.4790488613
  -17.1700000000    0.4274503992    0.4525902987
  -17.1600000000    0.4808996679    0.4073368070
  -17.1500000000    0.5137465400    0.3548597925
  -17.1400000000    0.5292106262    0.3037401375
  -17.1300000000    0.5323585221    0.2582091461
  -17.1200000000    0.5276163001    0.2195059705
  -17.1100000000    0.5181855556    0.1874310150
  -17.1000000000    0.5062400002    0.1612247137
  -17.0900000000    0.4932040187    0.1399558467
  -17.0800000000    0.4799623044    0.1227010116
  -17.0700000000    0.4670158475    0.1086360491
  -17.0600000000    0.4546056400    0.0970832719
  -17.0500000000    0.4428215308    0.0875259141
  -17.0400000000    0.4316921350    0.0795833370
  -17.0300000000    0.4212339488    0.0729589368
  -17.0200000000    0.4114562235    0.0673915701
  -17.0100000000    0.4023377849    0.0626323095
  -17.0000000000    0.3937996765    0.0584583631
  -16.9900000000    0.3857096364    0.0547156211
  -16.9800000000    0.3779327778    0.0513422974
  -16.9700000000    0.3703829138    0.0483388351
  -16.9600000000    0.3630283217    0.0457166608
  -16.9500000000    0.3558657791    0.0434712118
  -16.9400000000    0.3488968782    0.0415822281
  -16.9300000000    0.3421181943    0.0400233279
  -16.9200000000    0.3355207544    0.0387697709
  -16.9100000000    0.3290930262    0.0378021961
  -16.9000000000    0.3228245928    0.0371071099
  -16.8900000000    0.3167093867    0.0366746452
  -16.8800000000    0.3107471001    0.0364933865
  -16.8700000000    0.3049395978    0.0365428025
  -16.8600000000    0.2992782341    0.0367882934
  -16.8500000000    0.2937245451    0.0371904023
  -16.8400000000    0.2882026722    0.0377343987
  -16.8300000000    0.2826225372    0.0384600077
  -16.8200000000    0.2769186092    0.0394609682
  -16.8100000000    0.2710697070    0.0408596006
  -16.8000000000    0.2650944936    0.0427867215
  -16.7900000000    0.2590430362    0.0453797925
  -16.7800000000    0.2530001107    0.0487912141
  -16.7700000000    0.2471037415    0.0531945938
  -16.7600000000    0.2415769286    0.0587799320
  -16.7500000000    0.2367704829    0.0657302388
  -16.7400000000    0.2332176059    0.0741662941
  -16.7300000000    0.2316916224    0.0840221193
  -16.7200000000    0.2331901412    0.0947917805
  -16.7100000000    0.2386418520    0.1051880432
  -16.7000000000    0.2481722498    0.1130708112
  -16.6900000000    0.2603086011    0.1162061457
  -16.6800000000    0.2721680320    0.1137116651
  -16.6700000000    0.2809712587    0.1067894754
  -16.6600000000    0.2854569687    0.0978485643
  -16.6500000000    0.2859300069    0.0890926050
  -16.6400000000    0.2834523497    0.0818596530
  -16.6300000000    0.2791613578    0.0767271673
  -16.6200000000    0.2740121612    0.0738437057
  -16.6100000000    0.2687942822    0.0731711181
  -16.6000000000    0.2642450519    0.0745690455
  -16.5900000000    0.2611493848    0.0777316012
  -16.5800000000    0.2603241306    0.0820029935
  -16.5700000000    0.2623581414    0.0861825022
  -16.5600000000    0.2670876732    0.0886176108
  -16.5500000000    0.2732087718    0.0878876149
  -16.5400000000    0.2787023648    0.0837261854
  -16.5300000000    0.2819504831    0.0771863392
  -16.5200000000    0.2824399159    0.0698354645
  -16.5100000000    0.2805494735    0.0629109071
  -16.5000000000    0.2769829948    0.0570611103
  -16.4900000000    0.2723922907    0.0524941575
  -16.4800000000    0.2672600753    0.0491972994
  -16.4700000000    0.2619194881    0.0470859701
  -16.4600000000    0.2566144421    0.0460757162
  -16.4500000000    0.2515621951    0.0461015685
  -16.4400000000    0.2470074136    0.0470992636
  -16.4300000000    0.2432575980    0.0489477968
  -16.4200000000    0.2406695820    0.0513709243
  -16.4100000000    0.2395297668    0.0538317634
  -16.4000000000    0.2398011252    0.0555472205
  -16.3900000000    0.2408964679    0.0557860390
  -16.3800000000    0.2418192972    0.0543411026
  -16.3700000000    0.2417011904    0.0516910786
  -16.3600000000    0.2402167117    0.0486466632
  -16.3500000000    0.2375379006    0.0459002633
  -16.3400000000    0.2340614320    0.0438495555
  -16.3300000000    0.2302100510    0.0426437343
  -16.3200000000    0.2263680263    0.0422704891
  -16.3100000000    0.2228789955    0.0425916060
  -16.3000000000    0.2200248704    0.0433254511
  -16.2900000000    0.2179350704    0.0440362524
  -16.2800000000    0.2164545716    0.0442292535
  -16.2700000000    0.2151188244    0.0435842733
  -16.2600000000    0.2133635311    0.0421557176
  -16.2500000000    0.2108250185    0.0403112999
  -16.2400000000    0.2074485222    0.0384759660
  -16.2300000000    0.2033768509    0.0369436769
  -16.2200000000    0.1987997650    0.0358510366
  -16.2100000000    0.1938725201    0.0352325145
  -16.2000000000    0.1886974144    0.0350781362
  -16.1900000000    0.1833330412    0.0353693154
  -16.1800000000    0.1778095561    0.0360964604
  -16.1700000000    0.1721426193    0.0372665093
  -16.1600000000    0.1663455222    0.0389057597
  -16.1500000000    0.1604413222    0.0410600230
  -16.1400000000    0.1544772368    0.0437911732
  -16.1300000000    0.1485425602    0.0471657672
  -16.1200000000    0.1427871165    0.0512271650
  -16.1100000000    0.1374254850    0.0559404787
  -16.1000000000    0.1326909045    0.0611125875
  -16.0900000000    0.1286934092    0.0663401328
  -16.0800000000    0.1252090674    0.0711096368
  -16.0700000000    0.1216009659    0.0751150220
  -16.0600000000    0.1170802787    0.0785641067
  -16.0500000000    0.1111277596    0.0821288680
  -16.0400000000    0.1036671085    0.0866073622
  -16.0300000000    0.0949327893    0.0926634820
  -16.0200000000    0.0852744003    0.1007841109
  -16.0100000000    0.0750435349    0.1113549484
  -16.0000000000    0.0645616745    0.1247705290
  -15.9900000000    0.0541679092    0.1415672755
  -15.9800000000    0.0443970551    0.1625405846
  -15.9700000000    0.0362942224    0.1887289605
  -15.9600000000    0.0317758370    0.2211664178
  -15.9500000000    0.0339347557    0.2603430066
  -15.9400000000    0.0471035758    0.3052471109
  -15.9300000000    0.0761368591    0.3519664569
  -15.9200000000    0.1240967987    0.3926039030
  -15.9100000000    0.1885353402    0.4165730028
  -15.9000000000    0.2595396629    0.4157816430
  -15.8900000000    0.3235770936    0.3903565338
  -15.8800000000    0.3709218166    0.3485367490
  -15.8700000000    0.3993207420    0.3008647971
  -15.8600000000    0.4119089813    0.2550981318
  -15.8500000000    0.4134944600    0.2150331003
  -15.8400000000    0.4083080526    0.1816489456
  -15.8300000000    0.3993597001    0.1545130074
  -15.8200000000    0.3885662291    0.1326938732
  -15.8100000000    0.3770683298    0.1152081045
  -15.8000000000    0.3655103863    0.1011928656
  -15.7900000000    0.3542369891    0.0899490866
  -15.7800000000    0.3434189238    0.0809331139
  -15.7700000000    0.3331312867    0.0737324060
  -15.7600000000    0.3234022390    0.0680391515
  -15.7500000000    0.3142447766    0.0636254570
  -15.7400000000    0.3056783133    0.0603190394
  -15.7300000000    0.2977414826    0.0579770484
  -15.7200000000    0.2904932218    0.0564586802
  -15.7100000000    0.2840014937    0.0556034873
  -15.7000000000    0.2783294665    0.0552183653
  -15.6900000000    0.2735195888    0.0550557041
  -15.6800000000    0.2695327576    0.0547854272
  -15.6700000000    0.2661320814    0.0540511335
  -15.6600000000    0.2628564626    0.0526669457
  -15.6500000000    0.2592171375    0.0507759065
  -15.6400000000    0.2549500164    0.0487580892
  -15.6300000000    0.2500705184    0.0469951812
  -15.6200000000    0.2447545433    0.0457258727
  -15.6100000000    0.2392107814    0.0450346645
  -15.6000000000    0.2336096736    0.0448911850
  -15.5900000000    0.2280426443    0.0451912992
  -15.5800000000    0.2224899932    0.0458123516
  -15.5700000000    0.2168261812    0.0466953239
  -15.5600000000    0.2108924617    0.0479053422
  -15.5500000000    0.2045857197    0.0496121290
  -15.5400000000    0.1978865580    0.0520238672
  -15.5300000000    0.1908328607    0.0553491085
  -15.5200000000    0.1834929781    0.0598039658
  -15.5100000000    0.1759662364    0.0656394668
  -15.5000000000    0.1684114739    0.0731679397
  -15.4900000000    0.1611016593    0.0827784187
  -15.4800000000    0.1545089772    0.0949300175
  -15.4700000000    0.1494275931    0.1100983508
  -15.4600000000    0.1471300013    0.1286217992
  -15.4500000000    0.1494980691    0.1503542714
  -15.4400000000    0.1589174772    0.1740386790
  -15.4300000000    0.1775105743    0.1965654561
  -15.4200000000    0.2054325397    0.2129319991
  -15.4100000000    0.2391652510    0.2180843270
  -15.4000000000    0.2721281434    0.2101640093
  -15.3900000000    0.2981700439    0.1919671647
  -15.3800000000    0.3146196940    0.1688141530
  -15.3700000000    0.3222291674    0.1454044503
  -15.3600000000    0.3233050505    0.1244303324
  -15.3500000000    0.3201836926    0.1068605642
  -15.3400000000    0.3146319224    0.0926961479
  -15.3300000000    0.3078125697    0.0815479352
  -15.3200000000    0.3004357291    0.0729458026
  -15.3100000000    0.2929196046    0.0664697444
  -15.3000000000    0.2855134744    0.0617905683
  -15.2900000000    0.2783839243    0.0586701581
  -15.2800000000    0.2716758863    0.0569421685
  -15.2700000000    0.2655554947    0.0564769153
  -15.2600000000    0.2602291990    0.0571281156
  -15.2500000000    0.2559182845    0.0586713508
  -15.2400000000    0.2527761902    0.0607816096
  -15.2300000000    0.2508102412    0.0631137966
  -15.2200000000    0.2499436882    0.0654331892
  -15.2100000000    0.2502009801    0.0675760688
  -15.2000000000    0.2517134929    0.0691853371
  -15.1900000000    0.2543674157    0.0695808803
  -15.1800000000    0.2574486876    0.0681198280
  -15.1700000000    0.2598377879    0.0647863177
  -15.1600000000    0.2606721168    0.0603115628
  -15.1500000000    0.2597575611    0.0556951845
  -15.1400000000    0.2574310667    0.0517137089
  -15.1300000000    0.2542294071    0.0487818655
  -15.1200000000    0.2506864439    0.0470423598
  -15.1100000000    0.2472891925    0.0464730131
  -15.1000000000    0.2445013624    0.0469177454
  -15.0900000000    0.2427596217    0.0480370890
  -15.0800000000    0.2423635083    0.0492393622
  -15.0700000000    0.2432491855    0.0497350395
  -15.0600000000    0.2448259284    0.0488467368
  -15.0500000000    0.2461683995    0.0464227155
  -15.0400000000    0.2465198087    0.0429203387
  -15.0300000000    0.2456244527    0.0390488520
  -15.0200000000    0.2436442921    0.0353759737
  -15.0100000000    0.2408990260    0.0321965802
  -15.0000000000    0.2376855328    0.0295955360
  -14.9900000000    0.2342175329    0.0275490163
  -14.9800000000    0.2306297182    0.0259950665
  -14.9700000000    0.2270002004    0.0248694880
  -14.9600000000    0.2233719906    0.0241204024
  -14.9500000000    0.2197692039    0.0237124809
  -14.9400000000    0.2162089444    0.0236266610
  -14.9300000000    0.2127107833    0.0238573909
  -14.9200000000    0.2093049877    0.0244069417
  -14.9100000000    0.2060384046    0.0252747762
  -14.9000000000    0.2029726005    0.0264408421
  -14.8900000000    0.2001647550    0.0278491977
  -14.8800000000    0.1976293130    0.0294136870
  -14.8700000000    0.1953100435    0.0310694954
  -14.8600000000    0.1931176270    0.0328479320
  -14.8500000000    0.1910381146    0.0348929044
  -14.8400000000    0.1892294138    0.0373720473
  -14.8300000000    0.1880277850    0.0403290617
  -14.8200000000    0.1878489908    0.0435432238
  -14.8100000000    0.1889770720    0.0464575220
  -14.8000000000    0.1912805019    0.0482980293
  -14.7900000000    0.1940813293    0.0484594811
  -14.7800000000    0.1964285248    0.0469037284
  -14.7700000000    0.1975978660    0.0441638782
  -14.7600000000    0.1973593303    0.0409822861
  -14.7500000000    0.1958893535    0.0379610841
  -14.7400000000    0.1935411997    0.0354284472
  -14.7300000000    0.1906607590    0.0334711051
  -14.7200000000    0.1874920307    0.0320263555
  -14.7100000000    0.1841498470    0.0309798641
  -14.7000000000    0.1806473037    0.0302491555
  -14.6900000000    0.1769627441    0.0298212979
  -14.6800000000    0.1730974255    0.0297323852
  -14.6700000000    0.1690899567    0.0300276435
  -14.6600000000    0.1650056654    0.0307393544
  -14.6500000000    0.1609290968    0.0318799242
  -14.6400000000    0.1569639900    0.0334308571
  -14.6300000000    0.1532250637    0.0353169047
  -14.6200000000    0.1497969225    0.0373758684
  -14.6100000000    0.1466500641    0.0393679953
  -14.6000000000    0.1435678930    0.0410782895
  -14.5900000000    0.1401950719    0.0424736641
  -14.5800000000    0.1362141213    0.0437581469
  -14.5700000000    0.1314825614    0.0452611264
  -14.5600000000    0.1260205905    0.0472935469
  -14.5500000000    0.1199228427    0.0500943417
  -14.5400000000    0.1132938705    0.0538549207
  -14.5300000000    0.1062321054    0.0587653459
  -14.5200000000    0.0988474644    0.0650529173
  -14.5100000000    0.0913001924    0.0730076245
  -14.5000000000    0.0838605789    0.0829927065
  -14.4900000000    0.0769968127    0.0954291459
  -14.4800000000    0.0714960194    0.1107230026
  -14.4700000000    0.0685978938    0.1290747527
  -14.4600000000    0.0700409604    0.1500904429
  -14.4500000000    0.0777675920    0.1721934427
  -14.4400000000    0.0929404273    0.1921844511
  -14.4300000000    0.1143900302    0.2058444220
  -14.4200000000    0.1378936041    0.2101655618
  -14.4100000000    0.1579304704    0.2056728485
  -14.4000000000    0.1707860694    0.1961969752
  -14.3900000000    0.1759322206    0.1863926105
  -14.3800000000    0.1750897974    0.1797253096
  -14.3700000000    0.1707735886    0.1780713751
  -14.3600000000    0.1655076787    0.1821642921
  -14.3500000000    0.1616965195    0.1920469453
  -14.3400000000    0.1618073161    0.2072035414
  -14.3300000000    0.1685465816    0.2262414548
  -14.3200000000    0.1845170884    0.2461386009
  -14.3100000000    0.2107563874    0.2617634570
  -14.3000000000    0.2446459578    0.2671646114
  -14.2900000000    0.2796256740    0.2589729289
  -14.2800000000    0.3084121836    0.2389376869
  -14.2700000000    0.3269607228    0.2125141047
  -14.2600000000    0.3353248693    0.1852700792
  -14.2500000000    0.3358331347    0.1607362881
  -14.2400000000    0.3311681006    0.1403778929
  -14.2300000000    0.3234679910    0.1244077253
  -14.2200000000    0.3141885301    0.1125076211
  -14.2100000000    0.3042595833    0.1042431530
  -14.2000000000    0.2942897437    0.0992503950
  -14.1900000000    0.2847450430    0.0972973142
  -14.1800000000    0.2761005636    0.0982764304
  -14.1700000000    0.2689791986    0.1021386274
  -14.1600000000    0.2642732775    0.1087396557
  -14.1500000000    0.2631850037    0.1175515263
  -14.1400000000    0.2670139758    0.1272486470
  -14.1300000000    0.2764679316    0.1354238328
  -14.1200000000    0.2906194251    0.1390447645
  -14.1100000000    0.3064911600    0.1359871908
  -14.1000000000    0.3203136625    0.1265298959
  -14.0900000000    0.3295817016    0.1130919483
  -14.0800000000    0.3338769605    0.0985356093
  -14.0700000000    0.3341634552    0.0848585718
  -14.0600000000    0.3317731828    0.0729765430
  -14.0500000000    0.3278419821    0.0630717258
  -14.0400000000    0.3231677329    0.0549672192
  -14.0300000000    0.3182523789    0.0483571045
  -14.0200000000    0.3133775232    0.0429190426
  -14.0100000000    0.3086681945    0.0383712871
  -14.0000000000    0.3041526287    0.0345051663
  -13.9900000000    0.2998221569    0.0311880038
  -13.9800000000    0.2956704018    0.0283369504
  -13.9700000000    0.2917011849    0.0258894249
  -13.9600000000    0.2879211059    0.0237888962
  -13.9500000000    0.2843333803    0.0219828387
  -13.9400000000    0.2809365640    0.0204238826
  -13.9300000000    0.2777254575    0.0190699192
  -13.9200000000    0.2746914445    0.0178831310
  -13.9100000000    0.2718214338    0.0168298464
  -13.9000000000    0.2690972711    0.0158828415
  -13.8900000000    0.2664985649    0.0150243307
  -13.8800000000    0.2640079053    0.0142453723
  -13.8700000000    0.2616136245    0.0135414355
  -13.8600000000    0.2593085334    0.0129083968
  -13.8500000000    0.2570873830    0.0123412864
  -13.8400000000    0.2549452613    0.0118347595
  -13.8300000000    0.2528770861    0.0113838551
  -13.8200000000    0.2508776399    0.0109844967
  -13.8100000000    0.2489417568    0.0106337412
  -13.8000000000    0.2470645181    0.0103299064
  -13.7900000000    0.2452414463    0.0100726785
  -13.7800000000    0.2434687440    0.0098632558
  -13.7700000000    0.2417436515    0.0097045515
  -13.7600000000    0.2400650334    0.0096014399
  -13.7500000000    0.2384343528    0.0095609662
  -13.7400000000    0.2368572425    0.0095923047
  -13.7300000000    0.2353458671    0.0097059769
  -13.7200000000    0.2339220319    0.0099114114
  -13.7100000000    0.2326202120    0.0102114638
  -13.7000000000    0.2314880881    0.0105925494
  -13.6900000000    0.2305797576    0.0110105251
  -13.6800000000    0.2299342091    0.0113776297
  -13.6700000000    0.2295355931    0.0115683332
  -13.6600000000    0.2292790998    0.0114688296
  -13.6500000000    0.2289963892    0.0110529409
  -13.6400000000    0.2285443929    0.0104055365
  -13.6300000000    0.2278711862    0.0096615550
  -13.6200000000    0.2270047327    0.0089316489
  -13.6100000000    0.2260049156    0.0082750113
  -13.6000000000    0.2249286116    0.0077099594
  -13.5900000000    0.2238174185    0.0072329074
  -13.5800000000    0.2226979641    0.0068318797
  -13.5700000000    0.2215859162    0.0064934393
  -13.5600000000    0.2204898531    0.0062054813
  -13.5500000000    0.2194140514    0.0059580083
  -13.5400000000    0.2183602751    0.0057430788
  -13.5300000000    0.2173288656    0.0055544897
  -13.5200000000    0.2163193854    0.0053874200
  -13.5100000000    0.2153309937    0.0052381190
  -13.5000000000    0.2143626612    0.0051036538
  -13.4900000000    0.2134132923    0.0049817155
  -13.4800000000    0.2124817920    0.0048704724
  -13.4700000000    0.2115671014    0.0047684594
  -13.4600000000    0.2106682147    0.0046744949
  -13.4500000000    0.2097841856    0.0045876193
  -13.4400000000    0.2089141284    0.0045070470
  -13.4300000000    0.2080572149    0.0044321318
  -13.4200000000    0.2072126709    0.0043623394
  -13.4100000000    0.2063797707    0.0042972267
  -13.4000000000    0.2055578328    0.0042364261
  -13.3900000000    0.2047462144    0.0041796337
  -13.3800000000    0.2039443072    0.0041266001
  -13.3700000000    0.2031515323    0.0040771238
  -13.3600000000    0.2023673369    0.0040310467
  -13.3500000000    0.2015911896    0.0039882513
  -13.3400000000    0.2008225778    0.0039486594
  -13.3300000000    0.2000610037    0.0039122331
  -13.3200000000    0.1993059824    0.0038789767
  -13.3100000000    0.1985570390    0.0038489415
  -13.3000000000    0.1978137079    0.0038222328
  -13.2900000000    0.1970755328    0.0037990205
  -13.2800000000    0.1963420691    0.0037795529
  -13.2700000000    0.1956128904    0.0037641776
  -13.2600000000    0.1948876014    0.0037533679
  -13.2500000000    0.1941658619    0.0037477593
  -13.2400000000    0.1934474298    0.0037481960
  -13.2300000000    0.1927322362    0.0037557889
  -13.2200000000    0.1920205138    0.0037719792
  -13.2100000000    0.1913130132    0.0037985910
  -13.2000000000    0.1906113548    0.0038378235
  -13.1900000000    0.1899185700    0.0038920681
  -13.1800000000    0.1892398314    0.0039633106
  -13.1700000000    0.1885831526    0.0040517105
  -13.1600000000    0.1879592499    0.0041529309
  -13.1500000000    0.1873788203    0.0042546066
  -13.1400000000    0.1868455175    0.0043348874
  -13.1300000000    0.1863471252    0.0043686194
  -13.1200000000    0.1858547989    0.0043419353
  -13.1100000000    0.1853368958    0.0042627499
  -13.1000000000    0.1847756499    0.0041546370
  -13.0900000000    0.1841707747    0.0040416363
  -13.0800000000    0.1835317794    0.0039391009
  -13.0700000000    0.1828697968    0.0038534751
  -13.0600000000    0.1821936783    0.0037856832
  -13.0500000000    0.1815093094    0.0037341786
  -13.0400000000    0.1808201846    0.0036967076
  -13.0300000000    0.1801281695    0.0036711045
  -13.0200000000    0.1794341030    0.0036555693
  -13.0100000000    0.1787381992    0.0036487140
  -13.0000000000    0.1780402977    0.0036495261
  -12.9900000000    0.1773400117    0.0036573110
  -12.9800000000    0.1766368151    0.0036716396
  -12.9700000000    0.1759300916    0.0036923081
  -12.9600000000    0.1752191632    0.0037193117
  -12.9500000000    0.1745033070    0.0037528322
  -12.9400000000    0.1737817668    0.0037932372
  -12.9300000000    0.1730537662    0.0038410921
  -12.9200000000    0.1723185273    0.0038971825
  -12.9100000000    0.1715753031    0.0039625466
  -12.9000000000    0.1708234313    0.0040385113
  -12.8900000000    0.1700624182    0.0041267188
  -12.8800000000    0.1692920514    0.0042291193
  -12.8700000000    0.1685125061    0.0043478947
  -12.8600000000    0.1677243510    0.0044853260
  -12.8500000000    0.1669283468    0.0046437791
  -12.8400000000    0.1661252198    0.0048261987
  -12.8300000000    0.1653162239    0.0050372124
  -12.8200000000    0.1645053174    0.0052837735
  -12.8100000000    0.1637023251    0.0055736287
  -12.8000000000    0.1629252425    0.0059109155
  -12.7900000000    0.1621997077    0.0062890338
  -12.7800000000    0.1615523168    0.0066818692
  -12.7700000000    0.1609937198    0.0070396767
  -12.7600000000    0.1604964513    0.0073030011
  -12.7500000000    0.1599910234    0.0074382049
  -12.7400000000    0.1593983819    0.0074653274
  -12.7300000000    0.1586719778    0.0074453717
  -12.7200000000    0.1578085961    0.0074432473
  -12.7100000000    0.1568302930    0.0075046055
  -12.7000000000    0.1557644530    0.0076552018
  -12.6900000000    0.1546346778    0.0079097612
  -12.6800000000    0.1534603722    0.0082801875
  -12.6700000000    0.1522604690    0.0087804059
  -12.6600000000    0.1510590758    0.0094280247
  -12.6500000000    0.1498926244    0.0102425932
  -12.6400000000    0.1488181247    0.0112384719
  -12.6300000000    0.1479194841    0.0124083881
  -12.6200000000    0.1473020267    0.0136945860
  -12.6100000000    0.1470565498    0.0149560593
  -12.6000000000    0.1471820490    0.0159690848
  -12.5900000000    0.1475111757    0.0165128976
  -12.5800000000    0.1477424383    0.0165152170
  -12.5700000000    0.1475991003    0.0161127093
  -12.5600000000    0.1469623718    0.0155514742
  -12.5500000000    0.1458645132    0.0150474755
  -12.5400000000    0.1444044857    0.0147278460
  -12.5300000000    0.1426814448    0.0146452695
  -12.5200000000    0.1407696782    0.0148114430
  -12.5100000000    0.1387177398    0.0152212338
  -12.5000000000    0.1365538758    0.0158640790
  -12.4900000000    0.1342884955    0.0167284105
  -12.4800000000    0.1319121331    0.0178072390
  -12.4700000000    0.1293954028    0.0191101806
  -12.4600000000    0.1266994461    0.0206762842
  -12.4500000000    0.1237927169    0.0225758606
  -12.4400000000    0.1206604031    0.0249026522
  -12.4300000000    0.1173041735    0.0277694154
  -12.4200000000    0.1137418710    0.0313128777
  -12.4100000000    0.1100149364    0.0357046832
  -12.4000000000    0.1062068968    0.0411637093
  -12.3900000000    0.1024764628    0.0479657905
  -12.3800000000    0.0991115762    0.0564436701
  -12.3700000000    0.0966121110    0.0669601982
  -12.3600000000    0.0958017168    0.0798187344
  -12.3500000000    0.0979360807    0.0950484733
  -12.3400000000    0.1046855668    0.1119987977
  -12.3300000000    0.1177256980    0.1287985858
  -12.3200000000    0.1376686619    0.1421265267
  -12.3100000000    0.1627107074    0.1481467054
  -12.3000000000    0.1885078986    0.1447381283
  -12.2900000000    0.2102893645    0.1331033393
  -12.2800000000    0.2254079068    0.1168290180
  -12.2700000000    0.2338830470    0.0995606195
  -12.2600000000    0.2372199146    0.0836108342
  -12.2500000000    0.2371629896    0.0699344261
  -12.2400000000    0.2351061119    0.0586487253
  -12.2300000000    0.2319927733    0.0494976334
  -12.2200000000    0.2284059858    0.0421181164
  -12.2100000000    0.2246851637    0.0361593518
  -12.2000000000    0.2210179238    0.0313233510
  -12.1900000000    0.2175013800    0.0273709417
  -12.1800000000    0.2141802082    0.0241150766
  -12.1700000000    0.2110694523    0.0214110183
  -12.1600000000    0.2081679297    0.0191470301
  -12.1500000000    0.2054660155    0.0172366511
  -12.1400000000    0.2029501106    0.0156126479
  -12.1300000000    0.2006051679    0.0142224027
  -12.1200000000    0.1984160841    0.0130244414
  -12.1100000000    0.1963684317    0.0119858291
  -12.1000000000    0.1944488098    0.0110802147
  -12.0900000000    0.1926449778    0.0102863591
  -12.0800000000    0.1909458687    0.0095870193
  -12.0700000000    0.1893415379    0.0089681004
  -12.0600000000    0.1878230804    0.0084180036
  -12.0500000000    0.1863825365    0.0079271241
  -12.0400000000    0.1850127948    0.0074874605
  -12.0300000000    0.1837075006    0.0070923089
  -12.0200000000    0.1824609696    0.0067360222
  -12.0100000000    0.1812681109    0.0064138192
  -12.0000000000    0.1801243577    0.0061216320
  -11.9900000000    0.1790256057    0.0058559840
  -11.9800000000    0.1779681592    0.0056138906
  -11.9700000000    0.1769486833    0.0053927797
  -11.9600000000    0.1759641623    0.0051904256
  -11.9500000000    0.1750118629    0.0050048956
  -11.9400000000    0.1740893027    0.0048345054
  -11.9300000000    0.1731942213    0.0046777829
  -11.9200000000    0.1723245566    0.0045334371
  -11.9100000000    0.1714784222    0.0044003328
  -11.9000000000    0.1706540891    0.0042774694
  -11.8900000000    0.1698499686    0.0041639624
  -11.8800000000    0.1690645971    0.0040590284
  -11.8700000000    0.1682966238    0.0039619724
  -11.8600000000    0.1675447983    0.0038721763
  -11.8500000000    0.1668079604    0.0037890897
  -11.8400000000    0.1660850314    0.0037122221
  -11.8300000000    0.1653750051    0.0036411356
  -11.8200000000    0.1646769408    0.0035754393
  -11.8100000000    0.1639899569    0.0035147840
  -11.8000000000    0.1633132243    0.0034588578
  -11.7900000000    0.1626459615    0.0034073823
  -11.7800000000    0.1619874296    0.0033601094
  -11.7700000000    0.1613369276    0.0033168186
  -11.7600000000    0.1606937885    0.0032773141
  -11.7500000000    0.1600573756    0.0032414231
  -11.7400000000    0.1594270789    0.0032089940
  -11.7300000000    0.1588023118    0.0031798946
  -11.7200000000    0.1581825083    0.0031540113
  -11.7100000000    0.1575671199    0.0031312474
  -11.7000000000    0.1569556133    0.0031115231
  -11.6900000000    0.1563474673    0.0030947741
  -11.6800000000    0.1557421708    0.0030809517
  -11.6700000000    0.1551392202    0.0030700224
  -11.6600000000    0.1545381170    0.0030619677
  -11.6500000000    0.1539383654    0.0030567847
  -11.6400000000    0.1533394703    0.0030544861
  -11.6300000000    0.1527409344    0.0030551012
  -11.6200000000    0.1521422564    0.0030586768
  -11.6100000000    0.1515429282    0.0030652785
  -11.6000000000    0.1509424325    0.0030749927
  -11.5900000000    0.1503402402    0.0030879284
  -11.5800000000    0.1497358080    0.0031042212
  -11.5700000000    0.1491285759    0.0031240361
  -11.5600000000    0.1485179645    0.0031475733
  -11.5500000000    0.1479033736    0.0031750740
  -11.5400000000    0.1472841807    0.0032068285
  -11.5300000000    0.1466597415    0.0032431863
  -11.5200000000    0.1460293924    0.0032845679
  -11.5100000000    0.1453924566    0.0033314784
  -11.5000000000    0.1447482529    0.0033845226
  -11.4900000000    0.1440961087    0.0034444211
  -11.4800000000    0.1434353718    0.0035120354
  -11.4700000000    0.1427654355    0.0035884165
  -11.4600000000    0.1420858160    0.0036748890
  -11.4500000000    0.1413963504    0.0037731241
  -11.4400000000    0.1406975336    0.0038850874
  -11.4300000000    0.1399909389    0.0040127409
  -11.4200000000    0.1392796180    0.0041573461
  -11.4100000000    0.1385681608    0.0043181437
  -11.4000000000    0.1378615801    0.0044904348
  -11.3900000000    0.1371619087    0.0046642909
  -11.3800000000    0.1364631039    0.0048268851
  -11.3700000000    0.1357490893    0.0049700644
  -11.3600000000    0.1349999910    0.0050976226
  -11.3500000000    0.1342021291    0.0052239254
  -11.3400000000    0.1333520232    0.0053407137
  -11.3300000000    0.1324523404    0.0055110439
  -11.3200000000    0.1315081157    0.0057182810
  -11.3100000000    0.1305238247    0.0059680670
  -11.3000000000    0.1295034242    0.0062648821
  -11.2900000000    0.1284512409    0.0066124934
  -11.2800000000    0.1273728083    0.0070129476
  -11.2700000000    0.1262743939    0.0074641463
  -11.2600000000    0.1251594356    0.0079571847
  -11.2500000000    0.1240212173    0.0084772342
  -11.2400000000    0.1228364819    0.0090125064
  -11.2300000000    0.1215694723    0.0095680147
  -11.2200000000    0.1201870066    0.0101706629
  -11.2100000000    0.1186701721    0.0108600764
  -11.2000000000    0.1170131703    0.0116767979
  -11.1900000000    0.1152156252    0.0126584225
  -11.1800000000    0.1132769325    0.0138427035
  -11.1700000000    0.1111947820    0.0152729054
  -11.1600000000    0.1089665899    0.0170030951
  -11.1500000000    0.1065928158    0.0191032735
  -11.1400000000    0.1040823037    0.0216649093
  -11.1300000000    0.1014608562    0.0248072487
  -11.1200000000    0.0987853573    0.0286840990
  -11.1100000000    0.0961671309    0.0334892680
  -11.1000000000    0.0938097567    0.0394554442
  -11.0900000000    0.0920668900    0.0468340778
  -11.0800000000    0.0915199052    0.0558303961
  -11.0700000000    0.0930508089    0.0664496972
  -11.0600000000    0.0978218691    0.0782107071
  -11.0500000000    0.1069735996    0.0897730549
  -11.0400000000    0.1208655567    0.0988042217
  -11.0300000000    0.1381557423    0.1026769852
  -11.0200000000    0.1557873831    0.1000282583
  -11.0100000000    0.1705071871    0.0918003049
  -11.0000000000    0.1805856929    0.0805079848
  -10.9900000000    0.1861115970    0.0686346976
  -10.9800000000    0.1881490646    0.0577244039
  -10.9700000000    0.1878958399    0.0483979043
  -10.9600000000    0.1862981094    0.0407167960
  -10.9500000000    0.1839925539    0.0344973557
  -10.9400000000    0.1813711463    0.0294881775
  -10.9300000000    0.1786614071    0.0254486751
  -10.9200000000    0.1759886715    0.0221753487
  -10.9100000000    0.1734174525    0.0195052048
  -10.9000000000    0.1709770623    0.0173109165
  -10.8900000000    0.1686769427    0.0154940274
  -10.8800000000    0.1665156678    0.0139785707
  -10.8700000000    0.1644861674    0.0127057995
  -10.8600000000    0.1625787225    0.0116300674
  -10.8500000000    0.1607826558    0.0107156931
  -10.8400000000    0.1590872595    0.0099346014
  -10.8300000000    0.1574822810    0.0092645553
  -10.8200000000    0.1559581512    0.0086878305
  -10.8100000000    0.1545060679    0.0081902189
  -10.8000000000    0.1531179980    0.0077602767
  -10.7900000000    0.1517866352    0.0073887544
  -10.7800000000    0.1505053374    0.0070681635
  -10.7700000000    0.1492680555    0.0067924466
  -10.7600000000    0.1480692598    0.0065567263
  -10.7500000000    0.1469038693    0.0063571171
  -10.7400000000    0.1457671854    0.0061905852
  -10.7300000000    0.1446548299    0.0060548496
  -10.7200000000    0.1435626900    0.0059483189
  -10.7100000000    0.1424868682    0.0058700594
  -10.7000000000    0.1414236407    0.0058197960
  -10.6900000000    0.1403694249    0.0057979458
  -10.6800000000    0.1393207603    0.0058056915
  -10.6700000000    0.1382743101    0.0058450998
  -10.6600000000    0.1372268958    0.0059192990
  -10.6500000000    0.1361755876    0.0060327299
  -10.6400000000    0.1351178852    0.0061914926
  -10.6300000000    0.1340520568    0.0064038100
  -10.6200000000    0.1329777411    0.0066806287
  -10.6100000000    0.1318969984    0.0070363483
  -10.6000000000    0.1308161097    0.0074895945
  -10.5900000000    0.1297485918    0.0080637473
  -10.5800000000    0.1287200632    0.0087864636
  -10.5700000000    0.1277755454    0.0096864460
  -10.5600000000    0.1269887714    0.0107839518
  -10.5500000000    0.1264693464    0.0120695418
  -10.5400000000    0.1263547612    0.0134670484
  -10.5300000000    0.1267631885    0.0147920654
  -10.5200000000    0.1276938482    0.0157542417
  -10.5100000000    0.1289330295    0.0160689892
  -10.5000000000    0.1300986581    0.0156431756
  -10.4900000000    0.1308447284    0.0146485914
  -10.4800000000    0.1310287893    0.0133919373
  -10.4700000000    0.1307001352    0.0121371982
  -10.4600000000    0.1299912887    0.0110324135
  -10.4500000000    0.1290332844    0.0101289337
  -10.4400000000    0.1279236447    0.0094247265
  -10.4300000000    0.1267253352    0.0088965826
  -10.4200000000    0.1254754913    0.0085170800
  -10.4100000000    0.1241943083    0.0082616656
  -10.4000000000    0.1228915717    0.0081108344
  -10.3900000000    0.1215709120    0.0080502865
  -10.3800000000    0.1202324562    0.0080704372
  -10.3700000000    0.1188744949    0.0081658609
  -10.3600000000    0.1174946204    0.0083348832
  -10.3500000000    0.1160906741    0.0085793748
  -10.3400000000    0.1146617860    0.0089047140
  -10.3300000000    0.1132098037    0.0093197911
  -10.3200000000    0.1117414526    0.0098367387
  -10.3100000000    0.1102715699    0.0104696753
  -10.3000000000    0.1088274229    0.0112310036
  -10.2900000000    0.1074527584    0.0121227994
  -10.2800000000    0.1062066457    0.0131208011
  -10.2700000000    0.1051465779    0.0141536011
  -10.2600000000    0.1042859813    0.0150952229
  -10.2500000000    0.1035426501    0.0158041805
  -10.2400000000    0.1027379412    0.0162107623
  -10.2300000000    0.1016816024    0.0163753145
  -10.2200000000    0.1002676961    0.0164473447
  -10.2100000000    0.0984906651    0.0165762125
  -10.2000000000    0.0963980077    0.0168610069
  -10.1900000000    0.0940431875    0.0173521218
  -10.1800000000    0.0914640910    0.0180722626
  -10.1700000000    0.0886797138    0.0190347806
  -10.1600000000    0.0856936818    0.0202546443
  -10.1500000000    0.0824986749    0.0217542259
  -10.1400000000    0.0790799620    0.0235666322
  -10.1300000000    0.0754179937    0.0257383693
  -10.1200000000    0.0714905130    0.0283323594
  -10.1100000000    0.0672747789    0.0314319325
  -10.1000000000    0.0627506139    0.0351462788
  -10.0900000000    0.0579052489    0.0396178305
  -10.0800000000    0.0527414588    0.0450320238
  -10.0700000000    0.0472914122    0.0516297252
  -10.0600000000    0.0416402157    0.0597219479
  -10.0500000000    0.0359655569    0.0697046206
  -10.0400000000    0.0306031290    0.0820665338
  -10.0300000000    0.0261504079    0.0973730903
  -10.0200000000    0.0236183815    0.1161871757
  -10.0100000000    0.0246154982    0.1388527274
  -10.0000000000    0.0314636789    0.1650320023
   -9.9900000000    0.0469615933    0.1929407544
   -9.9800000000    0.0733177975    0.2185775174
   -9.9700000000    0.1101056862    0.2359804598
   -9.9600000000    0.1525978964    0.2396918073
   -9.9500000000    0.1930413155    0.2283678325
   -9.9400000000    0.2248139382    0.2058261991
   -9.9300000000    0.2454495610    0.1782382753
   -9.9200000000    0.2561550887    0.1507335905
   -9.9100000000    0.2596520785    0.1261245065
   -9.9000000000    0.2585758179    0.1053472341
   -9.8900000000    0.2548895087    0.0883101035
   -9.8800000000    0.2498779470    0.0745123132
   -9.8700000000    0.2443207747    0.0633683930
   -9.8600000000    0.2386663375    0.0543430613
   -9.8500000000    0.2331592146    0.0469914437
   -9.8400000000    0.2279231864    0.0409595289
   -9.8300000000    0.2230122538    0.0359711194
   -9.8200000000    0.2184411237    0.0318123286
   -9.8100000000    0.2142031374    0.0283176362
   -9.8000000000    0.2102806954    0.0253585452
   -9.7900000000    0.2066512483    0.0228347664
   -9.7800000000    0.2032906805    0.0206675136
   -9.7700000000    0.2001751647    0.0187944505
   -9.7600000000    0.1972821266    0.0171658914
   -9.7500000000    0.1945906927    0.0157419419
   -9.7400000000    0.1920818445    0.0144903364
   -9.7300000000    0.1897384093    0.0133847963
   -9.7200000000    0.1875449662    0.0124037735
   -9.7100000000    0.1854877097    0.0115294851
   -9.7000000000    0.1835543004    0.0107471640
   -9.6900000000    0.1817337137    0.0100444757
   -9.6800000000    0.1800160973    0.0094110597
   -9.6700000000    0.1783926389    0.0088381675
   -9.6600000000    0.1768554474    0.0083183741
   -9.6500000000    0.1753974458    0.0078453481
   -9.6400000000    0.1740122774    0.0074136656
   -9.6300000000    0.1726942222    0.0070186600
   -9.6200000000    0.1714381240    0.0066563001
   -9.6100000000    0.1702393257    0.0063230895
   -9.6000000000    0.1690936139    0.0060159848
   -9.5900000000    0.1679971686    0.0057323269
   -9.5800000000    0.1669465206    0.0054697852
   -9.5700000000    0.1659385133    0.0052263099
   -9.5600000000    0.1649702693    0.0050000932
   -9.5500000000    0.1640391612    0.0047895353
   -9.5400000000    0.1631427856    0.0045932169
   -9.5300000000    0.1622789401    0.0044098757
   -9.5200000000    0.1614456037    0.0042383853
   -9.5100000000    0.1606409183    0.0040777389
   -9.5000000000    0.1598631733    0.0039270340
   -9.4900000000    0.1591107912    0.0037854599
   -9.4800000000    0.1583823154    0.0036522867
   -9.4700000000    0.1576763987    0.0035268559
   -9.4600000000    0.1569917937    0.0034085722
   -9.4500000000    0.1563273433    0.0032968964
   -9.4400000000    0.1556819736    0.0031913392
   -9.4300000000    0.1550546856    0.0030914555
   -9.4200000000    0.1544445498    0.0029968403
   -9.4100000000    0.1538506996    0.0029071239
   -9.4000000000    0.1532723266    0.0028219685
   -9.3900000000    0.1527086755    0.0027410649
   -9.3800000000    0.1521590401    0.0026641299
   -9.3700000000    0.1516227592    0.0025909032
   -9.3600000000    0.1510992130    0.0025211458
   -9.3500000000    0.1505878204    0.0024546375
   -9.3400000000    0.1500880354    0.0023911755
   -9.3300000000    0.1495993451    0.0023305724
   -9.3200000000    0.1491212667    0.0022726552
   -9.3100000000    0.1486533458    0.0022172638
   -9.3000000000    0.1481951541    0.0021642498
   -9.2900000000    0.1477462873    0.0021134755
   -9.2800000000    0.1473063641    0.0020648134
   -9.2700000000    0.1468750241    0.0020181447
   -9.2600000000    0.1464519265    0.0019733588
   -9.2500000000    0.1460367487    0.0019303530
   -9.2400000000    0.1456291852    0.0018890312
   -9.2300000000    0.1452289467    0.0018493041
   -9.2200000000    0.1448357585    0.0018110878
   -9.2100000000    0.1444493602    0.0017743043
   -9.2000000000    0.1440695042    0.0017388804
   -9.1900000000    0.1436959554    0.0017047476
   -9.1800000000    0.1433284901    0.0016718416
   -9.1700000000    0.1429668955    0.0016401022
   -9.1600000000    0.1426109690    0.0016094727
   -9.1500000000    0.1422605174    0.0015798999
   -9.1400000000    0.1419153568    0.0015513340
   -9.1300000000    0.1415753116    0.0015237277
   -9.1200000000    0.1412402142    0.0014970369
   -9.1100000000    0.1409099046    0.0014712196
   -9.1000000000    0.1405842298    0.0014462365
   -9.0900000000    0.1402630439    0.0014220504
   -9.0800000000    0.1399462069    0.0013986262
   -9.0700000000    0.1396335851    0.0013759306
   -9.0600000000    0.1393250505    0.0013539323
   -9.0500000000    0.1390204802    0.0013326017
   -9.0400000000    0.1387197569    0.0013119105
   -9.0300000000    0.1384227676    0.0012918321
   -9.0200000000    0.1381294043    0.0012723412
   -9.0100000000    0.1378395633    0.0012534140
   -9.0000000000    0.1375531448    0.0012350276
   -8.9900000000    0.1372700531    0.0012171605
   -8.9800000000    0.1369901964    0.0011997922
   -8.9700000000    0.1367134861    0.0011829031
   -8.9600000000    0.1364398374    0.0011664748
   -8.9500000000    0.1361691683    0.0011504896
   -8.9400000000    0.1359014001    0.0011349306
   -8.9300000000    0.1356364572    0.0011197819
   -8.9200000000    0.1353742663    0.0011050283
   -8.9100000000    0.1351147572    0.0010906552
   -8.9000000000    0.1348578620    0.0010766486
   -8.8900000000    0.1346035155    0.0010629955
   -8.8800000000    0.1343516544    0.0010496832
   -8.8700000000    0.1341022179    0.0010366996
   -8.8600000000    0.1338551472    0.0010240332
   -8.8500000000    0.1336103857    0.0010116729
   -8.8400000000    0.1333678785    0.0009996082
   -8.8300000000    0.1331275727    0.0009878291
   -8.8200000000    0.1328894171    0.0009763259
   -8.8100000000    0.1326533622    0.0009650893
   -8.8000000000    0.1324193602    0.0009541105
   -8.7900000000    0.1321873648    0.0009433810
   -8.7800000000    0.1319573311    0.0009328927
   -8.7700000000    0.1317292159    0.0009226379
   -8.7600000000    0.1315029770    0.0009126089
   -8.7500000000    0.1312785740    0.0009027987
   -8.7400000000    0.1310559673    0.0008932003
   -8.7300000000    0.1308351187    0.0008838072
   -8.7200000000    0.1306159914    0.0008746130
   -8.7100000000    0.1303985493    0.0008656116
   -8.7000000000    0.1301827576    0.0008567971
   -8.6900000000    0.1299685827    0.0008481638
   -8.6800000000    0.1297559918    0.0008397065
   -8.6700000000    0.1295449530    0.0008314197
   -8.6600000000    0.1293354354    0.0008232986
   -8.6500000000    0.1291274092    0.0008153382
   -8.6400000000    0.1289208451    0.0008075339
   -8.6300000000    0.1287157149    0.0007998813
   -8.6200000000    0.1285119912    0.0007923760
   -8.6100000000    0.1283096470    0.0007850138
   -8.6000000000    0.1281086566    0.0007777907
   -8.5900000000    0.1279089946    0.0007707028
   -8.5800000000    0.1277106365    0.0007637464
   -8.5700000000    0.1275135583    0.0007569180
   -8.5600000000    0.1273177368    0.0007502139
   -8.5500000000    0.1271231494    0.0007436309
   -8.5400000000    0.1269297740    0.0007371657
   -8.5300000000    0.1267375891    0.0007308152
   -8.5200000000    0.1265465740    0.0007245763
   -8.5100000000    0.1263567081    0.0007184461
   -8.5000000000    0.1261679717    0.0007124218
   -8.4900000000    0.1259803454    0.0007065007
   -8.4800000000    0.1257938105    0.0007006800
   -8.4700000000    0.1256083486    0.0006949573
   -8.4600000000    0.1254239417    0.0006893301
   -8.4500000000    0.1252405724    0.0006837960
   -8.4400000000    0.1250582237    0.0006783526
   -8.4300000000    0.1248768789    0.0006729977
   -8.4200000000    0.1246965220    0.0006677291
   -8.4100000000    0.1245171369    0.0006625448
   -8.4000000000    0.1243387084    0.0006574426
   -8.3900000000    0.1241612213    0.0006524207
   -8.3800000000    0.1239846610    0.0006474770
   -8.3700000000    0.1238090130    0.0006426098
   -8.3600000000    0.1236342633    0.0006378172
   -8.3500000000    0.1234603983    0.0006330976
   -8.3400000000    0.1232874045    0.0006284490
   -8.3300000000    0.1231152688    0.0006238701
   -8.3200000000    0.1229439784    0.0006193591
   -8.3100000000    0.1227735209    0.0006149144
   -8.3000000000    0.1226038840    0.0006105347
   -8.2900000000    0.1224350557    0.0006062184
   -8.2800000000    0.1222670244    0.0006019642
   -8.2700000000    0.1220997786    0.0005977705
   -8.2600000000    0.1219333072    0.0005936362
   -8.2500000000    0.1217675992    0.0005895599
   -8.2400000000    0.1216026438    0.0005855403
   -8.2300000000    0.1214384307    0.0005815762
   -8.2200000000    0.1212749495    0.0005776665
   -8.2100000000    0.1211122279    0.0005677111
   -8.2000000000    0.1209501805    0.0005639228
   -8.1900000000    0.1207888356    0.0005601854
   -8.1800000000    0.1206281837    0.0005564979
   -8.1700000000    0.1204682156    0.0005528590
   -8.1600000000    0.1203089222    0.0005492679
   -8.1500000000    0.1201502947    0.0005457236
   -8.1400000000    0.1199923243    0.0005422250
   -8.1300000000    0.1198350027    0.0005387714
   -8.1200000000    0.1196783214    0.0005353617
   -8.1100000000    0.1195222722    0.0005319950
   -8.1000000000    0.1193668472    0.0005286706
   -8.0900000000    0.1192120385    0.0005253876
   -8.0800000000    0.1190578384    0.0005221451
   -8.0700000000    0.1189042392    0.0005189424
   -8.0600000000    0.1187512337    0.0005157786
   -8.0500000000    0.1185988145    0.0005126531
   -8.0400000000    0.1184469745    0.0005095651
   -8.0300000000    0.1182957067    0.0005065138
   -8.0200000000    0.1181450042    0.0005034986
   -8.0100000000    0.1179948602    0.0005005188
   -8.0000000000    0.1178452683    0.0004975737
   -7.9900000000    0.1176962218    0.0004946627
   -7.9800000000    0.1175482750    0.0004119759
   -7.9700000000    0.1174002971    0.0004094181
   -7.9600000000    0.1172528460    0.0004068913
   -7.9500000000    0.1171059155    0.0004043949
   -7.9400000000    0.1169594998    0.0004019284
   -7.9300000000    0.1168135930    0.0003994913
   -7.9200000000    0.1166681893    0.0003970829
   -7.9100000000    0.1165232832    0.0003947027
   -7.9000000000    0.1163788691    0.0003923503
   -7.8900000000    0.1162349416    0.0003900251
   -7.8800000000    0.1160914954    0.0003877267
   -7.8700000000    0.1159485252    0.0003854545
   -7.8600000000    0.1158060258    0.0003832081
   -7.8500000000    0.1156639923    0.0003809871
   -7.8400000000    0.1155224195    0.0003787909
   -7.8300000000    0.1153813027    0.0003766192
   -7.8200000000    0.1152406370    0.0003744714
   -7.8100000000    0.1151004176    0.0003723473
   -7.8000000000    0.1149606399    0.0003702464
   -7.7900000000    0.1148212993    0.0003681683
   -7.7800000000    0.1146823913    0.0003661125
   -7.7700000000    0.1145439115    0.0003640788
   -7.7600000000    0.1144058555    0.0003620667
   -7.7500000000    0.1142682189    0.0003600759
   -7.7400000000    0.1141309977    0.0003581060
   -7.7300000000    0.1139941876    0.0003561567
   -7.7200000000    0.1138577844    0.0003542276
   -7.7100000000    0.1137217843    0.0003523184
   -7.7000000000    0.1135861832    0.0003504288
   -7.6900000000    0.1134509772    0.0003485584
   -7.6800000000    0.1133161625    0.0003467069
   -7.6700000000    0.1131817352    0.0003448741
   -7.6600000000    0.1130476917    0.0003430595
   -7.6500000000    0.1129140283    0.0003412630
   -7.6400000000    0.1127807413    0.0003394843
   -7.6300000000    0.1126478273    0.0003377229
   -7.6200000000    0.1125152826    0.0003359788
   -7.6100000000    0.1123831038    0.0003342515
   -7.6000000000    0.1122512875    0.0003325409
   -7.5900000000    0.1121198304    0.0003308467
   -7.5800000000    0.1119887292    0.0003291685
   -7.5700000000    0.1118579805    0.0003275063
   -7.5600000000    0.1117275812    0.0003258596
   -7.5500000000    0.1115975282    0.0003242284
   -7.5400000000    0.1114678182    0.0003226123
   -7.5300000000    0.1113384482    0.0003210111
   -7.5200000000    0.1112094151    0.0003194246
   -7.5100000000    0.1110807161    0.0003178526
   -7.5000000000    0.1109523481    0.0003162948
   -7.4900000000    0.1108243082    0.0003147511
   -7.4800000000    0.1106965935    0.0003132212
   -7.4700000000    0.1105692013    0.0003117049
   -7.4600000000    0.1104421287    0.0003102021
   -7.4500000000    0.1103153729    0.0003087124
   -7.4400000000    0.1101889314    0.0003072358
   -7.4300000000    0.1100628013    0.0003057721
   -7.4200000000    0.1099369800    0.0003043209
   -7.4100000000    0.1098114650    0.0003028823
   -7.4000000000    0.1096862536    0.0003014560
   -7.3900000000    0.1095613434    0.0003000417
   -7.3800000000    0.1094367317    0.0002986394
   -7.3700000000    0.1093124162    0.0002972489
   -7.3600000000    0.1091883944    0.0002958700
   -7.3500000000    0.1090646639    0.0002945025
   -7.3400000000    0.1089412223    0.0002931463
   -7.3300000000    0.1088180672    0.0002918012
   -7.3200000000    0.1086951964    0.0002904671
   -7.3100000000    0.1085726076    0.0002891438
   -7.3000000000    0.1084502984    0.0002878312
   -7.2900000000    0.1083282667    0.0002865291
   -7.2800000000    0.1082065103    0.0002852374
   -7.2700000000    0.1080850269    0.0002839559
   -7.2600000000    0.1079638145    0.0002826845
   -7.2500000000    0.1078428709    0.0002814230
   -7.2400000000    0.1077221940    0.0002801714
   -7.2300000000    0.1076017817    0.0002789294
   -7.2200000000    0.1074816320    0.0002776971
   -7.2100000000    0.1073617429    0.0002764741
   -7.2000000000    0.1072421124    0.0002752605
   -7.1900000000    0.1071227385    0.0002740560
   -7.1800000000    0.1070036192    0.0002728606
   -7.1700000000    0.1068847526    0.0002716742
   -7.1600000000    0.1067661369    0.0002704966
   -7.1500000000    0.1066477701    0.0002693276
   -7.1400000000    0.1065297191    0.0002602904
   -7.1300000000    0.1064118440    0.0002591655
   -7.1200000000    0.1062942125    0.0002580489
   -7.1100000000    0.1061768225    0.0002569404
   -7.1000000000    0.1060596724    0.0002558399
   -7.0900000000    0.1059427603    0.0002547472
   -7.0800000000    0.1058260847    0.0002536623
   -7.0700000000    0.1057096436    0.0002525851
   -7.0600000000    0.1055934355    0.0002515155
   -7.0500000000    0.1054774587    0.0002504534
   -7.0400000000    0.1053617114    0.0002493986
   -7.0300000000    0.1052461921    0.0002483512
   -7.0200000000    0.1051308991    0.0002473110
   -7.0100000000    0.1050158309    0.0002462779
   -7.0000000000    0.1049009857    0.0002452518
   -6.9900000000    0.1047864056    0.0002389060
   -6.9800000000    0.1046720018    0.0002379113
   -6.9700000000    0.1045578164    0.0002369231
   -6.9600000000    0.1044438479    0.0002359416
   -6.9500000000    0.1043300949    0.0002349666
   -6.9400000000    0.1042165558    0.0002339980
   -6.9300000000    0.1041032292    0.0002330357
   -6.9200000000    0.1039901137    0.0002320797
   -6.9100000000    0.1038772077    0.0002311299
   -6.9000000000    0.1037645098    0.0002301862
   -6.8900000000    0.1036520186    0.0002292486
   -6.8800000000    0.1035397328    0.0002283169
   -6.8700000000    0.1034276509    0.0002273911
   -6.8600000000    0.1033157716    0.0002264712
   -6.8500000000    0.1032040935    0.0002255570
   -6.8400000000    0.1030926152    0.0002246485
   -6.8300000000    0.1029813355    0.0002237456
   -6.8200000000    0.1028702529    0.0002228483
   -6.8100000000    0.1027593663    0.0002219565
   -6.8000000000    0.1026486743    0.0002210701
   -6.7900000000    0.1025381756    0.0002201890
   -6.7800000000    0.1024278690    0.0002193133
   -6.7700000000    0.1023177532    0.0002184428
   -6.7600000000    0.1022078270    0.0002175775
   -6.6500000000    0.1010124510    0.0000000000
   -6.6400000000    0.1009046944    0.0000000000
   -6.6300000000    0.1007971123    0.0000000000
   -6.6200000000    0.1006897037    0.0000000000
   -6.6100000000    0.1005824675    0.0000000000
   -6.6000000000    0.1004754025    0.0000000000
   -6.5900000000    0.1003685078    0.0000000000
   -6.5800000000    0.1002617822    0.0000000000
   -6.5700000000    0.1001552248    0.0000000000
   -6.5600000000    0.1000488345    0.0000000000
   -6.5500000000    0.0999426102    0.0000000000
   -6.5400000000    0.0998365510    0.0000000000
   -6.5300000000    0.0997306558    0.0000000000
   -6.5200000000    0.0996249236    0.0000000000
   -6.5100000000    0.0995193535    0.0000000000
   -6.5000000000    0.0994139444    0.0000000000
   -6.4900000000    0.0993086953    0.0000000000
   -6.4800000000    0.0992036054    0.0000000000
   -6.4700000000    0.0990986736    0.0000000000
   -6.4600000000    0.0989938990    0.0000000000
   -6.4500000000    0.0988892806    0.0000000000
   -6.4400000000    0.0987848176    0.0000000000
   -6.4300000000    0.0986805089    0.0000000000
   -6.4200000000    0.0985763537    0.0000000000
   -6.4100000000    0.0984723510    0.0000000000
   -6.4000000000    0.0983684999    0.0000000000
   -6.3900000000    0.0982647995    0.0000000000
   -6.3800000000    0.0981612490    0.0000000000
   -6.3700000000    0.0980578474    0.0000000000
   -6.3600000000    0.0979545939    0.0000000000
   -6.3500000000    0.0978514876    0.0000000000
   -6.3400000000    0.0977485276    0.0000000000
   -6.3300000000    0.0976457131    0.0000000000
   -6.3200000000    0.0975430432    0.0000000000
   -6.3100000000    0.0974405170    0.0000000000
   -6.3000000000    0.0973381338    0.0000000000
   -6.2900000000    0.0972358926    0.0000000000
   -6.2800000000    0.0971337928    0.0000000000
   -6.2700000000    0.0970318333    0.0000000000
   -6.2600000000    0.0969300135    0.0000000000
   -6.2500000000    0.0968283325    0.0000000000
   -6.2400000000    0.0967267895    0.0000000000
   -6.2300000000    0.0966253837    0.0000000000
   -6.2200000000    0.0965241144    0.0000000000
   -6.2100000000    0.0964229806    0.0000000000
   -6.2000000000    0.0963219818    0.0000000000
   -6.1900000000    0.0962211170    0.0000000000
   -6.1800000000    0.0961203855    0.0000000000
   -6.1700000000    0.0960197865    0.0000000000
   -6.1600000000    0.0959193193    0.0000000000
   -6.1500000000    0.0958189832    0.0000000000
   -6.1400000000    0.0957187773    0.0000000000
   -6.1300000000    0.0956187009    0.0000000000
   -6.1200000000    0.0955187534    0.0000000000
   -6.1100000000    0.0954189339    0.0000000000
   -6.1000000000    0.0953192417    0.0000000000
   -6.0900000000    0.0952196761    0.0000000000
   -6.0800000000    0.0951202364    0.0000000000
   -6.0700000000    0.0950209219    0.0000000000
   -6.0600000000    0.0949217319    0.0000000000
   -6.0500000000    0.0948226655    0.0000000000
   -6.0400000000    0.0947237223    0.0000000000
   -6.0300000000    0.0946249014    0.0000000000
   -6.0200000000    0.0945262021    0.0000000000
   -6.0100000000    0.0944276238    0.0000000000
   -6.0000000000    0.0943291658    0.0000000000
   -5.9900000000    0.0942308275    0.0000000000
   -5.9800000000    0.0941326080    0.0000000000
   -5.9700000000    0.0940345068    0.0000000000
   -5.9600000000    0.0939365232    0.0000000000
   -5.9500000000    0.0938386565    0.0000000000
   -5.9400000000    0.0937409061    0.0000000000
   -5.9300000000    0.0936432713    0.0000000000
   -5.9200000000    0.0935457515    0.0000000000
   -5.9100000000    0.0934483460    0.0000000000
   -5.9000000000    0.0933510541    0.0000000000
   -5.8900000000    0.0932538753    0.0000000000
   -5.8800000000    0.0931568089    0.0000000000
   -5.8700000000    0.0930598542    0.0000000000
   -5.8600000000    0.0929630107    0.0000000000
   -5.8500000000    0.0928662777    0.0000000000
   -5.8400000000    0.0927696545    0.0000000000
   -5.8300000000    0.0926731406    0.0000000000
   -5.8200000000    0.0925767353    0.0000000000
   -5.8100000000    0.0924804381    0.0000000000
   -5.8000000000    0.0923842483    0.0000000000
   -5.7900000000    0.0922881653    0.0000000000
   -5.7800000000    0.0921921886    0.0000000000
   -5.7700000000    0.0920963174    0.0000000000
   -5.7600000000    0.0920005512    0.0000000000
   -5.7500000000    0.0919048895    0.0000000000
   -5.7400000000    0.0918093316    0.0000000000
   -5.7300000000    0.0917138770    0.0000000000
   -5.7200000000    0.0916185250    0.0000000000
   -5.7100000000    0.0915232751    0.0000000000
   -5.7000000000    0.0914281266    0.0000000000
   -5.6900000000    0.0913330791    0.0000000000
   -5.6800000000    0.0912381320    0.0000000000
   -5.6700000000    0.0911432846    0.0000000000
   -5.6600000000    0.0910485364    0.0000000000
   -5.6500000000    0.0909538869    0.0000000000
   -5.6400000000    0.0908593354    0.0000000000
   -5.6300000000    0.0907648815    0.0000000000
   -5.6200000000    0.0906705245    0.0000000000
   -5.6100000000    0.0905762640    0.0000000000
   -5.6000000000    0.0904820993    0.0000000000
   -5.5900000000    0.0903880299    0.0000000000
   -5.5800000000    0.0902940552    0.0000000000
   -5.5700000000    0.0902001748    0.0000000000
   -5.5600000000    0.0901063880    0.0000000000
   -5.5500000000    0.0900126943    0.0000000000
   -5.5400000000    0.0899190932    0.0000000000
   -5.5300000000    0.0898255842    0.0000000000
   -5.5200000000    0.0897321667    0.0000000000
   -5.5100000000    0.0896388402    0.0000000000
   -5.5000000000    0.0895456041    0.0000000000
   -5.4900000000    0.0894524580    0.0000000000
   -5.4800000000    0.0893594012    0.0000000000
   -5.4700000000    0.0892664333    0.0000000000
   -5.4600000000    0.0891735538    0.0000000000
   -5.4500000000    0.0890807621    0.0000000000
   -5.4400000000    0.0889880577    0.0000000000
   -5.4300000000    0.0888954401    0.0000000000
   -5.4200000000    0.0888029088    0.0000000000
   -5.4100000000    0.0887104633    0.0000000000
   -5.4000000000    0.0886181030    0.0000000000
   -5.3900000000    0.0885258275    0.0000000000
   -5.3800000000    0.0884336362    0.0000000000
   -5.3700000000    0.0883415286    0.0000000000
   -5.3600000000    0.0882495043    0.0000000000
   -5.3500000000    0.0881575627    0.0000000000
   -5.3400000000    0.0880657033    0.0000000000
   -5.3300000000    0.0879739256    0.0000000000
   -5.3200000000    0.0878822292    0.0000000000
   -5.3100000000    0.0877906135    0.0000000000
   -5.3000000000    0.0876990781    0.0000000000
   -5.2900000000    0.0876076224    0.0000000000
   -5.2800000000    0.0875162459    0.0000000000
   -5.2700000000    0.0874249483    0.0000000000
   -5.2600000000    0.0873337288    0.0000000000
   -5.2500000000    0.0872425872    0.0000000000
   -5.2400000000    0.0871515229    0.0000000000
   -5.2300000000    0.0870605353    0.0000000000
   -5.2200000000    0.0869696241    0.0000000000
   -5.2100000000    0.0868787888    0.0000000000
   -5.2000000000    0.0867880288    0.0000000000
   -5.1900000000    0.0866973437    0.0000000000
   -5.1800000000    0.0866067330    0.0000000000
   -5.1700000000    0.0865161962    0.0000000000
   -5.1600000000    0.0864257328    0.0000000000
   -5.1500000000    0.0863353425    0.0000000000
   -5.1400000000    0.0862450246    0.0000000000
   -5.1300000000    0.0861547787    0.0000000000
   -5.1200000000    0.0860646044    0.0000000000
   -5.1100000000    0.0859745011    0.0000000000
   -5.1000000000    0.0858844685    0.0000000000
   -5.0900000000    0.0857945060    0.0000000000
   -5.0800000000    0.0857046131    0.0000000000
   -5.0700000000    0.0856147894    0.0000000000
   -5.0600000000    0.0855250345    0.0000000000
   -5.0500000000    0.0854353478    0.0000000000
   -5.0400000000    0.0853457288    0.0000000000
   -5.0300000000    0.0852561772    0.0000000000
   -5.0200000000    0.0851666925    0.0000000000
   -5.0100000000    0.0850772741    0.0000000000
   -5.0000000000    0.0849879217    0.0000000000
   -4.9900000000    0.0848986347    0.0000000000
   -4.9800000000    0.0848094127    0.0000000000
   -4.9700000000    0.0847202552    0.0000000000
   -4.9600000000    0.0846311618    0.0000000000
   -4.9500000000    0.0845421320    0.0000000000
   -4.9400000000    0.0844531654    0.0000000000
   -4.9300000000    0.0843642614    0.0000000000
   -4.9200000000    0.0842754197    0.0000000000
   -4.9100000000    0.0841866397    0.0000000000
   -4.9000000000    0.0840979210    0.0000000000
   -4.8900000000    0.0840092632    0.0000000000
   -4.8800000000    0.0839206657    0.0000000000
   -4.8700000000    0.0838321282    0.0000000000
   -4.8600000000    0.0837436501    0.0000000000
   -4.8500000000    0.0836552310    0.0000000000
   -4.8400000000    0.0835668705    0.0000000000
   -4.8300000000    0.0834785681    0.0000000000
   -4.8200000000    0.0833903232    0.0000000000
   -4.8100000000    0.0833021356    0.0000000000
   -4.8000000000    0.0832140046    0.0000000000
   -4.7900000000    0.0831259299    0.0000000000
   -4.7800000000    0.0830379110    0.0000000000
   -4.7700000000    0.0829499474    0.0000000000
   -4.7600000000    0.0828620387    0.0000000000
   -4.7500000000    0.0827741844    0.0000000000
   -4.7400000000    0.0826863840    0.0000000000
   -4.7300000000    0.0825986372    0.0000000000
   -4.7200000000    0.0825109433    0.0000000000
   -4.7100000000    0.0824233021    0.0000000000
   -4.7000000000    0.0823357129    0.0000000000
   -4.6900000000    0.0822481754    0.0000000000
   -4.6800000000    0.0821606891    0.0000000000
   -4.6700000000    0.0820732535    0.0000000000
   -4.6600000000    0.0819858682    0.0000000000
   -4.6500000000    0.0818985327    0.0000000000
   -4.6400000000    0.0818112465    0.0000000000
   -4.6300000000    0.0817240092    0.0000000000
   -4.6200000000    0.0816368203    0.0000000000
   -4.6100000000    0.0815496793    0.0000000000
   -4.6000000000    0.0814625858    0.0000000000
   -4.5900000000    0.0813755394    0.0000000000
   -4.5800000000    0.0812885395    0.0000000000
   -4.5700000000    0.0812015856    0.0000000000
   -4.5600000000    0.0811146774    0.0000000000
   -4.5500000000    0.0810278144    0.0000000000
   -4.5400000000    0.0809409960    0.0000000000
   -4.5300000000    0.0808542218    0.0000000000
   -4.5200000000    0.0807674913    0.0000000000
   -4.5100000000    0.0806808041    0.0000000000
   -4.5000000000    0.0805941596    0.0000000000
   -4.4900000000    0.0805075575    0.0000000000
   -4.4800000000    0.0804209973    0.0000000000
   -4.4700000000    0.0803344783    0.0000000000
   -4.4600000000    0.0802480003    0.0000000000
   -4.4500000000    0.0801615626    0.0000000000
   -4.4400000000    0.0800751649    0.0000000000
   -4.4300000000    0.0799888066    0.0000000000
   -4.4200000000    0.0799024873    0.0000000000
   -4.4100000000    0.0798162064    0.0000000000
   -4.4000000000    0.0797299636    0.0000000000
   -4.3900000000    0.0796437582    0.0000000000
   -4.3800000000    0.0795575898    0.0000000000
   -4.3700000000    0.0794714580    0.0000000000
   -4.3600000000    0.0793853622    0.0000000000
   -4.3500000000    0.0792993019    0.0000000000
   -4.3400000000    0.0792132767    0.0000000000
   -4.3300000000    0.0791272860    0.0000000000
   -4.3200000000    0.0790413293    0.0000000000
   -4.3100000000    0.0789554062    0.0000000000
   -4.3000000000    0.0788695162    0.0000000000
   -4.2900000000    0.0787836586    0.0000000000
   -4.2800000000    0.0786978332    0.0000000000
   -4.2700000000    0.0786120392    0.0000000000
   -4.2600000000    0.0785262763    0.0000000000
   -4.2500000000    0.0784405439    0.0000000000
   -4.2400000000    0.0783548414    0.0000000000
   -4.2300000000    0.0782691685    0.0000000000
   -4.2200000000    0.0781835245    0.0000000000
   -4.2100000000    0.0780979090    0.0000000000
   -4.2000000000    0.0780123213    0.0000000000
   -4.1900000000    0.0779267611    0.0000000000
   -4.1800000000    0.0778412277    0.0000000000
   -4.1700000000    0.0777557207    0.0000000000
   -4.1600000000    0.0776702395    0.0000000000
   -4.1500000000    0.0775847835    0.0000000000
   -4.1400000000    0.0774993523    0.0000000000
   -4.1300000000    0.0774139452    0.0000000000
   -4.1200000000    0.0773285618    0.0000000000
   -4.1100000000    0.0772432015    0.0000000000
   -4.1000000000    0.0771578638    0.0000000000
   -4.0900000000    0.0770725481    0.0000000000
   -4.0800000000    0.0769872538    0.0000000000
   -4.0700000000    0.0769019804    0.0000000000
   -4.0600000000    0.0768167273    0.0000000000
   -4.0500000000    0.0767314940    0.0000000000
   -4.0400000000    0.0766462799    0.0000000000
   -4.0300000000    0.0765615560   -0.0000323588
   -4.0200000000    0.0764763835   -0.0000325801
   -4.0100000000    0.0763912284   -0.0000328031
   -4.0000000000    0.0763060904   -0.0000330280
   -3.9900000000    0.0762209687   -0.0000332548
   -3.9800000000    0.0761358628   -0.0000334834
   -3.9700000000    0.0760507720   -0.0000337139
   -3.9600000000    0.0759656959   -0.0000339463
   -3.9500000000    0.0758806338   -0.0000341806
   -3.9400000000    0.0757955851   -0.0000344169
   -3.9300000000    0.0757105491   -0.0000346552
   -3.9200000000    0.0756255254   -0.0000348956
   -3.9100000000    0.0755405132   -0.0000351379
   -3.9000000000    0.0754555119   -0.0000353824
   -3.8900000000    0.0753705210   -0.0000356289
   -3.8800000000    0.0752855398   -0.0000358776
   -3.8700000000    0.0752005676   -0.0000361284
   -3.8600000000    0.0751156039   -0.0000363814
   -3.8500000000    0.0750306479   -0.0000366367
   -3.8400000000    0.0749456991   -0.0000368941
   -3.8300000000    0.0748607568   -0.0000371539
   -3.8200000000    0.0747758202   -0.0000374159
   -3.8100000000    0.0746908889   -0.0000376803
   -3.8000000000    0.0746059620   -0.0000379471
   -3.7900000000    0.0745210390   -0.0000382162
   -3.7800000000    0.0744361191   -0.0000384878
   -3.7700000000    0.0743512017   -0.0000387619
   -3.7600000000    0.0742662860   -0.0000390384
   -3.7500000000    0.0741813715   -0.0000393175
   -3.7400000000    0.0740964573   -0.0000395992
   -3.7300000000    0.0740115428   -0.0000398834
   -3.7200000000    0.0739266272   -0.0000401703
   -3.7100000000    0.0738417099   -0.0000404599
   -3.7000000000    0.0737567901   -0.0000407522
   -3.6900000000    0.0736718670   -0.0000410473
   -3.6800000000    0.0735869401   -0.0000413451
   -3.6700000000    0.0735020084   -0.0000416458
   -3.6600000000    0.0734170712   -0.0000419494
   -3.6500000000    0.0733321279   -0.0000422558
   -3.6400000000    0.0732471776   -0.0000425652
   -3.6300000000    0.0731622195   -0.0000428777
   -3.6200000000    0.0730772529   -0.0000431931
   -3.6100000000    0.0729922770   -0.0000435117
   -3.6000000000    0.0729072910   -0.0000438333
   -3.5900000000    0.0728222940   -0.0000441582
   -3.5800000000    0.0727372853   -0.0000444862
   -3.5700000000    0.0726522641   -0.0000448175
   -3.5600000000    0.0725672295   -0.0000451522
   -3.5500000000    0.0724821807   -0.0000454902
   -3.5400000000    0.0723971169   -0.0000458316
   -3.5300000000    0.0723120371   -0.0000461764
   -3.5200000000    0.0722269406   -0.0000465248
   -3.5100000000    0.0721418264   -0.0000468768
   -3.5000000000    0.0720566937   -0.0000472323
   -3.4900000000    0.0719715416   -0.0000475916
   -3.4800000000    0.0718863692   -0.0000479545
   -3.4700000000    0.0718011755   -0.0000483213
   -3.4600000000    0.0717159597   -0.0000486918
   -3.4500000000    0.0716307209   -0.0000490663
   -3.4400000000    0.0715454580   -0.0000494447
   -3.4300000000    0.0714601702   -0.0000498272
   -3.4200000000    0.0713748564   -0.0000502137
   -3.4100000000    0.0712895158   -0.0000506044
   -3.4000000000    0.0712041472   -0.0000509993
   -3.3900000000    0.0711187498   -0.0000513984
   -3.3800000000    0.0710333225   -0.0000518019
   -3.3700000000    0.0709478643   -0.0000522098
   -3.3600000000    0.0708623742   -0.0000526221
   -3.3500000000    0.0707768511   -0.0000530390
   -3.3400000000    0.0706912940   -0.0000534606
   -3.3300000000    0.0706057017   -0.0000538868
   -3.3200000000    0.0705200733   -0.0000543177
   -3.3100000000    0.0704344076   -0.0000547535
   -3.3000000000    0.0703487034   -0.0000551942
   -3.2900000000    0.0702629598   -0.0000556399
   -3.2800000000    0.0701771755   -0.0000560907
   -3.2700000000    0.0700913494   -0.0000565467
   -3.2600000000    0.0700054803   -0.0000570078
   -3.2500000000    0.0699195671   -0.0000574743
   -3.2400000000    0.0698336085   -0.0000579463
   -3.2300000000    0.0697476033   -0.0000584237
   -3.2200000000    0.0696615503   -0.0000589067
   -3.2100000000    0.0695754482   -0.0000593954
   -3.2000000000    0.0694892958   -0.0000598898
   -3.1900000000    0.0694030918   -0.0000603902
   -3.1800000000    0.0693168349   -0.0000608965
   -3.1700000000    0.0692305238   -0.0000614089
   -3.1600000000    0.0691441571   -0.0000619274
   -3.1500000000    0.0690577335   -0.0000624523
   -3.1400000000    0.0689712516   -0.0000629835
   -3.1300000000    0.0688847100   -0.0000635213
   -3.1200000000    0.0687981074   -0.0000640656
   -3.1100000000    0.0687114421   -0.0000646167
   -3.1000000000    0.0686247129   -0.0000651746
   -3.0900000000    0.0685379183   -0.0000657394
   -3.0800000000    0.0684510566   -0.0000663114
   -3.0700000000    0.0683641265   -0.0000668905
   -3.0600000000    0.0682771263   -0.0000674770
   -3.0500000000    0.0681900545   -0.0000680710
   -3.0400000000    0.0681029096   -0.0000686725
   -3.0300000000    0.0680156898   -0.0000692818
   -3.0200000000    0.0679283935   -0.0000698989
   -3.0100000000    0.0678410192   -0.0000705240
   -3.0000000000    0.0677535650   -0.0000711573
   -2.9900000000    0.0676660293   -0.0000717989
   -2.9800000000    0.0675784103   -0.0000724490
   -2.9700000000    0.0674907062   -0.0000731076
   -2.9600000000    0.0674029153   -0.0000737750
   -2.9500000000    0.0673150357   -0.0000744514
   -2.9400000000    0.0672270655   -0.0000751368
   -2.9300000000    0.0671390029   -0.0000758316
   -2.9200000000    0.0670508459   -0.0000765357
   -2.9100000000    0.0669625925   -0.0000772495
   -2.9000000000    0.0668742408   -0.0000779730
   -2.8900000000    0.0667857888   -0.0000787066
   -2.8800000000    0.0666972343   -0.0000794503
   -2.8700000000    0.0666085754   -0.0000802044
   -2.8600000000    0.0665198098   -0.0000809691
   -2.8500000000    0.0664309354   -0.0000817445
   -2.8400000000    0.0663419499   -0.0000825310
   -2.8300000000    0.0662528513   -0.0000833286
   -2.8200000000    0.0661636370   -0.0000841376
   -2.8100000000    0.0660743050   -0.0000849583
   -2.8000000000    0.0659848526   -0.0000857909
   -2.7900000000    0.0658952777   -0.0000866356
   -2.7800000000    0.0658055776   -0.0000874926
   -2.7700000000    0.0657157499   -0.0000883623
   -2.7600000000    0.0656257921   -0.0000892448
   -2.7500000000    0.0655357016   -0.0000901404
   -2.7400000000    0.0654454757   -0.0000910495
   -2.7300000000    0.0653551117   -0.0000919722
   -2.7200000000    0.0652646069   -0.0000929088
   -2.7100000000    0.0651739585   -0.0000938597
   -2.7000000000    0.0650831636   -0.0000948252
   -2.6900000000    0.0649922194   -0.0000958054
   -2.6800000000    0.0649011228   -0.0000968009
   -2.6700000000    0.0648098709   -0.0000978118
   -2.6600000000    0.0647184607   -0.0000988385
   -2.6500000000    0.0646268888   -0.0000998814
   -2.6400000000    0.0645351522   -0.0001009407
   -2.6300000000    0.0644432476   -0.0001020170
   -2.6200000000    0.0643511716   -0.0001031104
   -2.6100000000    0.0642589208   -0.0001042214
   -2.6000000000    0.0641664918   -0.0001053505
   -2.5900000000    0.0640738811   -0.0001064979
   -2.5800000000    0.0639810849   -0.0001076641
   -2.5700000000    0.0638880997   -0.0001088495
   -2.5600000000    0.0637949216   -0.0001100546
   -2.5500000000    0.0637015468   -0.0001112797
   -2.5400000000    0.0636079713   -0.0001125255
   -2.5300000000    0.0635141912   -0.0001137922
   -2.5200000000    0.0634202023   -0.0001150804
   -2.5100000000    0.0633260004   -0.0001163907
   -2.5000000000    0.0632315813   -0.0001177235
   -2.4900000000    0.0631369406   -0.0001190793
   -2.4800000000    0.0630420737   -0.0001204587
   -2.4700000000    0.0629469761   -0.0001218623
   -2.4600000000    0.0628516432   -0.0001232906
   -2.4500000000    0.0627560700   -0.0001247442
   -2.4400000000    0.0626602518   -0.0001262237
   -2.4300000000    0.0625641834   -0.0001277298
   -2.4200000000    0.0624678598   -0.0001292632
   -2.4100000000    0.0623712757   -0.0001308244
   -2.4000000000    0.0622744258   -0.0001324142
   -2.3900000000    0.0621773044   -0.0001340333
   -2.3800000000    0.0620799061   -0.0001356823
   -2.3700000000    0.0619822249   -0.0001373622
   -2.3600000000    0.0618842551   -0.0001390736
   -2.3500000000    0.0617859904   -0.0001408174
   -2.3400000000    0.0616874249   -0.0001425944
   -2.3300000000    0.0615885519   -0.0001444055
   -2.3200000000    0.0614893652   -0.0001462515
   -2.3100000000    0.0613898578   -0.0001481333
   -2.3000000000    0.0612900231   -0.0001500520
   -2.2900000000    0.0611898540   -0.0001520084
   -2.2800000000    0.0610893432   -0.0001540037
   -2.2700000000    0.0609884834   -0.0001560388
   -2.2600000000    0.0608872670   -0.0001581148
   -2.2500000000    0.0607856862   -0.0001602328
   -2.2400000000    0.0606837329   -0.0001623940
   -2.2300000000    0.0605813990   -0.0001645996
   -2.2200000000    0.0604786761   -0.0001668509
   -2.2100000000    0.0603755555   -0.0001691490
   -2.2000000000    0.0602720283   -0.0001714954
   -2.1900000000    0.0601680853   -0.0001738913
   -2.1800000000    0.0600637172   -0.0001763383
   -2.1700000000    0.0599589143   -0.0001788378
   -2.1600000000    0.0598536667   -0.0001813913
   -2.1500000000    0.0597479642   -0.0001840004
   -2.1400000000    0.0596417962   -0.0001866667
   -2.1300000000    0.0595351520   -0.0001893920
   -2.1200000000    0.0594280205   -0.0001921780
   -2.1100000000    0.0593203901   -0.0001950265
   -2.1000000000    0.0592122492   -0.0001979394
   -2.0900000000    0.0591035856   -0.0002009188
   -2.0800000000    0.0589943868   -0.0002039666
   -2.0700000000    0.0588846400   -0.0002070850
   -2.0600000000    0.0587743318   -0.0002102762
   -2.0500000000    0.0586634487   -0.0002135425
   -2.0400000000    0.0585519764   -0.0002168863
   -2.0300000000    0.0584399005   -0.0002203101
   -2.0200000000    0.0583272061   -0.0002238165
   -2.0100000000    0.0582138775   -0.0002274081
   -2.0000000000    0.0580998989   -0.0002310877
   -1.9900000000    0.0579852538   -0.0002348584
   -1.9800000000    0.0578699252   -0.0002387230
   -1.9700000000    0.0577538955   -0.0002426849
   -1.9600000000    0.0576371465   -0.0002467472
   -1.9500000000    0.0575196596   -0.0002509135
   -1.9400000000    0.0574014152   -0.0002551873
   -1.9300000000    0.0572823934   -0.0002595724
   -1.9200000000    0.0571625734   -0.0002640727
   -1.9100000000    0.0570419337   -0.0002686922
   -1.9000000000    0.0569204523   -0.0002734353
   -1.8900000000    0.0567981059   -0.0002783065
   -1.8800000000    0.0566748709   -0.0002833103
   -1.8700000000    0.0565507227   -0.0002884517
   -1.8600000000    0.0564256355   -0.0002937357
   -1.8500000000    0.0562995831   -0.0002991678
   -1.8400000000    0.0561725378   -0.0003047535
   -1.8300000000    0.0560444712   -0.0003104987
   -1.8200000000    0.0559153537   -0.0003164095
   -1.8100000000    0.0557851547   -0.0003224924
   -1.8000000000    0.0556538423   -0.0003287542
   -1.7900000000    0.0555213834   -0.0003352018
   -1.7800000000    0.0553877435   -0.0003418429
   -1.7700000000    0.0552528871   -0.0003486852
   -1.7600000000    0.0551167768   -0.0003557369
   -1.7500000000    0.0549793740   -0.0003630068
   -1.7400000000    0.0548406384   -0.0003705038
   -1.7300000000    0.0547005282   -0.0003782377
   -1.7200000000    0.0545589997   -0.0003862184
   -1.7100000000    0.0544160073   -0.0003944567
   -1.7000000000    0.0542715038   -0.0004029637
   -1.6900000000    0.0541254396   -0.0004117513
   -1.6800000000    0.0539777631   -0.0004208319
   -1.6700000000    0.0538284204   -0.0004302187
   -1.6600000000    0.0536773554   -0.0004399258
   -1.6500000000    0.0535245091   -0.0004499678
   -1.6400000000    0.0533698203   -0.0004603602
   -1.6300000000    0.0532132245   -0.0004711197
   -1.6200000000    0.0530546546   -0.0004822638
   -1.6100000000    0.0528940402   -0.0004938108
   -1.6000000000    0.0527313074   -0.0005057806
   -1.5900000000    0.0525663790   -0.0005181941
   -1.5800000000    0.0523991739   -0.0005310733
   -1.5700000000    0.0522296071   -0.0005444419
   -1.5600000000    0.0520575893   -0.0005583251
   -1.5500000000    0.0518830266   -0.0005727494
   -1.5400000000    0.0517058204   -0.0005877435
   -1.5300000000    0.0515261106   -0.0006354523
   -1.5200000000    0.0513433024   -0.0006517914
   -1.5100000000    0.0511575229   -0.0006687982
   -1.5000000000    0.0509686510   -0.0006865096
   -1.4900000000    0.0507765590   -0.0007049653
   -1.4800000000    0.0505811122   -0.0007242078
   -1.4700000000    0.0503821681   -0.0007442825
   -1.4600000000    0.0501795764   -0.0007652384
   -1.4500000000    0.0499731778   -0.0007871278
   -1.4400000000    0.0497628042   -0.0008100072
   -1.4300000000    0.0495482770   -0.0008339374
   -1.4200000000    0.0493294072   -0.0008589838
   -1.4100000000    0.0491059942   -0.0008852171
   -1.4000000000    0.0488778249   -0.0009127135
   -1.3900000000    0.0486446730   -0.0009415555
   -1.3800000000    0.0484062975   -0.0009718325
   -1.3700000000    0.0481624421   -0.0010036414
   -1.3600000000    0.0479128332   -0.0010370871
   -1.3500000000    0.0476571794   -0.0010722840
   -1.3400000000    0.0473951692   -0.0011093564
   -1.3300000000    0.0471264697   -0.0011484399
   -1.3200000000    0.0468507246   -0.0011896825
   -1.3100000000    0.0465675523   -0.0012332460
   -1.3000000000    0.0462765432   -0.0012793075
   -1.2900000000    0.0459772578   -0.0013280613
   -1.2800000000    0.0456692234   -0.0013797210
   -1.2700000000    0.0453519313   -0.0014345215
   -1.2600000000    0.0450248332   -0.0014927219
   -1.2500000000    0.0446873372   -0.0015546086
   -1.2400000000    0.0443388038   -0.0016204982
   -1.2300000000    0.0439785409   -0.0016907424
   -1.2200000000    0.0436057984   -0.0017657316
   -1.2100000000    0.0432197625   -0.0018459011
   -1.2000000000    0.0428195480   -0.0019317367
   -1.1900000000    0.0424041919   -0.0020237822
   -1.1800000000    0.0419726435   -0.0021226479
   -1.1700000000    0.0415237557   -0.0022290200
   -1.1600000000    0.0410562732   -0.0023436729
   -1.1500000000    0.0405688203   -0.0024674825
   -1.1400000000    0.0400598867   -0.0026014425
   -1.1300000000    0.0395278111   -0.0027466841
   -1.1200000000    0.0389707630   -0.0029044986
   -1.1100000000    0.0383867216   -0.0030763658
   -1.1000000000    0.0377734519   -0.0032639872
   -1.0900000000    0.0371284774   -0.0034693266
   -1.0800000000    0.0364490490   -0.0036946597
   -1.0700000000    0.0357321093   -0.0039426342
   -1.0600000000    0.0349742525   -0.0042163447
   -1.0500000000    0.0341716785   -0.0045194241
   -1.0400000000    0.0333201416   -0.0048561586
   -1.0300000000    0.0324148927   -0.0052316305
   -1.0200000000    0.0314506162   -0.0056518984
   -1.0100000000    0.0304213615   -0.0061242262
   -1.0000000000    0.0293204721   -0.0066573740
   -0.9900000000    0.0281405153   -0.0072619726
   -0.9800000000    0.0268732225   -0.0079510075
   -0.9700000000    0.0255094513   -0.0087404487
   -0.9600000000    0.0240391959   -0.0096500755
   -0.9500000000    0.0224516858   -0.0107045641
   -0.9400000000    0.0207356429   -0.0119349273
   -0.9300000000    0.0188798154   -0.0133804281
   -0.9200000000    0.0168739879   -0.0150911247
   -0.9100000000    0.0147108088   -0.0171312430
   -0.9000000000    0.0123890082   -0.0195835931
   -0.8900000000    0.0099189804   -0.0225552091
   -0.8800000000    0.0073323590   -0.0261841664
   -0.8700000000    0.0046982467   -0.0306468671
   -0.8600000000    0.0021502344   -0.0361633535
   -0.8500000000   -0.0000700922   -0.0429942093
   -0.8400000000   -0.0015476111   -0.0514141783
   -0.8300000000   -0.0016083288   -0.0616324906
   -0.8200000000    0.0007535193   -0.0736112954
   -0.8100000000    0.0068297752   -0.0867398808
   -0.8000000000    0.0178240770   -0.0994383434
   -0.7900000000    0.0339879225   -0.1090779998
   -0.7800000000    0.0536669899   -0.1128413540
   -0.7700000000    0.0734332323   -0.1094263378
   -0.7600000000    0.0898133122   -0.1000333479
   -0.7500000000    0.1010613969   -0.0874479797
   -0.7400000000    0.1073606829   -0.0743294566
   -0.7300000000    0.1098904204   -0.0623045039
   -0.7200000000    0.1099457759   -0.0520188814
   -0.7100000000    0.1085449783   -0.0435295821
   -0.7000000000    0.1063742374   -0.0366356043
   -0.6900000000    0.1038579184   -0.0310646714
   -0.6800000000    0.1012439143   -0.0265561085
   -0.6700000000    0.0986699288   -0.0228888505
   -0.6600000000    0.0962076983   -0.0198852684
   -0.6500000000    0.0938905362   -0.0174061419
   -0.6400000000    0.0917299123   -0.0153434642
   -0.6300000000    0.0897252498   -0.0136136309
   -0.6200000000    0.0878696479   -0.0121517807
   -0.6100000000    0.0861531872   -0.0109073501
   -0.6000000000    0.0845648119   -0.0098406748
   -0.5900000000    0.0830933746   -0.0089204228
   -0.5800000000    0.0817281927   -0.0081216623
   -0.5700000000    0.0804593197   -0.0074244084
   -0.5600000000    0.0792776531   -0.0068125245
   -0.5500000000    0.0781749513   -0.0062728894
   -0.5400000000    0.0771437997   -0.0057947606
   -0.5300000000    0.0761775537   -0.0053692857
   -0.5200000000    0.0752702706   -0.0049891244
   -0.5100000000    0.0744166395   -0.0046481534
   -0.5000000000    0.0736119143   -0.0043412365
   -0.4900000000    0.0728518504   -0.0040640417
   -0.4800000000    0.0721326483   -0.0038128968
   -0.4700000000    0.0714509018   -0.0035846739
   -0.4600000000    0.0708035527   -0.0033766962
   -0.4500000000    0.0701878507   -0.0031866633
   -0.4400000000    0.0696013180   -0.0030125897
   -0.4300000000    0.0690417180   -0.0028527550
   -0.4200000000    0.0685070284   -0.0027056630
   -0.4100000000    0.0679954169   -0.0025700078
   -0.4000000000    0.0675052206   -0.0024446454
   -0.3900000000    0.0670349272   -0.0023285709
   -0.3800000000    0.0665831593   -0.0022208985
   -0.3700000000    0.0661486598   -0.0021208448
   -0.3600000000    0.0657302795   -0.0020277158
   -0.3500000000    0.0653269661   -0.0019408941
   -0.3400000000    0.0649377544   -0.0018598298
   -0.3300000000    0.0645617574   -0.0017840314
   -0.3200000000    0.0641981591   -0.0017130588
   -0.3100000000    0.0638462074   -0.0016465169
   -0.3000000000    0.0635052080   -0.0015840505
   -0.2900000000    0.0631745192   -0.0015253390
   -0.2800000000    0.0628535470   -0.0014700932
   -0.2700000000    0.0625417405   -0.0014180514
   -0.2600000000    0.0622385885   -0.0013689760
   -0.2500000000    0.0619436158   -0.0013226517
   -0.2400000000    0.0616563800   -0.0012788823
   -0.2300000000    0.0613764689   -0.0012374892
   -0.2200000000    0.0611034977   -0.0011983095
   -0.2100000000    0.0608371069   -0.0011611943
   -0.2000000000    0.0605769602   -0.0011260074
   -0.1900000000    0.0603227425   -0.0010926242
   -0.1800000000    0.0600741585   -0.0010609303
   -0.1700000000    0.0598309306   -0.0010308208
   -0.1600000000    0.0595927980   -0.0010021994
   -0.1500000000    0.0593595150   -0.0009749777
   -0.1400000000    0.0591308502   -0.0009490743
   -0.1300000000    0.0589065851   -0.0009244144
   -0.1200000000    0.0586865132   -0.0009009294
   -0.1100000000    0.0584704389   -0.0008785562
   -0.1000000000    0.0582581769   -0.0008572368
   -0.0900000000    0.0580495514   -0.0008369183
   -0.0800000000    0.0578443950   -0.0008175522
   -0.0700000000    0.0576425483   -0.0007990943
   -0.0600000000    0.0574438591   -0.0007815048
   -0.0500000000    0.0572481819   -0.0007647476
   -0.0400000000    0.0570553771   -0.0007487907
   -0.0300000000    0.0568653105   -0.0007336059
   -0.0200000000    0.0566778527   -0.0007191689
   -0.0100000000    0.0564928787   -0.0007054595
    0.0000000000    0.0563102670   -0.0006924616
