      -20.0000000000           10.3297867997
      -19.9900000000           10.6853623033
      -19.9800000000           11.0582748094
      -19.9700000000           11.4064967939
      -19.9600000000           11.7101861215
      -19.9500000000           11.9860135730
      -19.9400000000           12.2895074143
      -19.9300000000           12.7126247770
      -19.9200000000           13.3661622442
      -19.9100000000           14.3484063488
      -19.9000000000           15.7121258218
      -19.8900000000           17.4256888641
      -19.8800000000           19.3220102956
      -19.8700000000           21.0621007988
      -19.8600000000           22.1849226310
      -19.8500000000           22.3015147725
      -19.8400000000           21.3414551686
      -19.8300000000           19.6063875699
      -19.8200000000           17.5556051915
      -19.8100000000           15.5611467462
      -19.8000000000           13.8247252906
      -19.7900000000           12.4168125915
      -19.7800000000           11.3352710742
      -19.7700000000           10.5423332720
      -19.7600000000            9.9859617930
      -19.7500000000            9.6184298184
      -19.7400000000            9.4132455711
      -19.7300000000            9.3713072126
      -19.7200000000            9.5139446716
      -19.7100000000            9.8729382942
      -19.7000000000           10.4859366618
      -19.6900000000           11.3967366531
      -19.6800000000           12.6551279761
      -19.6700000000           14.3097226768
      -19.6600000000           16.3855248666
      -19.6500000000           18.8372296928
      -19.6400000000           21.4802460837
      -19.6300000000           23.9403341076
      -19.6200000000           25.7084777905
      -19.6100000000           26.3382875373
      -19.6000000000           25.6619171367
      -19.5900000000           23.8619745810
      -19.5800000000           21.3724825470
      -19.5700000000           18.6792179777
      -19.5600000000           16.1450581953
      -19.5500000000           13.9557155044
      -19.5400000000           12.1613587017
      -19.5300000000           10.7399074196
      -19.5200000000            9.6420323072
      -19.5100000000            8.8142677795
      -19.5000000000            8.2080891691
      -19.4900000000            7.7811085944
      -19.4800000000            7.4936266355
      -19.4700000000            7.3040969938
      -19.4600000000            7.1686230085
      -19.4500000000            7.0488993426
      -19.4400000000            6.9269491219
      -19.4300000000            6.8147432010
      -19.4200000000            6.7475169577
      -19.4100000000            6.7666624539
      -19.4000000000            6.9070059047
      -19.3900000000            7.1938191354
      -19.3800000000            7.6445473710
      -19.3700000000            8.2678193197
      -19.3600000000            9.0532718267
      -19.3500000000            9.9502699784
      -19.3400000000           10.8481659636
      -19.3300000000           11.5901785688
      -19.3200000000           12.0409096333
      -19.3100000000           12.1598098587
      -19.3000000000           12.0060989599
      -19.2900000000           11.6901238381
      -19.2800000000           11.3343077896
      -19.2700000000           11.0504979726
      -19.2600000000           10.9199062426
      -19.2500000000           10.9800966349
      -19.2400000000           11.2178511620
      -19.2300000000           11.5645143960
      -19.2200000000           11.9033763044
      -19.2100000000           12.0989820626
      -19.2000000000           12.0440725490
      -19.1900000000           11.7017677237
      -19.1800000000           11.1134040116
      -19.1700000000           10.3706459009
      -19.1600000000            9.5792235680
      -19.1500000000            8.8325178673
      -19.1400000000            8.1986228705
      -19.1300000000            7.7180227704
      -19.1200000000            7.4065192542
      -19.1100000000            7.2599121130
      -19.1000000000            7.2585366085
      -19.0900000000            7.3724083649
      -19.0800000000            7.5680861790
      -19.0700000000            7.8114245172
      -19.0600000000            8.0605333002
      -19.0500000000            8.2606718204
      -19.0400000000            8.3589937894
      -19.0300000000            8.3314154330
      -19.0200000000            8.1936092459
      -19.0100000000            7.9890224784
      -19.0000000000            7.7654229519
      -18.9900000000            7.5500829633
      -18.9800000000            7.3427460910
      -18.9700000000            7.1356918112
      -18.9600000000            6.9384164268
      -18.9500000000            6.7822664778
      -18.9400000000            6.7076044682
      -18.9300000000            6.7479603764
      -18.9200000000            6.9170639281
      -18.9100000000            7.1968385230
      -18.9000000000            7.5263095299
      -18.8900000000            7.8034110268
      -18.8800000000            7.9201763298
      -18.8700000000            7.8246980580
      -18.8600000000            7.5527331909
      -18.8500000000            7.1907461089
      -18.8400000000            6.8158248581
      -18.8300000000            6.4718612915
      -18.8200000000            6.1829298139
      -18.8100000000            5.9708728277
      -18.8000000000            5.8588566030
      -18.7900000000            5.8672064479
      -18.7800000000            6.0113740132
      -18.7700000000            6.3029106422
      -18.7600000000            6.7498082893
      -18.7500000000            7.3544039679
      -18.7400000000            8.1112592595
      -18.7300000000            9.0093334891
      -18.7200000000           10.0334929912
      -18.7100000000           11.1446288352
      -18.7000000000           12.2314122889
      -18.6900000000           13.0799280744
      -18.6800000000           13.4377839308
      -18.6700000000           13.1744812801
      -18.6600000000           12.3891570019
      -18.6500000000           11.3369973637
      -18.6400000000           10.2697662806
      -18.6300000000            9.3469578759
      -18.6200000000            8.6346288737
      -18.6100000000            8.1323564785
      -18.6000000000            7.7939758000
      -18.5900000000            7.5442984189
      -18.5800000000            7.3063755190
      -18.5700000000            7.0374699886
      -18.5600000000            6.7452837975
      -18.5500000000            6.4682323634
      -18.5400000000            6.2444162293
      -18.5300000000            6.0970067896
      -18.5200000000            6.0341827407
      -18.5100000000            6.0517601487
      -18.5000000000            6.1385666551
      -18.4900000000            6.2875606136
      -18.4800000000            6.5056234029
      -18.4700000000            6.8130552471
      -18.4600000000            7.2337109805
      -18.4500000000            7.7833212411
      -18.4400000000            8.4626401412
      -18.4300000000            9.2544657380
      -18.4200000000           10.1159750703
      -18.4100000000           10.9636029815
      -18.4000000000           11.6699147681
      -18.3900000000           12.1111403251
      -18.3800000000           12.2591503219
      -18.3700000000           12.2178913202
      -18.3600000000           12.1406640037
      -18.3500000000           12.1097360134
      -18.3400000000           12.0799885974
      -18.3300000000           11.9166962167
      -18.3200000000           11.5080597509
      -18.3100000000           10.8654547452
      -18.3000000000           10.1104140435
      -18.2900000000            9.3776238510
      -18.2800000000            8.7438951947
      -18.2700000000            8.2209289869
      -18.2600000000            7.7837608386
      -18.2500000000            7.4069494822
      -18.2400000000            7.0882729655
      -18.2300000000            6.8465092303
      -18.2200000000            6.7046147072
      -18.2100000000            6.6803282526
      -18.2000000000            6.7870388658
      -18.1900000000            7.0347569725
      -18.1800000000            7.4282051168
      -18.1700000000            7.9663684672
      -18.1600000000            8.6433704847
      -18.1500000000            9.4412751077
      -18.1400000000           10.3084420528
      -18.1300000000           11.1400330847
      -18.1200000000           11.7923821421
      -18.1100000000           12.1360997625
      -18.1000000000           12.1109172921
      -18.0900000000           11.7489038060
      -18.0800000000           11.1603977515
      -18.0700000000           10.4898237848
      -18.0600000000            9.8677649328
      -18.0500000000            9.3829135025
      -18.0400000000            9.0724459251
      -18.0300000000            8.9197676624
      -18.0200000000            8.8555494339
      -18.0100000000            8.7727646343
      -18.0000000000            8.5676126784
      -17.9900000000            8.1905949328
      -17.9800000000            7.6668361404
      -17.9700000000            7.0695982000
      -17.9600000000            6.4774884242
      -17.9500000000            5.9478756215
      -17.9400000000            5.5103577656
      -17.9300000000            5.1702727996
      -17.9200000000            4.9162729515
      -17.9100000000            4.7310642371
      -17.9000000000            4.6030109892
      -17.8900000000            4.5322661627
      -17.8800000000            4.5276753717
      -17.8700000000            4.5986627571
      -17.8600000000            4.7483993700
      -17.8500000000            4.9702479984
      -17.8400000000            5.2463700050
      -17.8300000000            5.5466646446
      -17.8200000000            5.8263266729
      -17.8100000000            6.0284653462
      -17.8000000000            6.1067065555
      -17.7900000000            6.0589039083
      -17.7800000000            5.9340625891
      -17.7700000000            5.8033884487
      -17.7600000000            5.7269312888
      -17.7500000000            5.7372562057
      -17.7400000000            5.8359359777
      -17.7300000000            5.9953589385
      -17.7200000000            6.1671909270
      -17.7100000000            6.2971061993
      -17.7000000000            6.3382762213
      -17.6900000000            6.2640445825
      -17.6800000000            6.0824988788
      -17.6700000000            5.8364286406
      -17.6600000000            5.5797584417
      -17.6500000000            5.3527372164
      -17.6400000000            5.1758048851
      -17.6300000000            5.0586526409
      -17.6200000000            5.0109397921
      -17.6100000000            5.0467815520
      -17.6000000000            5.1839300789
      -17.5900000000            5.4409929033
      -17.5800000000            5.8349902335
      -17.5700000000            6.3787335578
      -17.5600000000            7.0737540135
      -17.5500000000            7.8948747236
      -17.5400000000            8.7714214351
      -17.5300000000            9.5833324795
      -17.5200000000           10.1882941344
      -17.5100000000           10.4679001644
      -17.5000000000           10.3689874304
      -17.4900000000            9.9291893188
      -17.4800000000            9.2639684127
      -17.4700000000            8.5126712575
      -17.4600000000            7.7877254978
      -17.4500000000            7.1527359907
      -17.4400000000            6.6228372457
      -17.4300000000            6.1804356120
      -17.4200000000            5.8000803557
      -17.4100000000            5.4681973002
      -17.4000000000            5.1866748217
      -17.3900000000            4.9654383979
      -17.3800000000            4.8159585159
      -17.3700000000            4.7497274767
      -17.3600000000            4.7782260340
      -17.3500000000            4.9120630160
      -17.3400000000            5.1594727088
      -17.3300000000            5.5234408528
      -17.3200000000            5.9966336880
      -17.3100000000            6.5569276835
      -17.3000000000            7.1704749261
      -17.2900000000            7.8032396212
      -17.2800000000            8.4253142067
      -17.2700000000            8.9953406712
      -17.2600000000            9.4406694713
      -17.2500000000            9.6597652148
      -17.2400000000            9.5616641039
      -17.2300000000            9.1275385889
      -17.2200000000            8.4379084405
      -17.2100000000            7.6290287639
      -17.2000000000            6.8228871115
      -17.1900000000            6.0927492567
      -17.1800000000            5.4688674615
      -17.1700000000            4.9560091359
      -17.1600000000            4.5455053970
      -17.1500000000            4.2216274898
      -17.1400000000            3.9670563242
      -17.1300000000            3.7686162755
      -17.1200000000            3.6201154305
      -17.1100000000            3.5203680743
      -17.1000000000            3.4692752744
      -17.0900000000            3.4653289457
      -17.0800000000            3.5051647294
      -17.0700000000            3.5849631411
      -17.0600000000            3.7034645626
      -17.0500000000            3.8645810008
      -17.0400000000            4.0768923680
      -17.0300000000            4.3500277089
      -17.0200000000            4.6893552882
      -17.0100000000            5.0897427975
      -17.0000000000            5.5312240328
      -16.9900000000            5.9822053444
      -16.9800000000            6.4113012702
      -16.9700000000            6.7976731407
      -16.9600000000            7.1314233850
      -16.9500000000            7.4152389170
      -16.9400000000            7.6768959732
      -16.9300000000            7.9728429422
      -16.9200000000            8.3650650852
      -16.9100000000            8.8871836555
      -16.9000000000            9.5188134376
      -16.8900000000           10.1725311254
      -16.8800000000           10.7074833680
      -16.8700000000           10.9866379321
      -16.8600000000           10.9525928344
      -16.8500000000           10.6605316942
      -16.8400000000           10.2436916163
      -16.8300000000            9.8498681908
      -16.8200000000            9.5962784891
      -16.8100000000            9.5557638145
      -16.8000000000            9.7597451947
      -16.7900000000           10.2005977924
      -16.7800000000           10.8265593762
      -16.7700000000           11.5314255583
      -16.7600000000           12.1530091451
      -16.7500000000           12.5132590016
      -16.7400000000           12.5095566723
      -16.7300000000           12.1742607178
      -16.7200000000           11.6213326685
      -16.7100000000           10.9509712425
      -16.7000000000           10.2233946046
      -16.6900000000            9.4900620643
      -16.6800000000            8.8108255048
      -16.6700000000            8.2417236758
      -16.6600000000            7.8210733416
      -16.6500000000            7.5680817325
      -16.6400000000            7.4895277138
      -16.6300000000            7.5869161628
      -16.6200000000            7.8596233127
      -16.6100000000            8.3021833116
      -16.6000000000            8.8955422860
      -16.5900000000            9.5962277325
      -16.5800000000           10.3370442903
      -16.5700000000           11.0576249836
      -16.5600000000           11.7562234615
      -16.5500000000           12.5129101164
      -16.5400000000           13.4557235169
      -16.5300000000           14.7036335489
      -16.5200000000           16.3215139706
      -16.5100000000           18.2842269505
      -16.5000000000           20.4459747093
      -16.4900000000           22.5445322050
      -16.4800000000           24.2672678308
      -16.4700000000           25.3306360877
      -16.4600000000           25.5251349642
      -16.4500000000           24.7926618026
      -16.4400000000           23.3126223634
      -16.4300000000           21.4279929318
      -16.4200000000           19.4504312442
      -16.4100000000           17.5488003559
      -16.4000000000           15.7793120545
      -16.3900000000           14.1699020691
      -16.3800000000           12.7641855311
      -16.3700000000           11.6084599298
      -16.3600000000           10.7276201368
      -16.3500000000           10.1193296107
      -16.3400000000            9.7594477373
      -16.3300000000            9.6061203838
      -16.3200000000            9.6013208486
      -16.3100000000            9.6755506320
      -16.3000000000            9.7563178251
      -16.2900000000            9.7771311380
      -16.2800000000            9.6920894917
      -16.2700000000            9.4945171331
      -16.2600000000            9.2218497929
      -16.2500000000            8.9397661579
      -16.2400000000            8.7139783241
      -16.2300000000            8.5843402972
      -16.2200000000            8.5570271216
      -16.2100000000            8.6195036692
      -16.2000000000            8.7664891533
      -16.1900000000            9.0128274040
      -16.1800000000            9.3777060340
      -16.1700000000            9.8502324895
      -16.1600000000           10.3621568377
      -16.1500000000           10.7979796763
      -16.1400000000           11.0585699740
      -16.1300000000           11.1321778727
      -16.1200000000           11.0873764506
      -16.1100000000           10.9937920763
      -16.1000000000           10.8711845170
      -16.0900000000           10.7170905127
      -16.0800000000           10.5614319809
      -16.0700000000           10.4791483674
      -16.0600000000           10.5609579543
      -16.0500000000           10.8830353106
      -16.0400000000           11.4921166541
      -16.0300000000           12.3956860316
      -16.0200000000           13.5455162041
      -16.0100000000           14.8191675935
      -16.0000000000           16.0230705318
      -15.9900000000           16.9344557159
      -15.9800000000           17.3666812671
      -15.9700000000           17.2372289091
      -15.9600000000           16.6149224317
      -15.9500000000           15.6902856618
      -15.9400000000           14.6720787820
      -15.9300000000           13.6959756288
      -15.9200000000           12.7963117382
      -15.9100000000           11.9392699632
      -15.9000000000           11.0911705262
      -15.8900000000           10.2677934060
      -15.8800000000            9.5260796652
      -15.8700000000            8.9227763875
      -15.8600000000            8.4852821001
      -15.8500000000            8.2055914672
      -15.8400000000            8.0457678313
      -15.8300000000            7.9513584654
      -15.8200000000            7.8774851491
      -15.8100000000            7.8161356091
      -15.8000000000            7.7978205435
      -15.7900000000            7.8650376219
      -15.7800000000            8.0410626926
      -15.7700000000            8.3085060805
      -15.7600000000            8.6013139092
      -15.7500000000            8.8185094894
      -15.7400000000            8.8635149877
      -15.7300000000            8.6887054678
      -15.7200000000            8.3137798441
      -15.7100000000            7.8087282687
      -15.7000000000            7.2588171730
      -15.6900000000            6.7341836974
      -15.6800000000            6.2762009615
      -15.6700000000            5.9006311671
      -15.6600000000            5.6096833455
      -15.6500000000            5.4025115662
      -15.6400000000            5.2785322839
      -15.6300000000            5.2359678203
      -15.6200000000            5.2695444199
      -15.6100000000            5.3682978877
      -15.6000000000            5.5143552570
      -15.5900000000            5.6861597785
      -15.5800000000            5.8686253100
      -15.5700000000            6.0647518775
      -15.5600000000            6.2980066469
      -15.5500000000            6.6035381739
      -15.5400000000            7.0182690434
      -15.5300000000            7.5779864013
      -15.5200000000            8.3202446618
      -15.5100000000            9.2883301618
      -15.5000000000           10.5325065285
      -15.4900000000           12.1046536576
      -15.4800000000           14.0398365478
      -15.4700000000           16.3161405916
      -15.4600000000           18.7919581113
      -15.4500000000           21.1552955713
      -15.4400000000           22.9763128660
      -15.4300000000           23.9277983607
      -15.4200000000           24.0282750179
      -15.4100000000           23.6449277659
      -15.4000000000           23.2684882548
      -15.3900000000           23.3119757901
      -15.3800000000           24.0538852252
      -15.3700000000           25.6620313528
      -15.3600000000           28.2010118118
      -15.3500000000           31.5595647386
      -15.3400000000           35.2838871448
      -15.3300000000           38.4404681488
      -15.3200000000           39.8509350352
      -15.3100000000           38.8568729520
      -15.3000000000           35.8877960615
      -15.2900000000           32.0550322720
      -15.2800000000           28.3429141196
      -15.2700000000           25.2561828066
      -15.2600000000           22.9036278101
      -15.2500000000           21.1761433844
      -15.2400000000           19.8789393226
      -15.2300000000           18.8259866627
      -15.2200000000           17.9092905723
      -15.2100000000           17.1224063052
      -15.2000000000           16.5267371547
      -15.1900000000           16.1974747992
      -15.1800000000           16.1978217163
      -15.1700000000           16.5848030260
      -15.1600000000           17.4196087111
      -15.1500000000           18.7665280954
      -15.1400000000           20.6776180566
      -15.1300000000           23.1565600913
      -15.1200000000           26.0923579961
      -15.1100000000           29.1707182061
      -15.1000000000           31.8187439904
      -15.0900000000           33.3068730648
      -15.0800000000           33.0980509216
      -15.0700000000           31.2141282203
      -15.0600000000           28.1957262658
      -15.0500000000           24.7239065327
      -15.0400000000           21.3290238909
      -15.0300000000           18.3147609170
      -15.0200000000           15.7958629781
      -15.0100000000           13.7698199503
      -15.0000000000           12.1813299843
      -14.9900000000           10.9625818237
      -14.9800000000           10.0521013264
      -14.9700000000            9.4012508369
      -14.9600000000            8.9750023086
      -14.9500000000            8.7500015296
      -14.9400000000            8.7105870072
      -14.9300000000            8.8419716570
      -14.9200000000            9.1193029150
      -14.9100000000            9.4935746379
      -14.9000000000            9.8834114468
      -14.8900000000           10.1914280916
      -14.8800000000           10.3512846291
      -14.8700000000           10.3698238324
      -14.8600000000           10.3232610359
      -14.8500000000           10.3187405660
      -14.8400000000           10.4555169646
      -14.8300000000           10.8003419235
      -14.8200000000           11.3749486369
      -14.8100000000           12.1473814027
      -14.8000000000           13.0231065893
      -14.7900000000           13.8418097678
      -14.7800000000           14.3965255281
      -14.7700000000           14.4984358685
      -14.7600000000           14.0767355500
      -14.7500000000           13.2330946075
      -14.7400000000           12.1831043543
      -14.7300000000           11.1369941661
      -14.7200000000           10.2259306914
      -14.7100000000            9.5033607516
      -14.7000000000            8.9787278522
      -14.6900000000            8.6415096595
      -14.6800000000            8.4657693513
      -14.6700000000            8.4084067310
      -14.6600000000            8.4172985627
      -14.6500000000            8.4516667021
      -14.6400000000            8.4934082477
      -14.6300000000            8.5296903429
      -14.6200000000            8.5274535757
      -14.6100000000            8.4389015027
      -14.6000000000            8.2393688057
      -14.5900000000            7.9550232961
      -14.5800000000            7.6501786589
      -14.5700000000            7.3933973771
      -14.5600000000            7.2351102031
      -14.5500000000            7.2049084728
      -14.5400000000            7.3186835233
      -14.5300000000            7.5855537429
      -14.5200000000            8.0097276482
      -14.5100000000            8.5859080289
      -14.5000000000            9.2898511390
      -14.4900000000           10.0724304163
      -14.4800000000           10.8737360484
      -14.4700000000           11.6638335572
      -14.4600000000           12.4768038498
      -14.4500000000           13.3905340357
      -14.4400000000           14.4636678789
      -14.4300000000           15.6821812998
      -14.4200000000           16.9351965308
      -14.4100000000           18.0208054629
      -14.4000000000           18.7107689600
      -14.3900000000           18.8736687504
      -14.3800000000           18.5543928507
      -14.3700000000           17.9283496282
      -14.3600000000           17.1914901464
      -14.3500000000           16.4895724463
      -14.3400000000           15.9139159854
      -14.3300000000           15.5222254123
      -14.3200000000           15.3474213613
      -14.3100000000           15.3929867155
      -14.3000000000           15.6289858907
      -14.2900000000           15.9881302474
      -14.2800000000           16.3511528986
      -14.2700000000           16.5562450714
      -14.2600000000           16.4867676142
      -14.2500000000           16.1768895162
      -14.2400000000           15.7962612149
      -14.2300000000           15.5227828251
      -14.2200000000           15.4436702242
      -14.2100000000           15.5483537610
      -14.2000000000           15.7683251720
      -14.1900000000           15.9932369588
      -14.1800000000           16.0544039585
      -14.1700000000           15.7591699934
      -14.1600000000           15.0146458009
      -14.1500000000           13.9094388934
      -14.1400000000           12.6398623015
      -14.1300000000           11.3813529433
      -14.1200000000           10.2354297193
      -14.1100000000            9.2445972427
      -14.1000000000            8.4184908214
      -14.0900000000            7.7498530706
      -14.0800000000            7.2232711301
      -14.0700000000            6.8208113526
      -14.0600000000            6.5255554830
      -14.0500000000            6.3231977515
      -14.0400000000            6.2021755692
      -14.0300000000            6.1531483345
      -14.0200000000            6.1690193002
      -14.0100000000            6.2466105266
      -14.0000000000            6.3892634345
      -13.9900000000            6.6075586421
      -13.9800000000            6.9169622692
      -13.9700000000            7.3339360841
      -13.9600000000            7.8706388834
      -13.9500000000            8.5253795612
      -13.9400000000            9.2669455864
      -13.9300000000           10.0203225850
      -13.9200000000           10.6779518836
      -13.9100000000           11.1566290576
      -13.9000000000           11.4636160891
      -13.8900000000           11.6982913876
      -13.8800000000           11.9903342828
      -13.8700000000           12.4474906719
      -13.8600000000           13.1489280574
      -13.8500000000           14.1645059233
      -13.8400000000           15.5736169506
      -13.8300000000           17.4769871232
      -13.8200000000           20.0051447348
      -13.8100000000           23.3137106210
      -13.8000000000           27.5332097492
      -13.7900000000           32.6285451100
      -13.7800000000           38.1456757136
      -13.7700000000           42.9840776742
      -13.7600000000           45.6541378073
      -13.7500000000           45.2822059221
      -13.7400000000           42.3897183266
      -13.7300000000           38.3667527972
      -13.7200000000           34.4322057836
      -13.7100000000           31.2148720133
      -13.7000000000           28.8845709664
      -13.6900000000           27.3806942235
      -13.6800000000           26.5650191563
      -13.6700000000           26.3155020057
      -13.6600000000           26.5903188789
      -13.6500000000           27.4509750429
      -13.6400000000           29.0425807344
      -13.6300000000           31.5695501559
      -13.6200000000           35.2960457612
      -13.6100000000           40.5603111752
      -13.6000000000           47.7612083474
      -13.5900000000           57.2298929510
      -13.5800000000           68.8099717562
      -13.5700000000           80.9610485388
      -13.5600000000           89.8825469810
      -13.5500000000           90.8479597379
      -13.5400000000           82.6146766637
      -13.5300000000           69.0759943706
      -13.5200000000           55.1422043042
      -13.5100000000           43.4111403068
      -13.5000000000           34.3894442011
      -13.4900000000           27.6956567022
      -13.4800000000           22.7736169091
      -13.4700000000           19.1417022084
      -13.4600000000           16.4406790231
      -13.4500000000           14.4202352674
      -13.4400000000           12.9119431961
      -13.4300000000           11.8030594762
      -13.4200000000           11.0169180389
      -13.4100000000           10.5003086871
      -13.4000000000           10.2152311948
      -13.3900000000           10.1334207817
      -13.3800000000           10.2350148877
      -13.3700000000           10.5137300463
      -13.3600000000           10.9854516667
      -13.3500000000           11.6908837706
      -13.3400000000           12.6889871173
      -13.3300000000           14.0475419828
      -13.3200000000           15.8337519654
      -13.3100000000           18.1000780155
      -13.3000000000           20.8604444597
      -13.2900000000           24.0538865763
      -13.2800000000           27.4820222548
      -13.2700000000           30.7073919651
      -13.2600000000           33.0054927971
      -13.2500000000           33.6076908095
      -13.2400000000           32.2326869601
      -13.2300000000           29.3481112864
      -13.2200000000           25.8078531393
      -13.2100000000           22.3314562192
      -13.2000000000           19.3039821589
      -13.1900000000           16.8452797937
      -13.1800000000           14.9349790963
      -13.1700000000           13.4949121196
      -13.1600000000           12.4232331581
      -13.1500000000           11.6018235291
      -13.1400000000           10.9033680380
      -13.1300000000           10.2189120164
      -13.1200000000            9.4968532634
      -13.1100000000            8.7534569324
      -13.1000000000            8.0402160571
      -13.0900000000            7.4031450841
      -13.0800000000            6.8655414199
      -13.0700000000            6.4314932410
      -13.0600000000            6.0952252402
      -13.0500000000            5.8482591584
      -13.0400000000            5.6832754164
      -13.0300000000            5.5958403535
      -13.0200000000            5.5851465187
      -13.0100000000            5.6544444079
      -13.0000000000            5.8114742233
      -12.9900000000            6.0689436399
      -12.9800000000            6.4448041192
      -12.9700000000            6.9615450977
      -12.9600000000            7.6426584351
      -12.9500000000            8.5026132390
      -12.9400000000            9.5250300870
      -12.9300000000           10.6273042872
      -12.9200000000           11.6300927156
      -12.9100000000           12.2858353937
      -12.9000000000           12.4071713634
      -12.8900000000           12.0050248259
      -12.8800000000           11.2731910992
      -12.8700000000           10.4386072387
      -12.8600000000            9.6440068630
      -12.8500000000            8.9323707721
      -12.8400000000            8.2917385866
      -12.8300000000            7.7061859935
      -12.8200000000            7.1796321810
      -12.8100000000            6.7290228153
      -12.8000000000            6.3683792036
      -12.7900000000            6.1014561763
      -12.7800000000            5.9231759950
      -12.7700000000            5.8237317325
      -12.7600000000            5.7926442358
      -12.7500000000            5.8226661547
      -12.7400000000            5.9125846432
      -12.7300000000            6.0677886974
      -12.7200000000            6.2994579394
      -12.7100000000            6.6236372595
      -12.7000000000            7.0607024349
      -12.6900000000            7.6354702664
      -12.6800000000            8.3773061770
      -12.6700000000            9.3183039090
      -12.6600000000           10.4866029426
      -12.6500000000           11.8917163850
      -12.6400000000           13.5020865651
      -12.6300000000           15.2243369650
      -12.6200000000           16.8990364846
      -12.6100000000           18.3119326741
      -12.6000000000           19.2129317534
      -12.5900000000           19.3837915625
      -12.5800000000           18.7795925452
      -12.5700000000           17.6065060101
      -12.5600000000           16.2078849839
      -12.5500000000           14.8813848252
      -12.5400000000           13.7965662288
      -12.5300000000           13.0158789567
      -12.5200000000           12.5443119850
      -12.5100000000           12.3627254744
      -12.5000000000           12.4392828677
      -12.4900000000           12.7331934444
      -12.4800000000           13.2086595102
      -12.4700000000           13.8627426852
      -12.4600000000           14.7434237646
      -12.4500000000           15.9326064314
      -12.4400000000           17.5010926158
      -12.4300000000           19.4512527814
      -12.4200000000           21.6482454694
      -12.4100000000           23.7656739587
      -12.4000000000           25.3382747116
      -12.3900000000           25.9815039352
      -12.3800000000           25.6113991870
      -12.3700000000           24.4390912495
      -12.3600000000           22.8155883965
      -12.3500000000           21.0982693964
      -12.3400000000           19.5615621307
      -12.3300000000           18.3561498683
      -12.3200000000           17.5244471494
      -12.3100000000           17.0396859248
      -12.3000000000           16.8314849143
      -12.2900000000           16.7899509033
      -12.2800000000           16.7760647935
      -12.2700000000           16.6734421977
      -12.2600000000           16.4593236488
      -12.2500000000           16.2157210018
      -12.2400000000           16.0648216344
      -12.2300000000           16.1039340149
      -12.2200000000           16.3872504794
      -12.2100000000           16.9377041038
      -12.2000000000           17.7635228780
      -12.1900000000           18.8730560004
      -12.1800000000           20.2912679134
      -12.1700000000           22.0756281338
      -12.1600000000           24.3236753004
      -12.1500000000           27.1744219945
      -12.1400000000           30.8155499397
      -12.1300000000           35.5039672489
      -12.1200000000           41.6013103655
      -12.1100000000           49.6263833107
      -12.1000000000           60.3275052933
      -12.0900000000           74.7689369460
      -12.0800000000           94.3839118187
      -12.0700000000          120.8094792896
      -12.0600000000          154.9696799354
      -12.0500000000          194.4265710057
      -12.0400000000          229.2553999110
      -12.0300000000          243.1935358275
      -12.0200000000          228.0252051437
      -12.0100000000          193.7246196016
      -12.0000000000          156.0988020594
      -11.9900000000          123.9740094370
      -11.9800000000           99.2928766262
      -11.9700000000           81.1025680185
      -11.9600000000           67.8856825283
      -11.9500000000           58.3393257824
      -11.9400000000           51.5102361099
      -11.9300000000           46.7469978455
      -11.9200000000           43.6268953269
      -11.9100000000           41.8984493268
      -11.9000000000           41.4452933211
      -11.8900000000           42.2685199239
      -11.8800000000           44.4828280147
      -11.8700000000           48.3184949594
      -11.8600000000           54.1088125146
      -11.8500000000           62.2079338992
      -11.8400000000           72.7137902115
      -11.8300000000           84.8241366652
      -11.8200000000           95.9917856817
      -11.8100000000          102.2420411852
      -11.8000000000          101.1479635168
      -11.7900000000           94.5236087700
      -11.7800000000           86.5772151165
      -11.7700000000           80.5910897803
      -11.7600000000           78.0831176553
      -11.7500000000           79.5164421977
      -11.7400000000           84.8767219341
      -11.7300000000           93.6374608219
      -11.7200000000          104.1703451397
      -11.7100000000          113.1333909707
      -11.7000000000          116.2626308525
      -11.6900000000          111.2851255718
      -11.6800000000           99.9167138407
      -11.6700000000           86.0220938058
      -11.6600000000           72.6929165730
      -11.6500000000           61.3336500508
      -11.6400000000           52.1937803804
      -11.6300000000           45.0288381872
      -11.6200000000           39.4721901781
      -11.6100000000           35.1811734060
      -11.6000000000           31.8742000832
      -11.5900000000           29.3284239018
      -11.5800000000           27.3713662064
      -11.5700000000           25.8769928506
      -11.5600000000           24.7574531675
      -11.5500000000           23.9407057608
      -11.5400000000           23.3481455262
      -11.5300000000           22.9005486593
      -11.5200000000           22.5554951271
      -11.5100000000           22.3346949142
      -11.5000000000           22.3046531703
      -11.4900000000           22.5332620371
      -11.4800000000           23.0640327411
      -11.4700000000           23.9204496858
      -11.4600000000           25.1335341305
      -11.4500000000           26.7749234439
      -11.4400000000           28.9649946396
      -11.4300000000           31.8317660134
      -11.4200000000           35.4159522099
      -11.4100000000           39.5247452048
      -11.4000000000           43.5744660519
      -11.3900000000           46.5965573517
      -11.3800000000           47.6401722912
      -11.3700000000           46.3925172930
      -11.3600000000           43.3574704979
      -11.3400000000           35.3650415681
      -11.3300000000           31.6922093455
      -11.3200000000           28.6000251062
      -11.3100000000           26.1219804010
      -11.3000000000           24.2099318710
      -11.2900000000           22.7909869082
      -11.2800000000           21.7928379256
      -11.2700000000           21.1503663672
      -11.2600000000           20.8040776708
      -11.2500000000           20.6998607711
      -11.2400000000           20.7989345761
      -11.2300000000           21.0962508810
      -11.2200000000           21.6298497378
      -11.2100000000           22.4705837181
      -11.2000000000           23.7044089264
      -11.1900000000           25.4183748808
      -11.1800000000           27.6807671022
      -11.1700000000           30.4921272702
      -11.1600000000           33.6882056632
      -11.1500000000           36.8256882034
      -11.1400000000           39.2032650427
      -11.1300000000           40.2031342399
      -11.1200000000           39.7564737468
      -11.1100000000           38.3659405258
      -11.1000000000           36.6505960221
      -11.0900000000           34.9833993761
      -11.0800000000           33.4830814254
      -11.0700000000           32.1751276375
      -11.0600000000           31.1024162967
      -11.0500000000           30.3277697630
      -11.0400000000           29.8947456441
      -11.0300000000           29.8120690091
      -11.0200000000           30.0681659582
      -11.0100000000           30.6534694272
      -11.0000000000           31.5724101747
      -10.9900000000           32.8432235754
      -10.9800000000           34.4949210113
      -10.9700000000           36.5678100338
      -10.9600000000           39.1173137806
      -10.9500000000           42.2194171271
      -10.9400000000           45.9774626654
      -10.9300000000           50.5311642071
      -10.9200000000           56.0693260950
      -10.9100000000           62.8483860615
      -10.9000000000           71.2199262117
      -10.8900000000           81.6720094724
      -10.8800000000           94.8919110109
      -10.8700000000          111.8617671525
      -10.8600000000          134.0032921387
      -10.8500000000          163.3887257570
      -10.8400000000          203.0144371187
      -10.8300000000          257.0285219792
      -10.8200000000          330.4419741488
      -10.8100000000          426.9911751762
      -10.8000000000          543.2876958756
      -10.7900000000          662.1400515581
      -10.7800000000          756.7469567986
      -10.7700000000          800.1327529348
      -10.7600000000          767.3176211773
      -10.7500000000          661.0485037595
      -10.7400000000          525.7226085094
      -10.7300000000          404.0592554846
      -10.7200000000          310.4964629515
      -10.7100000000          242.5140954480
      -10.7000000000          193.6233232993
      -10.6900000000          158.1587423634
      -10.6800000000          132.0570670415
      -10.6700000000          112.5682806693
      -10.6600000000           97.8566431320
      -10.6500000000           86.6964143011
      -10.6400000000           78.2693255313
      -10.6300000000           72.0356352411
      -10.6200000000           67.6525373469
      -10.6100000000           64.9195549246
      -10.6000000000           63.7321422531
      -10.5900000000           64.0197720502
      -10.5800000000           65.6364446175
      -10.5700000000           68.1831702277
      -10.5600000000           70.8352971197
      -10.5500000000           72.4367046723
      -10.5400000000           72.0850215483
      -10.5300000000           69.7806620463
      -10.5200000000           66.3530310021
      -10.5100000000           62.7986474381
      -10.5000000000           59.8147826596
      -10.4900000000           57.7620357889
      -10.4800000000           56.8064853249
      -10.4700000000           57.0482271449
      -10.4600000000           58.6001445619
      -10.4500000000           61.6344277726
      -10.4400000000           66.4080389999
      -10.4300000000           73.2582277596
      -10.4200000000           82.5260408685
      -10.4100000000           94.3096544154
      -10.4000000000          107.9154656280
      -10.3900000000          121.1379179552
      -10.3800000000          130.4818400902
      -10.3700000000          133.7504806058
      -10.3600000000          132.7552014903
      -10.3500000000          131.9496954509
      -10.3400000000          135.0141933887
      -10.3300000000          143.0775312535
      -10.3200000000          153.9566367874
      -10.3100000000          162.2007668333
      -10.3000000000          162.6943327833
      -10.2900000000          155.8634226884
      -10.2800000000          146.4983134164
      -10.2700000000          138.5478280537
      -10.2600000000          133.3250993288
      -10.2500000000          130.4902498681
      -10.2400000000          128.9775713004
      -10.2300000000          127.4847303715
      -10.2200000000          125.2767569939
      -10.2100000000          123.0988462674
      -10.2000000000          122.9180031941
      -10.1900000000          126.5297746649
      -10.1800000000          134.3511885478
      -10.1700000000          144.6487113885
      -10.1600000000          153.1563284912
      -10.1500000000          154.6030661192
      -10.1400000000          146.7902475477
      -10.1300000000          132.6864839587
      -10.1200000000          117.3412811444
      -10.1100000000          104.2632465790
      -10.1000000000           94.7615176234
      -10.0900000000           88.8018435739
      -10.0800000000           85.6954424703
      -10.0700000000           84.2932321677
      -10.0600000000           82.9883711400
      -10.0500000000           80.0452965530
      -10.0400000000           74.5058763936
      -10.0300000000           66.8889743726
      -10.0200000000           58.6794592275
      -10.0100000000           51.2039572333
      -10.0000000000           45.0922326726
       -9.9900000000           40.3983448023
       -9.9800000000           36.8843946311
       -9.9700000000           34.2242708176
       -9.9600000000           32.1296323594
       -9.9500000000           30.4266082958
       -9.9400000000           29.0652618936
       -9.9300000000           28.0652089920
       -9.9200000000           27.4560186492
       -9.9100000000           27.2538322214
       -9.9000000000           27.4662253256
       -9.8900000000           28.1046697966
       -9.8800000000           29.1950990170
       -9.8700000000           30.7860785129
       -9.8600000000           32.9568826669
       -9.8500000000           35.8280655926
       -9.8400000000           39.5772780819
       -9.8300000000           44.4639313096
       -9.8200000000           50.8681576116
       -9.8100000000           59.3526294540
       -9.8000000000           70.7600181507
       -9.7900000000           86.3613996156
       -9.7800000000          108.0571781860
       -9.7700000000          138.5426192503
       -9.7600000000          180.9816953659
       -9.7500000000          236.6199301542
       -9.7400000000          297.3176915412
       -9.7300000000          336.3764741750
       -9.7200000000          324.4742213778
       -9.7100000000          269.6743796200
       -9.7000000000          205.8464700393
       -9.6900000000          153.2658129552
       -9.6800000000          115.1238970810
       -9.6700000000           88.4621910168
       -9.6600000000           69.8283110634
       -9.6500000000           56.6318836248
       -9.6400000000           47.1340243451
       -9.6300000000           40.2006010869
       -9.6200000000           35.0921837157
       -9.6100000000           31.3225778457
       -9.6000000000           28.5697538878
       -9.5900000000           26.6209277138
       -9.5800000000           25.3390615059
       -9.5700000000           24.6429551575
       -9.5600000000           24.4964317393
       -9.5500000000           24.9043117812
       -9.5400000000           25.9144481872
       -9.5300000000           27.6265015488
       -9.5200000000           30.2097940617
       -9.5100000000           33.9349780318
       -9.5000000000           39.2279723987
       -9.4900000000           46.7598722027
       -9.4800000000           57.5903395693
       -9.4700000000           73.3648070827
       -9.4600000000           96.4368319358
       -9.4500000000          129.2140881670
       -9.4400000000          170.3980872204
       -9.4300000000          205.8389805930
       -9.4200000000          209.1812680598
       -9.4100000000          175.9260772938
       -9.4000000000          131.6312162983
       -9.3900000000           94.9677517597
       -9.3800000000           69.0570204906
       -9.3700000000           51.4465796436
       -9.3600000000           39.3990609367
       -9.3500000000           30.9713535404
       -9.3400000000           24.9186875485
       -9.3300000000           20.4579362165
       -9.3200000000           17.0911466214
       -9.3100000000           14.4950434888
       -9.3000000000           12.4547067888
       -9.2900000000           10.8238148860
       -9.2800000000            9.5004733363
       -9.2700000000            8.4122225900
       -9.2600000000            7.5065339818
       -9.2500000000            6.7446522184
       -9.2400000000            6.0975216252
       -9.2300000000            5.5430372706
       -9.2200000000            5.0641555948
       -9.2100000000            4.6475733807
       -9.2000000000            4.2827893302
       -9.1900000000            3.9614275617
       -9.1800000000            3.6767432320
       -9.1700000000            3.4232566543
       -9.1600000000            3.1964793128
       -9.1500000000            2.9927064371
       -9.1400000000            2.8088583552
       -9.1300000000            2.6423579938
       -9.1200000000            2.4910354425
       -9.1100000000            2.3530529784
       -9.1000000000            2.2268457008
       -9.0900000000            2.1110741774
       -9.0800000000            2.0045864090
       -9.0700000000            1.9063870761
       -9.0600000000            1.8156125211
       -9.0500000000            1.7315102741
       -9.0400000000            1.6534222057
       -9.0300000000            1.5807705902
       -9.0200000000            1.5130465178
       -9.0100000000            1.4498002157
       -9.0000000000            1.3906329248
       -8.9900000000            1.3351900543
       -8.9800000000            1.2831553877
       -8.9700000000            1.2342461606
       -8.9600000000            1.1882088626
       -8.9500000000            1.1448156441
       -8.9400000000            1.1038612307
       -8.9300000000            1.0651602633
       -8.9200000000            1.0285449993
       -8.9100000000            0.9938633198
       -8.9000000000            0.9609769953
       -8.8900000000            0.9297601743
       -8.8800000000            0.9000980615
       -8.8700000000            0.8718857582
       -8.8600000000            0.8450272440
       -8.8500000000            0.8194344789
       -8.8400000000            0.7950266107
       -8.8300000000            0.7717292733
       -8.8200000000            0.7494739644
       -8.8100000000            0.7281974921
       -8.8000000000            0.7078414819
       -8.7900000000            0.6883519371
       -8.7800000000            0.6696788453
       -8.7700000000            0.6517758262
       -8.7600000000            0.6345998154
       -8.7500000000            0.6181107796
       -8.7400000000            0.6022714615
       -8.7300000000            0.5870471481
       -8.7200000000            0.5724054626
       -8.7100000000            0.5583161752
       -8.7000000000            0.5447510327
       -8.6900000000            0.5316836026
       -8.6800000000            0.5190891328
       -8.6700000000            0.5069444226
       -8.6600000000            0.4952277063
       -8.6500000000            0.4839185462
       -8.6400000000            0.4729977354
       -8.6300000000            0.4624472083
       -8.6200000000            0.4522499595
       -8.6100000000            0.4423899685
       -8.6000000000            0.4328521315
       -8.5900000000            0.4236221976
       -8.5800000000            0.4146867118
       -8.5700000000            0.4060329606
       -8.5600000000            0.3976489231
       -8.5500000000            0.3895232259
       -8.5400000000            0.3816451006
       -8.5300000000            0.3740043452
       -8.5200000000            0.3665912885
       -8.5100000000            0.3593967565
       -8.5000000000            0.3524120414
       -8.4900000000            0.3456288738
       -8.4800000000            0.3390393954
       -8.4700000000            0.3326361347
       -8.4600000000            0.3264119838
       -8.4500000000            0.3203601774
       -8.4400000000            0.3144742728
       -8.4300000000            0.3087481311
       -8.4200000000            0.3031759002
       -8.4100000000            0.2977519985
       -8.4000000000            0.2924711001
       -8.3900000000            0.2873281201
       -8.3800000000            0.2823182021
       -8.3700000000            0.2774367054
       -8.3600000000            0.2726791936
       -8.3500000000            0.2680414236
       -8.3400000000            0.2635193356
       -8.3300000000            0.2591090437
       -8.3200000000            0.2548068264
       -8.3100000000            0.2506091188
       -8.3000000000            0.2465125040
       -8.2900000000            0.2425137066
       -8.2800000000            0.2386095846
       -8.2700000000            0.2347971235
       -8.2600000000            0.2310734300
       -8.2500000000            0.2274357258
       -8.2400000000            0.2238813425
       -8.2300000000            0.2204077160
       -8.2200000000            0.2170123818
       -8.2000000000            0.1823617577
       -8.1900000000            0.1795348271
       -8.1800000000            0.1767713121
       -8.1700000000            0.1740693148
       -8.1600000000            0.1714270087
       -8.1500000000            0.1688426351
       -8.1400000000            0.1663145005
       -8.1300000000            0.1638409732
       -8.1200000000            0.1614204812
       -8.1100000000            0.1590515090
       -8.1000000000            0.1567325954
       -8.0900000000            0.1544623314
       -8.0800000000            0.1522393574
       -8.0700000000            0.1500623617
       -8.0600000000            0.1479300781
       -8.0500000000            0.1458412840
       -8.0400000000            0.1437947990
       -8.0300000000            0.1417894825
       -8.0200000000            0.1398242327
       -8.0100000000            0.1378979847
       -8.0000000000            0.1360097091
       -7.9800000000            0.1164346514
       -7.9700000000            0.1148549918
       -7.9600000000            0.1133060743
       -7.9500000000            0.1117871047
       -7.9400000000            0.1102973144
       -7.9300000000            0.1088359596
       -7.9200000000            0.1074023199
       -7.9100000000            0.1059956981
       -7.9000000000            0.1046154185
       -7.8900000000            0.1032608270
       -7.8800000000            0.1019312893
       -7.8700000000            0.1006261911
       -7.8600000000            0.0993449366
       -7.8500000000            0.0980869484
       -7.8400000000            0.0968516664
       -7.8300000000            0.0956385475
       -7.8200000000            0.0944470647
       -7.8100000000            0.0932767067
       -7.8000000000            0.0921269773
       -7.7900000000            0.0909973949
       -7.7800000000            0.0898874920
       -7.7700000000            0.0887968145
       -7.7600000000            0.0877249215
       -7.7500000000            0.0866713847
       -7.7400000000            0.0856357879
       -7.7300000000            0.0846177270
       -7.7200000000            0.0836168089
       -7.7100000000            0.0826326517
       -7.7000000000            0.0816648842
       -7.6900000000            0.0807131452
       -7.6800000000            0.0797770837
       -7.6700000000            0.0788563583
       -7.6600000000            0.0779506366
       -7.6500000000            0.0770595956
       -7.6400000000            0.0761829206
       -7.6300000000            0.0753203056
       -7.6200000000            0.0744714526
       -7.6100000000            0.0736360715
       -7.6000000000            0.0728138799
       -7.5900000000            0.0720046027
       -7.5800000000            0.0712079720
       -7.5700000000            0.0704237270
       -7.5600000000            0.0696516133
       -7.5500000000            0.0688913832
       -7.5400000000            0.0681427953
       -7.5300000000            0.0674056144
       -7.5200000000            0.0666796110
       -7.5100000000            0.0659645616
       -7.5000000000            0.0652602482
       -7.4900000000            0.0645664581
       -7.4800000000            0.0638829840
       -7.4700000000            0.0632096237
       -7.4600000000            0.0625461798
       -7.4500000000            0.0618924598
       -7.4400000000            0.0612482758
       -7.4300000000            0.0606134446
       -7.4200000000            0.0599877873
       -7.4100000000            0.0593711291
       -7.4000000000            0.0587632995
       -7.3900000000            0.0581641321
       -7.3800000000            0.0575734642
       -7.3700000000            0.0569911372
       -7.3600000000            0.0564169958
       -7.3500000000            0.0558508888
       -7.3400000000            0.0552926679
       -7.3300000000            0.0547421888
       -7.3200000000            0.0541993100
       -7.3100000000            0.0536638934
       -7.3000000000            0.0531358043
       -7.2900000000            0.0526149105
       -7.2800000000            0.0521010832
       -7.2700000000            0.0515941963
       -7.2600000000            0.0510941264
       -7.2500000000            0.0506007532
       -7.2400000000            0.0501139585
       -7.2300000000            0.0496336272
       -7.2200000000            0.0491596464
       -7.2100000000            0.0486919058
       -7.2000000000            0.0482302973
       -7.1900000000            0.0477747155
       -7.1800000000            0.0473250568
       -7.1700000000            0.0468812201
       -7.1600000000            0.0464431064
       -7.1400000000            0.0305527107
       -7.1300000000            0.0302547921
       -7.1200000000            0.0299608812
       -7.1100000000            0.0296709077
       -7.1000000000            0.0293848028
       -7.0900000000            0.0291024993
       -7.0800000000            0.0288239312
       -7.0700000000            0.0285490342
       -7.0600000000            0.0282777451
       -7.0500000000            0.0280100023
       -7.0400000000            0.0277457452
       -7.0300000000            0.0274849148
       -7.0200000000            0.0272274530
       -7.0100000000            0.0269733032
       -6.9900000000            0.0108124653
       -6.9800000000            0.0107069194
       -6.9700000000            0.0106028111
       -6.9600000000            0.0105001149
       -6.9500000000            0.0103988061
       -6.9400000000            0.0102988604
       -6.9300000000            0.0102002541
       -6.9200000000            0.0101029639
       -6.9100000000            0.0100069672
       -6.9000000000            0.0099122416
       -6.8900000000            0.0098187654
       -6.8800000000            0.0097265172
       -6.8700000000            0.0096354762
       -6.8600000000            0.0095456218
       -6.8500000000            0.0094569341
       -6.8400000000            0.0093693934
       -6.8300000000            0.0092829805
       -6.8200000000            0.0091976766
       -6.8100000000            0.0091134632
       -6.8000000000            0.0090303223
       -6.7900000000            0.0089482362
       -6.7800000000            0.0088671876
       -6.7700000000            0.0087871593
       -6.7600000000            0.0087081349
       -6.7500000000            0.0086300979
       -6.7400000000            0.0085530323
       -6.7300000000            0.0084769226
       -6.7200000000            0.0084017532
       -6.7000000000            0.0000000000
       -6.6900000000            0.0000000000
       -6.6800000000            0.0000000000
       -6.6700000000            0.0000000000
       -6.6600000000            0.0000000000
       -6.6500000000            0.0000000000
       -6.6400000000            0.0000000000
       -6.6300000000            0.0000000000
       -6.6200000000            0.0000000000
       -6.6100000000            0.0000000000
       -6.6000000000            0.0000000000
       -6.5900000000            0.0000000000
       -6.5800000000            0.0000000000
       -6.5700000000            0.0000000000
       -6.5600000000            0.0000000000
       -6.5500000000            0.0000000000
       -6.5400000000            0.0000000000
       -6.5300000000            0.0000000000
       -6.5200000000            0.0000000000
       -6.5100000000            0.0000000000
       -6.5000000000            0.0000000000
       -6.4900000000            0.0000000000
       -6.4800000000            0.0000000000
       -6.4700000000            0.0000000000
       -6.4600000000            0.0000000000
       -6.4500000000            0.0000000000
       -6.4400000000            0.0000000000
       -6.4300000000            0.0000000000
       -6.4200000000            0.0000000000
       -6.4100000000            0.0000000000
       -6.4000000000            0.0000000000
       -6.3900000000            0.0000000000
       -6.3800000000            0.0000000000
       -6.3700000000            0.0000000000
       -6.3600000000            0.0000000000
       -6.3500000000            0.0000000000
       -6.3400000000            0.0000000000
       -6.3300000000            0.0000000000
       -6.3200000000            0.0000000000
       -6.3100000000            0.0000000000
       -6.3000000000            0.0000000000
       -6.2900000000            0.0000000000
       -6.2800000000            0.0000000000
       -6.2700000000            0.0000000000
       -6.2600000000            0.0000000000
       -6.2500000000            0.0000000000
       -6.2400000000            0.0000000000
       -6.2300000000            0.0000000000
       -6.2200000000            0.0000000000
       -6.2100000000            0.0000000000
       -6.2000000000            0.0000000000
       -6.1900000000            0.0000000000
       -6.1800000000            0.0000000000
       -6.1700000000            0.0000000000
       -6.1600000000            0.0000000000
       -6.1500000000            0.0000000000
       -6.1400000000            0.0000000000
       -6.1300000000            0.0000000000
       -6.1200000000            0.0000000000
       -6.1100000000            0.0000000000
       -6.1000000000            0.0000000000
       -6.0900000000            0.0000000000
       -6.0800000000            0.0000000000
       -6.0700000000            0.0000000000
       -6.0600000000            0.0000000000
       -6.0500000000            0.0000000000
       -6.0400000000            0.0000000000
       -6.0300000000            0.0000000000
       -6.0200000000            0.0000000000
       -6.0100000000            0.0000000000
       -6.0000000000            0.0000000000
       -5.9900000000            0.0000000000
       -5.9800000000            0.0000000000
       -5.9700000000            0.0000000000
       -5.9600000000            0.0000000000
       -5.9500000000            0.0000000000
       -5.9400000000            0.0000000000
       -5.9300000000            0.0000000000
       -5.9200000000            0.0000000000
       -5.9100000000            0.0000000000
       -5.9000000000            0.0000000000
       -5.8900000000            0.0000000000
       -5.8800000000            0.0000000000
       -5.8700000000            0.0000000000
       -5.8600000000            0.0000000000
       -5.8500000000            0.0000000000
       -5.8400000000            0.0000000000
       -5.8300000000            0.0000000000
       -5.8200000000            0.0000000000
       -5.8100000000            0.0000000000
       -5.8000000000            0.0000000000
       -5.7900000000            0.0000000000
       -5.7800000000            0.0000000000
       -5.7700000000            0.0000000000
       -5.7600000000            0.0000000000
       -5.7500000000            0.0000000000
       -5.7400000000            0.0000000000
       -5.7300000000            0.0000000000
       -5.7200000000            0.0000000000
       -5.7100000000            0.0000000000
       -5.7000000000            0.0000000000
       -5.6900000000            0.0000000000
       -5.6800000000            0.0000000000
       -5.6700000000            0.0000000000
       -5.6600000000            0.0000000000
       -5.6500000000            0.0000000000
       -5.6400000000            0.0000000000
       -5.6300000000            0.0000000000
       -5.6200000000            0.0000000000
       -5.6100000000            0.0000000000
       -5.6000000000            0.0000000000
       -5.5900000000            0.0000000000
       -5.5800000000            0.0000000000
       -5.5700000000            0.0000000000
       -5.5600000000            0.0000000000
       -5.5500000000            0.0000000000
       -5.5400000000            0.0000000000
       -5.5300000000            0.0000000000
       -5.5200000000            0.0000000000
       -5.5100000000            0.0000000000
       -5.5000000000            0.0000000000
       -5.4900000000            0.0000000000
       -5.4800000000            0.0000000000
       -5.4700000000            0.0000000000
       -5.4600000000            0.0000000000
       -5.4500000000            0.0000000000
       -5.4400000000            0.0000000000
       -5.4300000000            0.0000000000
       -5.4200000000            0.0000000000
       -5.4100000000            0.0000000000
       -5.4000000000            0.0000000000
       -5.3900000000            0.0000000000
       -5.3800000000            0.0000000000
       -5.3700000000            0.0000000000
       -5.3600000000            0.0000000000
       -5.3500000000            0.0000000000
       -5.3400000000            0.0000000000
       -5.3300000000            0.0000000000
       -5.3200000000            0.0000000000
       -5.3100000000            0.0000000000
       -5.3000000000            0.0000000000
       -5.2900000000            0.0000000000
       -5.2800000000            0.0000000000
       -5.2700000000            0.0000000000
       -5.2600000000            0.0000000000
       -5.2500000000            0.0000000000
       -5.2400000000            0.0000000000
       -5.2300000000            0.0000000000
       -5.2200000000            0.0000000000
       -5.2100000000            0.0000000000
       -5.2000000000            0.0000000000
       -5.1900000000            0.0000000000
       -5.1800000000            0.0000000000
       -5.1700000000            0.0000000000
       -5.1600000000            0.0000000000
       -5.1500000000            0.0000000000
       -5.1400000000            0.0000000000
       -5.1300000000            0.0000000000
       -5.1200000000            0.0000000000
       -5.1100000000            0.0000000000
       -5.1000000000            0.0000000000
       -5.0900000000            0.0000000000
       -5.0800000000            0.0000000000
       -5.0700000000            0.0000000000
       -5.0600000000            0.0000000000
       -5.0500000000            0.0000000000
       -5.0400000000            0.0000000000
       -5.0300000000            0.0000000000
       -5.0200000000            0.0000000000
       -5.0100000000            0.0000000000
       -5.0000000000            0.0000000000
       -4.9900000000            0.0000000000
       -4.9800000000            0.0000000000
       -4.9700000000            0.0000000000
       -4.9600000000            0.0000000000
       -4.9500000000            0.0000000000
       -4.9400000000            0.0000000000
       -4.9300000000            0.0000000000
       -4.9200000000            0.0000000000
       -4.9100000000            0.0000000000
       -4.9000000000            0.0000000000
       -4.8900000000            0.0000000000
       -4.8800000000            0.0000000000
       -4.8700000000            0.0000000000
       -4.8600000000            0.0000000000
       -4.8500000000            0.0000000000
       -4.8400000000            0.0000000000
       -4.8300000000            0.0000000000
       -4.8200000000            0.0000000000
       -4.8100000000            0.0000000000
       -4.8000000000            0.0000000000
       -4.7900000000            0.0000000000
       -4.7800000000            0.0000000000
       -4.7700000000            0.0000000000
       -4.7600000000            0.0000000000
       -4.7500000000            0.0000000000
       -4.7400000000            0.0000000000
       -4.7300000000            0.0000000000
       -4.7200000000            0.0000000000
       -4.7100000000            0.0000000000
       -4.7000000000            0.0000000000
       -4.6900000000            0.0000000000
       -4.6800000000            0.0000000000
       -4.6700000000            0.0000000000
       -4.6600000000            0.0000000000
       -4.6500000000            0.0000000000
       -4.6400000000            0.0000000000
       -4.6300000000            0.0000000000
       -4.6200000000            0.0000000000
       -4.6100000000            0.0000000000
       -4.6000000000            0.0000000000
       -4.5900000000            0.0000000000
       -4.5800000000            0.0000000000
       -4.5700000000            0.0000000000
       -4.5600000000            0.0000000000
       -4.5500000000            0.0000000000
       -4.5400000000            0.0000000000
       -4.5300000000            0.0000000000
       -4.5200000000            0.0000000000
       -4.5100000000            0.0000000000
       -4.5000000000            0.0000000000
       -4.4900000000            0.0000000000
       -4.4800000000            0.0000000000
       -4.4700000000            0.0000000000
       -4.4600000000            0.0000000000
       -4.4500000000            0.0000000000
       -4.4400000000            0.0000000000
       -4.4300000000            0.0000000000
       -4.4200000000            0.0000000000
       -4.4100000000            0.0000000000
       -4.4000000000            0.0000000000
       -4.3900000000            0.0000000000
       -4.3800000000            0.0000000000
       -4.3700000000            0.0000000000
       -4.3600000000            0.0000000000
       -4.3500000000            0.0000000000
       -4.3400000000            0.0000000000
       -4.3300000000            0.0000000000
       -4.3200000000            0.0000000000
       -4.3100000000            0.0000000000
       -4.3000000000            0.0000000000
       -4.2900000000            0.0000000000
       -4.2800000000            0.0000000000
       -4.2700000000            0.0000000000
       -4.2600000000            0.0000000000
       -4.2500000000            0.0000000000
       -4.2400000000            0.0000000000
       -4.2300000000            0.0000000000
       -4.2200000000            0.0000000000
       -4.2100000000            0.0000000000
       -4.2000000000            0.0000000000
       -4.1900000000            0.0000000000
       -4.1800000000            0.0000000000
       -4.1700000000            0.0000000000
       -4.1600000000            0.0000000000
       -4.1500000000            0.0000000000
       -4.1400000000            0.0000000000
       -4.1300000000            0.0000000000
       -4.1200000000            0.0000000000
       -4.1100000000            0.0000000000
       -4.1000000000            0.0000000000
       -4.0900000000            0.0000000000
       -4.0800000000            0.0000000000
       -4.0700000000            0.0000000000
       -4.0600000000            0.0000000000
       -4.0500000000            0.0000000000
       -4.0300000000            0.0078355814
       -4.0200000000            0.0079156052
       -4.0100000000            0.0079967605
       -4.0000000000            0.0080790680
       -3.9900000000            0.0081625488
       -3.9800000000            0.0082472244
       -3.9700000000            0.0083331169
       -3.9600000000            0.0084202488
       -3.9500000000            0.0085086433
       -3.9400000000            0.0085983237
       -3.9300000000            0.0086893144
       -3.9200000000            0.0087816399
       -3.9100000000            0.0088753255
       -3.9000000000            0.0089703970
       -3.8900000000            0.0090668808
       -3.8800000000            0.0091648041
       -3.8700000000            0.0092641945
       -3.8600000000            0.0093650803
       -3.8500000000            0.0094674905
       -3.8400000000            0.0095714549
       -3.8300000000            0.0096770039
       -3.8200000000            0.0097841685
       -3.8100000000            0.0098929807
       -3.8000000000            0.0100034733
       -3.7900000000            0.0101156795
       -3.7800000000            0.0102296338
       -3.7700000000            0.0103453712
       -3.7600000000            0.0104629277
       -3.7500000000            0.0105823403
       -3.7400000000            0.0107036467
       -3.7300000000            0.0108268858
       -3.7200000000            0.0109520971
       -3.7100000000            0.0110793215
       -3.7000000000            0.0112086008
       -3.6900000000            0.0113399777
       -3.6800000000            0.0114734962
       -3.6700000000            0.0116092014
       -3.6600000000            0.0117471395
       -3.6500000000            0.0118873580
       -3.6400000000            0.0120299055
       -3.6300000000            0.0121748321
       -3.6200000000            0.0123221889
       -3.6100000000            0.0124720286
       -3.6000000000            0.0126244053
       -3.5900000000            0.0127793745
       -3.5800000000            0.0129369931
       -3.5700000000            0.0130973197
       -3.5600000000            0.0132604145
       -3.5500000000            0.0134263391
       -3.5400000000            0.0135951572
       -3.5300000000            0.0137669339
       -3.5200000000            0.0139417362
       -3.5100000000            0.0141196331
       -3.5000000000            0.0143006954
       -3.4900000000            0.0144849960
       -3.4800000000            0.0146726098
       -3.4700000000            0.0148636139
       -3.4600000000            0.0150580875
       -3.4500000000            0.0152561123
       -3.4400000000            0.0154577720
       -3.4300000000            0.0156631532
       -3.4200000000            0.0158723447
       -3.4100000000            0.0160854380
       -3.4000000000            0.0163025274
       -3.3900000000            0.0165237099
       -3.3800000000            0.0167490856
       -3.3700000000            0.0169787573
       -3.3600000000            0.0172128312
       -3.3500000000            0.0174514167
       -3.3400000000            0.0176946264
       -3.3300000000            0.0179425766
       -3.3200000000            0.0181953869
       -3.3100000000            0.0184531809
       -3.3000000000            0.0187160861
       -3.2900000000            0.0189842338
       -3.2800000000            0.0192577597
       -3.2700000000            0.0195368037
       -3.2600000000            0.0198215103
       -3.2500000000            0.0201120286
       -3.2400000000            0.0204085125
       -3.2300000000            0.0207111211
       -3.2200000000            0.0210200187
       -3.2100000000            0.0213353750
       -3.2000000000            0.0216573653
       -3.1900000000            0.0219861711
       -3.1800000000            0.0223219796
       -3.1700000000            0.0226649847
       -3.1600000000            0.0230153868
       -3.1500000000            0.0233733933
       -3.1400000000            0.0237392187
       -3.1300000000            0.0241130850
       -3.1200000000            0.0244952221
       -3.1100000000            0.0248858680
       -3.1000000000            0.0252852692
       -3.0900000000            0.0256936809
       -3.0800000000            0.0261113677
       -3.0700000000            0.0265386038
       -3.0600000000            0.0269756733
       -3.0500000000            0.0274228711
       -3.0400000000            0.0278805026
       -3.0300000000            0.0283488850
       -3.0200000000            0.0288283473
       -3.0100000000            0.0293192310
       -3.0000000000            0.0298218907
       -2.9900000000            0.0303366946
       -2.9800000000            0.0308640252
       -2.9700000000            0.0314042800
       -2.9600000000            0.0319578720
       -2.9500000000            0.0325252308
       -2.9400000000            0.0331068030
       -2.9300000000            0.0337030532
       -2.9200000000            0.0343144650
       -2.9100000000            0.0349415416
       -2.9000000000            0.0355848071
       -2.8900000000            0.0362448073
       -2.8800000000            0.0369221107
       -2.8700000000            0.0376173102
       -2.8600000000            0.0383310235
       -2.8500000000            0.0390638951
       -2.8400000000            0.0398165973
       -2.8300000000            0.0405898316
       -2.8200000000            0.0413843306
       -2.8100000000            0.0422008592
       -2.8000000000            0.0430402165
       -2.7900000000            0.0439032379
       -2.7800000000            0.0447907966
       -2.7700000000            0.0457038060
       -2.7600000000            0.0466432217
       -2.7500000000            0.0476100440
       -2.7400000000            0.0486053204
       -2.7300000000            0.0496301484
       -2.7200000000            0.0506856778
       -2.7100000000            0.0517731146
       -2.7000000000            0.0528937234
       -2.6900000000            0.0540488314
       -2.6800000000            0.0552398321
       -2.6700000000            0.0564681890
       -2.6600000000            0.0577354398
       -2.6500000000            0.0590432016
       -2.6400000000            0.0603931748
       -2.6300000000            0.0617871491
       -2.6200000000            0.0632270088
       -2.6100000000            0.0647147390
       -2.6000000000            0.0662524315
       -2.5900000000            0.0678422927
       -2.5800000000            0.0694866504
       -2.5700000000            0.0711879620
       -2.5600000000            0.0729488235
       -2.5500000000            0.0747719783
       -2.5400000000            0.0766603282
       -2.5300000000            0.0786169435
       -2.5200000000            0.0806450752
       -2.5100000000            0.0827481682
       -2.5000000000            0.0849298744
       -2.4900000000            0.0871940685
       -2.4800000000            0.0895448641
       -2.4700000000            0.0919866311
       -2.4600000000            0.0945240156
       -2.4500000000            0.0971619609
       -2.4400000000            0.0999057298
       -2.4300000000            0.1027609302
       -2.4200000000            0.1057335425
       -2.4100000000            0.1088299488
       -2.4000000000            0.1120569663
       -2.3900000000            0.1154218825
       -2.3800000000            0.1189324951
       -2.3700000000            0.1225971543
       -2.3600000000            0.1264248113
       -2.3500000000            0.1304250695
       -2.3400000000            0.1346082428
       -2.3300000000            0.1389854191
       -2.3200000000            0.1435685301
       -2.3100000000            0.1483704298
       -2.3000000000            0.1534049805
       -2.2900000000            0.1586871486
       -2.2800000000            0.1642331115
       -2.2700000000            0.1700603761
       -2.2600000000            0.1761879116
       -2.2500000000            0.1826362975
       -2.2400000000            0.1894278895
       -2.2300000000            0.1965870060
       -2.2200000000            0.2041401370
       -2.2100000000            0.2121161800
       -2.2000000000            0.2205467057
       -2.1900000000            0.2294662589
       -2.1800000000            0.2389126993
       -2.1700000000            0.2489275886
       -2.1600000000            0.2595566310
       -2.1500000000            0.2708501767
       -2.1400000000            0.2828637965
       -2.1300000000            0.2956589428
       -2.1200000000            0.3093037081
       -2.1100000000            0.3238737007
       -2.1000000000            0.3394530582
       -2.0900000000            0.3561356221
       -2.0800000000            0.3740263069
       -2.0700000000            0.3932426974
       -2.0600000000            0.4139169217
       -2.0500000000            0.4361978546
       -2.0400000000            0.4602537183
       -2.0300000000            0.4862751667
       -2.0200000000            0.5144789558
       -2.0100000000            0.5451123341
       -2.0000000000            0.5784583159
       -1.9900000000            0.6148420464
       -1.9800000000            0.6546385274
       -1.9700000000            0.6982820405
       -1.9600000000            0.7462777121
       -1.9500000000            0.7992157918
       -1.9400000000            0.8577893945
       -1.9300000000            0.9228167026
       -1.9200000000            0.9952689515
       -1.9100000000            1.0763059860
       -1.9000000000            1.1673218169
       -1.8900000000            1.2700035207
       -1.8800000000            1.3864081371
       -1.8700000000            1.5190641234
       -1.8600000000            1.6711067410
       -1.8500000000            1.8464609709
       -1.8400000000            2.0500919983
       -1.8300000000            2.2883533264
       -1.8200000000            2.5694784866
       -1.8100000000            2.9042881404
       -1.8000000000            3.3072273717
       -1.7900000000            3.7979215810
       -1.7800000000            4.4035693746
       -1.7700000000            5.1627285229
       -1.7600000000            6.1315032278
       -1.7500000000            7.3940410493
       -1.7400000000            9.0811361185
       -1.7300000000           11.4049473136
       -1.7200000000           14.7279467216
       -1.7100000000           19.7107021566
       -1.7000000000           27.6605351534
       -1.6900000000           41.4632829122
       -1.6800000000           68.5313140708
       -1.6700000000          132.6825256670
       -1.6600000000          343.2505105921
       -1.6500000000         1467.6784536217
       -1.6400000000         1250.5021439750
       -1.6300000000          309.9805004057
       -1.6200000000          126.3132597139
       -1.6100000000           67.4430954905
       -1.6000000000           41.8212764898
       -1.5900000000           28.4729896564
       -1.5800000000           20.6580826157
       -1.5700000000           15.6939447989
       -1.5600000000           12.3452147042
       -1.5500000000            9.9795468555
       -1.5300000000            7.9037532538
       -1.5200000000            6.7500435145
       -1.5100000000            5.8391547281
       -1.5000000000            5.1073339409
       -1.4900000000            4.5104863131
       -1.4800000000            4.0173244228
       -1.4700000000            3.6051493119
       -1.4600000000            3.2571683889
       -1.4500000000            2.9607422082
       -1.4400000000            2.7062098896
       -1.4300000000            2.4860847794
       -1.4200000000            2.2944927388
       -1.4100000000            2.1267728794
       -1.4000000000            1.9791891897
       -1.3900000000            1.8487192019
       -1.3800000000            1.7328970495
       -1.3700000000            1.6296954906
       -1.3600000000            1.5374362295
       -1.3500000000            1.4547210473
       -1.3400000000            1.3803784117
       -1.3300000000            1.3134217299
       -1.3200000000            1.2530164464
       -1.3100000000            1.1984539257
       -1.3000000000            1.1491305890
       -1.2900000000            1.1045311550
       -1.2800000000            1.0642151150
       -1.2700000000            1.0278057802
       -1.2600000000            0.9949813933
       -1.2500000000            0.9654679142
       -1.2400000000            0.9390331768
       -1.2300000000            0.9154821853
       -1.2200000000            0.8946533711
       -1.2100000000            0.8764156736
       -1.2000000000            0.8606663463
       -1.1900000000            0.8473294156
       -1.1800000000            0.8363547487
       -1.1700000000            0.8277177078
       -1.1600000000            0.8214193934
       -1.1500000000            0.8174875010
       -1.1400000000            0.8159778411
       -1.1300000000            0.8169766021
       -1.1200000000            0.8206034698
       -1.1100000000            0.8270157589
       -1.1000000000            0.8364137657
       -1.0900000000            0.8490476216
       -1.0800000000            0.8652260124
       -1.0700000000            0.8853272528
       -1.0600000000            0.9098133593
       -1.0500000000            0.9392479801
       -1.0400000000            0.9743193321
       -1.0300000000            1.0158696892
       -1.0200000000            1.0649335142
       -1.0100000000            1.1227870822
       -1.0000000000            1.1910134934
       -0.9900000000            1.2715884311
       -0.9800000000            1.3669940500
       -0.9700000000            1.4803711679
       -0.9600000000            1.6157237029
       -0.9500000000            1.7781942113
       -0.9400000000            1.9744352678
       -0.9300000000            2.2131072077
       -0.9200000000            2.5055346994
       -0.9100000000            2.8665425880
       -0.9000000000            3.3154397637
       -0.8900000000            3.8769678470
       -0.8800000000            4.5816465345
       -0.8700000000            5.4640755482
       -0.8600000000            6.5560492999
       -0.8500000000            7.8688996238
       -0.8400000000            9.3589988755
       -0.8300000000           10.8813254280
       -0.8200000000           12.1704860267
       -0.8100000000           12.9189983912
       -0.8000000000           12.9486774262
       -0.7900000000           12.3150259115
       -0.7800000000           11.2332578477
       -0.7700000000            9.9406137826
       -0.7600000000            8.6223167517
       -0.7500000000            7.3972364882
       -0.7400000000            6.3259008658
       -0.7300000000            5.4257192003
       -0.7200000000            4.6878029023
       -0.7100000000            4.0909371820
       -0.7000000000            3.6102897811
       -0.6900000000            3.2212863842
       -0.6800000000            2.9008689722
       -0.6700000000            2.6287968801
       -0.6600000000            2.3901908383
       -0.6500000000            2.1772743255
       -0.6400000000            1.9877195950
       -0.6300000000            1.8210087650
       -0.6200000000            1.6760433605
       -0.6100000000            1.5507486846
       -0.6000000000            1.4425635318
       -0.5900000000            1.3489319811
       -0.5800000000            1.2675630740
       -0.5700000000            1.1965111089
       -0.5600000000            1.1341651765
       -0.5500000000            1.0792049378
       -0.5400000000            1.0305501361
       -0.5300000000            0.9873146410
       -0.5200000000            0.9487680768
       -0.5100000000            0.9143049782
       -0.5000000000            0.8834203997
       -0.4900000000            0.8556907283
       -0.4800000000            0.8307585845
       -0.4700000000            0.8083208941
       -0.4600000000            0.7881194186
       -0.4500000000            0.7699331886
       -0.4400000000            0.7535724230
       -0.4300000000            0.7388736099
       -0.4200000000            0.7256955045
       -0.4100000000            0.7139158554
       -0.4000000000            0.7034287121
       -0.3900000000            0.6941422019
       -0.3800000000            0.6859766864
       -0.3700000000            0.6788632275
       -0.3600000000            0.6727423100
       -0.3500000000            0.6675627736
       -0.3400000000            0.6632809223
       -0.3300000000            0.6598597819
       -0.3200000000            0.6572684825
       -0.3100000000            0.6554817498
       -0.3000000000            0.6544794891
       -0.2900000000            0.6542464505
       -0.2800000000            0.6547719676
       -0.2700000000            0.6560497615
       -0.2600000000            0.6580778039
       -0.2500000000            0.6608582383
       -0.2400000000            0.6643973532
       -0.2300000000            0.6687056087
       -0.2200000000            0.6737977159
       -0.2100000000            0.6796927691
       -0.2000000000            0.6864144341
       -0.1900000000            0.6939911964
       -0.1800000000            0.7024566730
       -0.1700000000            0.7118499957
       -0.1600000000            0.7222162722
       -0.1500000000            0.7336071377
       -0.1400000000            0.7460814065
       -0.1300000000            0.7597058411
       -0.1200000000            0.7745560566
       -0.1100000000            0.7907175826
       -0.1000000000            0.8082871113
       -0.0900000000            0.8273739646
       -0.0800000000            0.8481018213
       -0.0700000000            0.8706107562
       -0.0600000000            0.8950596518
       -0.0500000000            0.9216290608
       -0.0400000000            0.9505246142
       -0.0300000000            0.9819810940
       -0.0200000000            1.0162673209
       -0.0100000000            1.0536920436
