      -20.0000000000            1.6920424343
      -19.9900000000            1.8200578727
      -19.9800000000            1.8665523395
      -19.9700000000            1.8109392898
      -19.9600000000            1.6706728312
      -19.9500000000            1.4875160042
      -19.9400000000            1.3012904098
      -19.9300000000            1.1362390531
      -19.9200000000            1.0021061838
      -19.9100000000            0.9001928211
      -19.9000000000            0.8282437529
      -19.8900000000            0.7829292897
      -19.8800000000            0.7604202467
      -19.8700000000            0.7556264341
      -19.8600000000            0.7607098755
      -19.8500000000            0.7643163432
      -19.8400000000            0.7539725122
      -19.8300000000            0.7221523904
      -19.8200000000            0.6708969462
      -19.8100000000            0.6094354266
      -19.8000000000            0.5476421198
      -19.7900000000            0.4918744482
      -19.7800000000            0.4446983882
      -19.7700000000            0.4062708297
      -19.7600000000            0.3756180671
      -19.7500000000            0.3513806064
      -19.7400000000            0.3322039518
      -19.7300000000            0.3169993515
      -19.7200000000            0.3050975521
      -19.7100000000            0.2962033402
      -19.7000000000            0.2902120879
      -19.6900000000            0.2870626472
      -19.6800000000            0.2866847109
      -19.6700000000            0.2889880115
      -19.6600000000            0.2938493525
      -19.6500000000            0.3010943114
      -19.6400000000            0.3104618958
      -19.6300000000            0.3215040396
      -19.6200000000            0.3334800440
      -19.6100000000            0.3455441980
      -19.6000000000            0.3573698002
      -19.5900000000            0.3696673093
      -19.5800000000            0.3839661857
      -19.5700000000            0.4019621847
      -19.5600000000            0.4251318312
      -19.5500000000            0.4547619787
      -19.5400000000            0.4921485694
      -19.5300000000            0.5387718796
      -19.5200000000            0.5963853231
      -19.5100000000            0.6669820010
      -19.5000000000            0.7525048621
      -19.4900000000            0.8539774843
      -19.4800000000            0.9697015914
      -19.4700000000            1.0928027119
      -19.4600000000            1.2101777931
      -19.4500000000            1.3066598448
      -19.4400000000            1.3750807405
      -19.4300000000            1.4239318043
      -19.4200000000            1.4738231792
      -19.4100000000            1.5473917836
      -19.4000000000            1.6629661187
      -19.3900000000            1.8340078971
      -19.3800000000            2.0701301694
      -19.3700000000            2.3756791840
      -19.3600000000            2.7433748633
      -19.3500000000            3.1424623591
      -19.3400000000            3.5073344956
      -19.3300000000            3.7448870366
      -19.3200000000            3.7779105175
      -19.3100000000            3.5998092452
      -19.3000000000            3.2800895958
      -19.2900000000            2.9136244018
      -19.2800000000            2.5718537932
      -19.2700000000            2.2891542681
      -19.2600000000            2.0708613367
      -19.2500000000            1.9038886927
      -19.2400000000            1.7649110798
      -19.2300000000            1.6297771485
      -19.2200000000            1.4847740784
      -19.2100000000            1.3316764160
      -19.2000000000            1.1815510559
      -19.1900000000            1.0450548678
      -19.1800000000            0.9278306947
      -19.1700000000            0.8310125287
      -19.1600000000            0.7532873694
      -19.1500000000            0.6925180473
      -19.1400000000            0.6466181087
      -19.1300000000            0.6139077764
      -19.1200000000            0.5931684199
      -19.1100000000            0.5834932556
      -19.1000000000            0.5839339703
      -19.0900000000            0.5929321002
      -19.0800000000            0.6077104541
      -19.0700000000            0.6241951953
      -19.0600000000            0.6381616915
      -19.0500000000            0.6474462689
      -19.0400000000            0.6536681822
      -19.0300000000            0.6616181860
      -19.0200000000            0.6763448712
      -19.0100000000            0.6999031470
      -19.0000000000            0.7291257790
      -18.9900000000            0.7549870441
      -18.9800000000            0.7652440672
      -18.9700000000            0.7512953046
      -18.9600000000            0.7144410648
      -18.9500000000            0.6646329470
      -18.9400000000            0.6134955420
      -18.9300000000            0.5691507925
      -18.9200000000            0.5354293538
      -18.9100000000            0.5131968568
      -18.9000000000            0.5016100064
      -18.8900000000            0.4986567980
      -18.8800000000            0.5012916670
      -18.8700000000            0.5059609409
      -18.8600000000            0.5101310616
      -18.8500000000            0.5139878742
      -18.8400000000            0.5204686549
      -18.8300000000            0.5336173726
      -18.8200000000            0.5571463723
      -18.8100000000            0.5941390730
      -18.8000000000            0.6473609819
      -18.7900000000            0.7194239304
      -18.7800000000            0.8122809165
      -18.7700000000            0.9255516857
      -18.7600000000            1.0532488109
      -18.7500000000            1.1796033893
      -18.7400000000            1.2779748353
      -18.7300000000            1.3195430058
      -18.7200000000            1.2910793687
      -18.7100000000            1.2052693785
      -18.7000000000            1.0909778813
      -18.6900000000            0.9754965693
      -18.6800000000            0.8755494825
      -18.6700000000            0.7981844434
      -18.6600000000            0.7449349034
      -18.6500000000            0.7151775759
      -18.6400000000            0.7079005187
      -18.6300000000            0.7222126560
      -18.6200000000            0.7568506393
      -18.6100000000            0.8086389967
      -18.6000000000            0.8699462965
      -18.5900000000            0.9263950862
      -18.5800000000            0.9584270257
      -18.5700000000            0.9499493839
      -18.5600000000            0.8990639361
      -18.5500000000            0.8191305003
      -18.5400000000            0.7288129860
      -18.5300000000            0.6423952532
      -18.5200000000            0.5670596077
      -18.5100000000            0.5046983544
      -18.5000000000            0.4544370628
      -18.4900000000            0.4143950253
      -18.4800000000            0.3826752000
      -18.4700000000            0.3577969430
      -18.4600000000            0.3386948080
      -18.4500000000            0.3244822354
      -18.4400000000            0.3142072258
      -18.4300000000            0.3067366451
      -18.4200000000            0.3008899182
      -18.4100000000            0.2958502593
      -18.4000000000            0.2915209195
      -18.3900000000            0.2884096985
      -18.3800000000            0.2871875494
      -18.3700000000            0.2883794728
      -18.3600000000            0.2923204237
      -18.3500000000            0.2992331496
      -18.3400000000            0.3092976512
      -18.3300000000            0.3226606179
      -18.3200000000            0.3393745577
      -18.3100000000            0.3592884530
      -18.3000000000            0.3819779940
      -18.2900000000            0.4068912836
      -18.2800000000            0.4338383695
      -18.2700000000            0.4635790840
      -18.2600000000            0.4979248699
      -18.2500000000            0.5391991131
      -18.2400000000            0.5896056290
      -18.2300000000            0.6509860549
      -18.2200000000            0.7250095785
      -18.2100000000            0.8136107990
      -18.2000000000            0.9192750944
      -18.1900000000            1.0449571638
      -18.1800000000            1.1943607515
      -18.1700000000            1.3733049144
      -18.1600000000            1.5907501812
      -18.1500000000            1.8566849882
      -18.1400000000            2.1757409669
      -18.1300000000            2.5368487334
      -18.1200000000            2.9005440740
      -18.1100000000            3.1931341576
      -18.1000000000            3.3271721997
      -18.0900000000            3.2526163676
      -18.0800000000            2.9950386046
      -18.0700000000            2.6348363278
      -18.0600000000            2.2538115125
      -18.0500000000            1.9034080555
      -18.0400000000            1.6044593634
      -18.0300000000            1.3591832142
      -18.0200000000            1.1616569025
      -18.0100000000            1.0037397395
      -18.0000000000            0.8776875162
      -17.9900000000            0.7770269147
      -17.9800000000            0.6966592146
      -17.9700000000            0.6326874104
      -17.9600000000            0.5821925504
      -17.9500000000            0.5430396674
      -17.9400000000            0.5137291020
      -17.9300000000            0.4932894759
      -17.9200000000            0.4812033109
      -17.9100000000            0.4773510840
      -17.9000000000            0.4819482186
      -17.8900000000            0.4954271613
      -17.8800000000            0.5181849342
      -17.8700000000            0.5501113776
      -17.8600000000            0.5899568516
      -17.8500000000            0.6350396497
      -17.8400000000            0.6821587146
      -17.8300000000            0.7294848888
      -17.8200000000            0.7768296684
      -17.8100000000            0.8224589142
      -17.8000000000            0.8595869774
      -17.7900000000            0.8780868224
      -17.7800000000            0.8722786313
      -17.7700000000            0.8472282615
      -17.7600000000            0.8159430057
      -17.7500000000            0.7910119361
      -17.7400000000            0.7786627439
      -17.7300000000            0.7769566258
      -17.7200000000            0.7764191680
      -17.7100000000            0.7636358705
      -17.7000000000            0.7287155869
      -17.6900000000            0.6719311866
      -17.6800000000            0.6025383094
      -17.6700000000            0.5315929061
      -17.6600000000            0.4665864295
      -17.6500000000            0.4106553438
      -17.6400000000            0.3640748627
      -17.6300000000            0.3258271782
      -17.6200000000            0.2945583260
      -17.6100000000            0.2689982048
      -17.6000000000            0.2480782635
      -17.5900000000            0.2309330841
      -17.5800000000            0.2168747057
      -17.5700000000            0.2053642036
      -17.5600000000            0.1959847993
      -17.5500000000            0.1884179597
      -17.5400000000            0.1824232297
      -17.5300000000            0.1778215014
      -17.5200000000            0.1744804832
      -17.5100000000            0.1723007207
      -17.5000000000            0.1712017668
      -17.4900000000            0.1711131165
      -17.4800000000            0.1719816937
      -17.4700000000            0.1738022912
      -17.4600000000            0.1766488231
      -17.4500000000            0.1806727912
      -17.4400000000            0.1860759200
      -17.4300000000            0.1930932714
      -17.4200000000            0.2020011300
      -17.4100000000            0.2131402616
      -17.4000000000            0.2269450648
      -17.3900000000            0.2439761949
      -17.3800000000            0.2649570592
      -17.3700000000            0.2908123919
      -17.3600000000            0.3226996273
      -17.3500000000            0.3620079830
      -17.3400000000            0.4102728958
      -17.3300000000            0.4689251012
      -17.3200000000            0.5388249213
      -17.3100000000            0.6197593202
      -17.3000000000            0.7104931729
      -17.2900000000            0.8098026892
      -17.2800000000            0.9172513299
      -17.2700000000            1.0311896951
      -17.2600000000            1.1436082672
      -17.2500000000            1.2355628902
      -17.2400000000            1.2802064344
      -17.2300000000            1.2575346713
      -17.2200000000            1.1701295201
      -17.2100000000            1.0418479675
      -17.2000000000            0.9014060734
      -17.1900000000            0.7690921551
      -17.1800000000            0.6543212204
      -17.1700000000            0.5590550373
      -17.1600000000            0.4816037419
      -17.1500000000            0.4190106695
      -17.1400000000            0.3682322842
      -17.1300000000            0.3266697806
      -17.1200000000            0.2923546019
      -17.1100000000            0.2638801479
      -17.1000000000            0.2402061314
      -17.0900000000            0.2204937740
      -17.0800000000            0.2040259762
      -17.0700000000            0.1901893037
      -17.0600000000            0.1784907265
      -17.0500000000            0.1685730911
      -17.0400000000            0.1601868748
      -17.0300000000            0.1531212974
      -17.0200000000            0.1471389369
      -17.0100000000            0.1419537433
      -17.0000000000            0.1372832397
      -16.9900000000            0.1329586878
      -16.9800000000            0.1289863013
      -16.9700000000            0.1254846420
      -16.9600000000            0.1225755992
      -16.9500000000            0.1203304597
      -16.9400000000            0.1187759008
      -16.9300000000            0.1179193818
      -16.9200000000            0.1177695542
      -16.9100000000            0.1183468685
      -16.9000000000            0.1196856186
      -16.8900000000            0.1218274329
      -16.8800000000            0.1248042665
      -16.8700000000            0.1286126763
      -16.8600000000            0.1331989994
      -16.8500000000            0.1385002914
      -16.8400000000            0.1445640892
      -16.8300000000            0.1516679888
      -16.8200000000            0.1603242981
      -16.8100000000            0.1711918499
      -16.8000000000            0.1850083449
      -16.7900000000            0.2025851726
      -16.7800000000            0.2248207509
      -16.7700000000            0.2526596130
      -16.7600000000            0.2869159359
      -16.7500000000            0.3278681463
      -16.7400000000            0.3745190626
      -16.7300000000            0.4234561839
      -16.7200000000            0.4677058566
      -16.7100000000            0.4973094430
      -16.7000000000            0.5037267845
      -16.6900000000            0.4859091147
      -16.6800000000            0.4514044436
      -16.6700000000            0.4110503140
      -16.6600000000            0.3734304946
      -16.6500000000            0.3432096775
      -16.6400000000            0.3221404284
      -16.6300000000            0.3105054506
      -16.6200000000            0.3080340653
      -16.6100000000            0.3141899418
      -16.6000000000            0.3279037839
      -16.5900000000            0.3468188727
      -16.5800000000            0.3663854054
      -16.5700000000            0.3799032648
      -16.5600000000            0.3809471694
      -16.5500000000            0.3673570349
      -16.5400000000            0.3427384347
      -16.5300000000            0.3135954995
      -16.5200000000            0.2855268559
      -16.5100000000            0.2616993839
      -16.5000000000            0.2432855443
      -16.4900000000            0.2303957394
      -16.4800000000            0.2227666451
      -16.4700000000            0.2201175750
      -16.4600000000            0.2222734786
      -16.4500000000            0.2291245620
      -16.4400000000            0.2404211241
      -16.4300000000            0.2553600071
      -16.4200000000            0.2719972551
      -16.4100000000            0.2868702396
      -16.4000000000            0.2957099446
      -16.3900000000            0.2956857262
      -16.3800000000            0.2874978544
      -16.3700000000            0.2748790362
      -16.3600000000            0.2621255664
      -16.3500000000            0.2522885010
      -16.3400000000            0.2469042643
      -16.3300000000            0.2464343525
      -16.3200000000            0.2506134677
      -16.3100000000            0.2584484523
      -16.3000000000            0.2679987667
      -16.2900000000            0.2764082021
      -16.2800000000            0.2807904046
      -16.2700000000            0.2798263488
      -16.2600000000            0.2746486545
      -16.2500000000            0.2679627361
      -16.2400000000            0.2624158459
      -16.2300000000            0.2597192452
      -16.2200000000            0.2606988486
      -16.2100000000            0.2656882135
      -16.2000000000            0.2748687843
      -16.1900000000            0.2884748990
      -16.1800000000            0.3069031771
      -16.1700000000            0.3307726933
      -16.1600000000            0.3609583193
      -16.1500000000            0.3985905782
      -16.1400000000            0.4449777554
      -16.1300000000            0.5013510653
      -16.1200000000            0.5682773097
      -16.1100000000            0.6446412547
      -16.1000000000            0.7265756702
      -16.0900000000            0.8077810680
      -16.0800000000            0.8830037268
      -16.0700000000            0.9533396880
      -16.0600000000            1.0280374112
      -16.0500000000            1.1205736821
      -16.0400000000            1.2432543708
      -16.0300000000            1.4038112808
      -16.0200000000            1.6029391060
      -16.0100000000            1.8309222929
      -16.0000000000            2.0640166624
      -15.9900000000            2.2635707932
      -15.9800000000            2.3817919116
      -15.9700000000            2.3789294462
      -15.9600000000            2.2480027992
      -15.9500000000            2.0231962377
      -15.9400000000            1.7582051411
      -15.9300000000            1.4977528576
      -15.9200000000            1.2662089742
      -15.9100000000            1.0713244785
      -15.9000000000            0.9117763731
      -15.8900000000            0.7827001398
      -15.8800000000            0.6785754524
      -15.8700000000            0.5944099100
      -15.8600000000            0.5260794169
      -15.8500000000            0.4703179191
      -15.8400000000            0.4245908101
      -15.8300000000            0.3869500160
      -15.8200000000            0.3559058896
      -15.8100000000            0.3303247116
      -15.8000000000            0.3093507434
      -15.7900000000            0.2923487542
      -15.7800000000            0.2788623246
      -15.7700000000            0.2685829258
      -15.7600000000            0.2613235218
      -15.7500000000            0.2569874183
      -15.7400000000            0.2555188958
      -15.7300000000            0.2568225416
      -15.7200000000            0.2606560447
      -15.7100000000            0.2665342514
      -15.7000000000            0.2736653952
      -15.6900000000            0.2808573030
      -15.6800000000            0.2864791508
      -15.6700000000            0.2889592556
      -15.6600000000            0.2878879151
      -15.6500000000            0.2845925924
      -15.6400000000            0.2813778228
      -15.6300000000            0.2803242165
      -15.6200000000            0.2827135238
      -15.6100000000            0.2890592426
      -15.6000000000            0.2992976654
      -15.5900000000            0.3129889608
      -15.5800000000            0.3296936947
      -15.5700000000            0.3495906748
      -15.5600000000            0.3739230844
      -15.5500000000            0.4048528172
      -15.5400000000            0.4450102463
      -15.5300000000            0.4972580987
      -15.5200000000            0.5647049447
      -15.5100000000            0.6506404993
      -15.5000000000            0.7579632943
      -15.4900000000            0.8875487012
      -15.4800000000            1.0349613794
      -15.4700000000            1.1857531021
      -15.4600000000            1.3125590128
      -15.4500000000            1.3810621885
      -15.4400000000            1.3681073612
      -15.4300000000            1.2785677558
      -15.4200000000            1.1415588708
      -15.4100000000            0.9905539404
      -15.4000000000            0.8485783298
      -15.3900000000            0.7261010194
      -15.3800000000            0.6252737887
      -15.3700000000            0.5443265342
      -15.3600000000            0.4802464200
      -15.3500000000            0.4300305660
      -15.3400000000            0.3911462541
      -15.3300000000            0.3616326890
      -15.3200000000            0.3400675920
      -15.3100000000            0.3254954536
      -15.3000000000            0.3173489048
      -15.2900000000            0.3153581810
      -15.2800000000            0.3194155999
      -15.2700000000            0.3293394503
      -15.2600000000            0.3444995335
      -15.2500000000            0.3634177193
      -15.2400000000            0.3837621009
      -15.2300000000            0.4031252540
      -15.2200000000            0.4198937181
      -15.2100000000            0.4326978386
      -15.2000000000            0.4389111893
      -15.1900000000            0.4350316447
      -15.1800000000            0.4197284691
      -15.1700000000            0.3960030279
      -15.1600000000            0.3695894907
      -15.1500000000            0.3457794852
      -15.1400000000            0.3278368687
      -15.1300000000            0.3171901673
      -15.1200000000            0.3141206023
      -15.1100000000            0.3181160228
      -15.1000000000            0.3276804154
      -15.0900000000            0.3397751031
      -15.0800000000            0.3495790896
      -15.0700000000            0.3517040712
      -15.0600000000            0.3430237850
      -15.0500000000            0.3247497565
      -15.0400000000            0.3013167130
      -15.0300000000            0.2774062810
      -15.0200000000            0.2560611237
      -15.0100000000            0.2385767144
      -15.0000000000            0.2251589173
      -14.9900000000            0.2155382801
      -14.9800000000            0.2093323216
      -14.9700000000            0.2062137936
      -14.9600000000            0.2059746301
      -14.9500000000            0.2085428487
      -14.9400000000            0.2139777677
      -14.9300000000            0.2224462975
      -14.9200000000            0.2341651721
      -14.9100000000            0.2492817392
      -14.9000000000            0.2676823688
      -14.8900000000            0.2888163781
      -14.8800000000            0.3118036747
      -14.8700000000            0.3360713181
      -14.8600000000            0.3621482765
      -14.8500000000            0.3916148928
      -14.8400000000            0.4257554583
      -14.8300000000            0.4635933231
      -14.8200000000            0.5003913138
      -14.8100000000            0.5280227070
      -14.8000000000            0.5385886058
      -14.7900000000            0.5296242831
      -14.7800000000            0.5057472624
      -14.7700000000            0.4751302413
      -14.7600000000            0.4451175429
      -14.7500000000            0.4202769436
      -14.7400000000            0.4024881124
      -14.7300000000            0.3917494494
      -14.7200000000            0.3870397176
      -14.7100000000            0.3871694306
      -14.7000000000            0.3915674591
      -14.6900000000            0.4006073868
      -14.6800000000            0.4153002862
      -14.6700000000            0.4367999047
      -14.6600000000            0.4661136935
      -14.6500000000            0.5039261928
      -14.6400000000            0.5502588255
      -14.6300000000            0.6038653350
      -14.6200000000            0.6617487769
      -14.6100000000            0.7198717040
      -14.6000000000            0.7758567692
      -14.5900000000            0.8320305836
      -14.5800000000            0.8956096209
      -14.5700000000            0.9760306711
      -14.5600000000            1.0825792352
      -14.5500000000            1.2238451572
      -14.5400000000            1.4079755906
      -14.5300000000            1.6420885636
      -14.5200000000            1.9293059675
      -14.5100000000            2.2618679827
      -14.5000000000            2.6102915991
      -14.4900000000            2.9150340973
      -14.4800000000            3.0974556402
      -14.4700000000            3.1009187812
      -14.4600000000            2.9327548274
      -14.4500000000            2.6585398137
      -14.4400000000            2.3562907186
      -14.4300000000            2.0811345527
      -14.4200000000            1.8597840044
      -14.4100000000            1.7001098007
      -14.4000000000            1.6009645821
      -14.3900000000            1.5574565340
      -14.3800000000            1.5618552027
      -14.3700000000            1.6013788052
      -14.3600000000            1.6550471614
      -14.3500000000            1.6938164456
      -14.3400000000            1.6882172206
      -14.3300000000            1.6216087747
      -14.3200000000            1.4992699054
      -14.3100000000            1.3442710340
      -14.3000000000            1.1833184060
      -14.2900000000            1.0353244328
      -14.2800000000            0.9090552610
      -14.2700000000            0.8062380690
      -14.2600000000            0.7252338711
      -14.2500000000            0.6634135209
      -14.2400000000            0.6183182491
      -14.2300000000            0.5881133444
      -14.2200000000            0.5717099091
      -14.2100000000            0.5687376944
      -14.2000000000            0.5794076895
      -14.1900000000            0.6041819292
      -14.1800000000            0.6430372826
      -14.1700000000            0.6940144284
      -14.1600000000            0.7509711284
      -14.1500000000            0.8016452227
      -14.1400000000            0.8292389317
      -14.1300000000            0.8202313550
      -14.1200000000            0.7736753028
      -14.1100000000            0.7017043396
      -14.1000000000            0.6206416395
      -14.0900000000            0.5427517421
      -14.0800000000            0.4741275122
      -14.0700000000            0.4163897280
      -14.0600000000            0.3688864485
      -14.0500000000            0.3301295644
      -14.0400000000            0.2984820730
      -14.0300000000            0.2724069044
      -14.0200000000            0.2505454110
      -14.0100000000            0.2317947974
      -14.0000000000            0.2154019740
      -13.9900000000            0.2009582953
      -13.9800000000            0.1882588261
      -13.9700000000            0.1771518483
      -13.9600000000            0.1674736516
      -13.9500000000            0.1590476155
      -13.9400000000            0.1516975316
      -13.9300000000            0.1452522525
      -13.9200000000            0.1395430918
      -13.9100000000            0.1344081418
      -13.9000000000            0.1297157235
      -13.8900000000            0.1253928251
      -13.8800000000            0.1214243788
      -13.8700000000            0.1178210822
      -13.8600000000            0.1145897110
      -13.8500000000            0.1117247193
      -13.8400000000            0.1092132930
      -13.8300000000            0.1070425735
      -13.8200000000            0.1052047610
      -13.8100000000            0.1037001895
      -13.8000000000            0.1025394636
      -13.7900000000            0.1017455341
      -13.7800000000            0.1013562227
      -13.7700000000            0.1014273987
      -13.7600000000            0.1020366001
      -13.7500000000            0.1032860881
      -13.7400000000            0.1053025535
      -13.7300000000            0.1082272136
      -13.7200000000            0.1121843916
      -13.7100000000            0.1172108043
      -13.7000000000            0.1231290607
      -13.6900000000            0.1293716265
      -13.6800000000            0.1348343524
      -13.6700000000            0.1379927432
      -13.6600000000            0.1375528548
      -13.6500000000            0.1333389880
      -13.6400000000            0.1264618166
      -13.6300000000            0.1185281015
      -13.6200000000            0.1107985976
      -13.6100000000            0.1039255475
      -13.6000000000            0.0980998540
      -13.5900000000            0.0932715995
      -13.5800000000            0.0893009902
      -13.5700000000            0.0860342848
      -13.5600000000            0.0833339553
      -13.5500000000            0.0810867920
      -13.5400000000            0.0792030635
      -13.5300000000            0.0776128226
      -13.5200000000            0.0762618512
      -13.5100000000            0.0751081072
      -13.5000000000            0.0741188708
      -13.4900000000            0.0732685418
      -13.4800000000            0.0725369705
      -13.4700000000            0.0719082028
      -13.4600000000            0.0713695402
      -13.4500000000            0.0709108321
      -13.4400000000            0.0705239453
      -13.4300000000            0.0702023619
      -13.4200000000            0.0699408770
      -13.4100000000            0.0697353707
      -13.4000000000            0.0695826369
      -13.3900000000            0.0694802586
      -13.3800000000            0.0694265198
      -13.3700000000            0.0694203476
      -13.3600000000            0.0694612840
      -13.3500000000            0.0695494823
      -13.3400000000            0.0696857318
      -13.3300000000            0.0698715121
      -13.3200000000            0.0701090825
      -13.3100000000            0.0704016137
      -13.3000000000            0.0707533752
      -13.2900000000            0.0711699933
      -13.2800000000            0.0716588044
      -13.2700000000            0.0722293326
      -13.2600000000            0.0728939325
      -13.2500000000            0.0736686424
      -13.2400000000            0.0745742918
      -13.2300000000            0.0756378738
      -13.2200000000            0.0768940839
      -13.2100000000            0.0783866324
      -13.2000000000            0.0801682270
      -13.1900000000            0.0822965862
      -13.1800000000            0.0848209425
      -13.1700000000            0.0877495254
      -13.1600000000            0.0909880540
      -13.1500000000            0.0942580304
      -13.1400000000            0.0970627735
      -13.1300000000            0.0988291221
      -13.1200000000            0.0992406482
      -13.1100000000            0.0984748999
      -13.1000000000            0.0970632316
      -13.0900000000            0.0955484700
      -13.0800000000            0.0942799088
      -13.0700000000            0.0934080235
      -13.0600000000            0.0929596532
      -13.0500000000            0.0929058718
      -13.0400000000            0.0932014828
      -13.0300000000            0.0938030485
      -13.0200000000            0.0946753512
      -13.0100000000            0.0957926892
      -13.0000000000            0.0971382641
      -12.9900000000            0.0987031006
      -12.9800000000            0.1004850760
      -12.9700000000            0.1024882544
      -12.9600000000            0.1047225771
      -12.9500000000            0.1072039189
      -12.9400000000            0.1099545138
      -12.9300000000            0.1130037646
      -12.9200000000            0.1163894467
      -12.9100000000            0.1201592825
      -12.9000000000            0.1243727410
      -12.8900000000            0.1291026508
      -12.8800000000            0.1344357644
      -12.8700000000            0.1404711482
      -12.8600000000            0.1473166482
      -12.8500000000            0.1550893370
      -12.8400000000            0.1639333267
      -12.8300000000            0.1740584684
      -12.8200000000            0.1857618493
      -12.8100000000            0.1993682022
      -12.8000000000            0.2150572433
      -12.7900000000            0.2325769070
      -12.7800000000            0.2508921172
      -12.7700000000            0.2680437360
      -12.7600000000            0.2817569403
      -12.7500000000            0.2908715128
      -12.7400000000            0.2963606653
      -12.7300000000            0.3007382249
      -12.7200000000            0.3066255859
      -12.7100000000            0.3159255242
      -12.7000000000            0.3298454315
      -12.6900000000            0.3492542447
      -12.6800000000            0.3750019416
      -12.6700000000            0.4081012299
      -12.6600000000            0.4497579747
      -12.6500000000            0.5011920613
      -12.6400000000            0.5630863744
      -12.6300000000            0.6344230712
      -12.6200000000            0.7106812360
      -12.6100000000            0.7824101030
      -12.6000000000            0.8368847821
      -12.5900000000            0.8647223011
      -12.5800000000            0.8669551510
      -12.5700000000            0.8545713103
      -12.5600000000            0.8412336058
      -12.5500000000            0.8373010111
      -12.5400000000            0.8486860679
      -12.5300000000            0.8783687081
      -12.5200000000            0.9281006277
      -12.5100000000            0.9994515651
      -12.5000000000            1.0942700928
      -12.4900000000            1.2149482901
      -12.4800000000            1.3650504077
      -12.4700000000            1.5506579168
      -12.4600000000            1.7818009120
      -12.4500000000            2.0727195903
      -12.4400000000            2.4406217091
      -12.4300000000            2.9030303245
      -12.4200000000            3.4721031721
      -12.4100000000            4.1422907814
      -12.4000000000            4.8687463335
      -12.3900000000            5.5441776871
      -12.3800000000            6.0047504538
      -12.3700000000            6.1012403419
      -12.3600000000            5.8022336800
      -12.3500000000            5.2178712558
      -12.3400000000            4.5146998779
      -12.3300000000            3.8237712660
      -12.3200000000            3.2124498029
      -12.3100000000            2.7003425664
      -12.3000000000            2.2825304570
      -12.2900000000            1.9451388836
      -12.2800000000            1.6730100747
      -12.2700000000            1.4526776421
      -12.2600000000            1.2731267900
      -12.2500000000            1.1256777641
      -12.2400000000            1.0036005498
      -12.2300000000            0.9017038502
      -12.2200000000            0.8159798402
      -12.2100000000            0.7433212237
      -12.2000000000            0.6813041295
      -12.1900000000            0.6280243447
      -12.1800000000            0.5819745917
      -12.1700000000            0.5419526237
      -12.1600000000            0.5069922103
      -12.1500000000            0.4763110651
      -12.1400000000            0.4492713221
      -12.1300000000            0.4253493382
      -12.1200000000            0.4041124617
      -12.1100000000            0.3852010347
      -12.1000000000            0.3683143517
      -12.0900000000            0.3531996302
      -12.0800000000            0.3396432895
      -12.0700000000            0.3274640094
      -12.0600000000            0.3165071721
      -12.0500000000            0.3066403842
      -12.0400000000            0.2977498493
      -12.0300000000            0.2897374128
      -12.0200000000            0.2825181428
      -12.0100000000            0.2760183393
      -12.0000000000            0.2701738891
      -11.9900000000            0.2649289002
      -11.9800000000            0.2602345632
      -11.9700000000            0.2560481995
      -11.9600000000            0.2523324620
      -11.9500000000            0.2490546621
      -11.9400000000            0.2461862023
      -11.9300000000            0.2437020959
      -11.9200000000            0.2415805600
      -11.9100000000            0.2398026710
      -11.9000000000            0.2383520726
      -11.8900000000            0.2372147278
      -11.8800000000            0.2363787109
      -11.8700000000            0.2358340311
      -11.8600000000            0.2355724868
      -11.8500000000            0.2355875441
      -11.8400000000            0.2358742389
      -11.8300000000            0.2364290994
      -11.8200000000            0.2372500866
      -11.8100000000            0.2383365536
      -11.8000000000            0.2396892194
      -11.7900000000            0.2413101601
      -11.7800000000            0.2432028143
      -11.7700000000            0.2453720050
      -11.7600000000            0.2478239760
      -11.7500000000            0.2505664454
      -11.7400000000            0.2536086766
      -11.7300000000            0.2569615674
      -11.7200000000            0.2606377597
      -11.7100000000            0.2646517725
      -11.7000000000            0.2690201597
      -11.6900000000            0.2737616979
      -11.6800000000            0.2788976072
      -11.6700000000            0.2844518117
      -11.6600000000            0.2904512452
      -11.6500000000            0.2969262118
      -11.6400000000            0.3039108110
      -11.6300000000            0.3114434408
      -11.6200000000            0.3195673954
      -11.6100000000            0.3283315786
      -11.6000000000            0.3377913600
      -11.5900000000            0.3480096083
      -11.5800000000            0.3590579476
      -11.5700000000            0.3710182931
      -11.5600000000            0.3839847426
      -11.5500000000            0.3980659164
      -11.5400000000            0.4133878616
      -11.5300000000            0.4300976504
      -11.5200000000            0.4483677994
      -11.5100000000            0.4684016030
      -11.5000000000            0.4904394445
      -11.4900000000            0.5147663519
      -11.4800000000            0.5417220283
      -11.4700000000            0.5717162953
      -11.4600000000            0.6052518206
      -11.4500000000            0.6429462547
      -11.4400000000            0.6855321192
      -11.4300000000            0.7338058661
      -11.4200000000            0.7884854101
      -11.4100000000            0.8499170128
      -11.4000000000            0.9176304873
      -11.3900000000            0.9900259261
      -11.3800000000            1.0649029441
      -11.3700000000            1.1412412689
      -11.3600000000            1.2209698963
      -11.3400000000            1.4040094100
      -11.3300000000            1.5246700748
      -11.3200000000            1.6697808131
      -11.3100000000            1.8447127749
      -11.3000000000            2.0555440826
      -11.2900000000            2.3092082184
      -11.2800000000            2.6130868781
      -11.2700000000            2.9739799711
      -11.2600000000            3.3971312055
      -11.2500000000            3.8876294912
      -11.2400000000            4.4569324152
      -11.2300000000            5.1324756471
      -11.2200000000            5.9625269146
      -11.2100000000            7.0130029912
      -11.2000000000            8.3612191890
      -11.1900000000           10.0878393441
      -11.1800000000           12.2568530799
      -11.1700000000           14.8642746105
      -11.1600000000           17.7392206624
      -11.1500000000           20.4291009482
      -11.1400000000           22.2221559114
      -11.1300000000           22.4938483344
      -11.1200000000           21.1827022283
      -11.1100000000           18.8288006622
      -11.1000000000           16.1319372389
      -11.0900000000           13.5781590046
      -11.0800000000           11.3805160017
      -11.0700000000            9.5767883891
      -11.0600000000            8.1270392675
      -11.0500000000            6.9693097240
      -11.0400000000            6.0435834762
      -11.0300000000            5.2994739626
      -11.0200000000            4.6971245430
      -11.0100000000            4.2058112140
      -11.0000000000            3.8020760162
      -10.9900000000            3.4680295969
      -10.9800000000            3.1899842654
      -10.9700000000            2.9574085565
      -10.9600000000            2.7621459788
      -10.9500000000            2.5978366046
      -10.9400000000            2.4594897033
      -10.9300000000            2.3431673695
      -10.9200000000            2.2457494060
      -10.9100000000            2.1647577905
      -10.9000000000            2.0982250694
      -10.8900000000            2.0445953993
      -10.8800000000            2.0026501183
      -10.8700000000            1.9714520043
      -10.8600000000            1.9503040313
      -10.8500000000            1.9387196452
      -10.8400000000            1.9364024915
      -10.8300000000            1.9432342289
      -10.8200000000            1.9592696374
      -10.8100000000            1.9847387280
      -10.8000000000            2.0200560343
      -10.7900000000            2.0658377668
      -10.7800000000            2.1229280764
      -10.7700000000            2.1924363806
      -10.7600000000            2.2757886172
      -10.7500000000            2.3747965261
      -10.7400000000            2.4917507658
      -10.7300000000            2.6295460683
      -10.7200000000            2.7918500384
      -10.7100000000            2.9833320543
      -10.7000000000            3.2099756320
      -10.6900000000            3.4795073614
      -10.6800000000            3.8019889220
      -10.6700000000            4.1906361488
      -10.6600000000            4.6629491071
      -10.6500000000            5.2422520603
      -10.6400000000            5.9597275547
      -10.6300000000            6.8569161598
      -10.6200000000            7.9882673965
      -10.6100000000            9.4222574055
      -10.6000000000           11.2370075128
      -10.5900000000           13.5011258222
      -10.5800000000           16.2234421767
      -10.5700000000           19.2579282044
      -10.5600000000           22.1980020261
      -10.5500000000           24.4082486516
      -10.5400000000           25.3514864132
      -10.5300000000           25.0016742413
      -10.5200000000           23.8506742413
      -10.5100000000           22.5241556478
      -10.5000000000           21.4789976728
      -10.4900000000           20.9624993895
      -10.4800000000           21.0977346596
      -10.4700000000           21.9711724892
      -10.4600000000           23.6906509168
      -10.4500000000           26.4210032446
      -10.4400000000           30.4052361326
      -10.4300000000           35.9630480945
      -10.4200000000           43.4239556792
      -10.4100000000           52.8883035649
      -10.4000000000           63.6604863920
      -10.3900000000           73.4610524667
      -10.3800000000           78.5560958298
      -10.3700000000           76.2999574986
      -10.3600000000           67.8656554456
      -10.3500000000           56.9417941152
      -10.3400000000           46.5407823291
      -10.3300000000           37.9342062247
      -10.3200000000           31.2643875927
      -10.3100000000           26.2491316480
      -10.3000000000           22.5370563269
      -10.2900000000           19.8253303689
      -10.2800000000           17.8744096174
      -10.2700000000           16.4853952757
      -10.2600000000           15.4667900956
      -10.2500000000           14.6125640267
      -10.2400000000           13.7229308856
      -10.2300000000           12.6759891395
      -10.2200000000           11.4832446595
      -10.2100000000           10.2523957017
      -10.2000000000            9.0964646826
      -10.1900000000            8.0798663764
      -10.1800000000            7.2186949244
      -10.1700000000            6.5015538544
      -10.1600000000            5.9070035907
      -10.1500000000            5.4128136490
      -10.1400000000            4.9995555765
      -10.1300000000            4.6514119255
      -10.1200000000            4.3558941800
      -10.1100000000            4.1032528612
      -10.1000000000            3.8858862226
      -10.0900000000            3.6978430552
      -10.0800000000            3.5344328351
      -10.0700000000            3.3919292831
      -10.0600000000            3.2673477365
      -10.0500000000            3.1582784357
      -10.0400000000            3.0627613897
      -10.0300000000            2.9791919587
      -10.0200000000            2.9062491377
      -10.0100000000            2.8428406814
      -10.0000000000            2.7880608093
       -9.9900000000            2.7411573813
       -9.9800000000            2.7015062685
       -9.9700000000            2.6685912449
       -9.9600000000            2.6419881601
       -9.9500000000            2.6213524722
       -9.9400000000            2.6064094495
       -9.9300000000            2.5969465258
       -9.9200000000            2.5928074210
       -9.9100000000            2.5938877379
       -9.9000000000            2.6001318224
       -9.8900000000            2.6115307344
       -9.8800000000            2.6281212245
       -9.8700000000            2.6499856557
       -9.8600000000            2.6772528417
       -9.8500000000            2.7100998109
       -9.8400000000            2.7487545357
       -9.8300000000            2.7934997028
       -9.8200000000            2.8446776358
       -9.8100000000            2.9026965274
       -9.8000000000            2.9680381852
       -9.7900000000            3.0412675593
       -9.7800000000            3.1230443953
       -9.7700000000            3.2141374515
       -9.7600000000            3.3154418394
       -9.7500000000            3.4280002090
       -9.7400000000            3.5530286974
       -9.7300000000            3.6919488346
       -9.7200000000            3.8464269520
       -9.7100000000            4.0184231170
       -9.7000000000            4.2102522591
       -9.6900000000            4.4246610262
       -9.6800000000            4.6649251132
       -9.6700000000            4.9349734751
       -9.6600000000            5.2395481812
       -9.6500000000            5.5844119995
       -9.6400000000            5.9766205898
       -9.6300000000            6.4248831578
       -9.6200000000            6.9400457186
       -9.6100000000            7.5357465404
       -9.6000000000            8.2293167927
       -9.5900000000            9.0430356799
       -9.5800000000           10.0059063618
       -9.5700000000           11.1562102371
       -9.5600000000           12.5452460249
       -9.5500000000           14.2429073568
       -9.5400000000           16.3461707424
       -9.5300000000           18.9922837048
       -9.5200000000           22.3796868799
       -9.5100000000           26.8018493517
       -9.5000000000           32.7027579583
       -9.4900000000           40.7679547681
       -9.4800000000           52.0687579795
       -9.4700000000           68.2600831659
       -9.4600000000           91.7032625440
       -9.4500000000          124.8123909716
       -9.4400000000          166.2943181828
       -9.4300000000          202.0036619651
       -9.4200000000          205.5886809185
       -9.4100000000          172.5536836914
       -9.4000000000          128.4591842869
       -9.3900000000           91.9785626436
       -9.3800000000           66.2351422419
       -9.3700000000           48.7781938904
       -9.3600000000           36.8718335875
       -9.3500000000           28.5742411525
       -9.3400000000           22.6417731308
       -9.3300000000           18.2922893955
       -9.3200000000           15.0287040692
       -9.3100000000           12.5285062804
       -9.3000000000           10.5774519650
       -9.2900000000            9.0298189878
       -9.2800000000            7.7842460666
       -9.2700000000            6.7687490763
       -9.2600000000            5.9312243696
       -9.2500000000            5.2332975341
       -9.2400000000            4.6462550208
       -9.2300000000            4.1482998993
       -9.2200000000            3.7226664882
       -9.2100000000            3.3563027896
       -9.2000000000            3.0389350759
       -9.1900000000            2.7623940072
       -9.1800000000            2.5201225425
       -9.1700000000            2.3068120617
       -9.1600000000            2.1181301384
       -9.1500000000            1.9505146608
       -9.1400000000            1.8010165491
       -9.1300000000            1.6671784610
       -9.1200000000            1.5469404221
       -9.1100000000            1.4385657984
       -9.1000000000            1.3405827721
       -9.0900000000            1.2517377382
       -9.0800000000            1.1709579377
       -9.0700000000            1.0973213035
       -9.0600000000            1.0300319776
       -9.0500000000            0.9684003179
       -9.0400000000            0.9118264834
       -9.0300000000            0.8597868856
       -9.0200000000            0.8118229518
       -9.0100000000            0.7675317622
       -9.0000000000            0.7265582130
       -8.9900000000            0.6885884299
       -8.9800000000            0.6533442091
       -8.9700000000            0.6205783082
       -8.9600000000            0.5900704422
       -8.9500000000            0.5616238667
       -8.9400000000            0.5350624528
       -8.9300000000            0.5102281744
       -8.9200000000            0.4869789435
       -8.9100000000            0.4651867395
       -8.9000000000            0.4447359879
       -8.8900000000            0.4255221513
       -8.8800000000            0.4074505023
       -8.8700000000            0.3904350507
       -8.8600000000            0.3743976048
       -8.8500000000            0.3592669473
       -8.8400000000            0.3449781101
       -8.8300000000            0.3314717349
       -8.8200000000            0.3186935089
       -8.8100000000            0.3065936642
       -8.8000000000            0.2951265344
       -8.7900000000            0.2842501604
       -8.7800000000            0.2739259393
       -8.7700000000            0.2641183108
       -8.7600000000            0.2547944778
       -8.7500000000            0.2459241554
       -8.7400000000            0.2374793467
       -8.7300000000            0.2294341405
       -8.7200000000            0.2217645304
       -8.7100000000            0.2144482508
       -8.7000000000            0.2074646299
       -8.6900000000            0.2007944561
       -8.6800000000            0.1944198578
       -8.6700000000            0.1883241940
       -8.6600000000            0.1824919555
       -8.6500000000            0.1769086747
       -8.6400000000            0.1715608441
       -8.6300000000            0.1664358417
       -8.6200000000            0.1615218631
       -8.6100000000            0.1568078598
       -8.6000000000            0.1522834824
       -8.5900000000            0.1479390291
       -8.5800000000            0.1437653980
       -8.5700000000            0.1397540440
       -8.5600000000            0.1358969389
       -8.5500000000            0.1321865349
       -8.5400000000            0.1286157306
       -8.5300000000            0.1251778408
       -8.5200000000            0.1218665673
       -8.5100000000            0.1186759730
       -8.5000000000            0.1156004578
       -8.4900000000            0.1126347358
       -8.4800000000            0.1097738151
       -8.4700000000            0.1070129785
       -8.4600000000            0.1043477657
       -8.4500000000            0.1017739571
       -8.4400000000            0.0992875585
       -8.4300000000            0.0968847871
       -8.4200000000            0.0945620581
       -8.4100000000            0.0923159731
       -8.4000000000            0.0901433082
       -8.3900000000            0.0880410038
       -8.3800000000            0.0860061549
       -8.3700000000            0.0840360017
       -8.3600000000            0.0821279210
       -8.3500000000            0.0802794188
       -8.3400000000            0.0784881223
       -8.3300000000            0.0767517733
       -8.3200000000            0.0750682217
       -8.3100000000            0.0734354193
       -8.3000000000            0.0718514143
       -8.2900000000            0.0703143457
       -8.2800000000            0.0688224387
       -8.2700000000            0.0673739999
       -8.2600000000            0.0659674128
       -8.2500000000            0.0646011339
       -8.2400000000            0.0632736887
       -8.2300000000            0.0619836681
       -8.2200000000            0.0607297250
       -8.2000000000            0.0577027117
       -8.1900000000            0.0565593907
       -8.1800000000            0.0554470941
       -8.1700000000            0.0543647470
       -8.1600000000            0.0533113201
       -8.1500000000            0.0522858267
       -8.1400000000            0.0512873211
       -8.1300000000            0.0503148964
       -8.1200000000            0.0493676827
       -8.1100000000            0.0484448453
       -8.1000000000            0.0475455832
       -8.0900000000            0.0466691270
       -8.0800000000            0.0458147381
       -8.0700000000            0.0449817069
       -8.0600000000            0.0441693514
       -8.0500000000            0.0433770160
       -8.0400000000            0.0426040705
       -8.0300000000            0.0418499086
       -8.0200000000            0.0411139473
       -8.0100000000            0.0403956254
       -8.0000000000            0.0396944025
       -7.9800000000            0.0321196863
       -7.9700000000            0.0315591945
       -7.9600000000            0.0310119897
       -7.9500000000            0.0304776716
       -7.9400000000            0.0299558545
       -7.9300000000            0.0294461668
       -7.9200000000            0.0289482500
       -7.9100000000            0.0284617585
       -7.9000000000            0.0279863592
       -7.8900000000            0.0275217305
       -7.8800000000            0.0270675622
       -7.8700000000            0.0266235548
       -7.8600000000            0.0261894192
       -7.8500000000            0.0257648765
       -7.8400000000            0.0253496569
       -7.8300000000            0.0249435002
       -7.8200000000            0.0245461547
       -7.8100000000            0.0241573774
       -7.8000000000            0.0237769332
       -7.7900000000            0.0234045948
       -7.7800000000            0.0230401427
       -7.7700000000            0.0226833643
       -7.7600000000            0.0223340541
       -7.7500000000            0.0219920131
       -7.7400000000            0.0216570489
       -7.7300000000            0.0213289751
       -7.7200000000            0.0210076115
       -7.7100000000            0.0206927833
       -7.7000000000            0.0203843215
       -7.6900000000            0.0200820621
       -7.6800000000            0.0197858464
       -7.6700000000            0.0194955207
       -7.6600000000            0.0192109359
       -7.6500000000            0.0189319474
       -7.6400000000            0.0186584153
       -7.6300000000            0.0183902035
       -7.6200000000            0.0181271805
       -7.6100000000            0.0178692184
       -7.6000000000            0.0176161932
       -7.5900000000            0.0173679846
       -7.5800000000            0.0171244760
       -7.5700000000            0.0168855539
       -7.5600000000            0.0166511084
       -7.5500000000            0.0164210327
       -7.5400000000            0.0161952230
       -7.5300000000            0.0159735787
       -7.5200000000            0.0157560019
       -7.5100000000            0.0155423975
       -7.5000000000            0.0153326732
       -7.4900000000            0.0151267391
       -7.4800000000            0.0149245082
       -7.4700000000            0.0147258954
       -7.4600000000            0.0145308185
       -7.4500000000            0.0143391971
       -7.4400000000            0.0141509534
       -7.4300000000            0.0139660115
       -7.4200000000            0.0137842977
       -7.4100000000            0.0136057401
       -7.4000000000            0.0134302689
       -7.3900000000            0.0132578161
       -7.3800000000            0.0130883157
       -7.3700000000            0.0129217032
       -7.3600000000            0.0127579159
       -7.3500000000            0.0125968929
       -7.3400000000            0.0124385745
       -7.3300000000            0.0122829031
       -7.3200000000            0.0121298221
       -7.3100000000            0.0119792767
       -7.3000000000            0.0118312134
       -7.2900000000            0.0116855799
       -7.2800000000            0.0115423256
       -7.2700000000            0.0114014008
       -7.2600000000            0.0112627573
       -7.2500000000            0.0111263480
       -7.2400000000            0.0109921271
       -7.2300000000            0.0108600498
       -7.2200000000            0.0107300724
       -7.2100000000            0.0106021525
       -7.2000000000            0.0104762485
       -7.1900000000            0.0103523200
       -7.1800000000            0.0102303274
       -7.1700000000            0.0101102321
       -7.1600000000            0.0099919966
       -7.1400000000            0.0094742590
       -7.1300000000            0.0093644551
       -7.1200000000            0.0092563247
       -7.1100000000            0.0091498352
       -7.1000000000            0.0090449550
       -7.0900000000            0.0089416531
       -7.0800000000            0.0088398991
       -7.0700000000            0.0087396635
       -7.0600000000            0.0086409175
       -7.0500000000            0.0085436327
       -7.0400000000            0.0084477817
       -7.0300000000            0.0083533375
       -7.0200000000            0.0082602737
       -7.0100000000            0.0081685647
       -6.9900000000            0.0078148756
       -6.9800000000            0.0077288478
       -6.9700000000            0.0076440533
       -6.9600000000            0.0075604695
       -6.9500000000            0.0074780745
       -6.9400000000            0.0073968466
       -6.9300000000            0.0073167647
       -6.9200000000            0.0072378083
       -6.9100000000            0.0071599572
       -6.9000000000            0.0070831917
       -6.8900000000            0.0070074923
       -6.8800000000            0.0069328404
       -6.8700000000            0.0068592172
       -6.8600000000            0.0067866049
       -6.8500000000            0.0067149856
       -6.8400000000            0.0066443421
       -6.8300000000            0.0065746574
       -6.8200000000            0.0065059149
       -6.8100000000            0.0064380983
       -6.8000000000            0.0063711917
       -6.7900000000            0.0063051796
       -6.7800000000            0.0062400467
       -6.7700000000            0.0061757779
       -6.7600000000            0.0061123588
       -6.7500000000            0.0060497750
       -6.7400000000            0.0059880124
       -6.7300000000            0.0059270572
       -6.7200000000            0.0058668961
       -6.7000000000            0.0000000000
       -6.6900000000            0.0000000000
       -6.6800000000            0.0000000000
       -6.6700000000            0.0000000000
       -6.6600000000            0.0000000000
       -6.6500000000            0.0000000000
       -6.6400000000            0.0000000000
       -6.6300000000            0.0000000000
       -6.6200000000            0.0000000000
       -6.6100000000            0.0000000000
       -6.6000000000            0.0000000000
       -6.5900000000            0.0000000000
       -6.5800000000            0.0000000000
       -6.5700000000            0.0000000000
       -6.5600000000            0.0000000000
       -6.5500000000            0.0000000000
       -6.5400000000            0.0000000000
       -6.5300000000            0.0000000000
       -6.5200000000            0.0000000000
       -6.5100000000            0.0000000000
       -6.5000000000            0.0000000000
       -6.4900000000            0.0000000000
       -6.4800000000            0.0000000000
       -6.4700000000            0.0000000000
       -6.4600000000            0.0000000000
       -6.4500000000            0.0000000000
       -6.4400000000            0.0000000000
       -6.4300000000            0.0000000000
       -6.4200000000            0.0000000000
       -6.4100000000            0.0000000000
       -6.4000000000            0.0000000000
       -6.3900000000            0.0000000000
       -6.3800000000            0.0000000000
       -6.3700000000            0.0000000000
       -6.3600000000            0.0000000000
       -6.3500000000            0.0000000000
       -6.3400000000            0.0000000000
       -6.3300000000            0.0000000000
       -6.3200000000            0.0000000000
       -6.3100000000            0.0000000000
       -6.3000000000            0.0000000000
       -6.2900000000            0.0000000000
       -6.2800000000            0.0000000000
       -6.2700000000            0.0000000000
       -6.2600000000            0.0000000000
       -6.2500000000            0.0000000000
       -6.2400000000            0.0000000000
       -6.2300000000            0.0000000000
       -6.2200000000            0.0000000000
       -6.2100000000            0.0000000000
       -6.2000000000            0.0000000000
       -6.1900000000            0.0000000000
       -6.1800000000            0.0000000000
       -6.1700000000            0.0000000000
       -6.1600000000            0.0000000000
       -6.1500000000            0.0000000000
       -6.1400000000            0.0000000000
       -6.1300000000            0.0000000000
       -6.1200000000            0.0000000000
       -6.1100000000            0.0000000000
       -6.1000000000            0.0000000000
       -6.0900000000            0.0000000000
       -6.0800000000            0.0000000000
       -6.0700000000            0.0000000000
       -6.0600000000            0.0000000000
       -6.0500000000            0.0000000000
       -6.0400000000            0.0000000000
       -6.0300000000            0.0000000000
       -6.0200000000            0.0000000000
       -6.0100000000            0.0000000000
       -6.0000000000            0.0000000000
       -5.9900000000            0.0000000000
       -5.9800000000            0.0000000000
       -5.9700000000            0.0000000000
       -5.9600000000            0.0000000000
       -5.9500000000            0.0000000000
       -5.9400000000            0.0000000000
       -5.9300000000            0.0000000000
       -5.9200000000            0.0000000000
       -5.9100000000            0.0000000000
       -5.9000000000            0.0000000000
       -5.8900000000            0.0000000000
       -5.8800000000            0.0000000000
       -5.8700000000            0.0000000000
       -5.8600000000            0.0000000000
       -5.8500000000            0.0000000000
       -5.8400000000            0.0000000000
       -5.8300000000            0.0000000000
       -5.8200000000            0.0000000000
       -5.8100000000            0.0000000000
       -5.8000000000            0.0000000000
       -5.7900000000            0.0000000000
       -5.7800000000            0.0000000000
       -5.7700000000            0.0000000000
       -5.7600000000            0.0000000000
       -5.7500000000            0.0000000000
       -5.7400000000            0.0000000000
       -5.7300000000            0.0000000000
       -5.7200000000            0.0000000000
       -5.7100000000            0.0000000000
       -5.7000000000            0.0000000000
       -5.6900000000            0.0000000000
       -5.6800000000            0.0000000000
       -5.6700000000            0.0000000000
       -5.6600000000            0.0000000000
       -5.6500000000            0.0000000000
       -5.6400000000            0.0000000000
       -5.6300000000            0.0000000000
       -5.6200000000            0.0000000000
       -5.6100000000            0.0000000000
       -5.6000000000            0.0000000000
       -5.5900000000            0.0000000000
       -5.5800000000            0.0000000000
       -5.5700000000            0.0000000000
       -5.5600000000            0.0000000000
       -5.5500000000            0.0000000000
       -5.5400000000            0.0000000000
       -5.5300000000            0.0000000000
       -5.5200000000            0.0000000000
       -5.5100000000            0.0000000000
       -5.5000000000            0.0000000000
       -5.4900000000            0.0000000000
       -5.4800000000            0.0000000000
       -5.4700000000            0.0000000000
       -5.4600000000            0.0000000000
       -5.4500000000            0.0000000000
       -5.4400000000            0.0000000000
       -5.4300000000            0.0000000000
       -5.4200000000            0.0000000000
       -5.4100000000            0.0000000000
       -5.4000000000            0.0000000000
       -5.3900000000            0.0000000000
       -5.3800000000            0.0000000000
       -5.3700000000            0.0000000000
       -5.3600000000            0.0000000000
       -5.3500000000            0.0000000000
       -5.3400000000            0.0000000000
       -5.3300000000            0.0000000000
       -5.3200000000            0.0000000000
       -5.3100000000            0.0000000000
       -5.3000000000            0.0000000000
       -5.2900000000            0.0000000000
       -5.2800000000            0.0000000000
       -5.2700000000            0.0000000000
       -5.2600000000            0.0000000000
       -5.2500000000            0.0000000000
       -5.2400000000            0.0000000000
       -5.2300000000            0.0000000000
       -5.2200000000            0.0000000000
       -5.2100000000            0.0000000000
       -5.2000000000            0.0000000000
       -5.1900000000            0.0000000000
       -5.1800000000            0.0000000000
       -5.1700000000            0.0000000000
       -5.1600000000            0.0000000000
       -5.1500000000            0.0000000000
       -5.1400000000            0.0000000000
       -5.1300000000            0.0000000000
       -5.1200000000            0.0000000000
       -5.1100000000            0.0000000000
       -5.1000000000            0.0000000000
       -5.0900000000            0.0000000000
       -5.0800000000            0.0000000000
       -5.0700000000            0.0000000000
       -5.0600000000            0.0000000000
       -5.0500000000            0.0000000000
       -5.0400000000            0.0000000000
       -5.0300000000            0.0000000000
       -5.0200000000            0.0000000000
       -5.0100000000            0.0000000000
       -5.0000000000            0.0000000000
       -4.9900000000            0.0000000000
       -4.9800000000            0.0000000000
       -4.9700000000            0.0000000000
       -4.9600000000            0.0000000000
       -4.9500000000            0.0000000000
       -4.9400000000            0.0000000000
       -4.9300000000            0.0000000000
       -4.9200000000            0.0000000000
       -4.9100000000            0.0000000000
       -4.9000000000            0.0000000000
       -4.8900000000            0.0000000000
       -4.8800000000            0.0000000000
       -4.8700000000            0.0000000000
       -4.8600000000            0.0000000000
       -4.8500000000            0.0000000000
       -4.8400000000            0.0000000000
       -4.8300000000            0.0000000000
       -4.8200000000            0.0000000000
       -4.8100000000            0.0000000000
       -4.8000000000            0.0000000000
       -4.7900000000            0.0000000000
       -4.7800000000            0.0000000000
       -4.7700000000            0.0000000000
       -4.7600000000            0.0000000000
       -4.7500000000            0.0000000000
       -4.7400000000            0.0000000000
       -4.7300000000            0.0000000000
       -4.7200000000            0.0000000000
       -4.7100000000            0.0000000000
       -4.7000000000            0.0000000000
       -4.6900000000            0.0000000000
       -4.6800000000            0.0000000000
       -4.6700000000            0.0000000000
       -4.6600000000            0.0000000000
       -4.6500000000            0.0000000000
       -4.6400000000            0.0000000000
       -4.6300000000            0.0000000000
       -4.6200000000            0.0000000000
       -4.6100000000            0.0000000000
       -4.6000000000            0.0000000000
       -4.5900000000            0.0000000000
       -4.5800000000            0.0000000000
       -4.5700000000            0.0000000000
       -4.5600000000            0.0000000000
       -4.5500000000            0.0000000000
       -4.5400000000            0.0000000000
       -4.5300000000            0.0000000000
       -4.5200000000            0.0000000000
       -4.5100000000            0.0000000000
       -4.5000000000            0.0000000000
       -4.4900000000            0.0000000000
       -4.4800000000            0.0000000000
       -4.4700000000            0.0000000000
       -4.4600000000            0.0000000000
       -4.4500000000            0.0000000000
       -4.4400000000            0.0000000000
       -4.4300000000            0.0000000000
       -4.4200000000            0.0000000000
       -4.4100000000            0.0000000000
       -4.4000000000            0.0000000000
       -4.3900000000            0.0000000000
       -4.3800000000            0.0000000000
       -4.3700000000            0.0000000000
       -4.3600000000            0.0000000000
       -4.3500000000            0.0000000000
       -4.3400000000            0.0000000000
       -4.3300000000            0.0000000000
       -4.3200000000            0.0000000000
       -4.3100000000            0.0000000000
       -4.3000000000            0.0000000000
       -4.2900000000            0.0000000000
       -4.2800000000            0.0000000000
       -4.2700000000            0.0000000000
       -4.2600000000            0.0000000000
       -4.2500000000            0.0000000000
       -4.2400000000            0.0000000000
       -4.2300000000            0.0000000000
       -4.2200000000            0.0000000000
       -4.2100000000            0.0000000000
       -4.2000000000            0.0000000000
       -4.1900000000            0.0000000000
       -4.1800000000            0.0000000000
       -4.1700000000            0.0000000000
       -4.1600000000            0.0000000000
       -4.1500000000            0.0000000000
       -4.1400000000            0.0000000000
       -4.1300000000            0.0000000000
       -4.1200000000            0.0000000000
       -4.1100000000            0.0000000000
       -4.1000000000            0.0000000000
       -4.0900000000            0.0000000000
       -4.0800000000            0.0000000000
       -4.0700000000            0.0000000000
       -4.0600000000            0.0000000000
       -4.0500000000            0.0000000000
       -4.0300000000            0.0002694358
       -4.0200000000            0.0002703923
       -4.0100000000            0.0002713559
       -4.0000000000            0.0002723269
       -3.9900000000            0.0002733053
       -3.9800000000            0.0002742913
       -3.9700000000            0.0002752848
       -3.9600000000            0.0002762862
       -3.9500000000            0.0002772954
       -3.9400000000            0.0002783126
       -3.9300000000            0.0002793379
       -3.9200000000            0.0002803714
       -3.9100000000            0.0002814133
       -3.9000000000            0.0002824636
       -3.8900000000            0.0002835225
       -3.8800000000            0.0002845900
       -3.8700000000            0.0002856664
       -3.8600000000            0.0002867518
       -3.8500000000            0.0002878462
       -3.8400000000            0.0002889498
       -3.8300000000            0.0002900627
       -3.8200000000            0.0002911852
       -3.8100000000            0.0002923172
       -3.8000000000            0.0002934590
       -3.7900000000            0.0002946106
       -3.7800000000            0.0002957723
       -3.7700000000            0.0002969441
       -3.7600000000            0.0002981262
       -3.7500000000            0.0002993188
       -3.7400000000            0.0003005220
       -3.7300000000            0.0003017360
       -3.7200000000            0.0003029608
       -3.7100000000            0.0003041967
       -3.7000000000            0.0003054439
       -3.6900000000            0.0003067024
       -3.6800000000            0.0003079725
       -3.6700000000            0.0003092543
       -3.6600000000            0.0003105479
       -3.6500000000            0.0003118536
       -3.6400000000            0.0003131716
       -3.6300000000            0.0003145019
       -3.6200000000            0.0003158448
       -3.6100000000            0.0003172005
       -3.6000000000            0.0003185692
       -3.5900000000            0.0003199509
       -3.5800000000            0.0003213460
       -3.5700000000            0.0003227546
       -3.5600000000            0.0003241769
       -3.5500000000            0.0003256132
       -3.5400000000            0.0003270635
       -3.5300000000            0.0003285282
       -3.5200000000            0.0003300075
       -3.5100000000            0.0003315014
       -3.5000000000            0.0003330104
       -3.4900000000            0.0003345345
       -3.4800000000            0.0003360741
       -3.4700000000            0.0003376293
       -3.4600000000            0.0003392004
       -3.4500000000            0.0003407876
       -3.4400000000            0.0003423912
       -3.4300000000            0.0003440113
       -3.4200000000            0.0003456484
       -3.4100000000            0.0003473025
       -3.4000000000            0.0003489740
       -3.3900000000            0.0003506632
       -3.3800000000            0.0003523702
       -3.3700000000            0.0003540954
       -3.3600000000            0.0003558391
       -3.3500000000            0.0003576015
       -3.3400000000            0.0003593829
       -3.3300000000            0.0003611837
       -3.3200000000            0.0003630040
       -3.3100000000            0.0003648443
       -3.3000000000            0.0003667049
       -3.2900000000            0.0003685860
       -3.2800000000            0.0003704879
       -3.2700000000            0.0003724111
       -3.2600000000            0.0003743558
       -3.2500000000            0.0003763224
       -3.2400000000            0.0003783112
       -3.2300000000            0.0003803226
       -3.2200000000            0.0003823570
       -3.2100000000            0.0003844146
       -3.2000000000            0.0003864960
       -3.1900000000            0.0003886015
       -3.1800000000            0.0003907314
       -3.1700000000            0.0003928862
       -3.1600000000            0.0003950662
       -3.1500000000            0.0003972720
       -3.1400000000            0.0003995039
       -3.1300000000            0.0004017623
       -3.1200000000            0.0004040478
       -3.1100000000            0.0004063606
       -3.1000000000            0.0004087014
       -3.0900000000            0.0004110706
       -3.0800000000            0.0004134686
       -3.0700000000            0.0004158960
       -3.0600000000            0.0004183532
       -3.0500000000            0.0004208407
       -3.0400000000            0.0004233592
       -3.0300000000            0.0004259090
       -3.0200000000            0.0004284908
       -3.0100000000            0.0004311052
       -3.0000000000            0.0004337526
       -2.9900000000            0.0004364337
       -2.9800000000            0.0004391490
       -2.9700000000            0.0004418992
       -2.9600000000            0.0004446849
       -2.9500000000            0.0004475067
       -2.9400000000            0.0004503652
       -2.9300000000            0.0004532612
       -2.9200000000            0.0004561954
       -2.9100000000            0.0004591683
       -2.9000000000            0.0004621807
       -2.8900000000            0.0004652333
       -2.8800000000            0.0004683270
       -2.8700000000            0.0004714624
       -2.8600000000            0.0004746403
       -2.8500000000            0.0004778615
       -2.8400000000            0.0004811268
       -2.8300000000            0.0004844371
       -2.8200000000            0.0004877932
       -2.8100000000            0.0004911960
       -2.8000000000            0.0004946464
       -2.7900000000            0.0004981452
       -2.7800000000            0.0005016936
       -2.7700000000            0.0005052923
       -2.7600000000            0.0005089424
       -2.7500000000            0.0005126449
       -2.7400000000            0.0005164008
       -2.7300000000            0.0005202112
       -2.7200000000            0.0005240772
       -2.7100000000            0.0005279999
       -2.7000000000            0.0005319804
       -2.6900000000            0.0005360200
       -2.6800000000            0.0005401197
       -2.6700000000            0.0005442809
       -2.6600000000            0.0005485048
       -2.6500000000            0.0005527927
       -2.6400000000            0.0005571459
       -2.6300000000            0.0005615659
       -2.6200000000            0.0005660539
       -2.6100000000            0.0005706115
       -2.6000000000            0.0005752401
       -2.5900000000            0.0005799413
       -2.5800000000            0.0005847166
       -2.5700000000            0.0005895676
       -2.5600000000            0.0005944960
       -2.5500000000            0.0005995034
       -2.5400000000            0.0006045916
       -2.5300000000            0.0006097624
       -2.5200000000            0.0006150176
       -2.5100000000            0.0006203591
       -2.5000000000            0.0006257888
       -2.4900000000            0.0006313088
       -2.4800000000            0.0006369211
       -2.4700000000            0.0006426278
       -2.4600000000            0.0006484311
       -2.4500000000            0.0006543333
       -2.4400000000            0.0006603366
       -2.4300000000            0.0006664434
       -2.4200000000            0.0006726561
       -2.4100000000            0.0006789774
       -2.4000000000            0.0006854097
       -2.3900000000            0.0006919558
       -2.3800000000            0.0006986184
       -2.3700000000            0.0007054003
       -2.3600000000            0.0007123045
       -2.3500000000            0.0007193340
       -2.3400000000            0.0007264918
       -2.3300000000            0.0007337813
       -2.3200000000            0.0007412058
       -2.3100000000            0.0007487685
       -2.3000000000            0.0007564732
       -2.2900000000            0.0007643233
       -2.2800000000            0.0007723228
       -2.2700000000            0.0007804754
       -2.2600000000            0.0007887851
       -2.2500000000            0.0007972562
       -2.2400000000            0.0008058929
       -2.2300000000            0.0008146997
       -2.2200000000            0.0008236811
       -2.2100000000            0.0008328418
       -2.2000000000            0.0008421867
       -2.1900000000            0.0008517210
       -2.1800000000            0.0008614499
       -2.1700000000            0.0008713788
       -2.1600000000            0.0008815132
       -2.1500000000            0.0008918592
       -2.1400000000            0.0009024226
       -2.1300000000            0.0009132098
       -2.1200000000            0.0009242271
       -2.1100000000            0.0009354814
       -2.1000000000            0.0009469796
       -2.0900000000            0.0009587289
       -2.0800000000            0.0009707369
       -2.0700000000            0.0009830112
       -2.0600000000            0.0009955600
       -2.0500000000            0.0010083917
       -2.0400000000            0.0010215150
       -2.0300000000            0.0010349389
       -2.0200000000            0.0010486729
       -2.0100000000            0.0010627267
       -2.0000000000            0.0010771105
       -1.9900000000            0.0010918350
       -1.9800000000            0.0011069111
       -1.9700000000            0.0011223503
       -1.9600000000            0.0011381645
       -1.9500000000            0.0011543663
       -1.9400000000            0.0011709685
       -1.9300000000            0.0011879847
       -1.9200000000            0.0012054290
       -1.9100000000            0.0012233162
       -1.9000000000            0.0012416615
       -1.8900000000            0.0012604809
       -1.8800000000            0.0012797913
       -1.8700000000            0.0012996102
       -1.8600000000            0.0013199557
       -1.8500000000            0.0013408470
       -1.8400000000            0.0013623041
       -1.8300000000            0.0013843480
       -1.8200000000            0.0014070005
       -1.8100000000            0.0014302845
       -1.8000000000            0.0014542242
       -1.7900000000            0.0014788447
       -1.7800000000            0.0015041724
       -1.7700000000            0.0015302351
       -1.7600000000            0.0015570619
       -1.7500000000            0.0015846833
       -1.7400000000            0.0016131316
       -1.7300000000            0.0016424403
       -1.7200000000            0.0016726452
       -1.7100000000            0.0017037836
       -1.7000000000            0.0017358947
       -1.6900000000            0.0017690202
       -1.6800000000            0.0018032038
       -1.6700000000            0.0018384914
       -1.6600000000            0.0018749319
       -1.6500000000            0.0019125766
       -1.6400000000            0.0019514797
       -1.6300000000            0.0019916987
       -1.6200000000            0.0020332943
       -1.6100000000            0.0020763307
       -1.6000000000            0.0021208761
       -1.5900000000            0.0021670026
       -1.5800000000            0.0022147867
       -1.5700000000            0.0022643098
       -1.5600000000            0.0023156581
       -1.5500000000            0.0023689234
       -1.5300000000            0.0026136955
       -1.5200000000            0.0026734159
       -1.5100000000            0.0027354827
       -1.5000000000            0.0028000217
       -1.4900000000            0.0028671676
       -1.4800000000            0.0029370642
       -1.4700000000            0.0030098654
       -1.4600000000            0.0030857361
       -1.4500000000            0.0031648531
       -1.4400000000            0.0032474062
       -1.4300000000            0.0033335991
       -1.4200000000            0.0034236509
       -1.4100000000            0.0035177978
       -1.4000000000            0.0036162940
       -1.3900000000            0.0037194138
       -1.3800000000            0.0038274536
       -1.3700000000            0.0039407341
       -1.3600000000            0.0040596023
       -1.3500000000            0.0041844346
       -1.3400000000            0.0043156395
       -1.3300000000            0.0044536614
       -1.3200000000            0.0045989838
       -1.3100000000            0.0047521341
       -1.3000000000            0.0049136879
       -1.2900000000            0.0050842749
       -1.2800000000            0.0052645848
       -1.2700000000            0.0054553745
       -1.2600000000            0.0056574755
       -1.2500000000            0.0058718038
       -1.2400000000            0.0060993696
       -1.2300000000            0.0063412896
       -1.2200000000            0.0065988002
       -1.2100000000            0.0068732740
       -1.2000000000            0.0071662371
       -1.1900000000            0.0074793910
       -1.1800000000            0.0078146365
       -1.1700000000            0.0081741030
       -1.1600000000            0.0085601811
       -1.1500000000            0.0089755627
       -1.1400000000            0.0094232871
       -1.1300000000            0.0099067956
       -1.1200000000            0.0104299966
       -1.1100000000            0.0109973436
       -1.1000000000            0.0116139277
       -1.0900000000            0.0122855891
       -1.0800000000            0.0130190527
       -1.0700000000            0.0138220913
       -1.0600000000            0.0147037255
       -1.0500000000            0.0156744688
       -1.0400000000            0.0167466296
       -1.0300000000            0.0179346855
       -1.0200000000            0.0192557506
       -1.0100000000            0.0207301612
       -1.0000000000            0.0223822157
       -0.9900000000            0.0242411151
       -0.9800000000            0.0263421656
       -0.9700000000            0.0287283279
       -0.9600000000            0.0314522261
       -0.9500000000            0.0345787689
       -0.9400000000            0.0381885919
       -0.9300000000            0.0423826032
       -0.9200000000            0.0472880101
       -0.9100000000            0.0530663265
       -0.9000000000            0.0599239987
       -0.8900000000            0.0681263977
       -0.8800000000            0.0780159153
       -0.8700000000            0.0900344791
       -0.8600000000            0.1047493168
       -0.8500000000            0.1228767488
       -0.8400000000            0.1452889739
       -0.8300000000            0.1729671453
       -0.8200000000            0.2068216094
       -0.8100000000            0.2472344905
       -0.8000000000            0.2931367046
       -0.7900000000            0.3406094306
       -0.7800000000            0.3817894267
       -0.7700000000            0.4061360973
       -0.7600000000            0.4055661143
       -0.7500000000            0.3801683916
       -0.7400000000            0.3381633268
       -0.7300000000            0.2901398669
       -0.7200000000            0.2439337848
       -0.7100000000            0.2034024736
       -0.7000000000            0.1695528243
       -0.6900000000            0.1419539568
       -0.6800000000            0.1196619378
       -0.6700000000            0.1016741635
       -0.6600000000            0.0871054207
       -0.6500000000            0.0752318367
       -0.6400000000            0.0654820280
       -0.6300000000            0.0574119696
       -0.6200000000            0.0506783933
       -0.6100000000            0.0450157583
       -0.6000000000            0.0402178438
       -0.5900000000            0.0361235687
       -0.5800000000            0.0326062551
       -0.5700000000            0.0295655556
       -0.5600000000            0.0269213890
       -0.5500000000            0.0246093755
       -0.5400000000            0.0225773837
       -0.5300000000            0.0207829055
       -0.5200000000            0.0191910473
       -0.5100000000            0.0177729816
       -0.5000000000            0.0165047473
       -0.4900000000            0.0153663121
       -0.4800000000            0.0143408355
       -0.4700000000            0.0134140864
       -0.4600000000            0.0125739782
       -0.4500000000            0.0118101976
       -0.4400000000            0.0111139046
       -0.4300000000            0.0104774895
       -0.4200000000            0.0098943755
       -0.4100000000            0.0093588562
       -0.4000000000            0.0088659621
       -0.3900000000            0.0084113508
       -0.3800000000            0.0079912146
       -0.3700000000            0.0076022045
       -0.3600000000            0.0072413656
       -0.3500000000            0.0069060834
       -0.3400000000            0.0065940381
       -0.3300000000            0.0063031661
       -0.3200000000            0.0060316266
       -0.3100000000            0.0057777741
       -0.3000000000            0.0055401339
       -0.2900000000            0.0053173815
       -0.2800000000            0.0051083250
       -0.2700000000            0.0049118893
       -0.2600000000            0.0047271031
       -0.2500000000            0.0045530870
       -0.2400000000            0.0043890436
       -0.2300000000            0.0042342485
       -0.2200000000            0.0040880426
       -0.2100000000            0.0039498253
       -0.2000000000            0.0038190488
       -0.1900000000            0.0036952124
       -0.1800000000            0.0035778580
       -0.1700000000            0.0034665664
       -0.1600000000            0.0033609531
       -0.1500000000            0.0032606656
       -0.1400000000            0.0031653801
       -0.1300000000            0.0030747996
       -0.1200000000            0.0029886509
       -0.1100000000            0.0029066836
       -0.1000000000            0.0028286675
       -0.0900000000            0.0027543917
       -0.0800000000            0.0026836631
       -0.0700000000            0.0026163053
       -0.0600000000            0.0025521579
       -0.0500000000            0.0024910755
       -0.0400000000            0.0024329271
       -0.0300000000            0.0023775964
       -0.0200000000            0.0023249808
       -0.0100000000            0.0022749921
