  -20.0000000000    0.0715260882    0.0109620532
  -19.9900000000    0.0710358497    0.0110623309
  -19.9800000000    0.0705418102    0.0111648532
  -19.9700000000    0.0700438882    0.0112696774
  -19.9600000000    0.0695420004    0.0113768625
  -19.9500000000    0.0690360616    0.0114864699
  -19.9400000000    0.0685259846    0.0115985629
  -19.9300000000    0.0680116802    0.0117132068
  -19.9200000000    0.0674930569    0.0118304694
  -19.9100000000    0.0669700215    0.0119504209
  -19.9000000000    0.0664424782    0.0120731337
  -19.8900000000    0.0659103291    0.0121986830
  -19.8800000000    0.0653734740    0.0123271463
  -19.8700000000    0.0648318101    0.0124586043
  -19.8600000000    0.0642852325    0.0125931402
  -19.8500000000    0.0637336332    0.0127308405
  -19.8400000000    0.0631769021    0.0128717946
  -19.8300000000    0.0626149260    0.0130160953
  -19.8200000000    0.0620475892    0.0131638387
  -19.8100000000    0.0614747730    0.0133151245
  -19.8000000000    0.0608963557    0.0134700560
  -19.7900000000    0.0603122126    0.0136287407
  -19.7800000000    0.0597222159    0.0137912896
  -19.7700000000    0.0591262346    0.0139578184
  -19.7600000000    0.0585241342    0.0141284469
  -19.7500000000    0.0579157769    0.0143032996
  -19.7400000000    0.0573010214    0.0144825059
  -19.7300000000    0.0566797226    0.0146662001
  -19.7200000000    0.0560517320    0.0148545218
  -19.7100000000    0.0554168968    0.0150476161
  -19.7000000000    0.0547750605    0.0152456338
  -19.6900000000    0.0541260625    0.0154487319
  -19.6800000000    0.0534697379    0.0156570736
  -19.6700000000    0.0528059176    0.0158708287
  -19.6600000000    0.0521344278    0.0160901741
  -19.6500000000    0.0514550904    0.0163152937
  -19.6400000000    0.0507677224    0.0165463792
  -19.6300000000    0.0500721358    0.0167836304
  -19.6200000000    0.0493681380    0.0170272553
  -19.6100000000    0.0486555309    0.0172774708
  -19.6000000000    0.0479341113    0.0175345030
  -19.5900000000    0.0472036703    0.0177985879
  -19.5800000000    0.0464639938    0.0180699715
  -19.5700000000    0.0457148617    0.0183489108
  -19.5600000000    0.0449560480    0.0186356737
  -19.5500000000    0.0441873208    0.0189305405
  -19.5400000000    0.0434084418    0.0192338036
  -19.5300000000    0.0426191664    0.0195457688
  -19.5200000000    0.0418192436    0.0198667556
  -19.5100000000    0.0410084155    0.0201970982
  -19.5000000000    0.0401864176    0.0205371463
  -19.4900000000    0.0393529781    0.0208872658
  -19.4800000000    0.0385078182    0.0212478395
  -19.4700000000    0.0376506520    0.0216192686
  -19.4600000000    0.0367811858    0.0220019732
  -19.4500000000    0.0358991186    0.0223963936
  -19.4400000000    0.0350041415    0.0228029913
  -19.4300000000    0.0340959378    0.0232222505
  -19.4200000000    0.0331741831    0.0236546789
  -19.4100000000    0.0322385447    0.0241008097
  -19.4000000000    0.0312886819    0.0245612023
  -19.3900000000    0.0303242459    0.0250364447
  -19.3800000000    0.0293448796    0.0255271545
  -19.3700000000    0.0283502181    0.0260339808
  -19.3600000000    0.0273398877    0.0265576064
  -19.3500000000    0.0263135074    0.0270987496
  -19.3400000000    0.0252706875    0.0276581663
  -19.3300000000    0.0242110312    0.0282366523
  -19.3200000000    0.0231341336    0.0288350459
  -19.3100000000    0.0220395828    0.0294542304
  -19.3000000000    0.0209269601    0.0300951371
  -19.2900000000    0.0197958401    0.0307587479
  -19.2800000000    0.0186457916    0.0314460990
  -19.2700000000    0.0174763783    0.0321582839
  -19.2600000000    0.0162871595    0.0328964573
  -19.2500000000    0.0150776909    0.0336618392
  -19.2400000000    0.0138475260    0.0344557185
  -19.2300000000    0.0125962173    0.0352794582
  -19.2200000000    0.0113233177    0.0361344998
  -19.2100000000    0.0100283825    0.0370223687
  -19.2000000000    0.0087109716    0.0379446794
  -19.1900000000    0.0073706512    0.0389031416
  -19.1800000000    0.0060069976    0.0398995667
  -19.1700000000    0.0046195994    0.0409358741
  -19.1600000000    0.0032080617    0.0420140989
  -19.1500000000    0.0017720104    0.0431363993
  -19.1400000000    0.0003110965    0.0443050650
  -19.1300000000   -0.0011749982    0.0455225261
  -19.1200000000   -0.0026865544    0.0467913620
  -19.1100000000   -0.0042238089    0.0481143120
  -19.1000000000   -0.0057869458    0.0494942859
  -19.0900000000   -0.0073760873    0.0509343747
  -19.0800000000   -0.0089912835    0.0524378633
  -19.0700000000   -0.0106324997    0.0540082429
  -19.0600000000   -0.0122996030    0.0556492241
  -19.0500000000   -0.0139923465    0.0573647516
  -19.0400000000   -0.0157103515    0.0591590186
  -19.0300000000   -0.0174530875    0.0610364822
  -19.0200000000   -0.0192198487    0.0630018795
  -19.0100000000   -0.0210097285    0.0650602443
  -19.0000000000   -0.0228215897    0.0672169235
  -18.9900000000   -0.0246540307    0.0694775949
  -18.9800000000   -0.0265053481    0.0718482838
  -18.9700000000   -0.0283734929    0.0743353797
  -18.9600000000   -0.0302560230    0.0769456532
  -18.9500000000   -0.0321500474    0.0796862702
  -18.9400000000   -0.0340521646    0.0825648054
  -18.9300000000   -0.0359583934    0.0855892534
  -18.9200000000   -0.0378640939    0.0887680354
  -18.9100000000   -0.0397638804    0.0921100023
  -18.9000000000   -0.0416515226    0.0956244313
  -18.8900000000   -0.0435198367    0.0993210146
  -18.8800000000   -0.0453605634    0.1032098385
  -18.8700000000   -0.0471642336    0.1073013500
  -18.8600000000   -0.0489200202    0.1116063079
  -18.8500000000   -0.0506155761    0.1161357145
  -18.8400000000   -0.0522368586    0.1209007250
  -18.8300000000   -0.0537679402    0.1259125269
  -18.8200000000   -0.0551908081    0.1311821874
  -18.8100000000   -0.0564851531    0.1367204586
  -18.8000000000   -0.0576281543    0.1425375363
  -18.7900000000   -0.0585942617    0.1486427621
  -18.7800000000   -0.0593549873    0.1550442622
  -18.7700000000   -0.0598787139    0.1617485129
  -18.7600000000   -0.0601305340    0.1687598257
  -18.7500000000   -0.0600721390    0.1760797434
  -18.7400000000   -0.0596617780    0.1837063431
  -18.7300000000   -0.0588543144    0.1916334432
  -18.7200000000   -0.0576014109    0.1998497182
  -18.7100000000   -0.0558518805    0.2083377324
  -18.7000000000   -0.0535522409    0.2170729106
  -18.6900000000   -0.0506475173    0.2260224818
  -18.6800000000   -0.0470823299    0.2351444409
  -18.6700000000   -0.0428023041    0.2443865962
  -18.6600000000   -0.0377558235    0.2536857863
  -18.6500000000   -0.0318961294    0.2629673678
  -18.6400000000   -0.0251837415    0.2721450929
  -18.6300000000   -0.0175891363    0.2811214996
  -18.6200000000   -0.0090955775    0.2897889367
  -18.6100000000    0.0002980595    0.2980313233
  -18.6000000000    0.0105746701    0.3057267063
  -18.5900000000    0.0216967518    0.3127506154
  -18.5800000000    0.0336049432    0.3189801404
  -18.5700000000    0.0462175188    0.3242985607
  -18.5600000000    0.0594310431    0.3286002664
  -18.5500000000    0.0731223055    0.3317956325
  -18.5400000000    0.0871515408    0.3338154584
  -18.5300000000    0.1013668076    0.3346145836
  -18.5200000000    0.1156092647    0.3341743375
  -18.5100000000    0.1297189731    0.3325035814
  -18.5000000000    0.1435407862    0.3296382354
  -18.4900000000    0.1569298761    0.3256393389
  -18.4800000000    0.1697564950    0.3205898366
  -18.4700000000    0.1819096608    0.3145903994
  -18.4600000000    0.1932995882    0.3077546578
  -18.4500000000    0.2038588191    0.3002042437
  -18.4400000000    0.2135421329    0.2920640013
  -18.4300000000    0.2223254117    0.2834576643
  -18.4200000000    0.2302036980    0.2745042028
  -18.4100000000    0.2371887039    0.2653149533
  -18.4000000000    0.2433060242    0.2559915583
  -18.3900000000    0.2485922722    0.2466246736
  -18.3800000000    0.2530923148    0.2372933549
  -18.3700000000    0.2568567327    0.2280650073
  -18.3600000000    0.2599395848    0.2189957732
  -18.3500000000    0.2623965158    0.2101312345
  -18.3400000000    0.2642832135    0.2015073229
  -18.3300000000    0.2656541999    0.1931513438
  -18.3200000000    0.2665619253    0.1850830420
  -18.3100000000    0.2670561253    0.1773156538
  -18.3000000000    0.2671834004    0.1698569079
  -18.2900000000    0.2669869756    0.1627099490
  -18.2800000000    0.2665066035    0.1558741716
  -18.2700000000    0.2657785747    0.1493459571
  -18.2600000000    0.2648358105    0.1431193156
  -18.2500000000    0.2637080105    0.1371864357
  -18.2400000000    0.2624218379    0.1315381501
  -18.2300000000    0.2610011271    0.1261643240
  -18.2200000000    0.2594671018    0.1210541768
  -18.2100000000    0.2578385948    0.1161965433
  -18.2000000000    0.2561322639    0.1115800848
  -18.1900000000    0.2543627988    0.1071934566
  -18.1800000000    0.2525431168    0.1030254392
  -18.1700000000    0.2506845455    0.0990650388
  -18.1600000000    0.2487969910    0.0953015624
  -18.1500000000    0.2468890929    0.0917246734
  -18.1400000000    0.2449683645    0.0883244286
  -18.1300000000    0.2430413204    0.0850913036
  -18.1200000000    0.2411135906    0.0820162061
  -18.1100000000    0.2391900239    0.0790904812
  -18.1000000000    0.2372747797    0.0763059104
  -18.0900000000    0.2353714101    0.0736547046
  -18.0800000000    0.2334829330    0.0711294946
  -18.0700000000    0.2316118970    0.0687233176
  -18.0600000000    0.2297604388    0.0664296022
  -18.0500000000    0.2279303346    0.0642421526
  -18.0400000000    0.2261230447    0.0621551310
  -18.0300000000    0.2243397534    0.0601630405
  -18.0200000000    0.2225814045    0.0582607074
  -18.0100000000    0.2208487318    0.0564432638
  -18.0000000000    0.2191422869    0.0547061308
  -17.9900000000    0.2174624628    0.0530450018
  -17.9800000000    0.2158095155    0.0514558269
  -17.9700000000    0.2141835822    0.0499347971
  -17.9600000000    0.2125846981    0.0484783303
  -17.9500000000    0.2110128105    0.0470830572
  -17.9400000000    0.2094677914    0.0457458082
  -17.9300000000    0.2079494489    0.0444636008
  -17.9200000000    0.2064575366    0.0432336283
  -17.9100000000    0.2049917624    0.0420532485
  -17.9000000000    0.2035517955    0.0409199734
  -17.8900000000    0.2021372737    0.0398314597
  -17.8800000000    0.2007478082    0.0387854992
  -17.8700000000    0.1993829895    0.0377800107
  -17.8600000000    0.1980423909    0.0368130319
  -17.8500000000    0.1967255729    0.0358827120
  -17.8400000000    0.1954320862    0.0349873044
  -17.8300000000    0.1941614748    0.0341251605
  -17.8200000000    0.1929132782    0.0332947235
  -17.8100000000    0.1916870335    0.0324945227
  -17.8000000000    0.1904822776    0.0317231681
  -17.7900000000    0.1892985487    0.0309793454
  -17.7800000000    0.1881353873    0.0302618118
  -17.7700000000    0.1869923377    0.0295693909
  -17.7600000000    0.1858689489    0.0289009692
  -17.7500000000    0.1847647754    0.0282554922
  -17.7400000000    0.1836793778    0.0276319608
  -17.7300000000    0.1826123236    0.0270294281
  -17.7200000000    0.1815631873    0.0264469961
  -17.7100000000    0.1805315514    0.0258838130
  -17.7000000000    0.1795170058    0.0253390705
  -17.6900000000    0.1785191488    0.0248120010
  -17.6800000000    0.1775375871    0.0243018757
  -17.6700000000    0.1765719354    0.0238080021
  -17.6600000000    0.1756218171    0.0233297218
  -17.6500000000    0.1746868642    0.0228664088
  -17.6400000000    0.1737667169    0.0224174677
  -17.6300000000    0.1728610240    0.0219823317
  -17.6200000000    0.1719694427    0.0215604614
  -17.6100000000    0.1710916384    0.0211513430
  -17.6000000000    0.1702272849    0.0207544869
  -17.5900000000    0.1693760637    0.0203694267
  -17.5800000000    0.1685376647    0.0199957175
  -17.5700000000    0.1677117853    0.0196329351
  -17.5600000000    0.1668981308    0.0192806747
  -17.5500000000    0.1660964138    0.0189385501
  -17.5400000000    0.1653063544    0.0186061925
  -17.5300000000    0.1645276799    0.0182832494
  -17.5200000000    0.1637601246    0.0179693845
  -17.5100000000    0.1630034297    0.0176642761
  -17.5000000000    0.1622573430    0.0173676166
  -17.4900000000    0.1615216191    0.0170791121
  -17.4800000000    0.1607960186    0.0167984812
  -17.4700000000    0.1600803085    0.0165254548
  -17.4600000000    0.1593742619    0.0162597752
  -17.4500000000    0.1586776577    0.0160011958
  -17.4400000000    0.1579902805    0.0157494803
  -17.4300000000    0.1573119203    0.0155044024
  -17.4200000000    0.1566423729    0.0152657452
  -17.4100000000    0.1559814389    0.0150333009
  -17.4000000000    0.1553289242    0.0148068701
  -17.3900000000    0.1546846398    0.0145862618
  -17.3800000000    0.1540484011    0.0143712927
  -17.3700000000    0.1534200286    0.0141617868
  -17.3600000000    0.1527993469    0.0139575754
  -17.3500000000    0.1521861854    0.0137584965
  -17.3400000000    0.1515803774    0.0135643945
  -17.3300000000    0.1509817605    0.0133751202
  -17.3200000000    0.1503901763    0.0131905301
  -17.3100000000    0.1498054703    0.0130104865
  -17.3000000000    0.1492274917    0.0128348569
  -17.2900000000    0.1486560933    0.0126635142
  -17.2800000000    0.1480911315    0.0124963363
  -17.2700000000    0.1475324662    0.0123332056
  -17.2600000000    0.1469799604    0.0121740092
  -17.2500000000    0.1464334807    0.0120186386
  -17.2400000000    0.1458928963    0.0118669894
  -17.2300000000    0.1453580798    0.0117189613
  -17.2200000000    0.1448289066    0.0115744578
  -17.2100000000    0.1443052550    0.0114333862
  -17.2000000000    0.1437870058    0.0112956573
  -17.1900000000    0.1432740428    0.0111611852
  -17.1800000000    0.1427662520    0.0110298876
  -17.1700000000    0.1422635223    0.0109016851
  -17.1600000000    0.1417657446    0.0107765015
  -17.1500000000    0.1412728123    0.0106542635
  -17.1400000000    0.1407846211    0.0105349008
  -17.1300000000    0.1403010687    0.0104183455
  -17.1200000000    0.1398220552    0.0103045327
  -17.1100000000    0.1393474825    0.0101933999
  -17.1000000000    0.1388772544    0.0100848872
  -17.0900000000    0.1384112767    0.0099789370
  -17.0800000000    0.1379494571    0.0098754939
  -17.0700000000    0.1374917051    0.0097745051
  -17.0600000000    0.1370379316    0.0096759198
  -17.0500000000    0.1365880494    0.0095796892
  -17.0400000000    0.1361419728    0.0094857668
  -17.0300000000    0.1356996178    0.0093941081
  -17.0200000000    0.1352609016    0.0093046703
  -17.0100000000    0.1348257429    0.0092174129
  -17.0000000000    0.1343940619    0.0091322971
  -16.9900000000    0.1339657799    0.0090492859
  -16.9800000000    0.1335408196    0.0089683440
  -16.9700000000    0.1331191049    0.0088894382
  -16.9600000000    0.1327005608    0.0088125367
  -16.9500000000    0.1322851134    0.0087376096
  -16.9400000000    0.1318726898    0.0086646286
  -16.9300000000    0.1314632184    0.0085935671
  -16.9200000000    0.1310566282    0.0085244001
  -16.9100000000    0.1306528493    0.0084571043
  -16.9000000000    0.1302518127    0.0083916579
  -16.8900000000    0.1298534501    0.0083280409
  -16.8800000000    0.1294576941    0.0082662346
  -16.8700000000    0.1290646610    0.0081950889
  -16.8600000000    0.1286739182    0.0081368735
  -16.8500000000    0.1282855840    0.0080804228
  -16.8400000000    0.1278995937    0.0080257247
  -16.8300000000    0.1275158832    0.0079727687
  -16.8200000000    0.1271343889    0.0079215460
  -16.8100000000    0.1267550476    0.0078720492
  -16.8000000000    0.1263777969    0.0078242728
  -16.7900000000    0.1260025744    0.0077782130
  -16.7800000000    0.1256293183    0.0077338677
  -16.7700000000    0.1252579672    0.0076912364
  -16.7600000000    0.1248884599    0.0076503207
  -16.7500000000    0.1245223051    0.0075339122
  -16.7400000000    0.1241562961    0.0074966681
  -16.7300000000    0.1237924245    0.0074061561
  -16.7200000000    0.1234297397    0.0073724513
  -16.7100000000    0.1230685345    0.0073404971
  -16.7000000000    0.1227088108    0.0073103068
  -16.6900000000    0.1223505085    0.0072818960
  -16.6800000000    0.1219935679    0.0072552824
  -16.6700000000    0.1216379289    0.0072304863
  -16.6600000000    0.1212835317    0.0072075305
  -16.6500000000    0.1209303164    0.0071864401
  -16.6400000000    0.1205782229    0.0071672434
  -16.6300000000    0.1202271913    0.0071499711
  -16.6200000000    0.1198771614    0.0071346571
  -16.6100000000    0.1195280729    0.0071213384
  -16.6000000000    0.1191798654    0.0071100554
  -16.5900000000    0.1188324784    0.0071008517
  -16.5800000000    0.1184858513    0.0070937749
  -16.5700000000    0.1181399233    0.0070888761
  -16.5600000000    0.1177946335    0.0070862108
  -16.5500000000    0.1174499211    0.0070858386
  -16.5400000000    0.1171057248    0.0070878237
  -16.5300000000    0.1167619837    0.0070922352
  -16.5200000000    0.1164186366    0.0070991473
  -16.5100000000    0.1160756226    0.0071086396
  -16.5000000000    0.1157328808    0.0071207977
  -16.4900000000    0.1153903506    0.0071357130
  -16.4800000000    0.1150479715    0.0071534838
  -16.4700000000    0.1147056838    0.0071742151
  -16.4600000000    0.1143634282    0.0071980197
  -16.4500000000    0.1140211462    0.0072250180
  -16.4400000000    0.1136787805    0.0072553390
  -16.4300000000    0.1133362747    0.0072891207
  -16.4200000000    0.1129935742    0.0073265110
  -16.4100000000    0.1126506262    0.0073676679
  -16.4000000000    0.1123073802    0.0074127604
  -16.3900000000    0.1119637883    0.0074619694
  -16.3800000000    0.1116198059    0.0075154885
  -16.3700000000    0.1112753922    0.0075735246
  -16.3600000000    0.1109305111    0.0076362992
  -16.3500000000    0.1105851315    0.0077040493
  -16.3400000000    0.1102392289    0.0077770281
  -16.3300000000    0.1098927860    0.0078555067
  -16.3200000000    0.1095457938    0.0079397751
  -16.3100000000    0.1091982535    0.0080301431
  -16.3000000000    0.1088501776    0.0081269422
  -16.2900000000    0.1085015921    0.0082305267
  -16.2800000000    0.1081525385    0.0083412751
  -16.2700000000    0.1078030758    0.0084595918
  -16.2600000000    0.1074532839    0.0085859086
  -16.2500000000    0.1071032663    0.0087206861
  -16.2400000000    0.1067531538    0.0088644152
  -16.2300000000    0.1064031085    0.0090176191
  -16.2200000000    0.1060533286    0.0091808542
  -16.2100000000    0.1057040535    0.0093547115
  -16.2000000000    0.1053555698    0.0095398178
  -16.1900000000    0.1050082183    0.0097368367
  -16.1800000000    0.1046624013    0.0099464684
  -16.1700000000    0.1043185917    0.0101694502
  -16.1600000000    0.1039773424    0.0104065553
  -16.1500000000    0.1036392969    0.0106585911
  -16.1400000000    0.1033052022    0.0109263965
  -16.1300000000    0.1029759213    0.0112108371
  -16.1200000000    0.1026524486    0.0115127993
  -16.1100000000    0.1023359257    0.0118331819
  -16.1000000000    0.1020276585    0.0121728845
  -16.0900000000    0.1017291361    0.0125327930
  -16.0800000000    0.1014420497    0.0129137611
  -16.0700000000    0.1011683124    0.0133165865
  -16.0600000000    0.1009100788    0.0137419819
  -16.0500000000    0.1006697631    0.0141905395
  -16.0400000000    0.1004500558    0.0146626875
  -16.0300000000    0.1002539350    0.0151586394
  -16.0200000000    0.1000846739    0.0156783339
  -16.0100000000    0.0999458377    0.0162213654
  -16.0000000000    0.0998412704    0.0167869059
  -15.9900000000    0.0997750666    0.0173736190
  -15.9800000000    0.0997515230    0.0179795670
  -15.9700000000    0.0997750680    0.0186021151
  -15.9600000000    0.0998501634    0.0192378375
  -15.9500000000    0.0999811748    0.0198824319
  -15.9400000000    0.1001722097    0.0205306503
  -15.9300000000    0.1004269224    0.0211762584
  -15.9200000000    0.1007482885    0.0218120335
  -15.9100000000    0.1011383573    0.0224298162
  -15.9000000000    0.1015979947    0.0230206247
  -15.8900000000    0.1021266322    0.0235748433
  -15.8800000000    0.1027220466    0.0240824880
  -15.8700000000    0.1033801946    0.0245335458
  -15.8600000000    0.1040951289    0.0249183743
  -15.8500000000    0.1048590187    0.0252281415
  -15.8400000000    0.1056622894    0.0254552703
  -15.8300000000    0.1064938872    0.0255938525
  -15.8200000000    0.1073416572    0.0256399910
  -15.8100000000    0.1081928125    0.0255920352
  -15.8000000000    0.1090344562    0.0254506830
  -15.7900000000    0.1098541134    0.0252189378
  -15.7800000000    0.1106402274    0.0249019266
  -15.7700000000    0.1113825795    0.0245065978
  -15.7600000000    0.1120726025    0.0240413318
  -15.7500000000    0.1127035729    0.0235155040
  -15.7400000000    0.1132706795    0.0229390380
  -15.7300000000    0.1137709796    0.0223219856
  -15.7200000000    0.1142032646    0.0216741598
  -15.7100000000    0.1145678580    0.0210048376
  -15.7000000000    0.1148663743    0.0203225390
  -15.6900000000    0.1151014608    0.0196348832
  -15.6800000000    0.1152765438    0.0189485121
  -15.6700000000    0.1153955926    0.0182690720
  -15.6600000000    0.1154629101    0.0176012401
  -15.6500000000    0.1154829573    0.0169487834
  -15.6400000000    0.1154602098    0.0163146393
  -15.6300000000    0.1153990471    0.0157010075
  -15.6200000000    0.1153036708    0.0151094457
  -15.6100000000    0.1151780477    0.0145409647
  -15.6000000000    0.1150258742    0.0139961181
  -15.5900000000    0.1148505568    0.0134750835
  -15.5800000000    0.1146552056    0.0129777366
  -15.5700000000    0.1144426384    0.0125037146
  -15.5600000000    0.1142153903    0.0120524713
  -15.5500000000    0.1139757288    0.0116233233
  -15.5400000000    0.1137256716    0.0112154892
  -15.5300000000    0.1134670058    0.0108281204
  -15.5200000000    0.1132013079    0.0104603280
  -15.5100000000    0.1129299633    0.0101112023
  -15.5000000000    0.1126541853    0.0097798298
  -15.4900000000    0.1123750329    0.0094653053
  -15.4800000000    0.1120934276    0.0091667416
  -15.4700000000    0.1118101685    0.0088832765
  -15.4600000000    0.1115259467    0.0086140781
  -15.4500000000    0.1112413576    0.0083583478
  -15.4400000000    0.1109569124    0.0081153227
  -15.4300000000    0.1106730485    0.0078842771
  -15.4200000000    0.1103901384    0.0076645220
  -15.4100000000    0.1101084979    0.0074554058
  -15.4000000000    0.1098283931    0.0072563130
  -15.3900000000    0.1095500467    0.0070666635
  -15.3800000000    0.1092736440    0.0068859111
  -15.3700000000    0.1089993372    0.0067135425
  -15.3600000000    0.1087272501    0.0065490751
  -15.3500000000    0.1084574817    0.0063920564
  -15.3400000000    0.1081901099    0.0062420615
  -15.3300000000    0.1079251936    0.0060986920
  -15.3200000000    0.1076627761    0.0059615746
  -15.3100000000    0.1074028867    0.0058303592
  -15.3000000000    0.1071455431    0.0057047176
  -15.2900000000    0.1068907528    0.0055843424
  -15.2800000000    0.1066385146    0.0054689454
  -15.2700000000    0.1063888199    0.0053582562
  -15.2600000000    0.1061416541    0.0052520216
  -15.2500000000    0.1058969972    0.0051500039
  -15.2400000000    0.1056548246    0.0050519802
  -15.2300000000    0.1054151084    0.0049577412
  -15.2200000000    0.1051778174    0.0048670907
  -15.2100000000    0.1049429181    0.0047798442
  -15.2000000000    0.1047103750    0.0046958285
  -15.1900000000    0.1044801510    0.0046148808
  -15.1800000000    0.1042522077    0.0045368481
  -15.1700000000    0.1040265060    0.0044615862
  -15.1600000000    0.1038030062    0.0043889599
  -15.1500000000    0.1035816679    0.0043188414
  -15.1400000000    0.1033624509    0.0042511107
  -15.1300000000    0.1031453148    0.0041856545
  -15.1200000000    0.1029302192    0.0041223661
  -15.1100000000    0.1027171243    0.0040611449
  -15.1000000000    0.1025059903    0.0040018957
  -15.0900000000    0.1022967781    0.0039445290
  -15.0800000000    0.1020894489    0.0038889599
  -15.0700000000    0.1018839646    0.0038351083
  -15.0600000000    0.1016802876    0.0037828987
  -15.0500000000    0.1014783813    0.0037322592
  -15.0400000000    0.1012782092    0.0036831222
  -15.0300000000    0.1010797362    0.0036354234
  -15.0200000000    0.1008829273    0.0035891020
  -15.0100000000    0.1006877486    0.0035441003
  -15.0000000000    0.1004941670    0.0035003638
  -14.9900000000    0.1003021498    0.0034578405
  -14.9800000000    0.1001116655    0.0034164813
  -14.9700000000    0.0999226830    0.0033762394
  -14.9600000000    0.0997351720    0.0033370704
  -14.9500000000    0.0995491032    0.0032989321
  -14.9400000000    0.0993644477    0.0032617844
  -14.9300000000    0.0991811775    0.0032255891
  -14.9200000000    0.0989992653    0.0031903099
  -14.9100000000    0.0988186843    0.0031559121
  -14.9000000000    0.0986394087    0.0031223630
  -14.8900000000    0.0984614132    0.0030896310
  -14.8800000000    0.0982846730    0.0030576862
  -14.8700000000    0.0981091642    0.0030265001
  -14.8600000000    0.0979348634    0.0029960455
  -14.8500000000    0.0977617478    0.0029662963
  -14.8400000000    0.0975897953    0.0029372277
  -14.8300000000    0.0974189841    0.0029088160
  -14.8200000000    0.0972492932    0.0028810386
  -14.8100000000    0.0970807023    0.0028538737
  -14.8000000000    0.0969131911    0.0028273007
  -14.7900000000    0.0967467404    0.0028012997
  -14.7800000000    0.0965813311    0.0027758518
  -14.7700000000    0.0964169447    0.0027509387
  -14.7600000000    0.0962535634    0.0027265431
  -14.7500000000    0.0960911695    0.0027026483
  -14.7400000000    0.0959297460    0.0026792383
  -14.7300000000    0.0957692761    0.0026562978
  -14.7200000000    0.0956097437    0.0026338120
  -14.7100000000    0.0954511330    0.0026117669
  -14.7000000000    0.0952934286    0.0025901490
  -14.6900000000    0.0951366153    0.0025689451
  -14.6800000000    0.0949806786    0.0025481429
  -14.6700000000    0.0948256040    0.0025277303
  -14.6600000000    0.0946713778    0.0025076958
  -14.6500000000    0.0945179863    0.0024880283
  -14.6400000000    0.0943654162    0.0024687171
  -14.6300000000    0.0942136546    0.0024497520
  -14.6200000000    0.0940626888    0.0024311232
  -14.6100000000    0.0939125064    0.0024128210
  -14.6000000000    0.0937630956    0.0023948363
  -14.5900000000    0.0936144445    0.0023771604
  -14.5800000000    0.0934665416    0.0023597847
  -14.5700000000    0.0933193757    0.0023427011
  -14.5600000000    0.0931729360    0.0023259016
  -14.5500000000    0.0930272116    0.0023093786
  -14.5400000000    0.0928821923    0.0022931248
  -14.5300000000    0.0927378676    0.0022771331
  -14.5200000000    0.0925942278    0.0022613967
  -14.5100000000    0.0924512631    0.0022459090
  -14.5000000000    0.0923089638    0.0022306635
  -14.4900000000    0.0921673208    0.0022156542
  -14.4800000000    0.0920263249    0.0022008750
  -14.4700000000    0.0918859672    0.0021863202
  -14.4600000000    0.0917462390    0.0021719844
  -14.4500000000    0.0916071318    0.0021578620
  -14.4400000000    0.0914686373    0.0021439478
  -14.4300000000    0.0913307472    0.0021302370
  -14.4200000000    0.0911934537    0.0021167245
  -14.4100000000    0.0910567490    0.0021034057
  -14.4000000000    0.0909206253    0.0020902760
  -14.3900000000    0.0907850751    0.0020773310
  -14.3800000000    0.0906500913    0.0020645664
  -14.3700000000    0.0905156666    0.0020519781
  -14.3600000000    0.0903817939    0.0020395621
  -14.3500000000    0.0902484664    0.0020273144
  -14.3400000000    0.0901156773    0.0020152313
  -14.3300000000    0.0899834201    0.0020033091
  -14.3200000000    0.0898516882    0.0019915443
  -14.3100000000    0.0897204753    0.0019799334
  -14.3000000000    0.0895897753    0.0019684731
  -14.2900000000    0.0894595819    0.0019571601
  -14.2800000000    0.0893298892    0.0019459914
  -14.2700000000    0.0892006914    0.0019349637
  -14.2600000000    0.0890719827    0.0019240742
  -14.2500000000    0.0889437574    0.0019133201
  -14.2400000000    0.0888160101    0.0019026983
  -14.2300000000    0.0886887353    0.0018922064
  -14.2200000000    0.0885619276    0.0018818415
  -14.2100000000    0.0884355819    0.0018716012
  -14.2000000000    0.0883096931    0.0018614829
  -14.1900000000    0.0881842560    0.0018514842
  -14.1800000000    0.0880592657    0.0018416028
  -14.1700000000    0.0879347175    0.0018318362
  -14.1600000000    0.0878106064    0.0018221824
  -14.1500000000    0.0876869279    0.0018126391
  -14.1400000000    0.0875636774    0.0018032041
  -14.1300000000    0.0874408503    0.0017938755
  -14.1200000000    0.0873184422    0.0017846512
  -14.1100000000    0.0871964487    0.0017755292
  -14.1000000000    0.0870748656    0.0017665077
  -14.0900000000    0.0869536887    0.0017575847
  -14.0800000000    0.0868329137    0.0017487585
  -14.0700000000    0.0867125367    0.0017400273
  -14.0600000000    0.0865925537    0.0017313894
  -14.0500000000    0.0864729607    0.0017228431
  -14.0400000000    0.0863537538    0.0017143867
  -14.0300000000    0.0862349294    0.0017060187
  -14.0200000000    0.0861164835    0.0016977376
  -14.0100000000    0.0859984126    0.0016895417
  -14.0000000000    0.0858807130    0.0016814296
  -13.9900000000    0.0857633812    0.0016733998
  -13.9800000000    0.0856464137    0.0016654511
  -13.9700000000    0.0855298070    0.0016575819
  -13.9600000000    0.0854135577    0.0016497909
  -13.9500000000    0.0852976626    0.0016420768
  -13.9400000000    0.0851821183    0.0016344383
  -13.9300000000    0.0850669216    0.0016268743
  -13.9200000000    0.0849520693    0.0016193834
  -13.9100000000    0.0848375583    0.0016119644
  -13.9000000000    0.0847233855    0.0016046162
  -13.8900000000    0.0846095479    0.0015973377
  -13.8800000000    0.0844960425    0.0015901277
  -13.8700000000    0.0843828662    0.0015829851
  -13.8600000000    0.0842700164    0.0015759089
  -13.8500000000    0.0841574899    0.0015688980
  -13.8400000000    0.0840452842    0.0015619514
  -13.8300000000    0.0839333963    0.0015550681
  -13.8200000000    0.0838218236    0.0015482472
  -13.8100000000    0.0837105633    0.0015414876
  -13.8000000000    0.0835996128    0.0015347885
  -13.7900000000    0.0834889695    0.0015281488
  -13.7800000000    0.0833786308    0.0015215679
  -13.7700000000    0.0832685941    0.0015150446
  -13.7600000000    0.0831588571    0.0015085783
  -13.7500000000    0.0830494170    0.0015021680
  -13.7400000000    0.0829402717    0.0014958129
  -13.7300000000    0.0828314185    0.0014895123
  -13.7200000000    0.0827228553    0.0014832653
  -13.7100000000    0.0826145796    0.0014770712
  -13.7000000000    0.0825065891    0.0014709291
  -13.6900000000    0.0823988815    0.0014648384
  -13.6800000000    0.0822914547    0.0014587984
  -13.6700000000    0.0821843063    0.0014528083
  -13.6600000000    0.0820774343    0.0014468674
  -13.6500000000    0.0819708364    0.0014409750
  -13.6400000000    0.0818645105    0.0014351306
  -13.6300000000    0.0817584546    0.0014293333
  -13.6200000000    0.0816526665    0.0014235826
  -13.6100000000    0.0815471443    0.0014178778
  -13.6000000000    0.0814418858    0.0014122183
  -13.5900000000    0.0813368892    0.0014066035
  -13.5800000000    0.0812321523    0.0014010328
  -13.5700000000    0.0811276734    0.0013955057
  -13.5600000000    0.0810234505    0.0013900215
  -13.5500000000    0.0809194816    0.0013845796
  -13.5400000000    0.0808157650    0.0013791796
  -13.5300000000    0.0807122987    0.0013738208
  -13.5200000000    0.0806090810    0.0013685028
  -13.5100000000    0.0805061100    0.0013632251
  -13.5000000000    0.0804033840    0.0013579870
  -13.4900000000    0.0803009013    0.0013527881
  -13.4800000000    0.0801986600    0.0013476279
  -13.4700000000    0.0800966584    0.0013425060
  -13.4600000000    0.0799948949    0.0013374218
  -13.4500000000    0.0798933679    0.0013323748
  -13.4400000000    0.0797920755    0.0013273647
  -13.4300000000    0.0796910163    0.0013223909
  -13.4200000000    0.0795901886    0.0013174531
  -13.4100000000    0.0794895907    0.0013125507
  -13.4000000000    0.0793892212    0.0013076833
  -13.3900000000    0.0792890784    0.0013028505
  -13.3800000000    0.0791891609    0.0012980520
  -13.3700000000    0.0790894670    0.0012932872
  -13.3600000000    0.0789899953    0.0012885559
  -13.3500000000    0.0788907444    0.0012838575
  -13.3400000000    0.0787917126    0.0012791917
  -13.3300000000    0.0786928987    0.0012745582
  -13.3200000000    0.0785943010    0.0012699565
  -13.3100000000    0.0784959183    0.0012653863
  -13.3000000000    0.0783977490    0.0012608472
  -13.2900000000    0.0782997919    0.0012563389
  -13.2800000000    0.0782020455    0.0012518609
  -13.2700000000    0.0781045085    0.0012474131
  -13.2600000000    0.0780071795    0.0012429949
  -13.2500000000    0.0779100572    0.0012386062
  -13.2400000000    0.0778131402    0.0012342465
  -13.2300000000    0.0777164273    0.0012299155
  -13.2200000000    0.0776199172    0.0012256129
  -13.2100000000    0.0775236086    0.0012213385
  -13.2000000000    0.0774275003    0.0012170918
  -13.1900000000    0.0773315909    0.0012128726
  -13.1800000000    0.0772358793    0.0012086806
  -13.1700000000    0.0771403642    0.0012045155
  -13.1600000000    0.0770450444    0.0012003770
  -13.1500000000    0.0769499188    0.0011962648
  -13.1400000000    0.0768549861    0.0011921786
  -13.1300000000    0.0767602451    0.0011881182
  -13.1200000000    0.0766656948    0.0011840833
  -13.1100000000    0.0765713339    0.0011800736
  -13.1000000000    0.0764771613    0.0011760888
  -13.0900000000    0.0763831759    0.0011721288
  -13.0800000000    0.0762893765    0.0011681931
  -13.0700000000    0.0761957621    0.0011642816
  -13.0600000000    0.0761023316    0.0011603941
  -13.0500000000    0.0760090839    0.0011565302
  -13.0400000000    0.0759160179    0.0011526898
  -13.0300000000    0.0758231326    0.0011488726
  -13.0200000000    0.0757304268    0.0011450783
  -13.0100000000    0.0756378996    0.0011413068
  -13.0000000000    0.0755455500    0.0011375577
  -12.9900000000    0.0754533769    0.0011338310
  -12.9800000000    0.0753613792    0.0011301263
  -12.9700000000    0.0752695561    0.0011264434
  -12.9600000000    0.0751779064    0.0011227821
  -12.9500000000    0.0750864293    0.0011191423
  -12.9400000000    0.0749951238    0.0011155236
  -12.9300000000    0.0749039888    0.0011119260
  -12.9200000000    0.0748130235    0.0011083491
  -12.9100000000    0.0747222268    0.0011047928
  -12.9000000000    0.0746315979    0.0011012568
  -12.8900000000    0.0745411358    0.0010977411
  -12.8800000000    0.0744508396    0.0010942454
  -12.8700000000    0.0743607084    0.0010907694
  -12.8600000000    0.0742707413    0.0010873131
  -12.8500000000    0.0741809374    0.0010838762
  -12.8400000000    0.0740912957    0.0010804585
  -12.8300000000    0.0740018155    0.0010770600
  -12.8200000000    0.0739124959    0.0010736803
  -12.8100000000    0.0738233359    0.0010703193
  -12.8000000000    0.0737343348    0.0010669768
  -12.7900000000    0.0736454917    0.0010636527
  -12.7800000000    0.0735568057    0.0010603468
  -12.7700000000    0.0734682760    0.0010570590
  -12.7600000000    0.0733799018    0.0010537889
  -12.7500000000    0.0732916823    0.0010505366
  -12.7400000000    0.0732036166    0.0010473019
  -12.7300000000    0.0731157040    0.0010440845
  -12.7200000000    0.0730279436    0.0010408843
  -12.7100000000    0.0729403347    0.0010377012
  -12.7000000000    0.0728528765    0.0010345351
  -12.6900000000    0.0727655682    0.0010313857
  -12.6800000000    0.0726784090    0.0010282529
  -12.6700000000    0.0725913982    0.0010251366
  -12.6600000000    0.0725045350    0.0010220366
  -12.6500000000    0.0724178187    0.0010189528
  -12.6400000000    0.0723312484    0.0010158850
  -12.6300000000    0.0722448236    0.0010128331
  -12.6200000000    0.0721585434    0.0010097970
  -12.6100000000    0.0720724071    0.0010067766
  -12.6000000000    0.0719864140    0.0010037716
  -12.5900000000    0.0719005634    0.0010007820
  -12.5800000000    0.0718148546    0.0009978076
  -12.5700000000    0.0717292869    0.0009948483
  -12.5600000000    0.0716438595    0.0009919039
  -12.5500000000    0.0715585718    0.0009889744
  -12.5400000000    0.0714734231    0.0009860597
  -12.5300000000    0.0713884128    0.0009831595
  -12.5200000000    0.0713035400    0.0009802738
  -12.5100000000    0.0712188043    0.0009774024
  -12.5000000000    0.0711342049    0.0009745453
  -12.4900000000    0.0710497411    0.0009717023
  -12.4800000000    0.0709654123    0.0009688733
  -12.4700000000    0.0708812179    0.0009660581
  -12.4600000000    0.0707971571    0.0009632567
  -12.4500000000    0.0707132295    0.0009604690
  -12.4400000000    0.0706294343    0.0009576948
  -12.4300000000    0.0705457709    0.0009549341
  -12.4200000000    0.0704622386    0.0009521866
  -12.4100000000    0.0703788370    0.0009494524
  -12.4000000000    0.0702955653    0.0009467313
  -12.3900000000    0.0702124229    0.0009440232
  -12.3800000000    0.0701294093    0.0009413280
  -12.3700000000    0.0700465238    0.0009386456
  -12.3600000000    0.0699637659    0.0009359759
  -12.3500000000    0.0698811349    0.0009333188
  -12.3400000000    0.0697986303    0.0009306741
  -12.3300000000    0.0697162515    0.0009280419
  -12.3200000000    0.0696339979    0.0009254220
  -12.3100000000    0.0695518689    0.0009228142
  -12.3000000000    0.0694698639    0.0009202186
  -12.2900000000    0.0693879825    0.0009176350
  -12.2800000000    0.0693062241    0.0009150633
  -12.2700000000    0.0692245880    0.0009125034
  -12.2600000000    0.0691430737    0.0009099553
  -12.2500000000    0.0690616807    0.0009074188
  -12.2400000000    0.0689804085    0.0009048939
  -12.2300000000    0.0688992564    0.0009023804
  -12.2200000000    0.0688182241    0.0008998784
  -12.2100000000    0.0687373108    0.0008973876
  -12.2000000000    0.0686565162    0.0008949080
  -12.1900000000    0.0685758396    0.0008924395
  -12.1800000000    0.0684952806    0.0008899821
  -12.1700000000    0.0684148386    0.0008875357
  -12.1600000000    0.0683345132    0.0008851001
  -12.1500000000    0.0682543037    0.0008826753
  -12.1400000000    0.0681742098    0.0008802613
  -12.1300000000    0.0680942309    0.0008778578
  -12.1200000000    0.0680143665    0.0008754649
  -12.1100000000    0.0679346161    0.0008730825
  -12.1000000000    0.0678549792    0.0008707106
  -12.0900000000    0.0677754554    0.0008683489
  -12.0800000000    0.0676960440    0.0008659975
  -12.0700000000    0.0676167448    0.0008636562
  -12.0600000000    0.0675375571    0.0008613251
  -12.0500000000    0.0674584806    0.0008590040
  -12.0400000000    0.0673795147    0.0008566928
  -12.0300000000    0.0673006589    0.0008543915
  -12.0200000000    0.0672219128    0.0008521001
  -12.0100000000    0.0671432760    0.0008498184
  -12.0000000000    0.0670647480    0.0008475463
  -11.9900000000    0.0669863283    0.0008452839
  -11.9800000000    0.0669080164    0.0008430310
  -11.9700000000    0.0668298120    0.0008407876
  -11.9600000000    0.0667517145    0.0008385535
  -11.9500000000    0.0666737236    0.0008363288
  -11.9400000000    0.0665958387    0.0008341134
  -11.9300000000    0.0665180595    0.0008319072
  -11.9200000000    0.0664403855    0.0008297101
  -11.9100000000    0.0663628163    0.0008275221
  -11.9000000000    0.0662853514    0.0008253431
  -11.8900000000    0.0662079905    0.0008231731
  -11.8800000000    0.0661307330    0.0008210120
  -11.8700000000    0.0660535786    0.0008188596
  -11.8600000000    0.0659765269    0.0008167161
  -11.8500000000    0.0658995774    0.0008145813
  -11.8400000000    0.0658227298    0.0008124551
  -11.8300000000    0.0657459835    0.0008103375
  -11.8200000000    0.0656693383    0.0008082284
  -11.8100000000    0.0655927937    0.0008061278
  -11.8000000000    0.0655163493    0.0008040356
  -11.7900000000    0.0654400046    0.0008019518
  -11.7800000000    0.0653637594    0.0007998763
  -11.7700000000    0.0652876132    0.0007978090
  -11.7600000000    0.0652115656    0.0007957499
  -11.7500000000    0.0651356162    0.0007936990
  -11.7400000000    0.0650597647    0.0007916561
  -11.7300000000    0.0649840106    0.0007896213
  -11.7200000000    0.0649083536    0.0007875944
  -11.7100000000    0.0648327932    0.0007855755
  -11.7000000000    0.0647573292    0.0007835645
  -11.6900000000    0.0646819611    0.0007815612
  -11.6800000000    0.0646066886    0.0007795657
  -11.6700000000    0.0645315112    0.0007775780
  -11.6600000000    0.0644564287    0.0007755979
  -11.6500000000    0.0643814406    0.0007736254
  -11.6400000000    0.0643065467    0.0007716605
  -11.6300000000    0.0642317464    0.0007697031
  -11.6200000000    0.0641570395    0.0007677532
  -11.6100000000    0.0640824256    0.0007658107
  -11.6000000000    0.0640079044    0.0007638756
  -11.5900000000    0.0639334755    0.0007619478
  -11.5800000000    0.0638591385    0.0007600273
  -11.5700000000    0.0637848931    0.0007581140
  -11.5600000000    0.0637107390    0.0007562079
  -11.5500000000    0.0636366757    0.0007543090
  -11.5400000000    0.0635627031    0.0007524171
  -11.5300000000    0.0634888206    0.0007505323
  -11.5200000000    0.0634150280    0.0007486545
  -11.5100000000    0.0633413250    0.0007467837
  -11.5000000000    0.0632677112    0.0007449197
  -11.4900000000    0.0631941863    0.0007430627
  -11.4800000000    0.0631207499    0.0007412125
  -11.4700000000    0.0630474017    0.0007393691
  -11.4600000000    0.0629741414    0.0007375324
  -11.4500000000    0.0629009687    0.0007357024
  -11.4400000000    0.0628278832    0.0007338791
  -11.4300000000    0.0627548846    0.0007320625
  -11.4200000000    0.0626819727    0.0007302524
  -11.4100000000    0.0626091470    0.0007284488
  -11.4000000000    0.0625364072    0.0007266518
  -11.3900000000    0.0624637532    0.0007248612
  -11.3800000000    0.0623911844    0.0007230770
  -11.3700000000    0.0623187007    0.0007212992
  -11.3600000000    0.0622463017    0.0007195278
  -11.3500000000    0.0621739871    0.0007177627
  -11.3400000000    0.0621017566    0.0007160038
  -11.3300000000    0.0620296099    0.0007142512
  -11.3200000000    0.0619575467    0.0007125047
  -11.3100000000    0.0618855668    0.0007107644
  -11.3000000000    0.0618136697    0.0007090303
  -11.2900000000    0.0617418552    0.0007073022
  -11.2800000000    0.0616701230    0.0007055801
  -11.2700000000    0.0615984728    0.0007038641
  -11.2600000000    0.0615269043    0.0007021540
  -11.2500000000    0.0614554173    0.0007004499
  -11.2400000000    0.0613840114    0.0006987517
  -11.2300000000    0.0613126863    0.0006970594
  -11.2200000000    0.0612414418    0.0006953728
  -11.2100000000    0.0611702776    0.0006936921
  -11.2000000000    0.0610991934    0.0006920172
  -11.1900000000    0.0610281889    0.0006903480
  -11.1800000000    0.0609572639    0.0006886844
  -11.1700000000    0.0608864180    0.0006870266
  -11.1600000000    0.0608156510    0.0006853744
  -11.1500000000    0.0607449626    0.0006837277
  -11.1400000000    0.0606743525    0.0006820867
  -11.1300000000    0.0606038205    0.0006804512
  -11.1200000000    0.0605333662    0.0006788211
  -11.1100000000    0.0604629895    0.0006771966
  -11.1000000000    0.0603926901    0.0006755775
  -11.0900000000    0.0603224676    0.0006739638
  -11.0800000000    0.0602523218    0.0006723555
  -11.0700000000    0.0601822525    0.0006707525
  -11.0600000000    0.0601122594    0.0006691548
  -11.0500000000    0.0600423423    0.0006675625
  -11.0400000000    0.0599725008    0.0006659753
  -11.0300000000    0.0599027347    0.0006643935
  -11.0200000000    0.0598330437    0.0006628168
  -11.0100000000    0.0597634277    0.0006612452
  -11.0000000000    0.0596938863    0.0006596789
  -10.9900000000    0.0596244193    0.0006581176
  -10.9800000000    0.0595550264    0.0006565614
  -10.9700000000    0.0594857075    0.0006550102
  -10.9600000000    0.0594164622    0.0006534641
  -10.9500000000    0.0593472902    0.0006519230
  -10.9400000000    0.0592781914    0.0006503868
  -10.9300000000    0.0592091655    0.0006488556
  -10.9200000000    0.0591402123    0.0006473293
  -10.9100000000    0.0590713315    0.0006458079
  -10.9000000000    0.0590025229    0.0006442914
  -10.8900000000    0.0589337861    0.0006427797
  -10.8800000000    0.0588651211    0.0006412727
  -10.8700000000    0.0587965276    0.0006397706
  -10.8600000000    0.0587280052    0.0006382732
  -10.8500000000    0.0586595538    0.0006367806
  -10.8400000000    0.0585911732    0.0006352926
  -10.8300000000    0.0585228631    0.0006338094
  -10.8200000000    0.0584546233    0.0006323307
  -10.8100000000    0.0583864535    0.0006308567
  -10.8000000000    0.0583183535    0.0006293874
  -10.7900000000    0.0582503231    0.0006279225
  -10.7800000000    0.0581823621    0.0006264623
  -10.7700000000    0.0581144702    0.0006250065
  -10.7600000000    0.0580466473    0.0006235553
  -10.7500000000    0.0579788930    0.0006221086
  -10.7400000000    0.0579112071    0.0006206662
  -10.7300000000    0.0578435896    0.0006192284
  -10.7200000000    0.0577760400    0.0006177949
  -10.7100000000    0.0577085582    0.0006163658
  -10.7000000000    0.0576411440    0.0006149411
  -10.6900000000    0.0575737972    0.0006135207
  -10.6800000000    0.0575065175    0.0006121047
  -10.6700000000    0.0574393047    0.0006106929
  -10.6600000000    0.0573721587    0.0006092854
  -10.6500000000    0.0573050791    0.0006078822
  -10.6400000000    0.0572380659    0.0006064831
  -10.6300000000    0.0571711187    0.0006050883
  -10.6200000000    0.0571042374    0.0006036976
  -10.6100000000    0.0570374217    0.0006023112
  -10.6000000000    0.0569706714    0.0006009288
  -10.5900000000    0.0569039864    0.0005995506
  -10.5800000000    0.0568373665    0.0005981764
  -10.5700000000    0.0567708113    0.0005968064
  -10.5600000000    0.0567043208    0.0005954403
  -10.5500000000    0.0566378947    0.0005940784
  -10.5400000000    0.0565715327    0.0005927204
  -10.5300000000    0.0565052348    0.0005913664
  -10.5200000000    0.0564390007    0.0005900164
  -10.5100000000    0.0563728302    0.0005886703
  -10.5000000000    0.0563067231    0.0005873282
  -10.4900000000    0.0562406792    0.0005859900
  -10.4800000000    0.0561746984    0.0005846556
  -10.4700000000    0.0561087803    0.0005833252
  -10.4600000000    0.0560429248    0.0005819985
  -10.4500000000    0.0559771318    0.0005806757
  -10.4400000000    0.0559114010    0.0005793568
  -10.4300000000    0.0558457322    0.0005780416
  -10.4200000000    0.0557801253    0.0005767302
  -10.4100000000    0.0557145800    0.0005754225
  -10.4000000000    0.0556490962    0.0005741186
  -10.3900000000    0.0555836736    0.0005728184
  -10.3800000000    0.0555196615    0.0005340304
  -10.3700000000    0.0554543531    0.0005328756
  -10.3600000000    0.0553891055    0.0005317239
  -10.3500000000    0.0553239185    0.0005305750
  -10.3400000000    0.0552587918    0.0005294291
  -10.3300000000    0.0551937253    0.0005282861
  -10.3200000000    0.0551287189    0.0005271460
  -10.3100000000    0.0550637723    0.0005260088
  -10.3000000000    0.0549988853    0.0005248744
  -10.2900000000    0.0549340578    0.0005237429
  -10.2800000000    0.0548692896    0.0005226143
  -10.2700000000    0.0548045805    0.0005214885
  -10.2600000000    0.0547399303    0.0005203655
  -10.2500000000    0.0546753389    0.0005192454
  -10.2400000000    0.0546108060    0.0005181280
  -10.2300000000    0.0545463315    0.0005170134
  -10.2200000000    0.0544819152    0.0005159016
  -10.2100000000    0.0544175570    0.0005147926
  -10.2000000000    0.0543532566    0.0005136863
  -10.1900000000    0.0542890139    0.0005125828
  -10.1800000000    0.0542248288    0.0005114819
  -10.1700000000    0.0541607009    0.0005103838
  -10.1600000000    0.0540966302    0.0005092885
  -10.1500000000    0.0540326166    0.0005081958
  -10.1400000000    0.0539686597    0.0005071057
  -10.1300000000    0.0539047595    0.0005060184
  -10.1200000000    0.0538409158    0.0005049337
  -10.1100000000    0.0537771284    0.0005038517
  -10.1000000000    0.0537133971    0.0005027723
  -10.0900000000    0.0536497218    0.0005016955
  -10.0800000000    0.0535861024    0.0005006214
  -10.0700000000    0.0535225386    0.0004995498
  -10.0600000000    0.0534591100    0.0004984809
  -10.0500000000    0.0534011342    0.0002412450
  -10.0400000000    0.0533377117    0.0002410044
  -10.0300000000    0.0532743442    0.0002407642
  -10.0200000000    0.0532110317    0.0002405243
  -10.0100000000    0.0531477740    0.0002402846
  -10.0000000000    0.0530845709    0.0002400453
   -9.9900000000    0.0530214222    0.0002398063
   -9.9800000000    0.0529583279    0.0002395675
   -9.9700000000    0.0528952876    0.0002393291
   -9.9600000000    0.0528323013    0.0002390910
   -9.9500000000    0.0527693688    0.0002388531
   -9.9400000000    0.0527064900    0.0002386156
   -9.9300000000    0.0526436647    0.0002383784
   -9.9200000000    0.0525808927    0.0002381414
   -9.9100000000    0.0525181739    0.0002379048
   -9.9000000000    0.0524555081    0.0002376684
   -9.7900000000    0.0517717097    0.0000000000
   -9.7800000000    0.0517096652    0.0000000000
   -9.7700000000    0.0516476717    0.0000000000
   -9.7600000000    0.0515857291    0.0000000000
   -9.7500000000    0.0515238373    0.0000000000
   -9.7400000000    0.0514619962    0.0000000000
   -9.7300000000    0.0514002055    0.0000000000
   -9.7200000000    0.0513384651    0.0000000000
   -9.7100000000    0.0512767750    0.0000000000
   -9.7000000000    0.0512151348    0.0000000000
   -9.6900000000    0.0511535446    0.0000000000
   -9.6800000000    0.0510920041    0.0000000000
   -9.6700000000    0.0510305133    0.0000000000
   -9.6600000000    0.0509690719    0.0000000000
   -9.6500000000    0.0509076798    0.0000000000
   -9.6400000000    0.0508463369    0.0000000000
   -9.6300000000    0.0507850431    0.0000000000
   -9.6200000000    0.0507237982    0.0000000000
   -9.6100000000    0.0506626020    0.0000000000
   -9.6000000000    0.0506014545    0.0000000000
   -9.5900000000    0.0505403555    0.0000000000
   -9.5800000000    0.0504793048    0.0000000000
   -9.5700000000    0.0504183023    0.0000000000
   -9.5600000000    0.0503573480    0.0000000000
   -9.5500000000    0.0502964415    0.0000000000
   -9.5400000000    0.0502355829    0.0000000000
   -9.5300000000    0.0501747719    0.0000000000
   -9.5200000000    0.0501140085    0.0000000000
   -9.5100000000    0.0500532925    0.0000000000
   -9.5000000000    0.0499926237    0.0000000000
   -9.4900000000    0.0499320021    0.0000000000
   -9.4800000000    0.0498714275    0.0000000000
   -9.4700000000    0.0498108998    0.0000000000
   -9.4600000000    0.0497504188    0.0000000000
   -9.4500000000    0.0496899844    0.0000000000
   -9.4400000000    0.0496295964    0.0000000000
   -9.4300000000    0.0495692549    0.0000000000
   -9.4200000000    0.0495089595    0.0000000000
   -9.4100000000    0.0494487102    0.0000000000
   -9.4000000000    0.0493885069    0.0000000000
   -9.3900000000    0.0493283494    0.0000000000
   -9.3800000000    0.0492682376    0.0000000000
   -9.3700000000    0.0492081713    0.0000000000
   -9.3600000000    0.0491481506    0.0000000000
   -9.3500000000    0.0490881751    0.0000000000
   -9.3400000000    0.0490282448    0.0000000000
   -9.3300000000    0.0489683596    0.0000000000
   -9.3200000000    0.0489085193    0.0000000000
   -9.3100000000    0.0488487238    0.0000000000
   -9.3000000000    0.0487889730    0.0000000000
   -9.2900000000    0.0487292668    0.0000000000
   -9.2800000000    0.0486696050    0.0000000000
   -9.2700000000    0.0486099875    0.0000000000
   -9.2600000000    0.0485504142    0.0000000000
   -9.2500000000    0.0484908850    0.0000000000
   -9.2400000000    0.0484313997    0.0000000000
   -9.2300000000    0.0483719582    0.0000000000
   -9.2200000000    0.0483125605    0.0000000000
   -9.2100000000    0.0482532063    0.0000000000
   -9.2000000000    0.0481938956    0.0000000000
   -9.1900000000    0.0481346282    0.0000000000
   -9.1800000000    0.0480754040    0.0000000000
   -9.1700000000    0.0480162229    0.0000000000
   -9.1600000000    0.0479570849    0.0000000000
   -9.1500000000    0.0478979896    0.0000000000
   -9.1400000000    0.0478389372    0.0000000000
   -9.1300000000    0.0477799273    0.0000000000
   -9.1200000000    0.0477209599    0.0000000000
   -9.1100000000    0.0476620350    0.0000000000
   -9.1000000000    0.0476031523    0.0000000000
   -9.0900000000    0.0475443117    0.0000000000
   -9.0800000000    0.0474855132    0.0000000000
   -9.0700000000    0.0474267566    0.0000000000
   -9.0600000000    0.0473680419    0.0000000000
   -9.0500000000    0.0473093688    0.0000000000
   -9.0400000000    0.0472507373    0.0000000000
   -9.0300000000    0.0471921472    0.0000000000
   -9.0200000000    0.0471335985    0.0000000000
   -9.0100000000    0.0470750911    0.0000000000
   -9.0000000000    0.0470166247    0.0000000000
   -8.9900000000    0.0469581994    0.0000000000
   -8.9800000000    0.0468998149    0.0000000000
   -8.9700000000    0.0468414713    0.0000000000
   -8.9600000000    0.0467831683    0.0000000000
   -8.9500000000    0.0467249059    0.0000000000
   -8.9400000000    0.0466666839    0.0000000000
   -8.9300000000    0.0466085022    0.0000000000
   -8.9200000000    0.0465503608    0.0000000000
   -8.9100000000    0.0464922595    0.0000000000
   -8.9000000000    0.0464341982    0.0000000000
   -8.8900000000    0.0463761768    0.0000000000
   -8.8800000000    0.0463181951    0.0000000000
   -8.8700000000    0.0462602532    0.0000000000
   -8.8600000000    0.0462023508    0.0000000000
   -8.8500000000    0.0461444879    0.0000000000
   -8.8400000000    0.0460866643    0.0000000000
   -8.8300000000    0.0460288800    0.0000000000
   -8.8200000000    0.0459711348    0.0000000000
   -8.8100000000    0.0459134286    0.0000000000
   -8.8000000000    0.0458557614    0.0000000000
   -8.7900000000    0.0457981329    0.0000000000
   -8.7800000000    0.0457405432    0.0000000000
   -8.7700000000    0.0456829921    0.0000000000
   -8.7600000000    0.0456254795    0.0000000000
   -8.7500000000    0.0455680052    0.0000000000
   -8.7400000000    0.0455105693    0.0000000000
   -8.7300000000    0.0454531715    0.0000000000
   -8.7200000000    0.0453958118    0.0000000000
   -8.7100000000    0.0453384901    0.0000000000
   -8.7000000000    0.0452812063    0.0000000000
   -8.6900000000    0.0452239602    0.0000000000
   -8.6800000000    0.0451667518    0.0000000000
   -8.6700000000    0.0451095809    0.0000000000
   -8.6600000000    0.0450524475    0.0000000000
   -8.6500000000    0.0449953514    0.0000000000
   -8.6400000000    0.0449382926    0.0000000000
   -8.6300000000    0.0448812710    0.0000000000
   -8.6200000000    0.0448242864    0.0000000000
   -8.6100000000    0.0447673387    0.0000000000
   -8.6000000000    0.0447104279    0.0000000000
   -8.5900000000    0.0446535538    0.0000000000
   -8.5800000000    0.0445967164    0.0000000000
   -8.5700000000    0.0445399155    0.0000000000
   -8.5600000000    0.0444831510    0.0000000000
   -8.5500000000    0.0444264229    0.0000000000
   -8.5400000000    0.0443697311    0.0000000000
   -8.5300000000    0.0443130754    0.0000000000
   -8.5200000000    0.0442564557    0.0000000000
   -8.5100000000    0.0441998720    0.0000000000
   -8.5000000000    0.0441433241    0.0000000000
   -8.4900000000    0.0440868120    0.0000000000
   -8.4800000000    0.0440303355    0.0000000000
   -8.4700000000    0.0439738946    0.0000000000
   -8.4600000000    0.0439174891    0.0000000000
   -8.4500000000    0.0438611190    0.0000000000
   -8.4400000000    0.0438047841    0.0000000000
   -8.4300000000    0.0437484844    0.0000000000
   -8.4200000000    0.0436922198    0.0000000000
   -8.4100000000    0.0436359902    0.0000000000
   -8.4000000000    0.0435797954    0.0000000000
   -8.3900000000    0.0435236354    0.0000000000
   -8.3800000000    0.0434675101    0.0000000000
   -8.3700000000    0.0434114194    0.0000000000
   -8.3600000000    0.0433553632    0.0000000000
   -8.3500000000    0.0432993413    0.0000000000
   -8.3400000000    0.0432433538    0.0000000000
   -8.3300000000    0.0431874005    0.0000000000
   -8.3200000000    0.0431314813    0.0000000000
   -8.3100000000    0.0430755961    0.0000000000
   -8.3000000000    0.0430197449    0.0000000000
   -8.2900000000    0.0429639274    0.0000000000
   -8.2800000000    0.0429081438    0.0000000000
   -8.2700000000    0.0428523937    0.0000000000
   -8.2600000000    0.0427966772    0.0000000000
   -8.2500000000    0.0427409942    0.0000000000
   -8.2400000000    0.0426853446    0.0000000000
   -8.2300000000    0.0426297282    0.0000000000
   -8.2200000000    0.0425741450    0.0000000000
   -8.2100000000    0.0425185949    0.0000000000
   -8.2000000000    0.0424630778    0.0000000000
   -8.1900000000    0.0424075936    0.0000000000
   -8.1800000000    0.0423521423    0.0000000000
   -8.1700000000    0.0422967236    0.0000000000
   -8.1600000000    0.0422413376    0.0000000000
   -8.1500000000    0.0421859841    0.0000000000
   -8.1400000000    0.0421306631    0.0000000000
   -8.1300000000    0.0420753745    0.0000000000
   -8.1200000000    0.0420201181    0.0000000000
   -8.1100000000    0.0419648939    0.0000000000
   -8.1000000000    0.0419097018    0.0000000000
   -8.0900000000    0.0418545417    0.0000000000
   -8.0800000000    0.0417994135    0.0000000000
   -8.0700000000    0.0417443172    0.0000000000
   -8.0600000000    0.0416892525    0.0000000000
   -8.0500000000    0.0416342196    0.0000000000
   -8.0400000000    0.0415792182    0.0000000000
   -8.0300000000    0.0415242482    0.0000000000
   -8.0200000000    0.0414693097    0.0000000000
   -8.0100000000    0.0414144024    0.0000000000
   -8.0000000000    0.0413595263    0.0000000000
   -7.9900000000    0.0413046814    0.0000000000
   -7.9800000000    0.0412498675    0.0000000000
   -7.9700000000    0.0411950845    0.0000000000
   -7.9600000000    0.0411403324    0.0000000000
   -7.9500000000    0.0410856110    0.0000000000
   -7.9400000000    0.0410309204    0.0000000000
   -7.9300000000    0.0409762603    0.0000000000
   -7.9200000000    0.0409216308    0.0000000000
   -7.9100000000    0.0408670316    0.0000000000
   -7.9000000000    0.0408124628    0.0000000000
   -7.8900000000    0.0407579243    0.0000000000
   -7.8800000000    0.0407034159    0.0000000000
   -7.8700000000    0.0406489376    0.0000000000
   -7.8600000000    0.0405944893    0.0000000000
   -7.8500000000    0.0405400709    0.0000000000
   -7.8400000000    0.0404856823    0.0000000000
   -7.8300000000    0.0404313234    0.0000000000
   -7.8200000000    0.0403769942    0.0000000000
   -7.8100000000    0.0403226946    0.0000000000
   -7.8000000000    0.0402684244    0.0000000000
   -7.7900000000    0.0402141837    0.0000000000
   -7.7800000000    0.0401599722    0.0000000000
   -7.7700000000    0.0401057900    0.0000000000
   -7.7600000000    0.0400516369    0.0000000000
   -7.7500000000    0.0399975129    0.0000000000
   -7.7400000000    0.0399434179    0.0000000000
   -7.7300000000    0.0398893517    0.0000000000
   -7.7200000000    0.0398353144    0.0000000000
   -7.7100000000    0.0397813058    0.0000000000
   -7.7000000000    0.0397273258    0.0000000000
   -7.6900000000    0.0396733744    0.0000000000
   -7.6800000000    0.0396194515    0.0000000000
   -7.6700000000    0.0395655569    0.0000000000
   -7.6600000000    0.0395116907    0.0000000000
   -7.6500000000    0.0394578527    0.0000000000
   -7.6400000000    0.0394040428    0.0000000000
   -7.6300000000    0.0393502610    0.0000000000
   -7.6200000000    0.0392965072    0.0000000000
   -7.6100000000    0.0392427813    0.0000000000
   -7.6000000000    0.0391890832    0.0000000000
   -7.5900000000    0.0391354128    0.0000000000
   -7.5800000000    0.0390817701    0.0000000000
   -7.5700000000    0.0390281549    0.0000000000
   -7.5600000000    0.0389745673    0.0000000000
   -7.5500000000    0.0389210070    0.0000000000
   -7.5400000000    0.0388674741    0.0000000000
   -7.5300000000    0.0388139684    0.0000000000
   -7.5200000000    0.0387604898    0.0000000000
   -7.5100000000    0.0387070384    0.0000000000
   -7.5000000000    0.0386536139    0.0000000000
   -7.4900000000    0.0386002164    0.0000000000
   -7.4800000000    0.0385468457    0.0000000000
   -7.4700000000    0.0384935018    0.0000000000
   -7.4600000000    0.0384401845    0.0000000000
   -7.4500000000    0.0383868939    0.0000000000
   -7.4400000000    0.0383336297    0.0000000000
   -7.4300000000    0.0382803920    0.0000000000
   -7.4200000000    0.0382271807    0.0000000000
   -7.4100000000    0.0381739956    0.0000000000
   -7.4000000000    0.0381208368    0.0000000000
   -7.3900000000    0.0380677040    0.0000000000
   -7.3800000000    0.0380145973    0.0000000000
   -7.3700000000    0.0379615165    0.0000000000
   -7.3600000000    0.0379084616    0.0000000000
   -7.3500000000    0.0378554325    0.0000000000
   -7.3400000000    0.0378024292    0.0000000000
   -7.3300000000    0.0377494514    0.0000000000
   -7.3200000000    0.0376964993    0.0000000000
   -7.3100000000    0.0376435726    0.0000000000
   -7.3000000000    0.0375906713    0.0000000000
   -7.2900000000    0.0375377953    0.0000000000
   -7.2800000000    0.0374849446    0.0000000000
   -7.2700000000    0.0374321190    0.0000000000
   -7.2600000000    0.0373793186    0.0000000000
   -7.2500000000    0.0373265431    0.0000000000
   -7.2400000000    0.0372737926    0.0000000000
   -7.2300000000    0.0372210669    0.0000000000
   -7.2200000000    0.0371683659    0.0000000000
   -7.2100000000    0.0371156897    0.0000000000
   -7.2000000000    0.0370630381    0.0000000000
   -7.1900000000    0.0370104110    0.0000000000
   -7.1800000000    0.0369578084    0.0000000000
   -7.1700000000    0.0369052302    0.0000000000
   -7.1600000000    0.0368526762    0.0000000000
   -7.1500000000    0.0368001465    0.0000000000
   -7.1400000000    0.0367476410    0.0000000000
   -7.1300000000    0.0366951595    0.0000000000
   -7.1200000000    0.0366427020    0.0000000000
   -7.1100000000    0.0365902684    0.0000000000
   -7.1000000000    0.0365378586    0.0000000000
   -7.0900000000    0.0364854726    0.0000000000
   -7.0800000000    0.0364331102    0.0000000000
   -7.0700000000    0.0363807715    0.0000000000
   -7.0600000000    0.0363284563    0.0000000000
   -7.0500000000    0.0362761646    0.0000000000
   -7.0400000000    0.0362238962    0.0000000000
   -7.0300000000    0.0361716511    0.0000000000
   -7.0200000000    0.0361194292    0.0000000000
   -7.0100000000    0.0360672304    0.0000000000
   -7.0000000000    0.0360150547    0.0000000000
   -6.9900000000    0.0359629020    0.0000000000
   -6.9800000000    0.0359107722    0.0000000000
   -6.9700000000    0.0358586652    0.0000000000
   -6.9600000000    0.0358065810    0.0000000000
   -6.9500000000    0.0357545194    0.0000000000
   -6.9400000000    0.0357024804    0.0000000000
   -6.9300000000    0.0356504640    0.0000000000
   -6.9200000000    0.0355984700    0.0000000000
   -6.9100000000    0.0355464983    0.0000000000
   -6.9000000000    0.0354945490    0.0000000000
   -6.8900000000    0.0354426218    0.0000000000
   -6.8800000000    0.0353907168    0.0000000000
   -6.8700000000    0.0353388339    0.0000000000
   -6.8600000000    0.0352869729    0.0000000000
   -6.8500000000    0.0352351338    0.0000000000
   -6.8400000000    0.0351833166    0.0000000000
   -6.8300000000    0.0351315211    0.0000000000
   -6.8200000000    0.0350797472    0.0000000000
   -6.8100000000    0.0350279950    0.0000000000
   -6.8000000000    0.0349762643    0.0000000000
   -6.7900000000    0.0349245550    0.0000000000
   -6.7800000000    0.0348728671    0.0000000000
   -6.7700000000    0.0348212005    0.0000000000
   -6.7600000000    0.0347695550    0.0000000000
   -6.7500000000    0.0347179308    0.0000000000
   -6.7400000000    0.0346663275    0.0000000000
   -6.7300000000    0.0346147453    0.0000000000
   -6.7200000000    0.0345631839    0.0000000000
   -6.7100000000    0.0345116434    0.0000000000
   -6.7000000000    0.0344601237    0.0000000000
   -6.6900000000    0.0344086246    0.0000000000
   -6.6800000000    0.0343571461    0.0000000000
   -6.6700000000    0.0343056881    0.0000000000
   -6.6600000000    0.0342542506    0.0000000000
   -6.6500000000    0.0342028334    0.0000000000
   -6.6400000000    0.0341514365    0.0000000000
   -6.6300000000    0.0341000598    0.0000000000
   -6.6200000000    0.0340487033    0.0000000000
   -6.6100000000    0.0339973668    0.0000000000
   -6.6000000000    0.0339460503    0.0000000000
   -6.5900000000    0.0338947537    0.0000000000
   -6.5800000000    0.0338434770    0.0000000000
   -6.5700000000    0.0337922199    0.0000000000
   -6.5600000000    0.0337409826    0.0000000000
   -6.5500000000    0.0336897649    0.0000000000
   -6.5400000000    0.0336385666    0.0000000000
   -6.5300000000    0.0335873878    0.0000000000
   -6.5200000000    0.0335362284    0.0000000000
   -6.5100000000    0.0334850883    0.0000000000
   -6.5000000000    0.0334339673    0.0000000000
   -6.4900000000    0.0333828656    0.0000000000
   -6.4800000000    0.0333317828    0.0000000000
   -6.4700000000    0.0332807191    0.0000000000
   -6.4600000000    0.0332296742    0.0000000000
   -6.4500000000    0.0331786482    0.0000000000
   -6.4400000000    0.0331276409    0.0000000000
   -6.4300000000    0.0330766522    0.0000000000
   -6.4200000000    0.0330256822    0.0000000000
   -6.4100000000    0.0329747307    0.0000000000
   -6.4000000000    0.0329237976    0.0000000000
   -6.3900000000    0.0328728829    0.0000000000
   -6.3800000000    0.0328219864    0.0000000000
   -6.3700000000    0.0327711082    0.0000000000
   -6.3600000000    0.0327202481    0.0000000000
   -6.3500000000    0.0326694060    0.0000000000
   -6.3400000000    0.0326185819    0.0000000000
   -6.3300000000    0.0325677757    0.0000000000
   -6.3200000000    0.0325169872    0.0000000000
   -6.3100000000    0.0324662166    0.0000000000
   -6.3000000000    0.0324154636    0.0000000000
   -6.2900000000    0.0323647281    0.0000000000
   -6.2800000000    0.0323140102    0.0000000000
   -6.2700000000    0.0322633096    0.0000000000
   -6.2600000000    0.0322126265    0.0000000000
   -6.2500000000    0.0321619605    0.0000000000
   -6.2400000000    0.0321113118    0.0000000000
   -6.2300000000    0.0320606802    0.0000000000
   -6.2200000000    0.0320100656    0.0000000000
   -6.2100000000    0.0319594679    0.0000000000
   -6.2000000000    0.0319088871    0.0000000000
   -6.1900000000    0.0318583231    0.0000000000
   -6.1800000000    0.0318077758    0.0000000000
   -6.1700000000    0.0317572451    0.0000000000
   -6.1600000000    0.0317067310    0.0000000000
   -6.1500000000    0.0316562334    0.0000000000
   -6.1400000000    0.0316057521    0.0000000000
   -6.1300000000    0.0315552872    0.0000000000
   -6.1200000000    0.0315048385    0.0000000000
   -6.1100000000    0.0314544059    0.0000000000
   -6.1000000000    0.0314039894    0.0000000000
   -6.0900000000    0.0313535889    0.0000000000
   -6.0800000000    0.0313032043    0.0000000000
   -6.0700000000    0.0312528356    0.0000000000
   -6.0600000000    0.0312024825    0.0000000000
   -6.0500000000    0.0311521452    0.0000000000
   -6.0400000000    0.0311018234    0.0000000000
   -6.0300000000    0.0310515172    0.0000000000
   -6.0200000000    0.0310012264    0.0000000000
   -6.0100000000    0.0309509509    0.0000000000
   -6.0000000000    0.0309006907    0.0000000000
   -5.9900000000    0.0308504456    0.0000000000
   -5.9800000000    0.0308002157    0.0000000000
   -5.9700000000    0.0307500008    0.0000000000
   -5.9600000000    0.0306998008    0.0000000000
   -5.9500000000    0.0306496156    0.0000000000
   -5.9400000000    0.0305994453    0.0000000000
   -5.9300000000    0.0305492896    0.0000000000
   -5.9200000000    0.0304991485    0.0000000000
   -5.9100000000    0.0304490220    0.0000000000
   -5.9000000000    0.0303989099    0.0000000000
   -5.8900000000    0.0303488122    0.0000000000
   -5.8800000000    0.0302987287    0.0000000000
   -5.8700000000    0.0302486594    0.0000000000
   -5.8600000000    0.0301986042    0.0000000000
   -5.8500000000    0.0301485631    0.0000000000
   -5.8400000000    0.0300985359    0.0000000000
   -5.8300000000    0.0300485225    0.0000000000
   -5.8200000000    0.0299985230    0.0000000000
   -5.8100000000    0.0299485371    0.0000000000
   -5.8000000000    0.0298985648    0.0000000000
   -5.7900000000    0.0298486060    0.0000000000
   -5.7800000000    0.0297986607    0.0000000000
   -5.7700000000    0.0297487287    0.0000000000
   -5.7600000000    0.0296988100    0.0000000000
   -5.7500000000    0.0296489045    0.0000000000
   -5.7400000000    0.0295990120    0.0000000000
   -5.7300000000    0.0295491326    0.0000000000
   -5.7200000000    0.0294992660    0.0000000000
   -5.7100000000    0.0294494124    0.0000000000
   -5.7000000000    0.0293995714    0.0000000000
   -5.6900000000    0.0293497431    0.0000000000
   -5.6800000000    0.0292999274    0.0000000000
   -5.6700000000    0.0292501242    0.0000000000
   -5.6600000000    0.0292003334    0.0000000000
   -5.6500000000    0.0291505549    0.0000000000
   -5.6400000000    0.0291007886    0.0000000000
   -5.6300000000    0.0290510344    0.0000000000
   -5.6200000000    0.0290012923    0.0000000000
   -5.6100000000    0.0289515622    0.0000000000
   -5.6000000000    0.0289018439    0.0000000000
   -5.5900000000    0.0288521374    0.0000000000
   -5.5800000000    0.0288024426    0.0000000000
   -5.5700000000    0.0287527594    0.0000000000
   -5.5600000000    0.0287030877    0.0000000000
   -5.5500000000    0.0286534275    0.0000000000
   -5.5400000000    0.0286037785    0.0000000000
   -5.5300000000    0.0285541409    0.0000000000
   -5.5200000000    0.0285045143    0.0000000000
   -5.5100000000    0.0284548988    0.0000000000
   -5.5000000000    0.0284052943    0.0000000000
   -5.4900000000    0.0283557007    0.0000000000
   -5.4800000000    0.0283061178    0.0000000000
   -5.4700000000    0.0282565457    0.0000000000
   -5.4600000000    0.0282069841    0.0000000000
   -5.4500000000    0.0281574331    0.0000000000
   -5.4400000000    0.0281078924    0.0000000000
   -5.4300000000    0.0280583621    0.0000000000
   -5.4200000000    0.0280088420    0.0000000000
   -5.4100000000    0.0279593321    0.0000000000
   -5.4000000000    0.0279098322    0.0000000000
   -5.3900000000    0.0278603422    0.0000000000
   -5.3800000000    0.0278108621    0.0000000000
   -5.3700000000    0.0277613917    0.0000000000
   -5.3600000000    0.0277119310    0.0000000000
   -5.3500000000    0.0276624799    0.0000000000
   -5.3400000000    0.0276130382    0.0000000000
   -5.3300000000    0.0275636059    0.0000000000
   -5.3200000000    0.0275141829    0.0000000000
   -5.3100000000    0.0274647690    0.0000000000
   -5.3000000000    0.0274153642    0.0000000000
   -5.2900000000    0.0273659684    0.0000000000
   -5.2800000000    0.0273165815    0.0000000000
   -5.2700000000    0.0272672034    0.0000000000
   -5.2600000000    0.0272178339    0.0000000000
   -5.2500000000    0.0271684731    0.0000000000
   -5.2400000000    0.0271191207    0.0000000000
   -5.2300000000    0.0270697767    0.0000000000
   -5.2200000000    0.0270204410    0.0000000000
   -5.2100000000    0.0269711135    0.0000000000
   -5.2000000000    0.0269217940    0.0000000000
   -5.1900000000    0.0268785265    0.0000000000
   -5.1800000000    0.0268255650   -0.0000615558
   -5.1700000000    0.0267762838   -0.0000618090
   -5.1600000000    0.0267270105   -0.0000620636
   -5.1500000000    0.0266777448   -0.0000623196
   -5.1400000000    0.0266284867   -0.0000625769
   -5.1300000000    0.0265792361   -0.0000628356
   -5.1200000000    0.0265299928   -0.0000630957
   -5.1100000000    0.0264807569   -0.0000633572
   -5.1000000000    0.0264315281   -0.0000636201
   -5.0900000000    0.0263823063   -0.0000638844
   -5.0800000000    0.0263330915   -0.0000641502
   -5.0700000000    0.0262838836   -0.0000644174
   -5.0600000000    0.0262346823   -0.0000646861
   -5.0500000000    0.0261854878   -0.0000649562
   -5.0400000000    0.0261362997   -0.0000652279
   -5.0300000000    0.0260871181   -0.0000655010
   -5.0200000000    0.0260379428   -0.0000657756
   -5.0100000000    0.0259887737   -0.0000660518
   -5.0000000000    0.0259396107   -0.0000663295
   -4.9900000000    0.0258904537   -0.0000666087
   -4.9800000000    0.0258413025   -0.0000668895
   -4.9700000000    0.0257921572   -0.0000671718
   -4.9600000000    0.0257430175   -0.0000674557
   -4.9500000000    0.0256938833   -0.0000677413
   -4.9400000000    0.0256447545   -0.0000680284
   -4.9300000000    0.0255956311   -0.0000683172
   -4.9200000000    0.0255465129   -0.0000686075
   -4.9100000000    0.0254973998   -0.0000688996
   -4.9000000000    0.0254482916   -0.0000691932
   -4.8900000000    0.0253991883   -0.0000694886
   -4.8800000000    0.0253500898   -0.0000697857
   -4.8700000000    0.0253009959   -0.0000700844
   -4.8600000000    0.0252519065   -0.0000703849
   -4.8500000000    0.0252028216   -0.0000706871
   -4.8400000000    0.0251537409   -0.0000709910
   -4.8300000000    0.0251046643   -0.0000712967
   -4.8200000000    0.0250555919   -0.0000716041
   -4.8100000000    0.0250065233   -0.0000719134
   -4.8000000000    0.0249574586   -0.0000722244
   -4.7900000000    0.0249083975   -0.0000725373
   -4.7800000000    0.0248593400   -0.0000728520
   -4.7700000000    0.0248102860   -0.0000731685
   -4.7600000000    0.0247612352   -0.0000734869
   -4.7500000000    0.0247121877   -0.0000738072
   -4.7400000000    0.0246631433   -0.0000741294
   -4.7300000000    0.0246141018   -0.0000744534
   -4.7200000000    0.0245650631   -0.0000747795
   -4.7100000000    0.0245160271   -0.0000751074
   -4.7000000000    0.0244669937   -0.0000754373
   -4.6900000000    0.0244179628   -0.0000757692
   -4.6800000000    0.0243689342   -0.0000761030
   -4.6700000000    0.0243199077   -0.0000764389
   -4.6600000000    0.0242708834   -0.0000767768
   -4.6500000000    0.0242218609   -0.0000771168
   -4.6400000000    0.0241728403   -0.0000774587
   -4.6300000000    0.0241238213   -0.0000778028
   -4.6200000000    0.0240748039   -0.0000781490
   -4.6100000000    0.0240257879   -0.0000784973
   -4.6000000000    0.0239767732   -0.0000788477
   -4.5900000000    0.0239277596   -0.0000792002
   -4.5800000000    0.0238787470   -0.0000795550
   -4.5700000000    0.0238297353   -0.0000799119
   -4.5600000000    0.0237807243   -0.0000802710
   -4.5500000000    0.0237317139   -0.0000806323
   -4.5400000000    0.0236827040   -0.0000809959
   -4.5300000000    0.0236336943   -0.0000813618
   -4.5200000000    0.0235846849   -0.0000817299
   -4.5100000000    0.0235356755   -0.0000821003
   -4.5000000000    0.0234866660   -0.0000824731
   -4.4900000000    0.0234376562   -0.0000828482
   -4.4800000000    0.0233886461   -0.0000832256
   -4.4700000000    0.0233396354   -0.0000836055
   -4.4600000000    0.0232906241   -0.0000839877
   -4.4500000000    0.0232416119   -0.0000843724
   -4.4400000000    0.0231925988   -0.0000847595
   -4.4300000000    0.0231435845   -0.0000851491
   -4.4200000000    0.0230945690   -0.0000855412
   -4.4100000000    0.0230455520   -0.0000859358
   -4.4000000000    0.0229965335   -0.0000863329
   -4.3900000000    0.0229475133   -0.0000867326
   -4.3800000000    0.0228984912   -0.0000871349
   -4.3700000000    0.0228494670   -0.0000875397
   -4.3600000000    0.0228004407   -0.0000879473
   -4.3500000000    0.0227514121   -0.0000883574
   -4.3400000000    0.0227023809   -0.0000887702
   -4.3300000000    0.0226533471   -0.0000891858
   -4.3200000000    0.0226043106   -0.0000896040
   -4.3100000000    0.0225552710   -0.0000900250
   -4.3000000000    0.0225062283   -0.0000904488
   -4.2900000000    0.0224571823   -0.0000908754
   -4.2800000000    0.0224081329   -0.0000913048
   -4.2700000000    0.0223590798   -0.0000917370
   -4.2600000000    0.0223100230   -0.0000921722
   -4.2500000000    0.0222609622   -0.0000926102
   -4.2400000000    0.0222118973   -0.0000930512
   -4.2300000000    0.0221628282   -0.0000934951
   -4.2200000000    0.0221137545   -0.0000939420
   -4.2100000000    0.0220646763   -0.0000943919
   -4.2000000000    0.0220155932   -0.0000948449
   -4.1900000000    0.0219665052   -0.0000953009
   -4.1800000000    0.0219174120   -0.0000957600
   -4.1700000000    0.0218683135   -0.0000962223
   -4.1600000000    0.0218192095   -0.0000966877
   -4.1500000000    0.0217700998   -0.0000971563
   -4.1400000000    0.0217209843   -0.0000976281
   -4.1300000000    0.0216718628   -0.0000981031
   -4.1200000000    0.0216227350   -0.0000985815
   -4.1100000000    0.0215736008   -0.0000990631
   -4.1000000000    0.0215244600   -0.0000995481
   -4.0900000000    0.0214753125   -0.0001000364
   -4.0800000000    0.0214261579   -0.0001005282
   -4.0700000000    0.0213769963   -0.0001010234
   -4.0600000000    0.0213278273   -0.0001015220
   -4.0500000000    0.0212786507   -0.0001020242
   -4.0400000000    0.0212294664   -0.0001025298
   -4.0300000000    0.0211802742   -0.0001030391
   -4.0200000000    0.0211310739   -0.0001035520
   -4.0100000000    0.0210818653   -0.0001040685
   -4.0000000000    0.0210326481   -0.0001045886
   -3.9900000000    0.0209834222   -0.0001051125
   -3.9800000000    0.0209341874   -0.0001056402
   -3.9700000000    0.0208849435   -0.0001061716
   -3.9600000000    0.0208356902   -0.0001067068
   -3.9500000000    0.0207864274   -0.0001072459
   -3.9400000000    0.0207371549   -0.0001077889
   -3.9300000000    0.0206878723   -0.0001083358
   -3.9200000000    0.0206385797   -0.0001088867
   -3.9100000000    0.0205892766   -0.0001094416
   -3.9000000000    0.0205399629   -0.0001100006
   -3.8900000000    0.0204906384   -0.0001105636
   -3.8800000000    0.0204413028   -0.0001111308
   -3.8700000000    0.0203919560   -0.0001117021
   -3.8600000000    0.0203425977   -0.0001122777
   -3.8500000000    0.0202932277   -0.0001128576
   -3.8400000000    0.0202438458   -0.0001134417
   -3.8300000000    0.0201944517   -0.0001140302
   -3.8200000000    0.0201450452   -0.0001146230
   -3.8100000000    0.0200956260   -0.0001152203
   -3.8000000000    0.0200461940   -0.0001158221
   -3.7900000000    0.0199967489   -0.0001164284
   -3.7800000000    0.0199472904   -0.0001170393
   -3.7700000000    0.0198978184   -0.0001176548
   -3.7600000000    0.0198483325   -0.0001182750
   -3.7500000000    0.0197988326   -0.0001188999
   -3.7400000000    0.0197493183   -0.0001195295
   -3.7300000000    0.0196997895   -0.0001201640
   -3.7200000000    0.0196502459   -0.0001208033
   -3.7100000000    0.0196006872   -0.0001214475
   -3.7000000000    0.0195511131   -0.0001220967
   -3.6900000000    0.0195015235   -0.0001227509
   -3.6800000000    0.0194519180   -0.0001234102
   -3.6700000000    0.0194022964   -0.0001240746
   -3.6600000000    0.0193526585   -0.0001247442
   -3.6500000000    0.0193030039   -0.0001254190
   -3.6400000000    0.0192533323   -0.0001260991
   -3.6300000000    0.0192036436   -0.0001267845
   -3.6200000000    0.0191539375   -0.0001274754
   -3.6100000000    0.0191042136   -0.0001281717
   -3.6000000000    0.0190544716   -0.0001288735
   -3.5900000000    0.0190047114   -0.0001295809
   -3.5800000000    0.0189549326   -0.0001302939
   -3.5700000000    0.0189051349   -0.0001310126
   -3.5600000000    0.0188553181   -0.0001317371
   -3.5500000000    0.0188054817   -0.0001324674
   -3.5400000000    0.0187556257   -0.0001332035
   -3.5300000000    0.0187057496   -0.0001339456
   -3.5200000000    0.0186558531   -0.0001346938
   -3.5100000000    0.0186059359   -0.0001354480
   -3.5000000000    0.0185559978   -0.0001362083
   -3.4900000000    0.0185060384   -0.0001369749
   -3.4800000000    0.0184560575   -0.0001377478
   -3.4700000000    0.0184060546   -0.0001385270
   -3.4600000000    0.0183560295   -0.0001393126
   -3.4500000000    0.0183059818   -0.0001401047
   -3.4400000000    0.0182559112   -0.0001409034
   -3.4300000000    0.0182058175   -0.0001417087
   -3.4200000000    0.0181557002   -0.0001425207
   -3.4100000000    0.0181055590   -0.0001433396
   -3.4000000000    0.0180553936   -0.0001441652
   -3.3900000000    0.0180052037   -0.0001449979
   -3.3800000000    0.0179549888   -0.0001458375
   -3.3700000000    0.0179047487   -0.0001466843
   -3.3600000000    0.0178544830   -0.0001475382
   -3.3500000000    0.0178041913   -0.0001483994
   -3.3400000000    0.0177538733   -0.0001492680
   -3.3300000000    0.0177035286   -0.0001501440
   -3.3200000000    0.0176531569   -0.0001510275
   -3.3100000000    0.0176027577   -0.0001519186
   -3.3000000000    0.0175523307   -0.0001528174
   -3.2900000000    0.0175018755   -0.0001537240
   -3.2800000000    0.0174513918   -0.0001546385
   -3.2700000000    0.0174008791   -0.0001555609
   -3.2600000000    0.0173503371   -0.0001564914
   -3.2500000000    0.0172997653   -0.0001574301
   -3.2400000000    0.0172491634   -0.0001583770
   -3.2300000000    0.0171985309   -0.0001593323
   -3.2200000000    0.0171478675   -0.0001602960
   -3.2100000000    0.0170971727   -0.0001612683
   -3.2000000000    0.0170464461   -0.0001622492
   -3.1900000000    0.0169956873   -0.0001632389
   -3.1800000000    0.0169448959   -0.0001642374
   -3.1700000000    0.0168940714   -0.0001652449
   -3.1600000000    0.0168432134   -0.0001662615
   -3.1500000000    0.0167923215   -0.0001672873
   -3.1400000000    0.0167413952   -0.0001683223
   -3.1300000000    0.0166904340   -0.0001693668
   -3.1200000000    0.0166394376   -0.0001704208
   -3.1100000000    0.0165884054   -0.0001714845
   -3.1000000000    0.0165373370   -0.0001725579
   -3.0900000000    0.0164862319   -0.0001736412
   -3.0800000000    0.0164350896   -0.0001747345
   -3.0700000000    0.0163839096   -0.0001758380
   -3.0600000000    0.0163326916   -0.0001769517
   -3.0500000000    0.0162814349   -0.0001780757
   -3.0400000000    0.0162301390   -0.0001792103
   -3.0300000000    0.0161788036   -0.0001803556
   -3.0200000000    0.0161274280   -0.0001815116
   -3.0100000000    0.0160760117   -0.0001826786
   -3.0000000000    0.0160245543   -0.0001838566
   -2.9900000000    0.0159730551   -0.0001850458
   -2.9800000000    0.0159215137   -0.0001862463
   -2.9700000000    0.0158699295   -0.0001874583
   -2.9600000000    0.0158183020   -0.0001886820
   -2.9500000000    0.0157666306   -0.0001899175
   -2.9400000000    0.0157149147   -0.0001911648
   -2.9300000000    0.0156631538   -0.0001924243
   -2.9200000000    0.0156113473   -0.0001936960
   -2.9100000000    0.0155594947   -0.0001949802
   -2.9000000000    0.0155075953   -0.0001962769
   -2.8900000000    0.0154556486   -0.0001975863
   -2.8800000000    0.0154036538   -0.0001989087
   -2.8700000000    0.0153516106   -0.0002002441
   -2.8600000000    0.0152995181   -0.0002015927
   -2.8500000000    0.0152473759   -0.0002029548
   -2.8400000000    0.0151951831   -0.0002043305
   -2.8300000000    0.0151429394   -0.0002057200
   -2.8200000000    0.0150906438   -0.0002071235
   -2.8100000000    0.0150382959   -0.0002085411
   -2.8000000000    0.0149858950   -0.0002099731
   -2.7900000000    0.0149334403   -0.0002114196
   -2.7800000000    0.0148809312   -0.0002128808
   -2.7700000000    0.0148283670   -0.0002143570
   -2.7600000000    0.0147757470   -0.0002158484
   -2.7500000000    0.0147230706   -0.0002173551
   -2.7400000000    0.0146703368   -0.0002188774
   -2.7300000000    0.0146175452   -0.0002204155
   -2.7200000000    0.0145646948   -0.0002219696
   -2.7100000000    0.0145117850   -0.0002235399
   -2.7000000000    0.0144588150   -0.0002251267
   -2.6900000000    0.0144057841   -0.0002267301
   -2.6800000000    0.0143526914   -0.0002283505
   -2.6700000000    0.0142995363   -0.0002299881
   -2.6600000000    0.0142463178   -0.0002316430
   -2.6500000000    0.0141930351   -0.0002333157
   -2.6400000000    0.0141396876   -0.0002350062
   -2.6300000000    0.0140862742   -0.0002367149
   -2.6200000000    0.0140327943   -0.0002384420
   -2.6100000000    0.0139792469   -0.0002401878
   -2.6000000000    0.0139256312   -0.0002419526
   -2.5900000000    0.0138719462   -0.0002437366
   -2.5800000000    0.0138181912   -0.0002455401
   -2.5700000000    0.0137643652   -0.0002473635
   -2.5600000000    0.0137104673   -0.0002492069
   -2.5500000000    0.0136564965   -0.0002510707
   -2.5400000000    0.0136024521   -0.0002529552
   -2.5300000000    0.0135483328   -0.0002548608
   -2.5200000000    0.0134941380   -0.0002567876
   -2.5100000000    0.0134398664   -0.0002587361
   -2.5000000000    0.0133855172   -0.0002607066
   -2.4900000000    0.0133310894   -0.0002626993
   -2.4800000000    0.0132765819   -0.0002647147
   -2.4700000000    0.0132219937   -0.0002667530
   -2.4600000000    0.0131673237   -0.0002688147
   -2.4500000000    0.0131125709   -0.0002709000
   -2.4400000000    0.0130577342   -0.0002730094
   -2.4300000000    0.0130028125   -0.0002751432
   -2.4200000000    0.0129478047   -0.0002773019
   -2.4100000000    0.0128927096   -0.0002794856
   -2.4000000000    0.0128375262   -0.0002816950
   -2.3900000000    0.0127822532   -0.0002839304
   -2.3800000000    0.0127268895   -0.0002861921
   -2.3700000000    0.0126714339   -0.0002884806
   -2.3600000000    0.0126158852   -0.0002907963
   -2.3500000000    0.0125602420   -0.0002931398
   -2.3400000000    0.0125045033   -0.0002955113
   -2.3300000000    0.0124486677   -0.0002979113
   -2.3200000000    0.0123927338   -0.0003003404
   -2.3100000000    0.0123367005   -0.0003027989
   -2.3000000000    0.0122805664   -0.0003052874
   -2.2900000000    0.0122243301   -0.0003078064
   -2.2800000000    0.0121679903   -0.0003103562
   -2.2700000000    0.0121115455   -0.0003129376
   -2.2600000000    0.0120549943   -0.0003155509
   -2.2500000000    0.0119983354   -0.0003181967
   -2.2400000000    0.0119415672   -0.0003208755
   -2.2300000000    0.0118846883   -0.0003235880
   -2.2200000000    0.0118276972   -0.0003263345
   -2.2100000000    0.0117705923   -0.0003291159
   -2.2000000000    0.0117133721   -0.0003319325
   -2.1900000000    0.0116560349   -0.0003347850
   -2.1800000000    0.0115985793   -0.0003376741
   -2.1700000000    0.0115410036   -0.0003406003
   -2.1600000000    0.0114833060   -0.0003435643
   -2.1500000000    0.0114254850   -0.0003465668
   -2.1400000000    0.0113675387   -0.0003496083
   -2.1300000000    0.0113094656   -0.0003526897
   -2.1200000000    0.0112512637   -0.0003558115
   -2.1100000000    0.0111929314   -0.0003589745
   -2.1000000000    0.0111344667   -0.0003621794
   -2.0900000000    0.0110758678   -0.0003654270
   -2.0800000000    0.0110171328   -0.0003687181
   -2.0700000000    0.0109582599   -0.0003720533
   -2.0600000000    0.0108992470   -0.0003754335
   -2.0500000000    0.0108400921   -0.0003788595
   -2.0400000000    0.0107807933   -0.0003823321
   -2.0300000000    0.0107213484   -0.0003858522
   -2.0200000000    0.0106617555   -0.0003894207
   -2.0100000000    0.0106020122   -0.0003930384
   -2.0000000000    0.0105421166   -0.0003967062
   -1.9900000000    0.0104820663   -0.0004004250
   -1.9800000000    0.0104218592   -0.0004041959
   -1.9700000000    0.0103614929   -0.0004080198
   -1.9600000000    0.0103009652   -0.0004118976
   -1.9500000000    0.0102402736   -0.0004158305
   -1.9400000000    0.0101794158   -0.0004198193
   -1.9300000000    0.0101183892   -0.0004238653
   -1.9200000000    0.0100571915   -0.0004279695
   -1.9100000000    0.0099958201   -0.0004321330
   -1.9000000000    0.0099342723   -0.0004363569
   -1.8900000000    0.0098725456   -0.0004406424
   -1.8800000000    0.0098106372   -0.0004449908
   -1.8700000000    0.0097485445   -0.0004494032
   -1.8600000000    0.0096862646   -0.0004538810
   -1.8500000000    0.0096237948   -0.0004584253
   -1.8400000000    0.0095611321   -0.0004630376
   -1.8300000000    0.0094982735   -0.0004677191
   -1.8200000000    0.0094352162   -0.0004724713
   -1.8100000000    0.0093719569   -0.0004772956
   -1.8000000000    0.0093084927   -0.0004821935
   -1.7900000000    0.0092448204   -0.0004871664
   -1.7800000000    0.0091809367   -0.0004922158
   -1.7700000000    0.0091168383   -0.0004973435
   -1.7600000000    0.0090525218   -0.0005025509
   -1.7500000000    0.0089879839   -0.0005078397
   -1.7400000000    0.0089232210   -0.0005132116
   -1.7300000000    0.0088582297   -0.0005186684
   -1.7200000000    0.0087930061   -0.0005242118
   -1.7100000000    0.0087275467   -0.0005298437
   -1.7000000000    0.0086618477   -0.0005355660
   -1.6900000000    0.0085959052   -0.0005413806
   -1.6800000000    0.0085297153   -0.0005472895
   -1.6700000000    0.0084632739   -0.0005532947
   -1.6600000000    0.0083965771   -0.0005593983
   -1.6500000000    0.0083296205   -0.0005656025
   -1.6400000000    0.0082624000   -0.0005719095
   -1.6300000000    0.0081949112   -0.0005783215
   -1.6200000000    0.0081271496   -0.0005848409
   -1.6100000000    0.0080591107   -0.0005914701
   -1.6000000000    0.0079907900   -0.0005982115
   -1.5900000000    0.0079221826   -0.0006050677
   -1.5800000000    0.0078532837   -0.0006120412
   -1.5700000000    0.0077840885   -0.0006191349
   -1.5600000000    0.0077145918   -0.0006263513
   -1.5500000000    0.0076447886   -0.0006336934
   -1.5400000000    0.0075746736   -0.0006411640
   -1.5300000000    0.0075042414   -0.0006487662
   -1.5200000000    0.0074334865   -0.0006565031
   -1.5100000000    0.0073624034   -0.0006643778
   -1.5000000000    0.0072909863   -0.0006723935
   -1.4900000000    0.0072192294   -0.0006805538
   -1.4800000000    0.0071471267   -0.0006888619
   -1.4700000000    0.0070746720   -0.0006973216
   -1.4600000000    0.0070018592   -0.0007059365
   -1.4500000000    0.0069286817   -0.0007147103
   -1.4400000000    0.0068551332   -0.0007236470
   -1.4300000000    0.0067812069   -0.0007327506
   -1.4200000000    0.0067068959   -0.0007420253
   -1.4100000000    0.0066321933   -0.0007514754
   -1.4000000000    0.0065570920   -0.0007611052
   -1.3900000000    0.0064815845   -0.0007709193
   -1.3800000000    0.0064056634   -0.0007809224
   -1.3700000000    0.0063293211   -0.0007911193
   -1.3600000000    0.0062525496   -0.0008015151
   -1.3500000000    0.0061753410   -0.0008121150
   -1.3400000000    0.0060976870   -0.0008229241
   -1.3300000000    0.0060195792   -0.0008339481
   -1.3200000000    0.0059410089   -0.0008451927
   -1.3100000000    0.0058619674   -0.0008566636
   -1.3000000000    0.0057824456   -0.0008683670
   -1.2900000000    0.0057024342   -0.0008803092
   -1.2800000000    0.0056219237   -0.0008924965
   -1.2700000000    0.0055409045   -0.0009049358
   -1.2600000000    0.0054593664   -0.0009176339
   -1.2500000000    0.0053772994   -0.0009305980
   -1.2400000000    0.0052946929   -0.0009438356
   -1.2300000000    0.0052115362   -0.0009573542
   -1.2200000000    0.0051278183   -0.0009711618
   -1.2100000000    0.0050435279   -0.0009852666
   -1.2000000000    0.0049586534   -0.0009996772
   -1.1900000000    0.0048731830   -0.0010144024
   -1.1800000000    0.0047871045   -0.0010294512
   -1.1700000000    0.0047004054   -0.0010448331
   -1.1600000000    0.0046130729   -0.0010605580
   -1.1500000000    0.0045250939   -0.0010766360
   -1.1400000000    0.0044364548   -0.0010930776
   -1.1300000000    0.0043471417   -0.0011098938
   -1.1200000000    0.0042571406   -0.0011270958
   -1.1100000000    0.0041664368   -0.0011446955
   -1.1000000000    0.0040750153   -0.0011627051
   -1.0900000000    0.0039828608   -0.0011811372
   -1.0800000000    0.0038899574   -0.0012000050
   -1.0700000000    0.0037962889   -0.0012193222
   -1.0600000000    0.0037018387   -0.0012391029
   -1.0500000000    0.0036065896   -0.0012593620
   -1.0400000000    0.0035105240   -0.0012801147
   -1.0300000000    0.0034136240   -0.0013013771
   -1.0200000000    0.0033158708   -0.0013231658
   -1.0100000000    0.0032172455   -0.0013454980
   -1.0000000000    0.0031177284   -0.0013683917
   -0.9900000000    0.0030172993   -0.0013918656
   -0.9800000000    0.0029159376   -0.0014159393
   -0.9700000000    0.0028136219   -0.0014406330
   -0.9600000000    0.0027103303   -0.0014659679
   -0.9500000000    0.0026060402   -0.0014919660
   -0.9400000000    0.0025007285   -0.0015186504
   -0.9300000000    0.0023943715   -0.0015460451
   -0.9200000000    0.0022869444   -0.0015741750
   -0.9100000000    0.0021784222   -0.0016030663
   -0.9000000000    0.0020687789   -0.0016327464
   -0.8900000000    0.0019579879   -0.0016632436
   -0.8800000000    0.0018460216   -0.0016945877
   -0.8700000000    0.0017328519   -0.0017268099
   -0.8600000000    0.0016184497   -0.0017599426
   -0.8500000000    0.0015027851   -0.0017940200
   -0.8400000000    0.0013858273   -0.0018290775
   -0.8300000000    0.0012675447   -0.0018651524
   -0.8200000000    0.0011479048   -0.0019022837
   -0.8100000000    0.0010268741   -0.0019405123
   -0.8000000000    0.0009044180   -0.0019798809
   -0.7900000000    0.0007805012   -0.0020204344
   -0.7800000000    0.0006550872   -0.0020622198
   -0.7700000000    0.0005281385   -0.0021052866
   -0.7600000000    0.0003996165   -0.0021496864
   -0.7500000000    0.0002694816   -0.0021954736
   -0.7400000000    0.0001376929   -0.0022427053
   -0.7300000000    0.0000042086   -0.0022914414
   -0.7200000000   -0.0001310144   -0.0023417452
   -0.7100000000   -0.0002680205   -0.0023936827
   -0.7000000000   -0.0004068549   -0.0024473239
   -0.6900000000   -0.0005475644   -0.0025027421
   -0.6800000000   -0.0006901970   -0.0025600145
   -0.6700000000   -0.0008348017   -0.0026192227
   -0.6600000000   -0.0009814290   -0.0026804523
   -0.6500000000   -0.0011301305   -0.0027437940
   -0.6400000000   -0.0012809590   -0.0028093430
   -0.6300000000   -0.0014339689   -0.0028772001
   -0.6200000000   -0.0015892153   -0.0029474716
   -0.6100000000   -0.0017467548   -0.0030202697
   -0.6000000000   -0.0019066452   -0.0030957131
   -0.5900000000   -0.0020689453   -0.0031739273
   -0.5800000000   -0.0022337150   -0.0032550449
   -0.5700000000   -0.0024010151   -0.0033392063
   -0.5600000000   -0.0025709075   -0.0034265601
   -0.5500000000   -0.0027434547   -0.0035172637
   -0.5400000000   -0.0029187199   -0.0036114840
   -0.5300000000   -0.0030967668   -0.0037093979
   -0.5200000000   -0.0032776593   -0.0038111928
   -0.5100000000   -0.0034614616   -0.0039170680
   -0.5000000000   -0.0036482376   -0.0040272347
   -0.4900000000   -0.0038380505   -0.0041419174
   -0.4800000000   -0.0040309629   -0.0042613546
   -0.4700000000   -0.0042270359   -0.0043857999
   -0.4600000000   -0.0044263290   -0.0045155231
   -0.4500000000   -0.0046288993   -0.0046508109
   -0.4400000000   -0.0048348008   -0.0047919689
   -0.4300000000   -0.0050440837   -0.0049393223
   -0.4200000000   -0.0052567938   -0.0050932174
   -0.4100000000   -0.0054729708   -0.0052540235
   -0.4000000000   -0.0056926480   -0.0054221340
   -0.3900000000   -0.0059158502   -0.0055979684
   -0.3800000000   -0.0061425926   -0.0057819743
   -0.3700000000   -0.0063728790   -0.0059746287
   -0.3600000000   -0.0066066994   -0.0061764410
   -0.3500000000   -0.0068440282   -0.0063879544
   -0.3400000000   -0.0070848211   -0.0066097486
   -0.3300000000   -0.0073290123   -0.0068424421
   -0.3200000000   -0.0075765106   -0.0070866949
   -0.3100000000   -0.0078271961   -0.0073432108
   -0.3000000000   -0.0080809148   -0.0076127402
   -0.2900000000   -0.0083374739   -0.0078960831
   -0.2800000000   -0.0085966357   -0.0081940915
   -0.2700000000   -0.0088581107   -0.0085076719
   -0.2600000000   -0.0091215497   -0.0088377886
   -0.2500000000   -0.0093865353   -0.0091854651
   -0.2400000000   -0.0096525717   -0.0095517871
   -0.2300000000   -0.0099190732   -0.0099379032
   -0.2200000000   -0.0101853515   -0.0103450266
   -0.2100000000   -0.0104506013   -0.0107744346
   -0.2000000000   -0.0107138835   -0.0112274681
   -0.1900000000   -0.0109741076   -0.0117055288
   -0.1800000000   -0.0112300107   -0.0122100749
   -0.1700000000   -0.0114801353   -0.0127426143
   -0.1600000000   -0.0117228041   -0.0133046950
   -0.1500000000   -0.0119560931   -0.0138978919
   -0.1400000000   -0.0121778015   -0.0145237881
   -0.1300000000   -0.0123854209   -0.0151839522
   -0.1200000000   -0.0125761017   -0.0158799078
   -0.1100000000   -0.0127466189   -0.0166130953
   -0.1000000000   -0.0128933383   -0.0173848249
   -0.0900000000   -0.0130121833   -0.0181962179
   -0.0800000000   -0.0130986056   -0.0190481362
   -0.0700000000   -0.0131475613   -0.0199410983
   -0.0600000000   -0.0131534962   -0.0208751795
   -0.0500000000   -0.0131103446   -0.0218498968
   -0.0400000000   -0.0130115450   -0.0228640779
   -0.0300000000   -0.0128500821   -0.0239157160
   -0.0200000000   -0.0126185571   -0.0250018110
   -0.0100000000   -0.0123092982   -0.0261182053
    0.0000000000   -0.0119145148   -0.0272594180
