      -20.0000000000          130.2253491727
      -19.9900000000          142.2413413124
      -19.9800000000          154.5788597166
      -19.9700000000          167.2901298023
      -19.9600000000          180.6325819139
      -19.9500000000          195.0212679354
      -19.9400000000          210.7995924814
      -19.9300000000          227.7743860604
      -19.9200000000          244.5760678204
      -19.9100000000          258.2132802446
      -19.9000000000          264.5908246362
      -19.8900000000          260.4611108608
      -19.8800000000          245.6264848350
      -19.8700000000          223.1630455895
      -19.8600000000          197.4408916425
      -19.8500000000          172.0416582555
      -19.8400000000          148.9973323569
      -19.8300000000          129.0558965451
      -19.8200000000          112.2174283820
      -19.8100000000           98.1505733490
      -19.8000000000           86.4288649636
      -19.7900000000           76.6401067160
      -19.7800000000           68.4265316302
      -19.7700000000           61.4926357071
      -19.7600000000           55.6000388764
      -19.7500000000           50.5583970253
      -19.7400000000           46.2161457489
      -19.7300000000           42.4524225028
      -19.7200000000           39.1704687377
      -19.7100000000           36.2924104537
      -19.7000000000           33.7551924848
      -19.6900000000           31.5074319720
      -19.6800000000           29.5069864019
      -19.6700000000           27.7190705621
      -19.6600000000           26.1147931499
      -19.6500000000           24.6700140290
      -19.6400000000           23.3644469825
      -19.6300000000           22.1809511146
      -19.6200000000           21.1049678864
      -19.6100000000           20.1240711731
      -19.6000000000           19.2276055221
      -19.5900000000           18.4063936362
      -19.5800000000           17.6524985051
      -19.5700000000           16.9590289230
      -19.5600000000           16.3199796452
      -19.5500000000           15.7300993537
      -19.5400000000           15.1847810656
      -19.5300000000           14.6799707461
      -19.5200000000           14.2120907638
      -19.5100000000           13.7779755012
      -19.5000000000           13.3748169647
      -19.4900000000           13.0001186581
      -19.4800000000           12.6516563074
      -19.4700000000           12.3274442897
      -19.4600000000           12.0257068245
      -19.4500000000           11.7448531525
      -19.4400000000           11.4834560587
      -19.4300000000           11.2402332050
      -19.4200000000           11.0140308227
      -19.4100000000           10.8038093853
      -19.4000000000           10.6086309389
      -19.3900000000           10.4276478114
      -19.3800000000           10.2600924626
      -19.3700000000           10.1052682648
      -19.3600000000            9.9625410334
      -19.3500000000            9.8313311462
      -19.3400000000            9.7111061177
      -19.3300000000            9.6013735103
      -19.3200000000            9.5016740931
      -19.3100000000            9.4115751836
      -19.3000000000            9.3306641429
      -19.2900000000            9.2585420314
      -19.2800000000            9.1948174837
      -19.2700000000            9.1391009163
      -19.2600000000            9.0909992441
      -19.2500000000            9.0501113524
      -19.2400000000            9.0160246356
      -19.2300000000            8.9883129664
      -19.2200000000            8.9665364954
      -19.2100000000            8.9502436674
      -19.2000000000            8.9389757829
      -19.1900000000            8.9322743018
      -19.1800000000            8.9296908851
      -19.1700000000            8.9307999009
      -19.1600000000            8.9352128086
      -19.1500000000            8.9425935170
      -19.1400000000            8.9526735369
      -19.1300000000            8.9652655838
      -19.1200000000            8.9802742643
      -19.1100000000            8.9977026412
      -19.1000000000            9.0176537987
      -19.0900000000            9.0403269831
      -19.0800000000            9.0660084052
      -19.0700000000            9.0950572665
      -19.0600000000            9.1278879497
      -19.0500000000            9.1649495270
      -19.0400000000            9.2067037885
      -19.0300000000            9.2536028847
      -19.0200000000            9.3060674638
      -19.0100000000            9.3644659261
      -19.0000000000            9.4290951719
      -18.9900000000            9.5001630325
      -18.9800000000            9.5777724849
      -18.9700000000            9.6619077595
      -18.9600000000            9.7524225680
      -18.9500000000            9.8490308730
      -18.9400000000            9.9513008641
      -18.9300000000           10.0586530593
      -18.9200000000           10.1703636444
      -18.9100000000           10.2855742510
      -18.9000000000           10.4033092739
      -18.8900000000           10.5225014972
      -18.8800000000           10.6420261910
      -18.8700000000           10.7607429706
      -18.8600000000           10.8775436485
      -18.8500000000           10.9914031793
      -18.8400000000           11.1014298007
      -18.8300000000           11.2069098179
      -18.8200000000           11.3073423638
      -18.8100000000           11.4024600102
      -18.8000000000           11.4922323008
      -18.7900000000           11.5768509799
      -18.7800000000           11.6566976520
      -18.7700000000           11.7322965101
      -18.7600000000           11.8042563251
      -18.7500000000           11.8732069015
      -18.7400000000           11.9397355895
      -18.7300000000           12.0043292513
      -18.7200000000           12.0673264322
      -18.7100000000           12.1288835328
      -18.7000000000           12.1889576583
      -18.6900000000           12.2473076086
      -18.6800000000           12.3035132103
      -18.6700000000           12.3570118817
      -18.6600000000           12.4071499837
      -18.6500000000           12.4532452021
      -18.6400000000           12.4946550561
      -18.6300000000           12.5308458003
      -18.6200000000           12.5614556913
      -18.6100000000           12.5863469562
      -18.6000000000           12.6056418912
      -18.5900000000           12.6197402279
      -18.5800000000           12.6293169978
      -18.5700000000           12.6353022660
      -18.5600000000           12.6388459527
      -18.5500000000           12.6412722227
      -18.5400000000           12.6440284728
      -18.5300000000           12.6486337820
      -18.5200000000           12.6566309521
      -18.5100000000           12.6695451822
      -18.5000000000           12.6888512099
      -18.4900000000           12.7159496208
      -18.4800000000           12.7521521046
      -18.4700000000           12.7986747796
      -18.4600000000           12.8566383240
      -18.4500000000           12.9270735010
      -18.4400000000           13.0109306886
      -18.4300000000           13.1090921625
      -18.4200000000           13.2223860807
      -18.4100000000           13.3516013312
      -18.4000000000           13.4975026165
      -18.3900000000           13.6608453166
      -18.3800000000           13.8423898186
      -18.3700000000           14.0429150955
      -18.3600000000           14.2632313824
      -18.3500000000           14.5041918265
      -18.3400000000           14.7667029981
      -18.3300000000           15.0517341375
      -18.3200000000           15.3603249963
      -18.3100000000           15.6935921007
      -18.3000000000           16.0527332386
      -18.2900000000           16.4390299315
      -18.2800000000           16.8538476021
      -18.2700000000           17.2986330899
      -18.2600000000           17.7749090763
      -18.2500000000           18.2842648814
      -18.2400000000           18.8283429643
      -18.2300000000           19.4088203247
      -18.2200000000           20.0273838626
      -18.2100000000           20.6856986365
      -18.2000000000           21.3853678883
      -18.1900000000           22.1278837139
      -18.1800000000           22.9145673922
      -18.1700000000           23.7464986958
      -18.1600000000           24.6244340451
      -18.1500000000           25.5487141764
      -18.1400000000           26.5191631101
      -18.1300000000           27.5349815878
      -18.1200000000           28.5946397182
      -18.1100000000           29.6957751140
      -18.1000000000           30.8351039820
      -18.0900000000           32.0083530054
      -18.0800000000           33.2102189232
      -18.0700000000           34.4343600958
      -18.0600000000           35.6734200062
      -18.0500000000           36.9190772080
      -18.0400000000           38.1621111590
      -18.0300000000           39.3924710008
      -18.0200000000           40.5993373613
      -18.0100000000           41.7711777922
      -18.0000000000           42.8958146681
      -17.9900000000           43.9605471526
      -17.9800000000           44.9523892068
      -17.9700000000           45.8584936423
      -17.9600000000           46.6668178103
      -17.9500000000           47.3670437717
      -17.9400000000           47.9516976322
      -17.9300000000           48.4173335162
      -17.9200000000           48.7655813949
      -17.9100000000           49.0038308785
      -17.9000000000           49.1453524480
      -17.8900000000           49.2087420926
      -17.8800000000           49.2166926424
      -17.8700000000           49.1942099965
      -17.8600000000           49.1664716680
      -17.8500000000           49.1565513794
      -17.8400000000           49.1832114030
      -17.8300000000           49.2589157675
      -17.8200000000           49.3881704291
      -17.8100000000           49.5662738581
      -17.8000000000           49.7785729675
      -17.7900000000           50.0003581557
      -17.7800000000           50.1975742323
      -17.7700000000           50.3285348466
      -17.7600000000           50.3467659751
      -17.7500000000           50.2049402112
      -17.7400000000           49.8596038901
      -17.7300000000           49.2761028666
      -17.7200000000           48.4328899274
      -17.7100000000           47.3243685602
      -17.7000000000           45.9616604584
      -17.6900000000           44.3711343140
      -17.6800000000           42.5910503967
      -17.6700000000           40.6670714373
      -17.6600000000           38.6475369803
      -17.6500000000           36.5792838129
      -17.6400000000           34.5045100296
      -17.6300000000           32.4588541899
      -17.6200000000           30.4705975031
      -17.6100000000           28.5607430652
      -17.6000000000           26.7436776470
      -17.5900000000           25.0281463500
      -17.5800000000           23.4183316424
      -17.5700000000           21.9148972339
      -17.5600000000           20.5159173918
      -17.5500000000           19.2176571741
      -17.5400000000           18.0151985260
      -17.5300000000           16.9029240964
      -17.5200000000           15.8748785950
      -17.5100000000           14.9250297497
      -17.5000000000           14.0474499229
      -17.4900000000           13.2364368607
      -17.4800000000           12.4865889391
      -17.4700000000           11.7928472045
      -17.4600000000           11.1505137736
      -17.4500000000           10.5552538639
      -17.4400000000           10.0030868737
      -17.4300000000            9.4903704789
      -17.4200000000            9.0137805988
      -17.4100000000            8.5702892449
      -17.4000000000            8.1571416428
      -17.3900000000            7.7718335620
      -17.3800000000            7.4120894556
      -17.3700000000            7.0758417802
      -17.3600000000            6.7612116986
      -17.3500000000            6.4664912540
      -17.3400000000            6.1901270289
      -17.3300000000            5.9307052497
      -17.3200000000            5.6869382690
      -17.3100000000            5.4576523362
      -17.3000000000            5.2417765624
      -17.2900000000            5.0383329799
      -17.2800000000            4.8464275978
      -17.2700000000            4.6652423622
      -17.2600000000            4.4940279316
      -17.2500000000            4.3320971875
      -17.2400000000            4.1788194032
      -17.2300000000            4.0336150055
      -17.2200000000            3.8959508648
      -17.2100000000            3.7653360601
      -17.2000000000            3.6413180676
      -17.1900000000            3.5234793287
      -17.1800000000            3.4114341570
      -17.1700000000            3.3048259491
      -17.1600000000            3.2033246666
      -17.1500000000            3.1066245612
      -17.1400000000            3.0144421173
      -17.1300000000            2.9265141905
      -17.1200000000            2.8425963202
      -17.1100000000            2.7624612000
      -17.1000000000            2.6858972886
      -17.0900000000            2.6127075483
      -17.0800000000            2.5427082972
      -17.0700000000            2.4757281644
      -17.0600000000            2.4116071378
      -17.0500000000            2.3501956958
      -17.0400000000            2.2913540143
      -17.0300000000            2.2349512425
      -17.0200000000            2.1808648395
      -17.0100000000            2.1289799684
      -17.0000000000            2.0791889399
      -16.9900000000            2.0313907024
      -16.9800000000            1.9854903744
      -16.9700000000            1.9413988141
      -16.9600000000            1.8990322247
      -16.9500000000            1.8583117903
      -16.9400000000            1.8191633412
      -16.9300000000            1.7815170453
      -16.9200000000            1.7453071236
      -16.9100000000            1.7104715876
      -16.9000000000            1.6769519967
      -16.8900000000            1.6446932344
      -16.8700000000            1.5303524424
      -16.8600000000            1.5023956368
      -16.8500000000            1.4754847787
      -16.8400000000            1.4495794367
      -16.8300000000            1.4246414299
      -16.8200000000            1.4006346996
      -16.8100000000            1.3775251901
      -16.8000000000            1.3552807385
      -16.7900000000            1.3338709723
      -16.7800000000            1.3132672148
      -16.7700000000            1.2934423968
      -16.7600000000            1.2743709759
      -16.7400000000            1.2167667477
      -16.7200000000            1.1546533963
      -16.7100000000            1.1395158002
      -16.7000000000            1.1249964918
      -16.6900000000            1.1110790561
      -16.6800000000            1.0977481324
      -16.6700000000            1.0849893759
      -16.6600000000            1.0727894229
      -16.6500000000            1.0611358593
      -16.6400000000            1.0500171925
      -16.6300000000            1.0394228261
      -16.6200000000            1.0293430379
      -16.6100000000            1.0197689607
      -16.6000000000            1.0106925660
      -16.5900000000            1.0021066505
      -16.5800000000            0.9940048251
      -16.5700000000            0.9863815073
      -16.5600000000            0.9792319155
      -16.5500000000            0.9725520669
      -16.5400000000            0.9663387774
      -16.5300000000            0.9605896647
      -16.5200000000            0.9553031542
      -16.5100000000            0.9504784878
      -16.5000000000            0.9461157355
      -16.4900000000            0.9422158106
      -16.4800000000            0.9387804876
      -16.4700000000            0.9358124231
      -16.4600000000            0.9333151816
      -16.4500000000            0.9312932631
      -16.4400000000            0.9297521359
      -16.4300000000            0.9286982724
      -16.4200000000            0.9281391903
      -16.4100000000            0.9280834969
      -16.4000000000            0.9285409387
      -16.3900000000            0.9295224564
      -16.3800000000            0.9310402442
      -16.3700000000            0.9331078151
      -16.3600000000            0.9357400718
      -16.3500000000            0.9389533838
      -16.3400000000            0.9427656704
      -16.3300000000            0.9471964905
      -16.3200000000            0.9522671391
      -16.3100000000            0.9580007508
      -16.3000000000            0.9644224099
      -16.2900000000            0.9715592678
      -16.2800000000            0.9794406672
      -16.2700000000            0.9880982727
      -16.2600000000            0.9975662072
      -16.2500000000            1.0078811937
      -16.2400000000            1.0190827004
      -16.2300000000            1.0312130887
      -16.2200000000            1.0443177601
      -16.2100000000            1.0584453002
      -16.2000000000            1.0736476154
      -16.1900000000            1.0899800567
      -16.1800000000            1.1075015244
      -16.1700000000            1.1262745450
      -16.1600000000            1.1463653106
      -16.1500000000            1.1678436670
      -16.1400000000            1.1907830346
      -16.1300000000            1.2152602448
      -16.1200000000            1.2413552664
      -16.1100000000            1.2691507969
      -16.1000000000            1.2987316856
      -16.0900000000            1.3301841531
      -16.0800000000            1.3635947660
      -16.0700000000            1.3990491206
      -16.0600000000            1.4366301911
      -16.0500000000            1.4764162906
      -16.0400000000            1.5184786034
      -16.0300000000            1.5628782499
      -16.0200000000            1.6096628639
      -16.0100000000            1.6588626829
      -16.0000000000            1.7104861904
      -15.9900000000            1.7645153921
      -15.9800000000            1.8209008701
      -15.9700000000            1.8795568283
      -15.9600000000            1.9403564197
      -15.9500000000            2.0031277214
      -15.9400000000            2.0676507888
      -15.9300000000            2.1336562530
      -15.9200000000            2.2008259211
      -15.9100000000            2.2687957699
      -15.9000000000            2.3371615926
      -15.8900000000            2.4054873611
      -15.8800000000            2.4733161262
      -15.8700000000            2.5401830269
      -15.8600000000            2.6056297594
      -15.8500000000            2.6692197167
      -15.8400000000            2.7305529709
      -15.8300000000            2.7892803543
      -15.8200000000            2.8451160618
      -15.8100000000            2.8978484147
      -15.8000000000            2.9473486184
      -15.7900000000            2.9935774774
      -15.7800000000            3.0365900554
      -15.7700000000            3.0765382126
      -15.7600000000            3.1136708306
      -15.7500000000            3.1483314287
      -15.7400000000            3.1809528217
      -15.7300000000            3.2120485144
      -15.7200000000            3.2422006760
      -15.7100000000            3.2720447570
      -15.7000000000            3.3022510596
      -15.6900000000            3.3335037904
      -15.6800000000            3.3664782704
      -15.6700000000            3.4018170304
      -15.6600000000            3.4401054844
      -15.6500000000            3.4818477767
      -15.6400000000            3.5274432821
      -15.6300000000            3.5771641472
      -15.6200000000            3.6311342385
      -15.6100000000            3.6893099385
      -15.6000000000            3.7514634169
      -15.5900000000            3.8171692926
      -15.5800000000            3.8857959515
      -15.5700000000            3.9565031396
      -15.5600000000            4.0282477118
      -15.5500000000            4.0997994736
      -15.5400000000            4.1697687974
      -15.5300000000            4.2366470216
      -15.5200000000            4.2988595172
      -15.5100000000            4.3548297878
      -15.5000000000            4.4030512155
      -15.4900000000            4.4421613843
      -15.4800000000            4.4710126430
      -15.4700000000            4.4887320975
      -15.4600000000            4.4947647648
      -15.4500000000            4.4888952353
      -15.4400000000            4.4712456503
      -15.4300000000            4.4422506809
      -15.4200000000            4.4026129495
      -15.4100000000            4.3532444633
      -15.4000000000            4.2952007894
      -15.3900000000            4.2296147965
      -15.3800000000            4.1576359289
      -15.3700000000            4.0803794719
      -15.3600000000            3.9988884288
      -15.3500000000            3.9141088112
      -15.3400000000            3.8268775670
      -15.3300000000            3.7379211984
      -15.3200000000            3.6478624108
      -15.3100000000            3.5572318808
      -15.3000000000            3.4664823725
      -15.2900000000            3.3760028884
      -15.2800000000            3.2861311853
      -15.2700000000            3.1971637038
      -15.2600000000            3.1093626337
      -15.2500000000            3.0229603735
      -15.2400000000            2.9381619865
      -15.2300000000            2.8551463981
      -15.2200000000            2.7740670446
      -15.2100000000            2.6950525258
      -15.2000000000            2.6182075983
      -15.1900000000            2.5436146287
      -15.1800000000            2.4713354540
      -15.1700000000            2.4014134894
      -15.1600000000            2.3338758869
      -15.1500000000            2.2687355702
      -15.1400000000            2.2059930243
      -15.1300000000            2.1456377915
      -15.1200000000            2.0876496828
      -15.1100000000            2.0319997627
      -15.1000000000            1.9786511808
      -15.0900000000            1.9275599274
      -15.0800000000            1.8786755737
      -15.0700000000            1.8319420347
      -15.0600000000            1.7872983712
      -15.0500000000            1.7446796270
      -15.0400000000            1.7040176839
      -15.0300000000            1.6652421126
      -15.0200000000            1.6282809927
      -15.0100000000            1.5930616805
      -15.0000000000            1.5595115067
      -14.9900000000            1.5275583932
      -14.9800000000            1.4971313815
      -14.9700000000            1.4681610736
      -14.9600000000            1.4405799874
      -14.9500000000            1.4143228325
      -14.9400000000            1.3893267145
      -14.9300000000            1.3655312765
      -14.9200000000            1.3428787858
      -14.9100000000            1.3213141752
      -14.9000000000            1.3007850469
      -14.8900000000            1.2812416462
      -14.8800000000            1.2626368109
      -14.8700000000            1.2449259028
      -14.8600000000            1.2280667258
      -14.8500000000            1.2120194340
      -14.8400000000            1.1967464343
      -14.8300000000            1.1822122845
      -14.8200000000            1.1683835902
      -14.8100000000            1.1552289024
      -14.8000000000            1.1427186158
      -14.7900000000            1.1308248698
      -14.7800000000            1.1195214530
      -14.7700000000            1.1087837106
      -14.7600000000            1.0985884567
      -14.7500000000            1.0889138897
      -14.7400000000            1.0797395135
      -14.7300000000            1.0710460611
      -14.7200000000            1.0628154242
      -14.7100000000            1.0550305860
      -14.7000000000            1.0476755584
      -14.6900000000            1.0407353229
      -14.6800000000            1.0341957753
      -14.6700000000            1.0280436743
      -14.6600000000            1.0222665928
      -14.6500000000            1.0168528732
      -14.6400000000            1.0117915850
      -14.6300000000            1.0070724858
      -14.6200000000            1.0026859849
      -14.6100000000            0.9986231088
      -14.6000000000            0.9948754703
      -14.5900000000            0.9914352386
      -14.5800000000            0.9882951124
      -14.5700000000            0.9854482944
      -14.5600000000            0.9828884680
      -14.5500000000            0.9806097754
      -14.5400000000            0.9786067979
      -14.5300000000            0.9768745371
      -14.5200000000            0.9754083977
      -14.5100000000            0.9742041725
      -14.5000000000            0.9732580271
      -14.4900000000            0.9725664874
      -14.4800000000            0.9721264273
      -14.4700000000            0.9719350578
      -14.4600000000            0.9719899170
      -14.4500000000            0.9722888615
      -14.4400000000            0.9728300584
      -14.4300000000            0.9736119781
      -14.4200000000            0.9746333883
      -14.4100000000            0.9758933488
      -14.4000000000            0.9773912070
      -14.3900000000            0.9791265940
      -14.3800000000            0.9810994223
      -14.3700000000            0.9833098831
      -14.3600000000            0.9857584453
      -14.3500000000            0.9884458548
      -14.3400000000            0.9913731345
      -14.3300000000            0.9945415857
      -14.3200000000            0.9979527889
      -14.3100000000            1.0016086071
      -14.3000000000            1.0055111882
      -14.2900000000            1.0096629692
      -14.2800000000            1.0140666810
      -14.2700000000            1.0187253536
      -14.2600000000            1.0236423227
      -14.2500000000            1.0288212369
      -14.2400000000            1.0342660654
      -14.2300000000            1.0399811074
      -14.2200000000            1.0459710020
      -14.2100000000            1.0522407391
      -14.2000000000            1.0587956713
      -14.1900000000            1.0656415275
      -14.1800000000            1.0727844270
      -14.1700000000            1.0802308952
      -14.1600000000            1.0879878804
      -14.1500000000            1.0960627727
      -14.1400000000            1.1044634236
      -14.1300000000            1.1131981674
      -14.1200000000            1.1222758452
      -14.1100000000            1.1317058293
      -14.1000000000            1.1414980512
      -14.0900000000            1.1516630305
      -14.0800000000            1.1622119069
      -14.0700000000            1.1731564747
      -14.0600000000            1.1845092196
      -14.0500000000            1.1962833587
      -14.0400000000            1.2084928843
      -14.0300000000            1.2211526102
      -14.0200000000            1.2342782226
      -14.0100000000            1.2478863350
      -14.0000000000            1.2619945475
      -13.9900000000            1.2766215113
      -13.9800000000            1.2917869980
      -13.9700000000            1.3075119763
      -13.9600000000            1.3238186935
      -13.9500000000            1.3407307655
      -13.9400000000            1.3582732737
      -13.9300000000            1.3764728720
      -13.9200000000            1.3953579014
      -13.9100000000            1.4149585173
      -13.9000000000            1.4353068268
      -13.8900000000            1.4564370403
      -13.8800000000            1.4783856363
      -13.8700000000            1.5011915434
      -13.8600000000            1.5248963389
      -13.8500000000            1.5495444682
      -13.8400000000            1.5751834858
      -13.8300000000            1.6018643209
      -13.8200000000            1.6296415711
      -13.8100000000            1.6585738270
      -13.8000000000            1.6887240313
      -13.7900000000            1.7201598777
      -13.7800000000            1.7529542537
      -13.7700000000            1.7871857337
      -13.7600000000            1.8229391284
      -13.7500000000            1.8603060987
      -13.7400000000            1.8993858428
      -13.7300000000            1.9402858661
      -13.7200000000            1.9831228467
      -13.7100000000            2.0280236091
      -13.7000000000            2.0751262234
      -13.6900000000            2.1245812480
      -13.6800000000            2.1765531371
      -13.6700000000            2.2312218414
      -13.6600000000            2.2887846293
      -13.6500000000            2.3494581672
      -13.6400000000            2.4134809014
      -13.6300000000            2.4811157915
      -13.6200000000            2.5526534585
      -13.6100000000            2.6284158197
      -13.6000000000            2.7087602999
      -13.5900000000            2.7940847252
      -13.5800000000            2.8848330308
      -13.5700000000            2.9815019409
      -13.5600000000            3.0846488155
      -13.5500000000            3.1949009045
      -13.5400000000            3.3129663059
      -13.5300000000            3.4396469977
      -13.5200000000            3.5758544052
      -13.5100000000            3.7226280861
      -13.5000000000            3.8811582691
      -13.4900000000            4.0528131841
      -13.4800000000            4.2391723878
      -13.4700000000            4.4420676362
      -13.4600000000            4.6636333300
      -13.4500000000            4.9063691809
      -13.4400000000            5.1732186126
      -13.4300000000            5.4676675768
      -13.4200000000            5.7938700991
      -13.4100000000            6.1568091476
      -13.4000000000            6.5625046538
      -13.3900000000            7.0182851578
      -13.3800000000            7.5331463072
      -13.3700000000            8.1182294162
      -13.3600000000            8.7874682482
      -13.3500000000            9.5584750035
      -13.3400000000           10.4537719344
      -13.3300000000           11.5025311788
      -13.3200000000           12.7430763777
      -13.3100000000           14.2265505550
      -13.3000000000           16.0224117407
      -13.2900000000           18.2268683436
      -13.2800000000           20.9761817654
      -13.2700000000           24.4682932049
      -13.2600000000           28.9992154916
      -13.2500000000           35.0267121108
      -13.2400000000           43.2867886418
      -13.2300000000           55.0177922796
      -13.2200000000           72.4162911207
      -13.2100000000           99.6201778349
      -13.2000000000          144.9333596213
      -13.1900000000          225.7909823838
      -13.1800000000          376.2371152591
      -13.1700000000          619.2248260327
      -13.1600000000          756.3188551183
      -13.1500000000          557.3599148520
      -13.1400000000          329.4373773900
      -13.1300000000          198.4611169427
      -13.1200000000          128.4900589632
      -13.1100000000           89.0463126206
      -13.1000000000           65.2459258140
      -13.0900000000           50.0001339328
      -13.0800000000           39.7457257488
      -13.0700000000           32.5735208787
      -13.0600000000           27.3985943586
      -13.0500000000           23.5721522462
      -13.0400000000           20.6889759991
      -13.0300000000           18.4864854503
      -13.0200000000           16.7891643173
      -13.0100000000           15.4766131105
      -13.0000000000           14.4644800323
      -12.9900000000           13.6927010406
      -12.9800000000           13.1180418608
      -12.9700000000           12.7092571512
      -12.9600000000           12.4438919462
      -12.9500000000           12.3061455132
      -12.9400000000           12.2854450849
      -12.9300000000           12.3755122139
      -12.9200000000           12.5737880483
      -12.9100000000           12.8811379432
      -12.9000000000           13.3017934061
      -12.8900000000           13.8435184196
      -12.8800000000           14.5180132575
      -12.8700000000           15.3415966930
      -12.8600000000           16.3362420102
      -12.8500000000           17.5310900858
      -12.8400000000           18.9646340842
      -12.8300000000           20.6878815225
      -12.8200000000           22.7689790555
      -12.8100000000           25.3000839411
      -12.8000000000           28.4077766678
      -12.7900000000           32.2692069110
      -12.7800000000           37.1377899953
      -12.7700000000           43.3853013167
      -12.7600000000           51.5730334280
      -12.7500000000           62.5761298925
      -12.7400000000           77.8080227558
      -12.7300000000           99.6362589841
      -12.7200000000          132.1551734430
      -12.7100000000          182.5169712874
      -12.7000000000          262.3693961955
      -12.6900000000          383.8797887335
      -12.6800000000          526.8222631134
      -12.6700000000          582.5463720412
      -12.6600000000          487.6875288348
      -12.6500000000          354.9921709552
      -12.6400000000          262.0778425183
      -12.6300000000          211.9777491570
      -12.6200000000          194.0772784081
      -12.6100000000          203.8563314805
      -12.6000000000          245.7718827189
      -12.5900000000          334.6748812900
      -12.5800000000          486.9499174461
      -12.5700000000          647.5549879979
      -12.5600000000          626.6081539173
      -12.5500000000          445.8512687524
      -12.5400000000          288.3973144378
      -12.5300000000          191.1206846234
      -12.5200000000          133.3740318882
      -12.5100000000           97.7685893464
      -12.5000000000           74.6568033162
      -12.4900000000           58.9147569779
      -12.4800000000           47.7388578053
      -12.4700000000           39.5233155279
      -12.4600000000           33.3049072871
      -12.4500000000           28.4808655771
      -12.4400000000           24.6595492936
      -12.4300000000           21.5779578306
      -12.4200000000           19.0542923492
      -12.4100000000           16.9596483257
      -12.4000000000           15.2005526663
      -12.3900000000           13.7078640791
      -12.3800000000           12.4295261406
      -12.3700000000           11.3257201846
      -12.3600000000           10.3655519522
      -12.3500000000            9.5247416193
      -12.3400000000            8.7839842904
      -12.3300000000            8.1277672485
      -12.3200000000            7.5435039173
      -12.3100000000            7.0208910195
      -12.3000000000            6.5514253850
      -12.2900000000            6.1280365384
      -12.2800000000            5.7448043200
      -12.2700000000            5.3967397013
      -12.2600000000            5.0796130787
      -12.2500000000            4.7898186035
      -12.2400000000            4.5242661257
      -12.2300000000            4.2802944837
      -12.2200000000            4.0556014349
      -12.2100000000            3.8481866597
      -12.2000000000            3.6563051121
      -12.1900000000            3.4784286156
      -12.1800000000            3.3132140724
      -12.1700000000            3.1594770108
      -12.1600000000            3.0161694648
      -12.1500000000            2.8823613916
      -12.1400000000            2.7572249902
      -12.1300000000            2.6400214138
      -12.1200000000            2.5300894653
      -12.1100000000            2.4268359425
      -12.1000000000            2.3297273631
      -12.0900000000            2.2382828473
      -12.0800000000            2.1520679761
      -12.0700000000            2.0706894740
      -12.0600000000            1.9937905923
      -12.0500000000            1.9210470889
      -12.0400000000            1.8521637167
      -12.0300000000            1.7868711499
      -12.0200000000            1.7249232850
      -12.0100000000            1.6660948657
      -12.0000000000            1.6101793879
      -11.9900000000            1.5569872475
      -11.9800000000            1.5063440987
      -11.9700000000            1.4580893967
      -11.9600000000            1.4120751007
      -11.9500000000            1.3681645174
      -11.9400000000            1.3262312684
      -11.9300000000            1.2861583654
      -11.9200000000            1.2478373816
      -11.9100000000            1.2111677074
      -11.9000000000            1.1760558805
      -11.8900000000            1.1424149830
      -11.8800000000            1.1101640964
      -11.8700000000            1.0792278095
      -11.8600000000            1.0495357730
      -11.8500000000            1.0210222956
      -11.8400000000            0.9936259769
      -11.8300000000            0.9672893748
      -11.8200000000            0.9419587016
      -11.8100000000            0.9175835476
      -11.8000000000            0.8941166290
      -11.7900000000            0.8715135570
      -11.7800000000            0.8497326273
      -11.7700000000            0.8287346269
      -11.7600000000            0.8084826570
      -11.7500000000            0.7889419705
      -11.7400000000            0.7700798226
      -11.7300000000            0.7518653340
      -11.7200000000            0.7342693639
      -11.7100000000            0.7172643938
      -11.7000000000            0.7008244198
      -11.6900000000            0.6849248539
      -11.6800000000            0.6695424317
      -11.6700000000            0.6546551278
      -11.6600000000            0.6402420775
      -11.6500000000            0.6262835035
      -11.6400000000            0.6127606489
      -11.6300000000            0.5996557144
      -11.6200000000            0.5869518001
      -11.6100000000            0.5746328511
      -11.6000000000            0.5626836079
      -11.5900000000            0.5510895589
      -11.5800000000            0.5398368968
      -11.5700000000            0.5289124782
      -11.5600000000            0.5183037856
      -11.5500000000            0.5079988914
      -11.5400000000            0.4979864256
      -11.5300000000            0.4882555440
      -11.5200000000            0.4787958998
      -11.5100000000            0.4695976162
      -11.5000000000            0.4606512610
      -11.4900000000            0.4519478227
      -11.4800000000            0.4434786884
      -11.4700000000            0.4352356227
      -11.4600000000            0.4272107477
      -11.4500000000            0.4193965252
      -11.4400000000            0.4117857384
      -11.4300000000            0.4043714765
      -11.4200000000            0.3971471184
      -11.4100000000            0.3901063189
      -11.4000000000            0.3832429946
      -11.3900000000            0.3765513112
      -11.3800000000            0.3700256715
      -11.3700000000            0.3636607037
      -11.3600000000            0.3574512505
      -11.3500000000            0.3513923593
      -11.3400000000            0.3454792723
      -11.3300000000            0.3397074172
      -11.3200000000            0.3340723989
      -11.3100000000            0.3285699913
      -11.3000000000            0.3231961292
      -11.2900000000            0.3179469016
      -11.2800000000            0.3128185441
      -11.2700000000            0.3078074328
      -11.2600000000            0.3029100781
      -11.2500000000            0.2981231183
      -11.2400000000            0.2934433146
      -11.2300000000            0.2888675452
      -11.2200000000            0.2843928008
      -11.2100000000            0.2800161794
      -11.2000000000            0.2757348818
      -11.1900000000            0.2715462076
      -11.1800000000            0.2674475506
      -11.1700000000            0.2634363950
      -11.1600000000            0.2595103119
      -11.1500000000            0.2556669554
      -11.1400000000            0.2519040597
      -11.1300000000            0.2482194352
      -11.1200000000            0.2446109661
      -11.1100000000            0.2410766068
      -11.1000000000            0.2376143798
      -11.0900000000            0.2342223725
      -11.0800000000            0.2308987347
      -11.0700000000            0.2276416767
      -11.0600000000            0.2244494661
      -11.0500000000            0.2213204264
      -11.0400000000            0.2182529344
      -11.0300000000            0.2152454183
      -11.0200000000            0.2122963559
      -11.0100000000            0.2094042725
      -11.0000000000            0.2065677392
      -10.9900000000            0.2037853715
      -10.9800000000            0.2010558270
      -10.9700000000            0.1983778048
      -10.9600000000            0.1957500432
      -10.9500000000            0.1931713184
      -10.9400000000            0.1906404438
      -10.9300000000            0.1881562676
      -10.9200000000            0.1857176726
      -10.9100000000            0.1833235744
      -10.9000000000            0.1809729201
      -10.8900000000            0.1786646879
      -10.8800000000            0.1763978854
      -10.8700000000            0.1741715487
      -10.8600000000            0.1719847417
      -10.8500000000            0.1698365547
      -10.8400000000            0.1677261042
      -10.8300000000            0.1656525312
      -10.8200000000            0.1636150009
      -10.8100000000            0.1616127018
      -10.8000000000            0.1596448448
      -10.7900000000            0.1577106626
      -10.7800000000            0.1558094090
      -10.7700000000            0.1539403581
      -10.7600000000            0.1521028036
      -10.7500000000            0.1502960584
      -10.7400000000            0.1485194539
      -10.7300000000            0.1467723390
      -10.7200000000            0.1450540804
      -10.7100000000            0.1433640611
      -10.7000000000            0.1417016806
      -10.6900000000            0.1400663540
      -10.6800000000            0.1384575116
      -10.6700000000            0.1368745986
      -10.6600000000            0.1353170742
      -10.6500000000            0.1337844119
      -10.6400000000            0.1322760981
      -10.6300000000            0.1307916328
      -10.6200000000            0.1293305282
      -10.6100000000            0.1278923090
      -10.6000000000            0.1264765117
      -10.5900000000            0.1250826842
      -10.5800000000            0.1237103860
      -10.5700000000            0.1223591871
      -10.5600000000            0.1210286681
      -10.5500000000            0.1197184201
      -10.5400000000            0.1184280438
      -10.5300000000            0.1171571497
      -10.5200000000            0.1159053578
      -10.5100000000            0.1146722971
      -10.5000000000            0.1134576054
      -10.4900000000            0.1122609292
      -10.4800000000            0.1110819233
      -10.4700000000            0.1099202507
      -10.4600000000            0.1087755822
      -10.4500000000            0.1076475963
      -10.4400000000            0.1065359791
      -10.4300000000            0.1054404237
      -10.4200000000            0.1043606305
      -10.4100000000            0.1032963067
      -10.4000000000            0.1022471661
      -10.3900000000            0.1012129290
      -10.3700000000            0.0787870595
      -10.3600000000            0.0779608714
      -10.3500000000            0.0771464638
      -10.3400000000            0.0763436217
      -10.3300000000            0.0755521349
      -10.3200000000            0.0747717978
      -10.3100000000            0.0740024096
      -10.3000000000            0.0732437738
      -10.2900000000            0.0724956980
      -10.2800000000            0.0717579943
      -10.2700000000            0.0710304788
      -10.2600000000            0.0703129716
      -10.2500000000            0.0696052966
      -10.2400000000            0.0689072816
      -10.2300000000            0.0682187580
      -10.2200000000            0.0675395609
      -10.2100000000            0.0668695287
      -10.2000000000            0.0662085036
      -10.1900000000            0.0655563306
      -10.1800000000            0.0649128585
      -10.1700000000            0.0642779389
      -10.1600000000            0.0636514266
      -10.1500000000            0.0630331794
      -10.1400000000            0.0624230581
      -10.1300000000            0.0618209262
      -10.1200000000            0.0612266503
      -10.1100000000            0.0606400994
      -10.1000000000            0.0600611454
      -10.0900000000            0.0594896627
      -10.0800000000            0.0589255281
      -10.0700000000            0.0583686213
      -10.0500000000            0.0281515049
      -10.0400000000            0.0278892659
      -10.0300000000            0.0276303326
      -10.0200000000            0.0273746517
      -10.0100000000            0.0271221714
      -10.0000000000            0.0268728405
       -9.9900000000            0.0266266090
       -9.9800000000            0.0263834279
       -9.9700000000            0.0261432491
       -9.9600000000            0.0259060253
       -9.9500000000            0.0256717103
       -9.9400000000            0.0254402586
       -9.9300000000            0.0252116258
       -9.9200000000            0.0249857681
       -9.9100000000            0.0247626426
       -9.9000000000            0.0245422074
       -9.8900000000            0.0243244211
       -9.8800000000            0.0241092432
       -9.8700000000            0.0238966341
       -9.8600000000            0.0236865546
       -9.8500000000            0.0234789665
       -9.8300000000            0.0000000000
       -9.8200000000            0.0000000000
       -9.8100000000            0.0000000000
       -9.8000000000            0.0000000000
       -9.7900000000            0.0000000000
       -9.7800000000            0.0000000000
       -9.7700000000            0.0000000000
       -9.7600000000            0.0000000000
       -9.7500000000            0.0000000000
       -9.7400000000            0.0000000000
       -9.7300000000            0.0000000000
       -9.7200000000            0.0000000000
       -9.7100000000            0.0000000000
       -9.7000000000            0.0000000000
       -9.6900000000            0.0000000000
       -9.6800000000            0.0000000000
       -9.6700000000            0.0000000000
       -9.6600000000            0.0000000000
       -9.6500000000            0.0000000000
       -9.6400000000            0.0000000000
       -9.6300000000            0.0000000000
       -9.6200000000            0.0000000000
       -9.6100000000            0.0000000000
       -9.6000000000            0.0000000000
       -9.5900000000            0.0000000000
       -9.5800000000            0.0000000000
       -9.5700000000            0.0000000000
       -9.5600000000            0.0000000000
       -9.5500000000            0.0000000000
       -9.5400000000            0.0000000000
       -9.5300000000            0.0000000000
       -9.5200000000            0.0000000000
       -9.5100000000            0.0000000000
       -9.5000000000            0.0000000000
       -9.4900000000            0.0000000000
       -9.4800000000            0.0000000000
       -9.4700000000            0.0000000000
       -9.4600000000            0.0000000000
       -9.4500000000            0.0000000000
       -9.4400000000            0.0000000000
       -9.4300000000            0.0000000000
       -9.4200000000            0.0000000000
       -9.4100000000            0.0000000000
       -9.4000000000            0.0000000000
       -9.3900000000            0.0000000000
       -9.3800000000            0.0000000000
       -9.3700000000            0.0000000000
       -9.3600000000            0.0000000000
       -9.3500000000            0.0000000000
       -9.3400000000            0.0000000000
       -9.3300000000            0.0000000000
       -9.3200000000            0.0000000000
       -9.3100000000            0.0000000000
       -9.3000000000            0.0000000000
       -9.2900000000            0.0000000000
       -9.2800000000            0.0000000000
       -9.2700000000            0.0000000000
       -9.2600000000            0.0000000000
       -9.2500000000            0.0000000000
       -9.2400000000            0.0000000000
       -9.2300000000            0.0000000000
       -9.2200000000            0.0000000000
       -9.2100000000            0.0000000000
       -9.2000000000            0.0000000000
       -9.1900000000            0.0000000000
       -9.1800000000            0.0000000000
       -9.1700000000            0.0000000000
       -9.1600000000            0.0000000000
       -9.1500000000            0.0000000000
       -9.1400000000            0.0000000000
       -9.1300000000            0.0000000000
       -9.1200000000            0.0000000000
       -9.1100000000            0.0000000000
       -9.1000000000            0.0000000000
       -9.0900000000            0.0000000000
       -9.0800000000            0.0000000000
       -9.0700000000            0.0000000000
       -9.0600000000            0.0000000000
       -9.0500000000            0.0000000000
       -9.0400000000            0.0000000000
       -9.0300000000            0.0000000000
       -9.0200000000            0.0000000000
       -9.0100000000            0.0000000000
       -9.0000000000            0.0000000000
       -8.9900000000            0.0000000000
       -8.9800000000            0.0000000000
       -8.9700000000            0.0000000000
       -8.9600000000            0.0000000000
       -8.9500000000            0.0000000000
       -8.9400000000            0.0000000000
       -8.9300000000            0.0000000000
       -8.9200000000            0.0000000000
       -8.9100000000            0.0000000000
       -8.9000000000            0.0000000000
       -8.8900000000            0.0000000000
       -8.8800000000            0.0000000000
       -8.8700000000            0.0000000000
       -8.8600000000            0.0000000000
       -8.8500000000            0.0000000000
       -8.8400000000            0.0000000000
       -8.8300000000            0.0000000000
       -8.8200000000            0.0000000000
       -8.8100000000            0.0000000000
       -8.8000000000            0.0000000000
       -8.7900000000            0.0000000000
       -8.7800000000            0.0000000000
       -8.7700000000            0.0000000000
       -8.7600000000            0.0000000000
       -8.7500000000            0.0000000000
       -8.7400000000            0.0000000000
       -8.7300000000            0.0000000000
       -8.7200000000            0.0000000000
       -8.7100000000            0.0000000000
       -8.7000000000            0.0000000000
       -8.6900000000            0.0000000000
       -8.6800000000            0.0000000000
       -8.6700000000            0.0000000000
       -8.6600000000            0.0000000000
       -8.6500000000            0.0000000000
       -8.6400000000            0.0000000000
       -8.6300000000            0.0000000000
       -8.6200000000            0.0000000000
       -8.6100000000            0.0000000000
       -8.6000000000            0.0000000000
       -8.5900000000            0.0000000000
       -8.5800000000            0.0000000000
       -8.5700000000            0.0000000000
       -8.5600000000            0.0000000000
       -8.5500000000            0.0000000000
       -8.5400000000            0.0000000000
       -8.5300000000            0.0000000000
       -8.5200000000            0.0000000000
       -8.5100000000            0.0000000000
       -8.5000000000            0.0000000000
       -8.4900000000            0.0000000000
       -8.4800000000            0.0000000000
       -8.4700000000            0.0000000000
       -8.4600000000            0.0000000000
       -8.4500000000            0.0000000000
       -8.4400000000            0.0000000000
       -8.4300000000            0.0000000000
       -8.4200000000            0.0000000000
       -8.4100000000            0.0000000000
       -8.4000000000            0.0000000000
       -8.3900000000            0.0000000000
       -8.3800000000            0.0000000000
       -8.3700000000            0.0000000000
       -8.3600000000            0.0000000000
       -8.3500000000            0.0000000000
       -8.3400000000            0.0000000000
       -8.3300000000            0.0000000000
       -8.3200000000            0.0000000000
       -8.3100000000            0.0000000000
       -8.3000000000            0.0000000000
       -8.2900000000            0.0000000000
       -8.2800000000            0.0000000000
       -8.2700000000            0.0000000000
       -8.2600000000            0.0000000000
       -8.2500000000            0.0000000000
       -8.2400000000            0.0000000000
       -8.2300000000            0.0000000000
       -8.2200000000            0.0000000000
       -8.2100000000            0.0000000000
       -8.2000000000            0.0000000000
       -8.1900000000            0.0000000000
       -8.1800000000            0.0000000000
       -8.1700000000            0.0000000000
       -8.1600000000            0.0000000000
       -8.1500000000            0.0000000000
       -8.1400000000            0.0000000000
       -8.1300000000            0.0000000000
       -8.1200000000            0.0000000000
       -8.1100000000            0.0000000000
       -8.1000000000            0.0000000000
       -8.0900000000            0.0000000000
       -8.0800000000            0.0000000000
       -8.0700000000            0.0000000000
       -8.0600000000            0.0000000000
       -8.0500000000            0.0000000000
       -8.0400000000            0.0000000000
       -8.0300000000            0.0000000000
       -8.0200000000            0.0000000000
       -8.0100000000            0.0000000000
       -8.0000000000            0.0000000000
       -7.9900000000            0.0000000000
       -7.9800000000            0.0000000000
       -7.9700000000            0.0000000000
       -7.9600000000            0.0000000000
       -7.9500000000            0.0000000000
       -7.9400000000            0.0000000000
       -7.9300000000            0.0000000000
       -7.9200000000            0.0000000000
       -7.9100000000            0.0000000000
       -7.9000000000            0.0000000000
       -7.8900000000            0.0000000000
       -7.8800000000            0.0000000000
       -7.8700000000            0.0000000000
       -7.8600000000            0.0000000000
       -7.8500000000            0.0000000000
       -7.8400000000            0.0000000000
       -7.8300000000            0.0000000000
       -7.8200000000            0.0000000000
       -7.8100000000            0.0000000000
       -7.8000000000            0.0000000000
       -7.7900000000            0.0000000000
       -7.7800000000            0.0000000000
       -7.7700000000            0.0000000000
       -7.7600000000            0.0000000000
       -7.7500000000            0.0000000000
       -7.7400000000            0.0000000000
       -7.7300000000            0.0000000000
       -7.7200000000            0.0000000000
       -7.7100000000            0.0000000000
       -7.7000000000            0.0000000000
       -7.6900000000            0.0000000000
       -7.6800000000            0.0000000000
       -7.6700000000            0.0000000000
       -7.6600000000            0.0000000000
       -7.6500000000            0.0000000000
       -7.6400000000            0.0000000000
       -7.6300000000            0.0000000000
       -7.6200000000            0.0000000000
       -7.6100000000            0.0000000000
       -7.6000000000            0.0000000000
       -7.5900000000            0.0000000000
       -7.5800000000            0.0000000000
       -7.5700000000            0.0000000000
       -7.5600000000            0.0000000000
       -7.5500000000            0.0000000000
       -7.5400000000            0.0000000000
       -7.5300000000            0.0000000000
       -7.5200000000            0.0000000000
       -7.5100000000            0.0000000000
       -7.5000000000            0.0000000000
       -7.4900000000            0.0000000000
       -7.4800000000            0.0000000000
       -7.4700000000            0.0000000000
       -7.4600000000            0.0000000000
       -7.4500000000            0.0000000000
       -7.4400000000            0.0000000000
       -7.4300000000            0.0000000000
       -7.4200000000            0.0000000000
       -7.4100000000            0.0000000000
       -7.4000000000            0.0000000000
       -7.3900000000            0.0000000000
       -7.3800000000            0.0000000000
       -7.3700000000            0.0000000000
       -7.3600000000            0.0000000000
       -7.3500000000            0.0000000000
       -7.3400000000            0.0000000000
       -7.3300000000            0.0000000000
       -7.3200000000            0.0000000000
       -7.3100000000            0.0000000000
       -7.3000000000            0.0000000000
       -7.2900000000            0.0000000000
       -7.2800000000            0.0000000000
       -7.2700000000            0.0000000000
       -7.2600000000            0.0000000000
       -7.2500000000            0.0000000000
       -7.2400000000            0.0000000000
       -7.2300000000            0.0000000000
       -7.2200000000            0.0000000000
       -7.2100000000            0.0000000000
       -7.2000000000            0.0000000000
       -7.1900000000            0.0000000000
       -7.1800000000            0.0000000000
       -7.1700000000            0.0000000000
       -7.1600000000            0.0000000000
       -7.1500000000            0.0000000000
       -7.1400000000            0.0000000000
       -7.1300000000            0.0000000000
       -7.1200000000            0.0000000000
       -7.1100000000            0.0000000000
       -7.1000000000            0.0000000000
       -7.0900000000            0.0000000000
       -7.0800000000            0.0000000000
       -7.0700000000            0.0000000000
       -7.0600000000            0.0000000000
       -7.0500000000            0.0000000000
       -7.0400000000            0.0000000000
       -7.0300000000            0.0000000000
       -7.0200000000            0.0000000000
       -7.0100000000            0.0000000000
       -7.0000000000            0.0000000000
       -6.9900000000            0.0000000000
       -6.9800000000            0.0000000000
       -6.9700000000            0.0000000000
       -6.9600000000            0.0000000000
       -6.9500000000            0.0000000000
       -6.9400000000            0.0000000000
       -6.9300000000            0.0000000000
       -6.9200000000            0.0000000000
       -6.9100000000            0.0000000000
       -6.9000000000            0.0000000000
       -6.8900000000            0.0000000000
       -6.8800000000            0.0000000000
       -6.8700000000            0.0000000000
       -6.8600000000            0.0000000000
       -6.8500000000            0.0000000000
       -6.8400000000            0.0000000000
       -6.8300000000            0.0000000000
       -6.8200000000            0.0000000000
       -6.8100000000            0.0000000000
       -6.8000000000            0.0000000000
       -6.7900000000            0.0000000000
       -6.7800000000            0.0000000000
       -6.7700000000            0.0000000000
       -6.7600000000            0.0000000000
       -6.7500000000            0.0000000000
       -6.7400000000            0.0000000000
       -6.7300000000            0.0000000000
       -6.7200000000            0.0000000000
       -6.7100000000            0.0000000000
       -6.7000000000            0.0000000000
       -6.6900000000            0.0000000000
       -6.6800000000            0.0000000000
       -6.6700000000            0.0000000000
       -6.6600000000            0.0000000000
       -6.6500000000            0.0000000000
       -6.6400000000            0.0000000000
       -6.6300000000            0.0000000000
       -6.6200000000            0.0000000000
       -6.6100000000            0.0000000000
       -6.6000000000            0.0000000000
       -6.5900000000            0.0000000000
       -6.5800000000            0.0000000000
       -6.5700000000            0.0000000000
       -6.5600000000            0.0000000000
       -6.5500000000            0.0000000000
       -6.5400000000            0.0000000000
       -6.5300000000            0.0000000000
       -6.5200000000            0.0000000000
       -6.5100000000            0.0000000000
       -6.5000000000            0.0000000000
       -6.4900000000            0.0000000000
       -6.4800000000            0.0000000000
       -6.4700000000            0.0000000000
       -6.4600000000            0.0000000000
       -6.4500000000            0.0000000000
       -6.4400000000            0.0000000000
       -6.4300000000            0.0000000000
       -6.4200000000            0.0000000000
       -6.4100000000            0.0000000000
       -6.4000000000            0.0000000000
       -6.3900000000            0.0000000000
       -6.3800000000            0.0000000000
       -6.3700000000            0.0000000000
       -6.3600000000            0.0000000000
       -6.3500000000            0.0000000000
       -6.3400000000            0.0000000000
       -6.3300000000            0.0000000000
       -6.3200000000            0.0000000000
       -6.3100000000            0.0000000000
       -6.3000000000            0.0000000000
       -6.2900000000            0.0000000000
       -6.2800000000            0.0000000000
       -6.2700000000            0.0000000000
       -6.2600000000            0.0000000000
       -6.2500000000            0.0000000000
       -6.2400000000            0.0000000000
       -6.2300000000            0.0000000000
       -6.2200000000            0.0000000000
       -6.2100000000            0.0000000000
       -6.2000000000            0.0000000000
       -6.1900000000            0.0000000000
       -6.1800000000            0.0000000000
       -6.1700000000            0.0000000000
       -6.1600000000            0.0000000000
       -6.1500000000            0.0000000000
       -6.1400000000            0.0000000000
       -6.1300000000            0.0000000000
       -6.1200000000            0.0000000000
       -6.1100000000            0.0000000000
       -6.1000000000            0.0000000000
       -6.0900000000            0.0000000000
       -6.0800000000            0.0000000000
       -6.0700000000            0.0000000000
       -6.0600000000            0.0000000000
       -6.0500000000            0.0000000000
       -6.0400000000            0.0000000000
       -6.0300000000            0.0000000000
       -6.0200000000            0.0000000000
       -6.0100000000            0.0000000000
       -6.0000000000            0.0000000000
       -5.9900000000            0.0000000000
       -5.9800000000            0.0000000000
       -5.9700000000            0.0000000000
       -5.9600000000            0.0000000000
       -5.9500000000            0.0000000000
       -5.9400000000            0.0000000000
       -5.9300000000            0.0000000000
       -5.9200000000            0.0000000000
       -5.9100000000            0.0000000000
       -5.9000000000            0.0000000000
       -5.8900000000            0.0000000000
       -5.8800000000            0.0000000000
       -5.8700000000            0.0000000000
       -5.8600000000            0.0000000000
       -5.8500000000            0.0000000000
       -5.8400000000            0.0000000000
       -5.8300000000            0.0000000000
       -5.8200000000            0.0000000000
       -5.8100000000            0.0000000000
       -5.8000000000            0.0000000000
       -5.7900000000            0.0000000000
       -5.7800000000            0.0000000000
       -5.7700000000            0.0000000000
       -5.7600000000            0.0000000000
       -5.7500000000            0.0000000000
       -5.7400000000            0.0000000000
       -5.7300000000            0.0000000000
       -5.7200000000            0.0000000000
       -5.7100000000            0.0000000000
       -5.7000000000            0.0000000000
       -5.6900000000            0.0000000000
       -5.6800000000            0.0000000000
       -5.6700000000            0.0000000000
       -5.6600000000            0.0000000000
       -5.6500000000            0.0000000000
       -5.6400000000            0.0000000000
       -5.6300000000            0.0000000000
       -5.6200000000            0.0000000000
       -5.6100000000            0.0000000000
       -5.6000000000            0.0000000000
       -5.5900000000            0.0000000000
       -5.5800000000            0.0000000000
       -5.5700000000            0.0000000000
       -5.5600000000            0.0000000000
       -5.5500000000            0.0000000000
       -5.5400000000            0.0000000000
       -5.5300000000            0.0000000000
       -5.5200000000            0.0000000000
       -5.5100000000            0.0000000000
       -5.5000000000            0.0000000000
       -5.4900000000            0.0000000000
       -5.4800000000            0.0000000000
       -5.4700000000            0.0000000000
       -5.4600000000            0.0000000000
       -5.4500000000            0.0000000000
       -5.4400000000            0.0000000000
       -5.4300000000            0.0000000000
       -5.4200000000            0.0000000000
       -5.4100000000            0.0000000000
       -5.4000000000            0.0000000000
       -5.3900000000            0.0000000000
       -5.3800000000            0.0000000000
       -5.3700000000            0.0000000000
       -5.3600000000            0.0000000000
       -5.3500000000            0.0000000000
       -5.3400000000            0.0000000000
       -5.3300000000            0.0000000000
       -5.3200000000            0.0000000000
       -5.3100000000            0.0000000000
       -5.3000000000            0.0000000000
       -5.2900000000            0.0000000000
       -5.2800000000            0.0000000000
       -5.2700000000            0.0000000000
       -5.2600000000            0.0000000000
       -5.2500000000            0.0000000000
       -5.2400000000            0.0000000000
       -5.2300000000            0.0000000000
       -5.2200000000            0.0000000000
       -5.2100000000            0.0000000000
       -5.2000000000            0.0000000000
       -5.1800000000            0.0136125605
       -5.1700000000            0.0136934164
       -5.1600000000            0.0137751108
       -5.1500000000            0.0138576554
       -5.1400000000            0.0139410622
       -5.1300000000            0.0140253432
       -5.1200000000            0.0141105108
       -5.1100000000            0.0141965775
       -5.1000000000            0.0142835560
       -5.0900000000            0.0143714593
       -5.0800000000            0.0144603006
       -5.0700000000            0.0145500934
       -5.0600000000            0.0146408513
       -5.0500000000            0.0147325882
       -5.0400000000            0.0148253184
       -5.0300000000            0.0149190562
       -5.0200000000            0.0150138163
       -5.0100000000            0.0151096137
       -5.0000000000            0.0152064637
       -4.9900000000            0.0153043816
       -4.9800000000            0.0154033833
       -4.9700000000            0.0155034849
       -4.9600000000            0.0156047027
       -4.9500000000            0.0157070534
       -4.9400000000            0.0158105541
       -4.9300000000            0.0159152219
       -4.9200000000            0.0160210745
       -4.9100000000            0.0161281299
       -4.9000000000            0.0162364064
       -4.8900000000            0.0163459226
       -4.8800000000            0.0164566975
       -4.8700000000            0.0165687505
       -4.8600000000            0.0166821012
       -4.8500000000            0.0167967699
       -4.8400000000            0.0169127769
       -4.8300000000            0.0170301433
       -4.8200000000            0.0171488902
       -4.8100000000            0.0172690394
       -4.8000000000            0.0173906130
       -4.7900000000            0.0175136337
       -4.7800000000            0.0176381244
       -4.7700000000            0.0177641086
       -4.7600000000            0.0178916102
       -4.7500000000            0.0180206537
       -4.7400000000            0.0181512640
       -4.7300000000            0.0182834665
       -4.7200000000            0.0184172872
       -4.7100000000            0.0185527524
       -4.7000000000            0.0186898892
       -4.6900000000            0.0188287251
       -4.6800000000            0.0189692882
       -4.6700000000            0.0191116073
       -4.6600000000            0.0192557115
       -4.6500000000            0.0194016309
       -4.6400000000            0.0195493959
       -4.6300000000            0.0196990377
       -4.6200000000            0.0198505880
       -4.6100000000            0.0200040795
       -4.6000000000            0.0201595452
       -4.5900000000            0.0203170191
       -4.5800000000            0.0204765357
       -4.5700000000            0.0206381305
       -4.5600000000            0.0208018395
       -4.5500000000            0.0209676996
       -4.5400000000            0.0211357486
       -4.5300000000            0.0213060250
       -4.5200000000            0.0214785681
       -4.5100000000            0.0216534182
       -4.5000000000            0.0218306165
       -4.4900000000            0.0220102050
       -4.4800000000            0.0221922267
       -4.4700000000            0.0223767256
       -4.4600000000            0.0225637466
       -4.4500000000            0.0227533357
       -4.4400000000            0.0229455398
       -4.4300000000            0.0231404072
       -4.4200000000            0.0233379870
       -4.4100000000            0.0235383295
       -4.4000000000            0.0237414863
       -4.3900000000            0.0239475100
       -4.3800000000            0.0241564545
       -4.3700000000            0.0243683751
       -4.3600000000            0.0245833283
       -4.3500000000            0.0248013719
       -4.3400000000            0.0250225652
       -4.3300000000            0.0252469687
       -4.3200000000            0.0254746445
       -4.3100000000            0.0257056564
       -4.3000000000            0.0259400693
       -4.2900000000            0.0261779501
       -4.2800000000            0.0264193671
       -4.2700000000            0.0266643904
       -4.2600000000            0.0269130917
       -4.2500000000            0.0271655446
       -4.2400000000            0.0274218246
       -4.2300000000            0.0276820089
       -4.2200000000            0.0279461768
       -4.2100000000            0.0282144096
       -4.2000000000            0.0284867906
       -4.1900000000            0.0287634054
       -4.1800000000            0.0290443415
       -4.1700000000            0.0293296889
       -4.1600000000            0.0296195400
       -4.1500000000            0.0299139894
       -4.1400000000            0.0302131344
       -4.1300000000            0.0305170747
       -4.1200000000            0.0308259127
       -4.1100000000            0.0311397536
       -4.1000000000            0.0314587054
       -4.0900000000            0.0317828789
       -4.0800000000            0.0321123881
       -4.0700000000            0.0324473500
       -4.0600000000            0.0327878847
       -4.0500000000            0.0331341159
       -4.0400000000            0.0334861705
       -4.0300000000            0.0338441790
       -4.0200000000            0.0342082756
       -4.0100000000            0.0345785982
       -4.0000000000            0.0349552886
       -3.9900000000            0.0353384928
       -3.9800000000            0.0357283608
       -3.9700000000            0.0361250471
       -3.9600000000            0.0365287106
       -3.9500000000            0.0369395147
       -3.9400000000            0.0373576278
       -3.9300000000            0.0377832232
       -3.9200000000            0.0382164792
       -3.9100000000            0.0386575797
       -3.9000000000            0.0391067140
       -3.8900000000            0.0395640769
       -3.8800000000            0.0400298694
       -3.8700000000            0.0405042986
       -3.8600000000            0.0409875779
       -3.8500000000            0.0414799274
       -3.8400000000            0.0419815737
       -3.8300000000            0.0424927511
       -3.8200000000            0.0430137008
       -3.8100000000            0.0435446718
       -3.8000000000            0.0440859211
       -3.7900000000            0.0446377139
       -3.7800000000            0.0452003239
       -3.7700000000            0.0457740340
       -3.7600000000            0.0463591359
       -3.7500000000            0.0469559312
       -3.7400000000            0.0475647316
       -3.7300000000            0.0481858589
       -3.7200000000            0.0488196460
       -3.7100000000            0.0494664368
       -3.7000000000            0.0501265872
       -3.6900000000            0.0508004651
       -3.6800000000            0.0514884511
       -3.6700000000            0.0521909391
       -3.6600000000            0.0529083368
       -3.6500000000            0.0536410661
       -3.6400000000            0.0543895642
       -3.6300000000            0.0551542836
       -3.6200000000            0.0559356932
       -3.6100000000            0.0567342790
       -3.6000000000            0.0575505445
       -3.5900000000            0.0583850119
       -3.5800000000            0.0592382228
       -3.5700000000            0.0601107388
       -3.5600000000            0.0610031428
       -3.5500000000            0.0619160396
       -3.5400000000            0.0628500571
       -3.5300000000            0.0638058477
       -3.5200000000            0.0647840885
       -3.5100000000            0.0657854833
       -3.5000000000            0.0668107638
       -3.4900000000            0.0678606904
       -3.4800000000            0.0689360540
       -3.4700000000            0.0700376773
       -3.4600000000            0.0711664164
       -3.4500000000            0.0723231627
       -3.4400000000            0.0735088439
       -3.4300000000            0.0747244268
       -3.4200000000            0.0759709183
       -3.4100000000            0.0772493682
       -3.4000000000            0.0785608709
       -3.3900000000            0.0799065681
       -3.3800000000            0.0812876507
       -3.3700000000            0.0827053620
       -3.3600000000            0.0841610000
       -3.3500000000            0.0856559206
       -3.3400000000            0.0871915405
       -3.3300000000            0.0887693408
       -3.3200000000            0.0903908701
       -3.3100000000            0.0920577486
       -3.3000000000            0.0937716719
       -3.2900000000            0.0955344155
       -3.2800000000            0.0973478390
       -3.2700000000            0.0992138909
       -3.2600000000            0.1011346142
       -3.2500000000            0.1031121516
       -3.2400000000            0.1051487513
       -3.2300000000            0.1072467735
       -3.2200000000            0.1094086972
       -3.2100000000            0.1116371270
       -3.2000000000            0.1139348014
       -3.1900000000            0.1163046007
       -3.1800000000            0.1187495561
       -3.1700000000            0.1212728591
       -3.1600000000            0.1238778718
       -3.1500000000            0.1265681382
       -3.1400000000            0.1293473957
       -3.1300000000            0.1322195882
       -3.1200000000            0.1351888799
       -3.1100000000            0.1382596699
       -3.1000000000            0.1414366086
       -3.0900000000            0.1447246150
       -3.0800000000            0.1481288954
       -3.0700000000            0.1516549637
       -3.0600000000            0.1553086639
       -3.0500000000            0.1590961932
       -3.0400000000            0.1630241289
       -3.0300000000            0.1670994556
       -3.0200000000            0.1713295969
       -3.0100000000            0.1757224480
       -3.0000000000            0.1802864125
       -2.9900000000            0.1850304419
       -2.9800000000            0.1899640792
       -2.9700000000            0.1950975063
       -2.9600000000            0.2004415956
       -2.9500000000            0.2060079676
       -2.9400000000            0.2118090525
       -2.9300000000            0.2178581596
       -2.9200000000            0.2241695524
       -2.9100000000            0.2307585319
       -2.9000000000            0.2376415281
       -2.8900000000            0.2448362020
       -2.8800000000            0.2523615568
       -2.8700000000            0.2602380632
       -2.8600000000            0.2684877960
       -2.8500000000            0.2771345884
       -2.8400000000            0.2862042015
       -2.8300000000            0.2957245152
       -2.8200000000            0.3057257397
       -2.8100000000            0.3162406534
       -2.8000000000            0.3273048689
       -2.7900000000            0.3389571318
       -2.7800000000            0.3512396572
       -2.7700000000            0.3641985084
       -2.7600000000            0.3778840254
       -2.7500000000            0.3923513099
       -2.7400000000            0.4076607752
       -2.7300000000            0.4238787722
       -2.7200000000            0.4410783025
       -2.7100000000            0.4593398345
       -2.7000000000            0.4787522368
       -2.6900000000            0.4994138526
       -2.6800000000            0.5214337365
       -2.6700000000            0.5449330838
       -2.6600000000            0.5700468876
       -2.6500000000            0.5969258660
       -2.6400000000            0.6257387093
       -2.6300000000            0.6566747121
       -2.6200000000            0.6899468656
       -2.6100000000            0.7257955047
       -2.6000000000            0.7644926262
       -2.5900000000            0.8063470251
       -2.5800000000            0.8517104276
       -2.5700000000            0.9009848504
       -2.5600000000            0.9546314747
       -2.5500000000            1.0131813997
       -2.5400000000            1.0772487472
       -2.5300000000            1.1475467206
       -2.5200000000            1.2249074065
       -2.5100000000            1.3103063494
       -2.5000000000            1.4048932578
       -2.4900000000            1.5100306567
       -2.4800000000            1.6273429242
       -2.4700000000            1.7587790233
       -2.4600000000            1.9066934825
       -2.4500000000            2.0739519459
       -2.4400000000            2.2640701940
       -2.4300000000            2.4813993282
       -2.4200000000            2.7313754938
       -2.4100000000            3.0208611665
       -2.4000000000            3.3586184470
       -2.3900000000            3.7559760602
       -2.3800000000            4.2277861588
       -2.3700000000            4.7938241368
       -2.3600000000            5.4808820691
       -2.3500000000            6.3259777120
       -2.3400000000            7.3814128583
       -2.3300000000            8.7230050409
       -2.3200000000           10.4639842892
       -2.3100000000           12.7794784605
       -2.3000000000           15.9518870316
       -2.2900000000           20.4602005332
       -2.2800000000           27.1692801008
       -2.2700000000           37.7696092037
       -2.2600000000           55.9268790327
       -2.2500000000           90.7960376048
       -2.2400000000          170.3370441729
       -2.2300000000          408.7953567762
       -2.2200000000         1361.0068701984
       -2.2100000000         1368.4081899351
       -2.2000000000          411.7557609202
       -2.1900000000          171.7470718368
       -2.1800000000           91.6879616894
       -2.1700000000           56.5779150245
       -2.1600000000           38.2834564324
       -2.1500000000           27.5946384116
       -2.1400000000           20.8236483641
       -2.1300000000           16.2695091059
       -2.1200000000           13.0617595806
       -2.1100000000           10.7181490533
       -2.1000000000            8.9542495512
       -2.0900000000            7.5936035104
       -2.0800000000            6.5220719628
       -2.0700000000            5.6631943544
       -2.0600000000            4.9642007842
       -2.0500000000            4.3877243706
       -2.0400000000            3.9067071971
       -2.0300000000            3.5011677750
       -2.0200000000            3.1560916471
       -2.0100000000            2.8600204859
       -2.0000000000            2.6040874194
       -1.9900000000            2.3813443366
       -1.9800000000            2.1862844002
       -1.9700000000            2.0144976268
       -1.9600000000            1.8624187897
       -1.9500000000            1.7271404114
       -1.9400000000            1.6062723288
       -1.9300000000            1.4978350328
       -1.9200000000            1.4001778088
       -1.9100000000            1.3119153023
       -1.9000000000            1.2318779165
       -1.8900000000            1.1590726999
       -1.8800000000            1.0926522642
       -1.8700000000            1.0318899002
       -1.8600000000            0.9761595207
       -1.8500000000            0.9249193863
       -1.8400000000            0.8776988235
       -1.8300000000            0.8340873193
       -1.8200000000            0.7937255207
       -1.8100000000            0.7562977664
       -1.8000000000            0.7215258612
       -1.7900000000            0.6891638609
       -1.7800000000            0.6589936857
       -1.7700000000            0.6308214136
       -1.7600000000            0.6044741374
       -1.7500000000            0.5797972886
       -1.7400000000            0.5566523504
       -1.7300000000            0.5349148971
       -1.7200000000            0.5144729076
       -1.7100000000            0.4952253090
       -1.7000000000            0.4770807171
       -1.6900000000            0.4599563417
       -1.6800000000            0.4437770347
       -1.6700000000            0.4284744579
       -1.6600000000            0.4139863556
       -1.6500000000            0.4002559158
       -1.6400000000            0.3872312085
       -1.6300000000            0.3748646905
       -1.6200000000            0.3631127680
       -1.6100000000            0.3519354091
       -1.6000000000            0.3412957998
       -1.5900000000            0.3311600386
       -1.5800000000            0.3214968642
       -1.5700000000            0.3122774124
       -1.5600000000            0.3034749987
       -1.5500000000            0.2950649238
       -1.5400000000            0.2870242990
       -1.5300000000            0.2793318890
       -1.5200000000            0.2719679709
       -1.5100000000            0.2649142064
       -1.5000000000            0.2581535272
       -1.4900000000            0.2516700308
       -1.4800000000            0.2454488860
       -1.4700000000            0.2394762480
       -1.4600000000            0.2337391804
       -1.4500000000            0.2282255849
       -1.4400000000            0.2229241370
       -1.4300000000            0.2178242272
       -1.4200000000            0.2129159083
       -1.4100000000            0.2081898456
       -1.4000000000            0.2036372730
       -1.3900000000            0.1992499519
       -1.3800000000            0.1950201334
       -1.3700000000            0.1909405244
       -1.3600000000            0.1870042556
       -1.3500000000            0.1832048524
       -1.3400000000            0.1795362086
       -1.3300000000            0.1759925611
       -1.3200000000            0.1725684676
       -1.3100000000            0.1692587856
       -1.3000000000            0.1660586526
       -1.2900000000            0.1629634687
       -1.2800000000            0.1599688795
       -1.2700000000            0.1570707612
       -1.2600000000            0.1542652057
       -1.2500000000            0.1515485083
       -1.2400000000            0.1489171544
       -1.2300000000            0.1463678089
       -1.2200000000            0.1438973050
       -1.2100000000            0.1415026349
       -1.2000000000            0.1391809400
       -1.1900000000            0.1369295029
       -1.1800000000            0.1347457390
       -1.1700000000            0.1326271893
       -1.1600000000            0.1305715134
       -1.1500000000            0.1285764828
       -1.1400000000            0.1266399752
       -1.1300000000            0.1247599686
       -1.1200000000            0.1229345361
       -1.1100000000            0.1211618407
       -1.1000000000            0.1194401311
       -1.0900000000            0.1177677368
       -1.0800000000            0.1161430647
       -1.0700000000            0.1145645946
       -1.0600000000            0.1130308760
       -1.0500000000            0.1115405247
       -1.0400000000            0.1100922197
       -1.0300000000            0.1086847000
       -1.0200000000            0.1073167622
       -1.0100000000            0.1059872576
       -1.0000000000            0.1046950899
       -0.9900000000            0.1034392129
       -0.9800000000            0.1022186284
       -0.9700000000            0.1010323841
       -0.9600000000            0.0998795719
       -0.9500000000            0.0987593259
       -0.9400000000            0.0976708209
       -0.9300000000            0.0966132707
       -0.9200000000            0.0955859272
       -0.9100000000            0.0945880783
       -0.9000000000            0.0936190471
       -0.8900000000            0.0926781908
       -0.8800000000            0.0917648993
       -0.8700000000            0.0908785946
       -0.8600000000            0.0900187296
       -0.8500000000            0.0891847874
       -0.8400000000            0.0883762804
       -0.8300000000            0.0875927499
       -0.8200000000            0.0868337650
       -0.8100000000            0.0860989226
       -0.8000000000            0.0853878466
       -0.7900000000            0.0847001874
       -0.7800000000            0.0840356218
       -0.7700000000            0.0833938525
       -0.7600000000            0.0827746080
       -0.7500000000            0.0821776424
       -0.7400000000            0.0816027353
       -0.7300000000            0.0810496918
       -0.7200000000            0.0805183424
       -0.7100000000            0.0800085434
       -0.7000000000            0.0795201766
       -0.6900000000            0.0790531501
       -0.6800000000            0.0786073983
       -0.6700000000            0.0781828822
       -0.6600000000            0.0777795902
       -0.6500000000            0.0773975385
       -0.6400000000            0.0770367715
       -0.6300000000            0.0766973631
       -0.6200000000            0.0763794170
       -0.6100000000            0.0760830679
       -0.6000000000            0.0758084824
       -0.5900000000            0.0755558604
       -0.5800000000            0.0753254361
       -0.5700000000            0.0751174796
       -0.5600000000            0.0749322981
       -0.5500000000            0.0747702382
       -0.5400000000            0.0746316871
       -0.5300000000            0.0745170750
       -0.5200000000            0.0744268771
       -0.5100000000            0.0743616160
       -0.5000000000            0.0743218643
       -0.4900000000            0.0743082473
       -0.4800000000            0.0743214462
       -0.4700000000            0.0743622011
       -0.4600000000            0.0744313147
       -0.4500000000            0.0745296560
       -0.4400000000            0.0746581645
       -0.4300000000            0.0748178546
       -0.4200000000            0.0750098203
       -0.4100000000            0.0752352403
       -0.4000000000            0.0754953837
       -0.3900000000            0.0757916156
       -0.3800000000            0.0761254038
       -0.3700000000            0.0764983252
       -0.3600000000            0.0769120734
       -0.3500000000            0.0773684660
       -0.3400000000            0.0778694531
       -0.3300000000            0.0784171259
       -0.3200000000            0.0790137259
       -0.3100000000            0.0796616543
       -0.3000000000            0.0803634823
       -0.2900000000            0.0811219615
       -0.2800000000            0.0819400344
       -0.2700000000            0.0828208458
       -0.2600000000            0.0837677535
       -0.2500000000            0.0847843392
       -0.2400000000            0.0858744195
       -0.2300000000            0.0870420550
       -0.2200000000            0.0882915599
       -0.2100000000            0.0896275083
       -0.2000000000            0.0910547401
       -0.1900000000            0.0925783617
       -0.1800000000            0.0942037444
       -0.1700000000            0.0959365165
       -0.1600000000            0.0977825490
       -0.1500000000            0.0997479318
       -0.1400000000            0.1018389401
       -0.1300000000            0.1040619866
       -0.1200000000            0.1064235572
       -0.1100000000            0.1089301266
       -0.1000000000            0.1115880497
       -0.0900000000            0.1144034245
       -0.0800000000            0.1173819212
       -0.0700000000            0.1205285728
       -0.0600000000            0.1238475216
       -0.0500000000            0.1273417179
       -0.0400000000            0.1310125659
       -0.0300000000            0.1348595163
       -0.0200000000            0.1388796056
       -0.0100000000            0.1430669487
