      -20.0000000000            0.0934603369
      -19.9900000000            0.0949068724
      -19.9800000000            0.0963917282
      -19.9700000000            0.0979161938
      -19.9600000000            0.0994816123
      -19.9500000000            0.1010893833
      -19.9400000000            0.1027409659
      -19.9300000000            0.1044378811
      -19.9200000000            0.1061817155
      -19.9100000000            0.1079741242
      -19.9000000000            0.1098168347
      -19.8900000000            0.1117116501
      -19.8800000000            0.1136604537
      -19.8700000000            0.1156652126
      -19.8600000000            0.1177279824
      -19.8500000000            0.1198509120
      -19.8400000000            0.1220362482
      -19.8300000000            0.1242863414
      -19.8200000000            0.1266036510
      -19.8100000000            0.1289907514
      -19.8000000000            0.1314503383
      -19.7900000000            0.1339852355
      -19.7800000000            0.1365984021
      -19.7700000000            0.1392929401
      -19.7600000000            0.1420721025
      -19.7500000000            0.1449393019
      -19.7400000000            0.1478981198
      -19.7300000000            0.1509523163
      -19.7200000000            0.1541058409
      -19.7100000000            0.1573628433
      -19.7000000000            0.1607276853
      -19.6900000000            0.1642049540
      -19.6800000000            0.1677994749
      -19.6700000000            0.1715163266
      -19.6600000000            0.1753608566
      -19.6500000000            0.1793386973
      -19.6400000000            0.1834557846
      -19.6300000000            0.1877183759
      -19.6200000000            0.1921330717
      -19.6100000000            0.1967068363
      -19.6000000000            0.2014470218
      -19.5900000000            0.2063613931
      -19.5800000000            0.2114581546
      -19.5700000000            0.2167459794
      -19.5600000000            0.2222340398
      -19.5500000000            0.2279320408
      -19.5400000000            0.2338502557
      -19.5300000000            0.2399995646
      -19.5200000000            0.2463914954
      -19.5100000000            0.2530382678
      -19.5000000000            0.2599528415
      -19.4900000000            0.2671489667
      -19.4800000000            0.2746412393
      -19.4700000000            0.2824451601
      -19.4600000000            0.2905771980
      -19.4500000000            0.2990548585
      -19.4400000000            0.3078967569
      -19.4300000000            0.3171226974
      -19.4200000000            0.3267537573
      -19.4100000000            0.3368123786
      -19.4000000000            0.3473224650
      -19.3900000000            0.3583094868
      -19.3800000000            0.3698005928
      -19.3700000000            0.3818247305
      -19.3600000000            0.3944127741
      -19.3500000000            0.4075976614
      -19.3400000000            0.4214145391
      -19.3300000000            0.4359009182
      -19.3200000000            0.4510968374
      -19.3100000000            0.4670450363
      -19.3000000000            0.4837911377
      -19.2900000000            0.5013838378
      -19.2800000000            0.5198751046
      -19.2700000000            0.5393203819
      -19.2600000000            0.5597787992
      -19.2500000000            0.5813133823
      -19.2400000000            0.6039912637
      -19.2300000000            0.6278838875
      -19.2200000000            0.6530672022
      -19.2100000000            0.6796218366
      -19.2000000000            0.7076332462
      -19.1900000000            0.7371918213
      -19.1800000000            0.7683929405
      -19.1700000000            0.8013369516
      -19.1600000000            0.8361290580
      -19.1500000000            0.8728790826
      -19.1400000000            0.9117010752
      -19.1300000000            0.9527127248
      -19.1200000000            0.9960345267
      -19.1100000000            1.0417886487
      -19.1000000000            1.0900974297
      -19.0900000000            1.1410814338
      -19.0800000000            1.1948569726
      -19.0700000000            1.2515330007
      -19.0600000000            1.3112072788
      -19.0500000000            1.3739616980
      -19.0400000000            1.4398566585
      -19.0300000000            1.5089244083
      -19.0200000000            1.5811612715
      -19.0100000000            1.6565187371
      -19.0000000000            1.7348934447
      -18.9900000000            1.8161161972
      -18.9800000000            1.8999402577
      -18.9700000000            1.9860293526
      -18.9600000000            2.0739459981
      -18.9500000000            2.1631409988
      -18.9400000000            2.2529451982
      -18.9300000000            2.3425647816
      -18.9200000000            2.4310815877
      -18.9100000000            2.5174599270
      -18.9000000000            2.6005612731
      -18.8900000000            2.6791678308
      -18.8800000000            2.7520153569
      -18.8700000000            2.8178347256
      -18.8600000000            2.8754006503
      -18.8500000000            2.9235848279
      -18.8400000000            2.9614097484
      -18.8300000000            2.9880987258
      -18.8200000000            3.0031175453
      -18.8100000000            3.0062036111
      -18.8000000000            2.9973795977
      -18.7900000000            2.9769502216
      -18.7800000000            2.9454825878
      -18.7700000000            2.9037723167
      -18.7600000000            2.8527990234
      -18.7500000000            2.7936755123
      -18.7400000000            2.7275951857
      -18.7300000000            2.6557817304
      -18.7200000000            2.5794442848
      -18.7100000000            2.4997402153
      -18.7000000000            2.4177465469
      -18.6900000000            2.3344401366
      -18.6800000000            2.2506859496
      -18.6700000000            2.1672323255
      -18.6600000000            2.0847118800
      -18.6500000000            2.0036466442
      -18.6400000000            1.9244561337
      -18.6300000000            1.8474672107
      -18.6200000000            1.7729248167
      -18.6100000000            1.7010028659
      -18.6000000000            1.6318147894
      -18.5900000000            1.5654233893
      -18.5800000000            1.5018498017
      -18.5700000000            1.4410814686
      -18.5600000000            1.3830791006
      -18.5500000000            1.3277826605
      -18.5400000000            1.2751164330
      -18.5300000000            1.2249932655
      -18.5200000000            1.1773180715
      -18.5100000000            1.1319906901
      -18.5000000000            1.0889081921
      -18.4900000000            1.0479667145
      -18.4800000000            1.0090628991
      -18.4700000000            0.9720950017
      -18.4600000000            0.9369637286
      -18.4500000000            0.9035728511
      -18.4400000000            0.8718296389
      -18.4300000000            0.8416451490
      -18.4200000000            0.8129343990
      -18.4100000000            0.7856164487
      -18.4000000000            0.7596144122
      -18.3900000000            0.7348554143
      -18.3800000000            0.7112705070
      -18.3700000000            0.6887945557
      -18.3600000000            0.6673661033
      -18.3500000000            0.6469272211
      -18.3400000000            0.6274233495
      -18.3300000000            0.6088031350
      -18.3200000000            0.5910182650
      -18.3100000000            0.5740233040
      -18.3000000000            0.5577755335
      -18.2900000000            0.5422347952
      -18.2800000000            0.5273633408
      -18.2700000000            0.5131256870
      -18.2600000000            0.4994884777
      -18.2500000000            0.4864203531
      -18.2400000000            0.4738918250
      -18.2300000000            0.4618751596
      -18.2200000000            0.4503442667
      -18.2100000000            0.4392745959
      -18.2000000000            0.4286430384
      -18.1900000000            0.4184278357
      -18.1800000000            0.4086084934
      -18.1700000000            0.3991657008
      -18.1600000000            0.3900812560
      -18.1500000000            0.3813379952
      -18.1400000000            0.3729197272
      -18.1300000000            0.3648111722
      -18.1200000000            0.3569979042
      -18.1100000000            0.3494662979
      -18.1000000000            0.3422034787
      -18.0900000000            0.3351972760
      -18.0800000000            0.3284361798
      -18.0700000000            0.3219093004
      -18.0600000000            0.3156063299
      -18.0500000000            0.3095175078
      -18.0400000000            0.3036335870
      -18.0300000000            0.2979458037
      -18.0200000000            0.2924458483
      -18.0100000000            0.2871258385
      -18.0000000000            0.2819782941
      -17.9900000000            0.2769961139
      -17.9800000000            0.2721725530
      -17.9700000000            0.2675012030
      -17.9600000000            0.2629759719
      -17.9500000000            0.2585910671
      -17.9400000000            0.2543409775
      -17.9300000000            0.2502204586
      -17.9200000000            0.2462245168
      -17.9100000000            0.2423483964
      -17.9000000000            0.2385875657
      -17.8900000000            0.2349377056
      -17.8800000000            0.2313946975
      -17.8700000000            0.2279546128
      -17.8600000000            0.2246137028
      -17.8500000000            0.2213683891
      -17.8400000000            0.2182152548
      -17.8300000000            0.2151510356
      -17.8200000000            0.2121726129
      -17.8100000000            0.2092770051
      -17.8000000000            0.2064613618
      -17.7900000000            0.2037229562
      -17.7800000000            0.2010591794
      -17.7700000000            0.1984675347
      -17.7600000000            0.1959456316
      -17.7500000000            0.1934911807
      -17.7400000000            0.1911019892
      -17.7300000000            0.1887759556
      -17.7200000000            0.1865110660
      -17.7100000000            0.1843053893
      -17.7000000000            0.1821570738
      -17.6900000000            0.1800643432
      -17.6800000000            0.1780254932
      -17.6700000000            0.1760388884
      -17.6600000000            0.1741029586
      -17.6500000000            0.1722161965
      -17.6400000000            0.1703771544
      -17.6300000000            0.1685844418
      -17.6200000000            0.1668367229
      -17.6100000000            0.1651327139
      -17.6000000000            0.1634711813
      -17.5900000000            0.1618509392
      -17.5800000000            0.1602708474
      -17.5700000000            0.1587298099
      -17.5600000000            0.1572267725
      -17.5500000000            0.1557607213
      -17.5400000000            0.1543306812
      -17.5300000000            0.1529357141
      -17.5200000000            0.1515749175
      -17.5100000000            0.1502474232
      -17.5000000000            0.1489523958
      -17.4900000000            0.1476890314
      -17.4800000000            0.1464565568
      -17.4700000000            0.1452542276
      -17.4600000000            0.1440813281
      -17.4500000000            0.1429371693
      -17.4400000000            0.1418210886
      -17.4300000000            0.1407324484
      -17.4200000000            0.1396706356
      -17.4100000000            0.1386350607
      -17.4000000000            0.1376251568
      -17.3900000000            0.1366403787
      -17.3800000000            0.1356802030
      -17.3700000000            0.1347441263
      -17.3600000000            0.1338316656
      -17.3500000000            0.1329423568
      -17.3400000000            0.1320757549
      -17.3300000000            0.1312314330
      -17.3200000000            0.1304089818
      -17.3100000000            0.1296080092
      -17.3000000000            0.1288281402
      -17.2900000000            0.1280690157
      -17.2800000000            0.1273302929
      -17.2700000000            0.1266116443
      -17.2600000000            0.1259127580
      -17.2500000000            0.1252333366
      -17.2400000000            0.1245730975
      -17.2300000000            0.1239317726
      -17.2200000000            0.1233091076
      -17.2100000000            0.1227048624
      -17.2000000000            0.1221188101
      -17.1900000000            0.1215507378
      -17.1800000000            0.1210004456
      -17.1700000000            0.1204677467
      -17.1600000000            0.1199524677
      -17.1500000000            0.1194544478
      -17.1400000000            0.1189735393
      -17.1300000000            0.1185096073
      -17.1200000000            0.1180625296
      -17.1100000000            0.1176321969
      -17.1000000000            0.1172185126
      -17.0900000000            0.1168213930
      -17.0800000000            0.1164407674
      -17.0700000000            0.1160765778
      -17.0600000000            0.1157287794
      -17.0500000000            0.1153973408
      -17.0400000000            0.1150822436
      -17.0300000000            0.1147834832
      -17.0200000000            0.1145010688
      -17.0100000000            0.1142350232
      -17.0000000000            0.1139853840
      -16.9900000000            0.1137522029
      -16.9800000000            0.1135355467
      -16.9700000000            0.1133354973
      -16.9600000000            0.1131521524
      -16.9500000000            0.1129856257
      -16.9400000000            0.1128360473
      -16.9300000000            0.1127035645
      -16.9200000000            0.1125883423
      -16.9100000000            0.1124905636
      -16.9000000000            0.1124104304
      -16.8900000000            0.1123481641
      -16.8700000000            0.1121261445
      -16.8600000000            0.1121181906
      -16.8500000000            0.1121291960
      -16.8400000000            0.1121594921
      -16.8300000000            0.1122094356
      -16.8200000000            0.1122794092
      -16.8100000000            0.1123698229
      -16.8000000000            0.1124811155
      -16.7900000000            0.1126137560
      -16.7800000000            0.1127682449
      -16.7700000000            0.1129451161
      -16.7600000000            0.1131449385
      -16.7400000000            0.1124624171
      -16.7200000000            0.1121890620
      -16.7100000000            0.1125037499
      -16.7000000000            0.1128455854
      -16.6900000000            0.1132154418
      -16.6800000000            0.1136142469
      -16.6700000000            0.1140429860
      -16.6600000000            0.1145027060
      -16.6500000000            0.1149945184
      -16.6400000000            0.1155196042
      -16.6300000000            0.1160792177
      -16.6200000000            0.1166746914
      -16.6100000000            0.1173074412
      -16.6000000000            0.1179789715
      -16.5900000000            0.1186908816
      -16.5800000000            0.1194448716
      -16.5700000000            0.1202427493
      -16.5600000000            0.1210864377
      -16.5500000000            0.1219779826
      -16.5400000000            0.1229195614
      -16.5300000000            0.1239134923
      -16.5200000000            0.1249622439
      -16.5100000000            0.1260684464
      -16.5000000000            0.1272349025
      -16.4900000000            0.1284646004
      -16.4800000000            0.1297607270
      -16.4700000000            0.1311266823
      -16.4600000000            0.1325660952
      -16.4500000000            0.1340828404
      -16.4400000000            0.1356810564
      -16.4300000000            0.1373651653
      -16.4200000000            0.1391398939
      -16.4100000000            0.1410102965
      -16.4000000000            0.1429817793
      -16.3900000000            0.1450601271
      -16.3800000000            0.1472515314
      -16.3700000000            0.1495626208
      -16.3600000000            0.1520004938
      -16.3500000000            0.1545727535
      -16.3400000000            0.1572875447
      -16.3300000000            0.1601535935
      -16.3200000000            0.1631802495
      -16.3100000000            0.1663775294
      -16.3000000000            0.1697561640
      -16.2900000000            0.1733276462
      -16.2800000000            0.1771042815
      -16.2700000000            0.1810992392
      -16.2600000000            0.1853266046
      -16.2500000000            0.1898014302
      -16.2400000000            0.1945397868
      -16.2300000000            0.1995588101
      -16.2200000000            0.2048767435
      -16.2100000000            0.2105129729
      -16.2000000000            0.2164880505
      -16.1900000000            0.2228237045
      -16.1800000000            0.2295428280
      -16.1700000000            0.2366694422
      -16.1600000000            0.2442286253
      -16.1500000000            0.2522463975
      -16.1400000000            0.2607495520
      -16.1300000000            0.2697654163
      -16.1200000000            0.2793215291
      -16.1100000000            0.2894452139
      -16.1000000000            0.3001630278
      -16.0900000000            0.3115000611
      -16.0800000000            0.3234790628
      -16.0700000000            0.3361193642
      -16.0600000000            0.3494355748
      -16.0500000000            0.3634360269
      -16.0400000000            0.3781209509
      -16.0300000000            0.3934803778
      -16.0200000000            0.4094917782
      -16.0100000000            0.4261174776
      -16.0000000000            0.4433019178
      -15.9900000000            0.4609688813
      -15.9800000000            0.4790188461
      -15.9700000000            0.4973266986
      -15.9600000000            0.5157400875
      -15.9500000000            0.5340787560
      -15.9400000000            0.5521352122
      -15.9300000000            0.5696770922
      -15.9200000000            0.5864515072
      -15.9100000000            0.6021915389
      -15.9000000000            0.6166248554
      -15.8900000000            0.6294841663
      -15.8800000000            0.6405189551
      -15.8700000000            0.6495076622
      -15.8600000000            0.6562692924
      -15.8500000000            0.6606733504
      -15.8400000000            0.6626470876
      -15.8300000000            0.6621792930
      -15.8200000000            0.6593202346
      -15.8100000000            0.6541778025
      -15.8000000000            0.6469103337
      -15.7900000000            0.6377169351
      -15.7800000000            0.6268263233
      -15.7700000000            0.6144852293
      -15.7600000000            0.6009473177
      -15.7500000000            0.5864633561
      -15.7400000000            0.5712731161
      -15.7300000000            0.5555992281
      -15.7200000000            0.5396429919
      -15.7100000000            0.5235819776
      -15.7000000000            0.5075691502
      -15.6900000000            0.4917332026
      -15.6800000000            0.4761797775
      -15.6700000000            0.4609932877
      -15.6600000000            0.4462390863
      -15.6500000000            0.4319657882
      -15.6400000000            0.4182075950
      -15.6300000000            0.4049865202
      -15.6200000000            0.3923144474
      -15.6100000000            0.3801949846
      -15.6000000000            0.3686250988
      -15.5900000000            0.3575965317
      -15.5800000000            0.3470970068
      -15.5700000000            0.3371112439
      -15.5600000000            0.3276218006
      -15.5500000000            0.3186097633
      -15.5400000000            0.3100553061
      -15.5300000000            0.3019381378
      -15.5200000000            0.2942378549
      -15.5100000000            0.2869342159
      -15.5000000000            0.2800073501
      -15.4900000000            0.2734379140
      -15.4800000000            0.2672072035
      -15.4700000000            0.2612972318
      -15.4600000000            0.2556907801
      -15.4500000000            0.2503714249
      -15.4400000000            0.2453235500
      -15.4300000000            0.2405323438
      -15.4200000000            0.2359837875
      -15.4100000000            0.2316646356
      -15.4000000000            0.2275623910
      -15.3900000000            0.2236652761
      -15.3800000000            0.2199622024
      -15.3700000000            0.2164427373
      -15.3600000000            0.2130970717
      -15.3500000000            0.2099159865
      -15.3400000000            0.2068908202
      -15.3300000000            0.2040134368
      -15.3200000000            0.2012761954
      -15.3100000000            0.1986719200
      -15.3000000000            0.1961938716
      -15.2900000000            0.1938357210
      -15.2800000000            0.1915915234
      -15.2700000000            0.1894556943
      -15.2600000000            0.1874229863
      -15.2500000000            0.1854884683
      -15.2400000000            0.1836475049
      -15.2300000000            0.1818957377
      -15.2200000000            0.1802290676
      -15.2100000000            0.1786436386
      -15.2000000000            0.1771358216
      -15.1900000000            0.1757022008
      -15.1800000000            0.1743395597
      -15.1700000000            0.1730448688
      -15.1600000000            0.1718152738
      -15.1500000000            0.1706480844
      -15.1400000000            0.1695407647
      -15.1300000000            0.1684909230
      -15.1200000000            0.1674963034
      -15.1100000000            0.1665547773
      -15.1000000000            0.1656643361
      -15.0900000000            0.1648230832
      -15.0800000000            0.1640292282
      -15.0700000000            0.1632810799
      -15.0600000000            0.1625770410
      -15.0500000000            0.1619156024
      -15.0400000000            0.1612953381
      -15.0300000000            0.1607149005
      -15.0200000000            0.1601730160
      -15.0100000000            0.1596684808
      -15.0000000000            0.1592001571
      -14.9900000000            0.1587669693
      -14.9800000000            0.1583679009
      -14.9700000000            0.1580019912
      -14.9600000000            0.1576683322
      -14.9500000000            0.1573660661
      -14.9400000000            0.1570943823
      -14.9300000000            0.1568525157
      -14.9200000000            0.1566397435
      -14.9100000000            0.1564553839
      -14.9000000000            0.1562987936
      -14.8900000000            0.1561693661
      -14.8800000000            0.1560665300
      -14.8700000000            0.1559897472
      -14.8600000000            0.1559385118
      -14.8500000000            0.1559123478
      -14.8400000000            0.1559108089
      -14.8300000000            0.1559334762
      -14.8200000000            0.1559799575
      -14.8100000000            0.1560498864
      -14.8000000000            0.1561429207
      -14.7900000000            0.1562587420
      -14.7800000000            0.1563970543
      -14.7700000000            0.1565575836
      -14.7600000000            0.1567400766
      -14.7500000000            0.1569443005
      -14.7400000000            0.1571700418
      -14.7300000000            0.1574171062
      -14.7200000000            0.1576853174
      -14.7100000000            0.1579745169
      -14.7000000000            0.1582845635
      -14.6900000000            0.1586153327
      -14.6800000000            0.1589667161
      -14.6700000000            0.1593386213
      -14.6600000000            0.1597309713
      -14.6500000000            0.1601437042
      -14.6400000000            0.1605767730
      -14.6300000000            0.1610301449
      -14.6200000000            0.1615038016
      -14.6100000000            0.1619977387
      -14.6000000000            0.1625119655
      -14.5900000000            0.1630465047
      -14.5800000000            0.1636013927
      -14.5700000000            0.1641766788
      -14.5600000000            0.1647724257
      -14.5500000000            0.1653887089
      -14.5400000000            0.1660256168
      -14.5300000000            0.1666832507
      -14.5200000000            0.1673617247
      -14.5100000000            0.1680611655
      -14.5000000000            0.1687817128
      -14.4900000000            0.1695235188
      -14.4800000000            0.1702867486
      -14.4700000000            0.1710715802
      -14.4600000000            0.1718782043
      -14.4500000000            0.1727068246
      -14.4400000000            0.1735576581
      -14.4300000000            0.1744309346
      -14.4200000000            0.1753268975
      -14.4100000000            0.1762458036
      -14.4000000000            0.1771879232
      -14.3900000000            0.1781535405
      -14.3800000000            0.1791429538
      -14.3700000000            0.1801564756
      -14.3600000000            0.1811944327
      -14.3500000000            0.1822571670
      -14.3400000000            0.1833450351
      -14.3300000000            0.1844584092
      -14.3200000000            0.1855976769
      -14.3100000000            0.1867632420
      -14.3000000000            0.1879555247
      -14.2900000000            0.1891749617
      -14.2800000000            0.1904220072
      -14.2700000000            0.1916971326
      -14.2600000000            0.1930008278
      -14.2500000000            0.1943336009
      -14.2400000000            0.1956959791
      -14.2300000000            0.1970885094
      -14.2200000000            0.1985117587
      -14.2100000000            0.1999663149
      -14.2000000000            0.2014527870
      -14.1900000000            0.2029718062
      -14.1800000000            0.2045240264
      -14.1700000000            0.2061101249
      -14.1600000000            0.2077308033
      -14.1500000000            0.2093867881
      -14.1400000000            0.2110788317
      -14.1300000000            0.2128077132
      -14.1200000000            0.2145742394
      -14.1100000000            0.2163792456
      -14.1000000000            0.2182235968
      -14.0900000000            0.2201081888
      -14.0800000000            0.2220339489
      -14.0700000000            0.2240018378
      -14.0600000000            0.2260128500
      -14.0500000000            0.2280680158
      -14.0400000000            0.2301684022
      -14.0300000000            0.2323151145
      -14.0200000000            0.2345092978
      -14.0100000000            0.2367521385
      -14.0000000000            0.2390448660
      -13.9900000000            0.2413887543
      -13.9800000000            0.2437851242
      -13.9700000000            0.2462353445
      -13.9600000000            0.2487408349
      -13.9500000000            0.2513030671
      -13.9400000000            0.2539235681
      -13.9300000000            0.2566039215
      -13.9200000000            0.2593457707
      -13.9100000000            0.2621508213
      -13.9000000000            0.2650208434
      -13.8900000000            0.2679576750
      -13.8800000000            0.2709632248
      -13.8700000000            0.2740394753
      -13.8600000000            0.2771884864
      -13.8500000000            0.2804123986
      -13.8400000000            0.2837134369
      -13.8300000000            0.2870939149
      -13.8200000000            0.2905562385
      -13.8100000000            0.2941029108
      -13.8000000000            0.2977365364
      -13.7900000000            0.3014598266
      -13.7800000000            0.3052756041
      -13.7700000000            0.3091868090
      -13.7600000000            0.3131965043
      -13.7500000000            0.3173078823
      -13.7400000000            0.3215242707
      -13.7300000000            0.3258491399
      -13.7200000000            0.3302861104
      -13.7100000000            0.3348389600
      -13.7000000000            0.3395116327
      -13.6900000000            0.3443082471
      -13.6800000000            0.3492331059
      -13.6700000000            0.3542907054
      -13.6600000000            0.3594857469
      -13.6500000000            0.3648231468
      -13.6400000000            0.3703080494
      -13.6300000000            0.3759458395
      -13.6200000000            0.3817421554
      -13.6100000000            0.3877029041
      -13.6000000000            0.3938342764
      -13.5900000000            0.4001427634
      -13.5800000000            0.4066351743
      -13.5700000000            0.4133186550
      -13.5600000000            0.4202007087
      -13.5500000000            0.4272892172
      -13.5400000000            0.4345924642
      -13.5300000000            0.4421191603
      -13.5200000000            0.4498784694
      -13.5100000000            0.4578800376
      -13.5000000000            0.4661340238
      -13.4900000000            0.4746511331
      -13.4800000000            0.4834426521
      -13.4700000000            0.4925204878
      -13.4600000000            0.5018972084
      -13.4500000000            0.5115860886
      -13.4400000000            0.5216011574
      -13.4300000000            0.5319572504
      -13.4200000000            0.5426700665
      -13.4100000000            0.5537562286
      -13.4000000000            0.5652333500
      -13.3900000000            0.5771201063
      -13.3800000000            0.5894363133
      -13.3700000000            0.6022030117
      -13.3600000000            0.6154425596
      -13.3500000000            0.6291787329
      -13.3400000000            0.6434368345
      -13.3300000000            0.6582438144
      -13.3200000000            0.6736284001
      -13.3100000000            0.6896212394
      -13.3000000000            0.7062550571
      -13.2900000000            0.7235648268
      -13.2800000000            0.7415879592
      -13.2700000000            0.7603645092
      -13.2600000000            0.7799374044
      -13.2500000000            0.8003526962
      -13.2400000000            0.8216598374
      -13.2300000000            0.8439119890
      -13.2200000000            0.8671663596
      -13.2100000000            0.8914845823
      -13.2000000000            0.9169331324
      -13.1900000000            0.9435837921
      -13.1800000000            0.9715141690
      -13.1700000000            1.0008082736
      -13.1600000000            1.0315571654
      -13.1500000000            1.0638596764
      -13.1400000000            1.0978232227
      -13.1300000000            1.1335647172
      -13.1200000000            1.1712115971
      -13.1100000000            1.2109029839
      -13.1000000000            1.2527909960
      -13.0900000000            1.2970422358
      -13.0800000000            1.3438394798
      -13.0700000000            1.3933836042
      -13.0600000000            1.4458957823
      -13.0500000000            1.5016200010
      -13.0400000000            1.5608259480
      -13.0300000000            1.6238123363
      -13.0200000000            1.6909107402
      -13.0100000000            1.7624900370
      -13.0000000000            1.8389615660
      -12.9900000000            1.9207851394
      -12.9800000000            2.0084760695
      -12.9700000000            2.1026134155
      -12.9600000000            2.2038496955
      -12.9500000000            2.3129223693
      -12.9400000000            2.4306674727
      -12.9300000000            2.5580358731
      -12.9200000000            2.6961127413
      -12.9100000000            2.8461409852
      -12.9000000000            3.0095495940
      -12.8900000000            3.1879881055
      -12.8800000000            3.3833687513
      -12.8700000000            3.5979182998
      -12.8600000000            3.8342422280
      -12.8500000000            4.0954046849
      -12.8400000000            4.3850288437
      -12.8300000000            4.7074237936
      -12.8200000000            5.0677462905
      -12.8100000000            5.4722087293
      -12.8000000000            5.9283490314
      -12.7900000000            6.4453843788
      -12.7800000000            7.0346798405
      -12.7700000000            7.7103764323
      -12.7600000000            8.4902434770
      -12.7500000000            9.3968512388
      -12.7400000000           10.4592083175
      -12.7300000000           11.7150854467
      -12.7200000000           13.2143727578
      -12.7100000000           15.0240262751
      -12.7000000000           17.2355157659
      -12.6900000000           19.9763118137
      -12.6800000000           23.4280828910
      -12.6700000000           27.8563934573
      -12.6600000000           33.6608059299
      -12.6500000000           41.4625661366
      -12.6400000000           52.2643357620
      -12.6300000000           67.7536435387
      -12.6200000000           90.9024469644
      -12.6100000000          127.1781838960
      -12.6000000000          186.8800208576
      -12.5900000000          288.1783820243
      -12.5800000000          449.3839282053
      -12.5700000000          616.6112050367
      -12.5600000000          600.6982631678
      -12.5500000000          423.8507164322
      -12.5400000000          269.4896658187
      -12.5300000000          174.6999788452
      -12.5200000000          118.9816836579
      -12.5100000000           85.0515091769
      -12.5000000000           63.3389224313
      -12.4900000000           48.7772409319
      -12.4800000000           38.6060851433
      -12.4700000000           31.2527637201
      -12.4600000000           25.7797385306
      -12.4500000000           21.6044113594
      -12.4400000000           18.3511520272
      -12.4300000000           15.7697968547
      -12.4200000000           13.6889337287
      -12.4100000000           11.9881335645
      -12.4000000000           10.5808933552
      -12.3900000000            9.4038456123
      -12.3800000000            8.4097491101
      -12.3700000000            7.5628262568
      -12.3600000000            6.8355941853
      -12.3500000000            6.2066687906
      -12.3400000000            5.6592159016
      -12.3300000000            5.1798411673
      -12.3200000000            4.7577825967
      -12.3100000000            4.3843152547
      -12.3000000000            4.0523068824
      -12.2900000000            3.7558823497
      -12.2800000000            3.4901675795
      -12.2700000000            3.2510921846
      -12.2600000000            3.0352359528
      -12.2500000000            2.8397084114
      -12.2400000000            2.6620535842
      -12.2300000000            2.5001741035
      -12.2200000000            2.3522703172
      -12.2100000000            2.2167911043
      -12.2000000000            2.0923938966
      -12.1900000000            1.9779119945
      -12.1800000000            1.8723276948
      -12.1700000000            1.7747500818
      -12.1600000000            1.6843965792
      -12.1500000000            1.6005775549
      -12.1400000000            1.5226834139
      -12.1300000000            1.4501737318
      -12.1200000000            1.3825680685
      -12.1100000000            1.3194381713
      -12.1000000000            1.2604013344
      -12.0900000000            1.2051147212
      -12.0800000000            1.1532704943
      -12.0700000000            1.1045916247
      -12.0600000000            1.0588282739
      -12.0500000000            1.0157546610
      -12.0400000000            0.9751663429
      -12.0300000000            0.9368778454
      -12.0200000000            0.9007205953
      -12.0100000000            0.8665411106
      -12.0000000000            0.8341994117
      -11.9900000000            0.8035676250
      -11.9800000000            0.7745287511
      -11.9700000000            0.7469755766
      -11.9600000000            0.7208097113
      -11.9500000000            0.6959407331
      -11.9400000000            0.6722854283
      -11.9300000000            0.6497671150
      -11.9200000000            0.6283150390
      -11.9100000000            0.6078638341
      -11.9000000000            0.5883530384
      -11.8900000000            0.5697266609
      -11.8800000000            0.5519327915
      -11.8700000000            0.5349232508
      -11.8600000000            0.5186532734
      -11.8500000000            0.5030812228
      -11.8400000000            0.4881683337
      -11.8300000000            0.4738784778
      -11.8200000000            0.4601779529
      -11.8100000000            0.4470352900
      -11.8000000000            0.4344210793
      -11.7900000000            0.4223078105
      -11.7800000000            0.4106697283
      -11.7700000000            0.3994827003
      -11.7600000000            0.3887240961
      -11.7500000000            0.3783726770
      -11.7400000000            0.3684084946
      -11.7300000000            0.3588127989
      -11.7200000000            0.3495679526
      -11.7100000000            0.3406573532
      -11.7000000000            0.3320653617
      -11.6900000000            0.3237772361
      -11.6800000000            0.3157790707
      -11.6700000000            0.3080577400
      -11.6600000000            0.3006008473
      -11.6500000000            0.2933966763
      -11.6400000000            0.2864341475
      -11.6300000000            0.2797027769
      -11.6200000000            0.2731926384
      -11.6100000000            0.2668943285
      -11.6000000000            0.2607989340
      -11.5900000000            0.2548980016
      -11.5800000000            0.2491835099
      -11.5700000000            0.2436478433
      -11.5600000000            0.2382837676
      -11.5500000000            0.2330844078
      -11.5400000000            0.2280432263
      -11.5300000000            0.2231540043
      -11.5200000000            0.2184108223
      -11.5100000000            0.2138080441
      -11.5000000000            0.2093402999
      -11.4900000000            0.2050024720
      -11.4800000000            0.2007896805
      -11.4700000000            0.1966972703
      -11.4600000000            0.1927207990
      -11.4500000000            0.1888560250
      -11.4400000000            0.1850988972
      -11.4300000000            0.1814455447
      -11.4200000000            0.1778922672
      -11.4100000000            0.1744355263
      -11.4000000000            0.1710719370
      -11.3900000000            0.1677982598
      -11.3800000000            0.1646113935
      -11.3700000000            0.1615083679
      -11.3600000000            0.1584863376
      -11.3500000000            0.1555425754
      -11.3400000000            0.1526744669
      -11.3300000000            0.1498795047
      -11.3200000000            0.1471552833
      -11.3100000000            0.1444994942
      -11.3000000000            0.1419099213
      -11.2900000000            0.1393844365
      -11.2800000000            0.1369209954
      -11.2700000000            0.1345176337
      -11.2600000000            0.1321724634
      -11.2500000000            0.1298836691
      -11.2400000000            0.1276495048
      -11.2300000000            0.1254682910
      -11.2200000000            0.1233384113
      -11.2100000000            0.1212583099
      -11.2000000000            0.1192264887
      -11.1900000000            0.1172415050
      -11.1800000000            0.1153019687
      -11.1700000000            0.1134065404
      -11.1600000000            0.1115539293
      -11.1500000000            0.1097428905
      -11.1400000000            0.1079722237
      -11.1300000000            0.1062407710
      -11.1200000000            0.1045474153
      -11.1100000000            0.1028910783
      -11.1000000000            0.1012707192
      -11.0900000000            0.0996853331
      -11.0800000000            0.0981339494
      -11.0700000000            0.0966156305
      -11.0600000000            0.0951294707
      -11.0500000000            0.0936745943
      -11.0400000000            0.0922501552
      -11.0300000000            0.0908553350
      -11.0200000000            0.0894893425
      -11.0100000000            0.0881514122
      -11.0000000000            0.0868408037
      -10.9900000000            0.0855568004
      -10.9800000000            0.0842987087
      -10.9700000000            0.0830658571
      -10.9600000000            0.0818575957
      -10.9500000000            0.0806732947
      -10.9400000000            0.0795123442
      -10.9300000000            0.0783741535
      -10.9200000000            0.0772581500
      -10.9100000000            0.0761637786
      -10.9000000000            0.0750905016
      -10.8900000000            0.0740377973
      -10.8800000000            0.0730051600
      -10.8700000000            0.0719920991
      -10.8600000000            0.0709981387
      -10.8500000000            0.0700228172
      -10.8400000000            0.0690656864
      -10.8300000000            0.0681263115
      -10.8200000000            0.0672042703
      -10.8100000000            0.0662991530
      -10.8000000000            0.0654105616
      -10.7900000000            0.0645381094
      -10.7800000000            0.0636814211
      -10.7700000000            0.0628401318
      -10.7600000000            0.0620138870
      -10.7500000000            0.0612023422
      -10.7400000000            0.0604051626
      -10.7300000000            0.0596220226
      -10.7200000000            0.0588526059
      -10.7100000000            0.0580966045
      -10.7000000000            0.0573537192
      -10.6900000000            0.0566236588
      -10.6800000000            0.0559061400
      -10.6700000000            0.0552008874
      -10.6600000000            0.0545076325
      -10.6500000000            0.0538261145
      -10.6400000000            0.0531560793
      -10.6300000000            0.0524972794
      -10.6200000000            0.0518494740
      -10.6100000000            0.0512124287
      -10.6000000000            0.0505859149
      -10.5900000000            0.0499697102
      -10.5800000000            0.0493635979
      -10.5700000000            0.0487673667
      -10.5600000000            0.0481808108
      -10.5500000000            0.0476037299
      -10.5400000000            0.0470359282
      -10.5300000000            0.0464772155
      -10.5200000000            0.0459274058
      -10.5100000000            0.0453863181
      -10.5000000000            0.0448537758
      -10.4900000000            0.0443296065
      -10.4800000000            0.0438136424
      -10.4700000000            0.0433057195
      -10.4600000000            0.0428056779
      -10.4500000000            0.0423133616
      -10.4400000000            0.0418286184
      -10.4300000000            0.0413512998
      -10.4200000000            0.0408812606
      -10.4100000000            0.0404183594
      -10.4000000000            0.0399624580
      -10.3900000000            0.0395134214
      -10.3700000000            0.0361057270
      -10.3600000000            0.0357081537
      -10.3500000000            0.0353164267
      -10.3400000000            0.0349304365
      -10.3300000000            0.0345500758
      -10.3200000000            0.0341752399
      -10.3100000000            0.0338058263
      -10.3000000000            0.0334417350
      -10.2900000000            0.0330828683
      -10.2800000000            0.0327291304
      -10.2700000000            0.0323804280
      -10.2600000000            0.0320366697
      -10.2500000000            0.0316977661
      -10.2400000000            0.0313636297
      -10.2300000000            0.0310341752
      -10.2200000000            0.0307093190
      -10.2100000000            0.0303889793
      -10.2000000000            0.0300730760
      -10.1900000000            0.0297615310
      -10.1800000000            0.0294542676
      -10.1700000000            0.0291512109
      -10.1600000000            0.0288522876
      -10.1500000000            0.0285574259
      -10.1400000000            0.0282665556
      -10.1300000000            0.0279796079
      -10.1200000000            0.0276965154
      -10.1100000000            0.0274172123
      -10.1000000000            0.0271416341
      -10.0900000000            0.0268697175
      -10.0800000000            0.0266014006
      -10.0700000000            0.0263366229
      -10.0500000000            0.0125228572
      -10.0400000000            0.0124135779
      -10.0300000000            0.0123056374
      -10.0200000000            0.0121990142
      -10.0100000000            0.0120936874
      -10.0000000000            0.0119896365
       -9.9900000000            0.0118868412
       -9.9800000000            0.0117852819
       -9.9700000000            0.0116849392
       -9.9600000000            0.0115857942
       -9.9500000000            0.0114878280
       -9.9400000000            0.0113910227
       -9.9300000000            0.0112953601
       -9.9200000000            0.0112008227
       -9.9100000000            0.0111073933
       -9.9000000000            0.0110150550
       -9.8900000000            0.0109237912
       -9.8800000000            0.0108335856
       -9.8700000000            0.0107444222
       -9.8600000000            0.0106562853
       -9.8500000000            0.0105691596
       -9.8300000000            0.0000000000
       -9.8200000000            0.0000000000
       -9.8100000000            0.0000000000
       -9.8000000000            0.0000000000
       -9.7900000000            0.0000000000
       -9.7800000000            0.0000000000
       -9.7700000000            0.0000000000
       -9.7600000000            0.0000000000
       -9.7500000000            0.0000000000
       -9.7400000000            0.0000000000
       -9.7300000000            0.0000000000
       -9.7200000000            0.0000000000
       -9.7100000000            0.0000000000
       -9.7000000000            0.0000000000
       -9.6900000000            0.0000000000
       -9.6800000000            0.0000000000
       -9.6700000000            0.0000000000
       -9.6600000000            0.0000000000
       -9.6500000000            0.0000000000
       -9.6400000000            0.0000000000
       -9.6300000000            0.0000000000
       -9.6200000000            0.0000000000
       -9.6100000000            0.0000000000
       -9.6000000000            0.0000000000
       -9.5900000000            0.0000000000
       -9.5800000000            0.0000000000
       -9.5700000000            0.0000000000
       -9.5600000000            0.0000000000
       -9.5500000000            0.0000000000
       -9.5400000000            0.0000000000
       -9.5300000000            0.0000000000
       -9.5200000000            0.0000000000
       -9.5100000000            0.0000000000
       -9.5000000000            0.0000000000
       -9.4900000000            0.0000000000
       -9.4800000000            0.0000000000
       -9.4700000000            0.0000000000
       -9.4600000000            0.0000000000
       -9.4500000000            0.0000000000
       -9.4400000000            0.0000000000
       -9.4300000000            0.0000000000
       -9.4200000000            0.0000000000
       -9.4100000000            0.0000000000
       -9.4000000000            0.0000000000
       -9.3900000000            0.0000000000
       -9.3800000000            0.0000000000
       -9.3700000000            0.0000000000
       -9.3600000000            0.0000000000
       -9.3500000000            0.0000000000
       -9.3400000000            0.0000000000
       -9.3300000000            0.0000000000
       -9.3200000000            0.0000000000
       -9.3100000000            0.0000000000
       -9.3000000000            0.0000000000
       -9.2900000000            0.0000000000
       -9.2800000000            0.0000000000
       -9.2700000000            0.0000000000
       -9.2600000000            0.0000000000
       -9.2500000000            0.0000000000
       -9.2400000000            0.0000000000
       -9.2300000000            0.0000000000
       -9.2200000000            0.0000000000
       -9.2100000000            0.0000000000
       -9.2000000000            0.0000000000
       -9.1900000000            0.0000000000
       -9.1800000000            0.0000000000
       -9.1700000000            0.0000000000
       -9.1600000000            0.0000000000
       -9.1500000000            0.0000000000
       -9.1400000000            0.0000000000
       -9.1300000000            0.0000000000
       -9.1200000000            0.0000000000
       -9.1100000000            0.0000000000
       -9.1000000000            0.0000000000
       -9.0900000000            0.0000000000
       -9.0800000000            0.0000000000
       -9.0700000000            0.0000000000
       -9.0600000000            0.0000000000
       -9.0500000000            0.0000000000
       -9.0400000000            0.0000000000
       -9.0300000000            0.0000000000
       -9.0200000000            0.0000000000
       -9.0100000000            0.0000000000
       -9.0000000000            0.0000000000
       -8.9900000000            0.0000000000
       -8.9800000000            0.0000000000
       -8.9700000000            0.0000000000
       -8.9600000000            0.0000000000
       -8.9500000000            0.0000000000
       -8.9400000000            0.0000000000
       -8.9300000000            0.0000000000
       -8.9200000000            0.0000000000
       -8.9100000000            0.0000000000
       -8.9000000000            0.0000000000
       -8.8900000000            0.0000000000
       -8.8800000000            0.0000000000
       -8.8700000000            0.0000000000
       -8.8600000000            0.0000000000
       -8.8500000000            0.0000000000
       -8.8400000000            0.0000000000
       -8.8300000000            0.0000000000
       -8.8200000000            0.0000000000
       -8.8100000000            0.0000000000
       -8.8000000000            0.0000000000
       -8.7900000000            0.0000000000
       -8.7800000000            0.0000000000
       -8.7700000000            0.0000000000
       -8.7600000000            0.0000000000
       -8.7500000000            0.0000000000
       -8.7400000000            0.0000000000
       -8.7300000000            0.0000000000
       -8.7200000000            0.0000000000
       -8.7100000000            0.0000000000
       -8.7000000000            0.0000000000
       -8.6900000000            0.0000000000
       -8.6800000000            0.0000000000
       -8.6700000000            0.0000000000
       -8.6600000000            0.0000000000
       -8.6500000000            0.0000000000
       -8.6400000000            0.0000000000
       -8.6300000000            0.0000000000
       -8.6200000000            0.0000000000
       -8.6100000000            0.0000000000
       -8.6000000000            0.0000000000
       -8.5900000000            0.0000000000
       -8.5800000000            0.0000000000
       -8.5700000000            0.0000000000
       -8.5600000000            0.0000000000
       -8.5500000000            0.0000000000
       -8.5400000000            0.0000000000
       -8.5300000000            0.0000000000
       -8.5200000000            0.0000000000
       -8.5100000000            0.0000000000
       -8.5000000000            0.0000000000
       -8.4900000000            0.0000000000
       -8.4800000000            0.0000000000
       -8.4700000000            0.0000000000
       -8.4600000000            0.0000000000
       -8.4500000000            0.0000000000
       -8.4400000000            0.0000000000
       -8.4300000000            0.0000000000
       -8.4200000000            0.0000000000
       -8.4100000000            0.0000000000
       -8.4000000000            0.0000000000
       -8.3900000000            0.0000000000
       -8.3800000000            0.0000000000
       -8.3700000000            0.0000000000
       -8.3600000000            0.0000000000
       -8.3500000000            0.0000000000
       -8.3400000000            0.0000000000
       -8.3300000000            0.0000000000
       -8.3200000000            0.0000000000
       -8.3100000000            0.0000000000
       -8.3000000000            0.0000000000
       -8.2900000000            0.0000000000
       -8.2800000000            0.0000000000
       -8.2700000000            0.0000000000
       -8.2600000000            0.0000000000
       -8.2500000000            0.0000000000
       -8.2400000000            0.0000000000
       -8.2300000000            0.0000000000
       -8.2200000000            0.0000000000
       -8.2100000000            0.0000000000
       -8.2000000000            0.0000000000
       -8.1900000000            0.0000000000
       -8.1800000000            0.0000000000
       -8.1700000000            0.0000000000
       -8.1600000000            0.0000000000
       -8.1500000000            0.0000000000
       -8.1400000000            0.0000000000
       -8.1300000000            0.0000000000
       -8.1200000000            0.0000000000
       -8.1100000000            0.0000000000
       -8.1000000000            0.0000000000
       -8.0900000000            0.0000000000
       -8.0800000000            0.0000000000
       -8.0700000000            0.0000000000
       -8.0600000000            0.0000000000
       -8.0500000000            0.0000000000
       -8.0400000000            0.0000000000
       -8.0300000000            0.0000000000
       -8.0200000000            0.0000000000
       -8.0100000000            0.0000000000
       -8.0000000000            0.0000000000
       -7.9900000000            0.0000000000
       -7.9800000000            0.0000000000
       -7.9700000000            0.0000000000
       -7.9600000000            0.0000000000
       -7.9500000000            0.0000000000
       -7.9400000000            0.0000000000
       -7.9300000000            0.0000000000
       -7.9200000000            0.0000000000
       -7.9100000000            0.0000000000
       -7.9000000000            0.0000000000
       -7.8900000000            0.0000000000
       -7.8800000000            0.0000000000
       -7.8700000000            0.0000000000
       -7.8600000000            0.0000000000
       -7.8500000000            0.0000000000
       -7.8400000000            0.0000000000
       -7.8300000000            0.0000000000
       -7.8200000000            0.0000000000
       -7.8100000000            0.0000000000
       -7.8000000000            0.0000000000
       -7.7900000000            0.0000000000
       -7.7800000000            0.0000000000
       -7.7700000000            0.0000000000
       -7.7600000000            0.0000000000
       -7.7500000000            0.0000000000
       -7.7400000000            0.0000000000
       -7.7300000000            0.0000000000
       -7.7200000000            0.0000000000
       -7.7100000000            0.0000000000
       -7.7000000000            0.0000000000
       -7.6900000000            0.0000000000
       -7.6800000000            0.0000000000
       -7.6700000000            0.0000000000
       -7.6600000000            0.0000000000
       -7.6500000000            0.0000000000
       -7.6400000000            0.0000000000
       -7.6300000000            0.0000000000
       -7.6200000000            0.0000000000
       -7.6100000000            0.0000000000
       -7.6000000000            0.0000000000
       -7.5900000000            0.0000000000
       -7.5800000000            0.0000000000
       -7.5700000000            0.0000000000
       -7.5600000000            0.0000000000
       -7.5500000000            0.0000000000
       -7.5400000000            0.0000000000
       -7.5300000000            0.0000000000
       -7.5200000000            0.0000000000
       -7.5100000000            0.0000000000
       -7.5000000000            0.0000000000
       -7.4900000000            0.0000000000
       -7.4800000000            0.0000000000
       -7.4700000000            0.0000000000
       -7.4600000000            0.0000000000
       -7.4500000000            0.0000000000
       -7.4400000000            0.0000000000
       -7.4300000000            0.0000000000
       -7.4200000000            0.0000000000
       -7.4100000000            0.0000000000
       -7.4000000000            0.0000000000
       -7.3900000000            0.0000000000
       -7.3800000000            0.0000000000
       -7.3700000000            0.0000000000
       -7.3600000000            0.0000000000
       -7.3500000000            0.0000000000
       -7.3400000000            0.0000000000
       -7.3300000000            0.0000000000
       -7.3200000000            0.0000000000
       -7.3100000000            0.0000000000
       -7.3000000000            0.0000000000
       -7.2900000000            0.0000000000
       -7.2800000000            0.0000000000
       -7.2700000000            0.0000000000
       -7.2600000000            0.0000000000
       -7.2500000000            0.0000000000
       -7.2400000000            0.0000000000
       -7.2300000000            0.0000000000
       -7.2200000000            0.0000000000
       -7.2100000000            0.0000000000
       -7.2000000000            0.0000000000
       -7.1900000000            0.0000000000
       -7.1800000000            0.0000000000
       -7.1700000000            0.0000000000
       -7.1600000000            0.0000000000
       -7.1500000000            0.0000000000
       -7.1400000000            0.0000000000
       -7.1300000000            0.0000000000
       -7.1200000000            0.0000000000
       -7.1100000000            0.0000000000
       -7.1000000000            0.0000000000
       -7.0900000000            0.0000000000
       -7.0800000000            0.0000000000
       -7.0700000000            0.0000000000
       -7.0600000000            0.0000000000
       -7.0500000000            0.0000000000
       -7.0400000000            0.0000000000
       -7.0300000000            0.0000000000
       -7.0200000000            0.0000000000
       -7.0100000000            0.0000000000
       -7.0000000000            0.0000000000
       -6.9900000000            0.0000000000
       -6.9800000000            0.0000000000
       -6.9700000000            0.0000000000
       -6.9600000000            0.0000000000
       -6.9500000000            0.0000000000
       -6.9400000000            0.0000000000
       -6.9300000000            0.0000000000
       -6.9200000000            0.0000000000
       -6.9100000000            0.0000000000
       -6.9000000000            0.0000000000
       -6.8900000000            0.0000000000
       -6.8800000000            0.0000000000
       -6.8700000000            0.0000000000
       -6.8600000000            0.0000000000
       -6.8500000000            0.0000000000
       -6.8400000000            0.0000000000
       -6.8300000000            0.0000000000
       -6.8200000000            0.0000000000
       -6.8100000000            0.0000000000
       -6.8000000000            0.0000000000
       -6.7900000000            0.0000000000
       -6.7800000000            0.0000000000
       -6.7700000000            0.0000000000
       -6.7600000000            0.0000000000
       -6.7500000000            0.0000000000
       -6.7400000000            0.0000000000
       -6.7300000000            0.0000000000
       -6.7200000000            0.0000000000
       -6.7100000000            0.0000000000
       -6.7000000000            0.0000000000
       -6.6900000000            0.0000000000
       -6.6800000000            0.0000000000
       -6.6700000000            0.0000000000
       -6.6600000000            0.0000000000
       -6.6500000000            0.0000000000
       -6.6400000000            0.0000000000
       -6.6300000000            0.0000000000
       -6.6200000000            0.0000000000
       -6.6100000000            0.0000000000
       -6.6000000000            0.0000000000
       -6.5900000000            0.0000000000
       -6.5800000000            0.0000000000
       -6.5700000000            0.0000000000
       -6.5600000000            0.0000000000
       -6.5500000000            0.0000000000
       -6.5400000000            0.0000000000
       -6.5300000000            0.0000000000
       -6.5200000000            0.0000000000
       -6.5100000000            0.0000000000
       -6.5000000000            0.0000000000
       -6.4900000000            0.0000000000
       -6.4800000000            0.0000000000
       -6.4700000000            0.0000000000
       -6.4600000000            0.0000000000
       -6.4500000000            0.0000000000
       -6.4400000000            0.0000000000
       -6.4300000000            0.0000000000
       -6.4200000000            0.0000000000
       -6.4100000000            0.0000000000
       -6.4000000000            0.0000000000
       -6.3900000000            0.0000000000
       -6.3800000000            0.0000000000
       -6.3700000000            0.0000000000
       -6.3600000000            0.0000000000
       -6.3500000000            0.0000000000
       -6.3400000000            0.0000000000
       -6.3300000000            0.0000000000
       -6.3200000000            0.0000000000
       -6.3100000000            0.0000000000
       -6.3000000000            0.0000000000
       -6.2900000000            0.0000000000
       -6.2800000000            0.0000000000
       -6.2700000000            0.0000000000
       -6.2600000000            0.0000000000
       -6.2500000000            0.0000000000
       -6.2400000000            0.0000000000
       -6.2300000000            0.0000000000
       -6.2200000000            0.0000000000
       -6.2100000000            0.0000000000
       -6.2000000000            0.0000000000
       -6.1900000000            0.0000000000
       -6.1800000000            0.0000000000
       -6.1700000000            0.0000000000
       -6.1600000000            0.0000000000
       -6.1500000000            0.0000000000
       -6.1400000000            0.0000000000
       -6.1300000000            0.0000000000
       -6.1200000000            0.0000000000
       -6.1100000000            0.0000000000
       -6.1000000000            0.0000000000
       -6.0900000000            0.0000000000
       -6.0800000000            0.0000000000
       -6.0700000000            0.0000000000
       -6.0600000000            0.0000000000
       -6.0500000000            0.0000000000
       -6.0400000000            0.0000000000
       -6.0300000000            0.0000000000
       -6.0200000000            0.0000000000
       -6.0100000000            0.0000000000
       -6.0000000000            0.0000000000
       -5.9900000000            0.0000000000
       -5.9800000000            0.0000000000
       -5.9700000000            0.0000000000
       -5.9600000000            0.0000000000
       -5.9500000000            0.0000000000
       -5.9400000000            0.0000000000
       -5.9300000000            0.0000000000
       -5.9200000000            0.0000000000
       -5.9100000000            0.0000000000
       -5.9000000000            0.0000000000
       -5.8900000000            0.0000000000
       -5.8800000000            0.0000000000
       -5.8700000000            0.0000000000
       -5.8600000000            0.0000000000
       -5.8500000000            0.0000000000
       -5.8400000000            0.0000000000
       -5.8300000000            0.0000000000
       -5.8200000000            0.0000000000
       -5.8100000000            0.0000000000
       -5.8000000000            0.0000000000
       -5.7900000000            0.0000000000
       -5.7800000000            0.0000000000
       -5.7700000000            0.0000000000
       -5.7600000000            0.0000000000
       -5.7500000000            0.0000000000
       -5.7400000000            0.0000000000
       -5.7300000000            0.0000000000
       -5.7200000000            0.0000000000
       -5.7100000000            0.0000000000
       -5.7000000000            0.0000000000
       -5.6900000000            0.0000000000
       -5.6800000000            0.0000000000
       -5.6700000000            0.0000000000
       -5.6600000000            0.0000000000
       -5.6500000000            0.0000000000
       -5.6400000000            0.0000000000
       -5.6300000000            0.0000000000
       -5.6200000000            0.0000000000
       -5.6100000000            0.0000000000
       -5.6000000000            0.0000000000
       -5.5900000000            0.0000000000
       -5.5800000000            0.0000000000
       -5.5700000000            0.0000000000
       -5.5600000000            0.0000000000
       -5.5500000000            0.0000000000
       -5.5400000000            0.0000000000
       -5.5300000000            0.0000000000
       -5.5200000000            0.0000000000
       -5.5100000000            0.0000000000
       -5.5000000000            0.0000000000
       -5.4900000000            0.0000000000
       -5.4800000000            0.0000000000
       -5.4700000000            0.0000000000
       -5.4600000000            0.0000000000
       -5.4500000000            0.0000000000
       -5.4400000000            0.0000000000
       -5.4300000000            0.0000000000
       -5.4200000000            0.0000000000
       -5.4100000000            0.0000000000
       -5.4000000000            0.0000000000
       -5.3900000000            0.0000000000
       -5.3800000000            0.0000000000
       -5.3700000000            0.0000000000
       -5.3600000000            0.0000000000
       -5.3500000000            0.0000000000
       -5.3400000000            0.0000000000
       -5.3300000000            0.0000000000
       -5.3200000000            0.0000000000
       -5.3100000000            0.0000000000
       -5.3000000000            0.0000000000
       -5.2900000000            0.0000000000
       -5.2800000000            0.0000000000
       -5.2700000000            0.0000000000
       -5.2600000000            0.0000000000
       -5.2500000000            0.0000000000
       -5.2400000000            0.0000000000
       -5.2300000000            0.0000000000
       -5.2200000000            0.0000000000
       -5.2100000000            0.0000000000
       -5.2000000000            0.0000000000
       -5.1800000000            0.0003917276
       -5.1700000000            0.0003923046
       -5.1600000000            0.0003928858
       -5.1500000000            0.0003934712
       -5.1400000000            0.0003940608
       -5.1300000000            0.0003946546
       -5.1200000000            0.0003952528
       -5.1100000000            0.0003958552
       -5.1000000000            0.0003964620
       -5.0900000000            0.0003970732
       -5.0800000000            0.0003976888
       -5.0700000000            0.0003983088
       -5.0600000000            0.0003989333
       -5.0500000000            0.0003995623
       -5.0400000000            0.0004001958
       -5.0300000000            0.0004008339
       -5.0200000000            0.0004014766
       -5.0100000000            0.0004021238
       -5.0000000000            0.0004027758
       -4.9900000000            0.0004034324
       -4.9800000000            0.0004040937
       -4.9700000000            0.0004047598
       -4.9600000000            0.0004054307
       -4.9500000000            0.0004061063
       -4.9400000000            0.0004067869
       -4.9300000000            0.0004074723
       -4.9200000000            0.0004081626
       -4.9100000000            0.0004088579
       -4.9000000000            0.0004095581
       -4.8900000000            0.0004102634
       -4.8800000000            0.0004109738
       -4.8700000000            0.0004116892
       -4.8600000000            0.0004124098
       -4.8500000000            0.0004131355
       -4.8400000000            0.0004138664
       -4.8300000000            0.0004146026
       -4.8200000000            0.0004153440
       -4.8100000000            0.0004160908
       -4.8000000000            0.0004168429
       -4.7900000000            0.0004176004
       -4.7800000000            0.0004183633
       -4.7700000000            0.0004191317
       -4.7600000000            0.0004199056
       -4.7500000000            0.0004206851
       -4.7400000000            0.0004214701
       -4.7300000000            0.0004222608
       -4.7200000000            0.0004230571
       -4.7100000000            0.0004238592
       -4.7000000000            0.0004246670
       -4.6900000000            0.0004254806
       -4.6800000000            0.0004263000
       -4.6700000000            0.0004271254
       -4.6600000000            0.0004279566
       -4.6500000000            0.0004287938
       -4.6400000000            0.0004296371
       -4.6300000000            0.0004304864
       -4.6200000000            0.0004313418
       -4.6100000000            0.0004322034
       -4.6000000000            0.0004330711
       -4.5900000000            0.0004339451
       -4.5800000000            0.0004348254
       -4.5700000000            0.0004357121
       -4.5600000000            0.0004366051
       -4.5500000000            0.0004375046
       -4.5400000000            0.0004384105
       -4.5300000000            0.0004393230
       -4.5200000000            0.0004402421
       -4.5100000000            0.0004411678
       -4.5000000000            0.0004421002
       -4.4900000000            0.0004430394
       -4.4800000000            0.0004439853
       -4.4700000000            0.0004449381
       -4.4600000000            0.0004458978
       -4.4500000000            0.0004468645
       -4.4400000000            0.0004478381
       -4.4300000000            0.0004488188
       -4.4200000000            0.0004498067
       -4.4100000000            0.0004508017
       -4.4000000000            0.0004518040
       -4.3900000000            0.0004528135
       -4.3800000000            0.0004538304
       -4.3700000000            0.0004548547
       -4.3600000000            0.0004558865
       -4.3500000000            0.0004569258
       -4.3400000000            0.0004579727
       -4.3300000000            0.0004590272
       -4.3200000000            0.0004600894
       -4.3100000000            0.0004611595
       -4.3000000000            0.0004622373
       -4.2900000000            0.0004633231
       -4.2800000000            0.0004644168
       -4.2700000000            0.0004655186
       -4.2600000000            0.0004666285
       -4.2500000000            0.0004677465
       -4.2400000000            0.0004688728
       -4.2300000000            0.0004700074
       -4.2200000000            0.0004711503
       -4.2100000000            0.0004723017
       -4.2000000000            0.0004734616
       -4.1900000000            0.0004746301
       -4.1800000000            0.0004758072
       -4.1700000000            0.0004769931
       -4.1600000000            0.0004781878
       -4.1500000000            0.0004793913
       -4.1400000000            0.0004806038
       -4.1300000000            0.0004818254
       -4.1200000000            0.0004830560
       -4.1100000000            0.0004842959
       -4.1000000000            0.0004855450
       -4.0900000000            0.0004868034
       -4.0800000000            0.0004880713
       -4.0700000000            0.0004893487
       -4.0600000000            0.0004906357
       -4.0500000000            0.0004919323
       -4.0400000000            0.0004932387
       -4.0300000000            0.0004945550
       -4.0200000000            0.0004958812
       -4.0100000000            0.0004972174
       -4.0000000000            0.0004985637
       -3.9900000000            0.0004999203
       -3.9800000000            0.0005012871
       -3.9700000000            0.0005026643
       -3.9600000000            0.0005040520
       -3.9500000000            0.0005054502
       -3.9400000000            0.0005068591
       -3.9300000000            0.0005082788
       -3.9200000000            0.0005097094
       -3.9100000000            0.0005111509
       -3.9000000000            0.0005126034
       -3.8900000000            0.0005140671
       -3.8800000000            0.0005155421
       -3.8700000000            0.0005170285
       -3.8600000000            0.0005185263
       -3.8500000000            0.0005200357
       -3.8400000000            0.0005215568
       -3.8300000000            0.0005230897
       -3.8200000000            0.0005246344
       -3.8100000000            0.0005261912
       -3.8000000000            0.0005277602
       -3.7900000000            0.0005293413
       -3.7800000000            0.0005309348
       -3.7700000000            0.0005325408
       -3.7600000000            0.0005341594
       -3.7500000000            0.0005357907
       -3.7400000000            0.0005374349
       -3.7300000000            0.0005390920
       -3.7200000000            0.0005407621
       -3.7100000000            0.0005424455
       -3.7000000000            0.0005441423
       -3.6900000000            0.0005458524
       -3.6800000000            0.0005475762
       -3.6700000000            0.0005493137
       -3.6600000000            0.0005510651
       -3.6500000000            0.0005528305
       -3.6400000000            0.0005546100
       -3.6300000000            0.0005564038
       -3.6200000000            0.0005582120
       -3.6100000000            0.0005600348
       -3.6000000000            0.0005618723
       -3.5900000000            0.0005637246
       -3.5800000000            0.0005655919
       -3.5700000000            0.0005674744
       -3.5600000000            0.0005693722
       -3.5500000000            0.0005712855
       -3.5400000000            0.0005732143
       -3.5300000000            0.0005751590
       -3.5200000000            0.0005771196
       -3.5100000000            0.0005790962
       -3.5000000000            0.0005810892
       -3.4900000000            0.0005830986
       -3.4800000000            0.0005851246
       -3.4700000000            0.0005871673
       -3.4600000000            0.0005892270
       -3.4500000000            0.0005913038
       -3.4400000000            0.0005933980
       -3.4300000000            0.0005955096
       -3.4200000000            0.0005976389
       -3.4100000000            0.0005997860
       -3.4000000000            0.0006019512
       -3.3900000000            0.0006041347
       -3.3800000000            0.0006063365
       -3.3700000000            0.0006085570
       -3.3600000000            0.0006107963
       -3.3500000000            0.0006130547
       -3.3400000000            0.0006153323
       -3.3300000000            0.0006176293
       -3.3200000000            0.0006199460
       -3.3100000000            0.0006222825
       -3.3000000000            0.0006246392
       -3.2900000000            0.0006270161
       -3.2800000000            0.0006294136
       -3.2700000000            0.0006318318
       -3.2600000000            0.0006342710
       -3.2500000000            0.0006367314
       -3.2400000000            0.0006392133
       -3.2300000000            0.0006417168
       -3.2200000000            0.0006442423
       -3.2100000000            0.0006467900
       -3.2000000000            0.0006493601
       -3.1900000000            0.0006519529
       -3.1800000000            0.0006545687
       -3.1700000000            0.0006572076
       -3.1600000000            0.0006598700
       -3.1500000000            0.0006625562
       -3.1400000000            0.0006652664
       -3.1300000000            0.0006680008
       -3.1200000000            0.0006707598
       -3.1100000000            0.0006735437
       -3.1000000000            0.0006763527
       -3.0900000000            0.0006791872
       -3.0800000000            0.0006820473
       -3.0700000000            0.0006849336
       -3.0600000000            0.0006878461
       -3.0500000000            0.0006907854
       -3.0400000000            0.0006937516
       -3.0300000000            0.0006967450
       -3.0200000000            0.0006997662
       -3.0100000000            0.0007028152
       -3.0000000000            0.0007058926
       -2.9900000000            0.0007089985
       -2.9800000000            0.0007121335
       -2.9700000000            0.0007152978
       -2.9600000000            0.0007184918
       -2.9500000000            0.0007217158
       -2.9400000000            0.0007249702
       -2.9300000000            0.0007282554
       -2.9200000000            0.0007315719
       -2.9100000000            0.0007349198
       -2.9000000000            0.0007382998
       -2.8900000000            0.0007417120
       -2.8800000000            0.0007451571
       -2.8700000000            0.0007486353
       -2.8600000000            0.0007521471
       -2.8500000000            0.0007556929
       -2.8400000000            0.0007592732
       -2.8300000000            0.0007628883
       -2.8200000000            0.0007665388
       -2.8100000000            0.0007702251
       -2.8000000000            0.0007739476
       -2.7900000000            0.0007777069
       -2.7800000000            0.0007815033
       -2.7700000000            0.0007853374
       -2.7600000000            0.0007892097
       -2.7500000000            0.0007931207
       -2.7400000000            0.0007970708
       -2.7300000000            0.0008010607
       -2.7200000000            0.0008050908
       -2.7100000000            0.0008091616
       -2.7000000000            0.0008132738
       -2.6900000000            0.0008174278
       -2.6800000000            0.0008216242
       -2.6700000000            0.0008258637
       -2.6600000000            0.0008301467
       -2.6500000000            0.0008344739
       -2.6400000000            0.0008388459
       -2.6300000000            0.0008432633
       -2.6200000000            0.0008477267
       -2.6100000000            0.0008522367
       -2.6000000000            0.0008567940
       -2.5900000000            0.0008613993
       -2.5800000000            0.0008660533
       -2.5700000000            0.0008707565
       -2.5600000000            0.0008755097
       -2.5500000000            0.0008803137
       -2.5400000000            0.0008851691
       -2.5300000000            0.0008900766
       -2.5200000000            0.0008950370
       -2.5100000000            0.0009000511
       -2.5000000000            0.0009051197
       -2.4900000000            0.0009102435
       -2.4800000000            0.0009154233
       -2.4700000000            0.0009206599
       -2.4600000000            0.0009259542
       -2.4500000000            0.0009313070
       -2.4400000000            0.0009367192
       -2.4300000000            0.0009421917
       -2.4200000000            0.0009477253
       -2.4100000000            0.0009533210
       -2.4000000000            0.0009589797
       -2.3900000000            0.0009647024
       -2.3800000000            0.0009704899
       -2.3700000000            0.0009763433
       -2.3600000000            0.0009822637
       -2.3500000000            0.0009882519
       -2.3400000000            0.0009943091
       -2.3300000000            0.0010004364
       -2.3200000000            0.0010066347
       -2.3100000000            0.0010129053
       -2.3000000000            0.0010192492
       -2.2900000000            0.0010256675
       -2.2800000000            0.0010321615
       -2.2700000000            0.0010387324
       -2.2600000000            0.0010453813
       -2.2500000000            0.0010521096
       -2.2400000000            0.0010589184
       -2.2300000000            0.0010658091
       -2.2200000000            0.0010727829
       -2.2100000000            0.0010798414
       -2.2000000000            0.0010869857
       -2.1900000000            0.0010942173
       -2.1800000000            0.0011015377
       -2.1700000000            0.0011089483
       -2.1600000000            0.0011164506
       -2.1500000000            0.0011240461
       -2.1400000000            0.0011317364
       -2.1300000000            0.0011395230
       -2.1200000000            0.0011474077
       -2.1100000000            0.0011553920
       -2.1000000000            0.0011634776
       -2.0900000000            0.0011716663
       -2.0800000000            0.0011799598
       -2.0700000000            0.0011883600
       -2.0600000000            0.0011968686
       -2.0500000000            0.0012054876
       -2.0400000000            0.0012142189
       -2.0300000000            0.0012230645
       -2.0200000000            0.0012320263
       -2.0100000000            0.0012411064
       -2.0000000000            0.0012503070
       -1.9900000000            0.0012596301
       -1.9800000000            0.0012690780
       -1.9700000000            0.0012786529
       -1.9600000000            0.0012883572
       -1.9500000000            0.0012981931
       -1.9400000000            0.0013081631
       -1.9300000000            0.0013182696
       -1.9200000000            0.0013285152
       -1.9100000000            0.0013389025
       -1.9000000000            0.0013494340
       -1.8900000000            0.0013601124
       -1.8800000000            0.0013709406
       -1.8700000000            0.0013819214
       -1.8600000000            0.0013930576
       -1.8500000000            0.0014043523
       -1.8400000000            0.0014158084
       -1.8300000000            0.0014274291
       -1.8200000000            0.0014392176
       -1.8100000000            0.0014511771
       -1.8000000000            0.0014633109
       -1.7900000000            0.0014756226
       -1.7800000000            0.0014881156
       -1.7700000000            0.0015007935
       -1.7600000000            0.0015136600
       -1.7500000000            0.0015267188
       -1.7400000000            0.0015399740
       -1.7300000000            0.0015534294
       -1.7200000000            0.0015670892
       -1.7100000000            0.0015809574
       -1.7000000000            0.0015950385
       -1.6900000000            0.0016093367
       -1.6800000000            0.0016238567
       -1.6700000000            0.0016386031
       -1.6600000000            0.0016535806
       -1.6500000000            0.0016687942
       -1.6400000000            0.0016842487
       -1.6300000000            0.0016999495
       -1.6200000000            0.0017159017
       -1.6100000000            0.0017321109
       -1.6000000000            0.0017485826
       -1.5900000000            0.0017653224
       -1.5800000000            0.0017823365
       -1.5700000000            0.0017996307
       -1.5600000000            0.0018172113
       -1.5500000000            0.0018350847
       -1.5400000000            0.0018532576
       -1.5300000000            0.0018717365
       -1.5200000000            0.0018905286
       -1.5100000000            0.0019096410
       -1.5000000000            0.0019290810
       -1.4900000000            0.0019488562
       -1.4800000000            0.0019689745
       -1.4700000000            0.0019894438
       -1.4600000000            0.0020102724
       -1.4500000000            0.0020314688
       -1.4400000000            0.0020530418
       -1.4300000000            0.0020750003
       -1.4200000000            0.0020973538
       -1.4100000000            0.0021201118
       -1.4000000000            0.0021432841
       -1.3900000000            0.0021668809
       -1.3800000000            0.0021909127
       -1.3700000000            0.0022153904
       -1.3600000000            0.0022403250
       -1.3500000000            0.0022657281
       -1.3400000000            0.0022916115
       -1.3300000000            0.0023179876
       -1.3200000000            0.0023448689
       -1.3100000000            0.0023722684
       -1.3000000000            0.0024001997
       -1.2900000000            0.0024286766
       -1.2800000000            0.0024577136
       -1.2700000000            0.0024873254
       -1.2600000000            0.0025175274
       -1.2500000000            0.0025483355
       -1.2400000000            0.0025797659
       -1.2300000000            0.0026118358
       -1.2200000000            0.0026445625
       -1.2100000000            0.0026779642
       -1.2000000000            0.0027120597
       -1.1900000000            0.0027468683
       -1.1800000000            0.0027824101
       -1.1700000000            0.0028187060
       -1.1600000000            0.0028557774
       -1.1500000000            0.0028936467
       -1.1400000000            0.0029323369
       -1.1300000000            0.0029718720
       -1.1200000000            0.0030122769
       -1.1100000000            0.0030535772
       -1.1000000000            0.0030957997
       -1.0900000000            0.0031389719
       -1.0800000000            0.0031831228
       -1.0700000000            0.0032282820
       -1.0600000000            0.0032744805
       -1.0500000000            0.0033217505
       -1.0400000000            0.0033701253
       -1.0300000000            0.0034196397
       -1.0200000000            0.0034703296
       -1.0100000000            0.0035222326
       -1.0000000000            0.0035753876
       -0.9900000000            0.0036298351
       -0.9800000000            0.0036856173
       -0.9700000000            0.0037427782
       -0.9600000000            0.0038013634
       -0.9500000000            0.0038614204
       -0.9400000000            0.0039229990
       -0.9300000000            0.0039861506
       -0.9200000000            0.0040509292
       -0.9100000000            0.0041173909
       -0.9000000000            0.0041855943
       -0.8900000000            0.0042556004
       -0.8800000000            0.0043274731
       -0.8700000000            0.0044012789
       -0.8600000000            0.0044770873
       -0.8500000000            0.0045549710
       -0.8400000000            0.0046350060
       -0.8300000000            0.0047172716
       -0.8200000000            0.0048018509
       -0.8100000000            0.0048888307
       -0.8000000000            0.0049783020
       -0.7900000000            0.0050703600
       -0.7800000000            0.0051651043
       -0.7700000000            0.0052626396
       -0.7600000000            0.0053630753
       -0.7500000000            0.0054665263
       -0.7400000000            0.0055731130
       -0.7300000000            0.0056829621
       -0.7200000000            0.0057962062
       -0.7100000000            0.0059129847
       -0.7000000000            0.0060334443
       -0.6900000000            0.0061577390
       -0.6800000000            0.0062860307
       -0.6700000000            0.0064184900
       -0.6600000000            0.0065552962
       -0.6500000000            0.0066966381
       -0.6400000000            0.0068427149
       -0.6300000000            0.0069937362
       -0.6200000000            0.0071499233
       -0.6100000000            0.0073115093
       -0.6000000000            0.0074787406
       -0.5900000000            0.0076518770
       -0.5800000000            0.0078311932
       -0.5700000000            0.0080169793
       -0.5600000000            0.0082095422
       -0.5500000000            0.0084092064
       -0.5400000000            0.0086163154
       -0.5300000000            0.0088312329
       -0.5200000000            0.0090543439
       -0.5100000000            0.0092860568
       -0.5000000000            0.0095268043
       -0.4900000000            0.0097770455
       -0.4800000000            0.0100372675
       -0.4700000000            0.0103079876
       -0.4600000000            0.0105897549
       -0.4500000000            0.0108831533
       -0.4400000000            0.0111888031
       -0.4300000000            0.0115073641
       -0.4200000000            0.0118395383
       -0.4100000000            0.0121860727
       -0.4000000000            0.0125477624
       -0.3900000000            0.0129254543
       -0.3800000000            0.0133200506
       -0.3700000000            0.0137325124
       -0.3600000000            0.0141638641
       -0.3500000000            0.0146151975
       -0.3400000000            0.0150876764
       -0.3300000000            0.0155825418
       -0.3200000000            0.0161011163
       -0.3100000000            0.0166448098
       -0.3000000000            0.0172151251
       -0.2900000000            0.0178136629
       -0.2800000000            0.0184421281
       -0.2700000000            0.0191023351
       -0.2600000000            0.0197962138
       -0.2500000000            0.0205258145
       -0.2400000000            0.0212933135
       -0.2300000000            0.0221010169
       -0.2200000000            0.0229513644
       -0.2100000000            0.0238469317
       -0.2000000000            0.0247904306
       -0.1900000000            0.0257847077
       -0.1800000000            0.0268327395
       -0.1700000000            0.0279376241
       -0.1600000000            0.0291025683
       -0.1500000000            0.0303308682
       -0.1400000000            0.0316258831
       -0.1300000000            0.0329909996
       -0.1200000000            0.0344295848
       -0.1100000000            0.0359449268
       -0.1000000000            0.0375401576
       -0.0900000000            0.0392181589
       -0.0800000000            0.0409814442
       -0.0700000000            0.0428320161
       -0.0600000000            0.0447711955
       -0.0500000000            0.0467994185
       -0.0400000000            0.0489160000
       -0.0300000000            0.0511188625
       -0.0200000000            0.0534042316
       -0.0100000000            0.0557663023
