  -20.0000000000    0.1342349994    0.0213954296
  -19.9900000000    0.1333115073    0.0211216435
  -19.9800000000    0.1323986402    0.0208546689
  -19.9700000000    0.1314961616    0.0205943334
  -19.9600000000    0.1306038403    0.0203404723
  -19.9500000000    0.1297214503    0.0200929281
  -19.9400000000    0.1288487704    0.0198515503
  -19.9300000000    0.1279855842    0.0196161954
  -19.9200000000    0.1271316799    0.0193867264
  -19.9100000000    0.1262868499    0.0191630126
  -19.9000000000    0.1254508911    0.0189449299
  -19.8900000000    0.1246236046    0.0187323599
  -19.8800000000    0.1238047951    0.0185251904
  -19.8700000000    0.1229942716    0.0183233149
  -19.8600000000    0.1221918463    0.0181266328
  -19.8500000000    0.1213973353    0.0179350488
  -19.8400000000    0.1206105581    0.0177484732
  -19.8300000000    0.1198313374    0.0175668219
  -19.8200000000    0.1190594992    0.0173900158
  -19.8100000000    0.1182948725    0.0172179814
  -19.8000000000    0.1175372892    0.0170506504
  -19.7900000000    0.1167865843    0.0168879595
  -19.7800000000    0.1160425953    0.0167298509
  -19.7700000000    0.1153051626    0.0165762718
  -19.7600000000    0.1145741289    0.0164271747
  -19.7500000000    0.1138493397    0.0162825175
  -19.7400000000    0.1131306427    0.0161422632
  -19.7300000000    0.1124178880    0.0160063802
  -19.7200000000    0.1117109279    0.0158748424
  -19.7100000000    0.1110096171    0.0157476291
  -19.7000000000    0.1103138123    0.0156247254
  -19.6900000000    0.1096233724    0.0155061221
  -19.6800000000    0.1089381582    0.0153918160
  -19.6700000000    0.1082580329    0.0152818097
  -19.6600000000    0.1075828615    0.0151761124
  -19.6500000000    0.1069125112    0.0150747396
  -19.6400000000    0.1062468511    0.0149777137
  -19.6300000000    0.1055857526    0.0148850639
  -19.6200000000    0.1049290892    0.0147968269
  -19.6100000000    0.1042767367    0.0147130467
  -19.6000000000    0.1036285731    0.0146337756
  -19.5900000000    0.1029844790    0.0145590740
  -19.5800000000    0.1023443375    0.0144890113
  -19.5700000000    0.1017080349    0.0144236658
  -19.5600000000    0.1010754600    0.0143631259
  -19.5500000000    0.1004465053    0.0143074900
  -19.5400000000    0.0998210670    0.0142568674
  -19.5300000000    0.0991990452    0.0142113789
  -19.5200000000    0.0985803445    0.0141711575
  -19.5100000000    0.0979648747    0.0141363491
  -19.5000000000    0.0973525512    0.0141071132
  -19.4900000000    0.0967432957    0.0140836238
  -19.4800000000    0.0961370374    0.0140660703
  -19.4700000000    0.0955337134    0.0140546586
  -19.4600000000    0.0949332703    0.0140496119
  -19.4500000000    0.0943356651    0.0140511718
  -19.4400000000    0.0937408671    0.0140595994
  -19.4300000000    0.0931488593    0.0140751766
  -19.4200000000    0.0925596401    0.0140982072
  -19.4100000000    0.0919732262    0.0141290182
  -19.4000000000    0.0913896546    0.0141679608
  -19.3900000000    0.0908089855    0.0142154122
  -19.3800000000    0.0902313061    0.0142717761
  -19.3700000000    0.0896567337    0.0143374843
  -19.3600000000    0.0890854207    0.0144129977
  -19.3500000000    0.0885175589    0.0144988071
  -19.3400000000    0.0879533852    0.0145954337
  -19.3300000000    0.0873931882    0.0147034296
  -19.3200000000    0.0868373148    0.0148233776
  -19.3100000000    0.0862861783    0.0149558906
  -19.3000000000    0.0857402673    0.0151016096
  -19.2900000000    0.0852001556    0.0152612021
  -19.2800000000    0.0846665132    0.0154353580
  -19.2700000000    0.0841401179    0.0156247845
  -19.2600000000    0.0836218691    0.0158301991
  -19.2500000000    0.0831128015    0.0160523207
  -19.2400000000    0.0826141002    0.0162918570
  -19.2300000000    0.0821271165    0.0165494897
  -19.2200000000    0.0816533840    0.0168258552
  -19.2100000000    0.0811946346    0.0171215202
  -19.2000000000    0.0807528131    0.0174369532
  -19.1900000000    0.0803300907    0.0177724888
  -19.1800000000    0.0799288750    0.0181282862
  -19.1700000000    0.0795518148    0.0185042797
  -19.1600000000    0.0792017988    0.0189001226
  -19.1500000000    0.0788819439    0.0193151226
  -19.1400000000    0.0785955722    0.0197481722
  -19.1300000000    0.0783461720    0.0201976720
  -19.1200000000    0.0781373393    0.0206614534
  -19.1100000000    0.0779726981    0.0211367012
  -19.1000000000    0.0778557945    0.0216198837
  -19.0900000000    0.0777899642    0.0221066968
  -19.0800000000    0.0777781733    0.0225920300
  -19.0700000000    0.0778228344    0.0230699652
  -19.0600000000    0.0779256042    0.0235338183
  -19.0500000000    0.0780871734    0.0239762325
  -19.0400000000    0.0783070619    0.0243893320
  -19.0300000000    0.0785834385    0.0247649381
  -19.0200000000    0.0789129853    0.0250948461
  -19.0100000000    0.0792908289    0.0253711516
  -19.0000000000    0.0797105557    0.0255866088
  -18.9900000000    0.0801643254    0.0257349943
  -18.9800000000    0.0806430858    0.0258114449
  -18.9700000000    0.0811368806    0.0258127387
  -18.9600000000    0.0816352313    0.0257374880
  -18.9500000000    0.0821275636    0.0255862245
  -18.9400000000    0.0826036415    0.0253613661
  -18.9300000000    0.0830539735    0.0250670697
  -18.9200000000    0.0834701565    0.0247089862
  -18.9100000000    0.0838451334    0.0242939438
  -18.9000000000    0.0841733523    0.0238295909
  -18.8900000000    0.0844508242    0.0233240319
  -18.8800000000    0.0846750890    0.0227854832
  -18.8700000000    0.0848451073    0.0222219725
  -18.8600000000    0.0849610966    0.0216410947
  -18.8500000000    0.0850243346    0.0210498301
  -18.8400000000    0.0850369490    0.0204544253
  -18.8300000000    0.0850017099    0.0198603293
  -18.8200000000    0.0849218363    0.0192721779
  -18.8100000000    0.0848008251    0.0186938137
  -18.8000000000    0.0846423061    0.0181283342
  -18.7900000000    0.0844499249    0.0175781570
  -18.7800000000    0.0842272514    0.0170450942
  -18.7700000000    0.0839777121    0.0165304310
  -18.7600000000    0.0837045434    0.0160350033
  -18.7500000000    0.0834107617    0.0155592707
  -18.7400000000    0.0830991470    0.0151033840
  -18.7300000000    0.0827722378    0.0146672446
  -18.7200000000    0.0824323335    0.0142505578
  -18.7100000000    0.0820815022    0.0138528770
  -18.7000000000    0.0817215932    0.0134736427
  -18.6900000000    0.0813542515    0.0131122136
  -18.6800000000    0.0809809328    0.0127678933
  -18.6700000000    0.0806029205    0.0124399511
  -18.6600000000    0.0802213412    0.0121276390
  -18.6500000000    0.0798371805    0.0118302053
  -18.6400000000    0.0794512974    0.0115469049
  -18.6300000000    0.0790644380    0.0112770071
  -18.6200000000    0.0786772483    0.0110198014
  -18.6100000000    0.0782902853    0.0107746018
  -18.6000000000    0.0779040278    0.0105407499
  -18.5900000000    0.0775188853    0.0103176161
  -18.5800000000    0.0771352068    0.0101046012
  -18.5700000000    0.0767532882    0.0099011365
  -18.5600000000    0.0763733785    0.0097066834
  -18.5500000000    0.0759956864    0.0095207332
  -18.5400000000    0.0756203848    0.0093428061
  -18.5300000000    0.0752476159    0.0091724504
  -18.5200000000    0.0748774947    0.0090092410
  -18.5100000000    0.0745101132    0.0088527785
  -18.5000000000    0.0741455430    0.0087026878
  -18.4900000000    0.0737838382    0.0085586167
  -18.4800000000    0.0734250377    0.0084202348
  -18.4700000000    0.0730691674    0.0082872324
  -18.4600000000    0.0727162420    0.0081593186
  -18.4500000000    0.0723662666    0.0080362210
  -18.4400000000    0.0720192380    0.0079176838
  -18.4300000000    0.0716751460    0.0078034675
  -18.4200000000    0.0713339745    0.0076933470
  -18.4100000000    0.0709957023    0.0075871113
  -18.4000000000    0.0706603039    0.0074845625
  -18.3900000000    0.0703277504    0.0073855145
  -18.3800000000    0.0699980100    0.0072897929
  -18.3700000000    0.0696710483    0.0071972337
  -18.3600000000    0.0693468291    0.0071076827
  -18.3500000000    0.0690253148    0.0070209951
  -18.3400000000    0.0687064662    0.0069370346
  -18.3300000000    0.0683902437    0.0068556729
  -18.3200000000    0.0680766067    0.0067767894
  -18.3100000000    0.0677655142    0.0067002703
  -18.3000000000    0.0674569252    0.0066260087
  -18.2900000000    0.0671507984    0.0065539033
  -18.2800000000    0.0668470926    0.0064838591
  -18.2700000000    0.0665457669    0.0064157861
  -18.2600000000    0.0662467806    0.0063495995
  -18.2500000000    0.0659500934    0.0062852192
  -18.2400000000    0.0656556653    0.0062225692
  -18.2300000000    0.0653634571    0.0061615781
  -18.2200000000    0.0650734299    0.0061021781
  -18.2100000000    0.0647855454    0.0060443050
  -18.2000000000    0.0644997660    0.0059878981
  -18.1900000000    0.0642160546    0.0059328998
  -18.1800000000    0.0639343750    0.0058792557
  -18.1700000000    0.0636546915    0.0058269139
  -18.1600000000    0.0633769690    0.0057758254
  -18.1500000000    0.0631011733    0.0057259436
  -18.1400000000    0.0628272706    0.0056772243
  -18.1300000000    0.0625552282    0.0056296253
  -18.1200000000    0.0622850136    0.0055831068
  -18.1100000000    0.0620165954    0.0055376307
  -18.1000000000    0.0617499425    0.0054931608
  -18.0900000000    0.0614850248    0.0054496628
  -18.0800000000    0.0612218125    0.0054071038
  -18.0700000000    0.0609602768    0.0053654526
  -18.0600000000    0.0607003892    0.0053246794
  -18.0500000000    0.0604421221    0.0052847558
  -18.0400000000    0.0601854482    0.0052456547
  -18.0300000000    0.0599303411    0.0052073503
  -18.0200000000    0.0596767747    0.0051698180
  -18.0100000000    0.0594247237    0.0051330340
  -18.0000000000    0.0591741631    0.0050969760
  -17.9900000000    0.0589250687    0.0050616223
  -17.9800000000    0.0586774166    0.0050269525
  -17.9700000000    0.0584311836    0.0049929468
  -17.9600000000    0.0581863468    0.0049595863
  -17.9500000000    0.0579428839    0.0049268532
  -17.9400000000    0.0577007731    0.0048947300
  -17.9300000000    0.0574599929    0.0048632002
  -17.9200000000    0.0572205223    0.0048322481
  -17.9100000000    0.0569823409    0.0048018585
  -17.9000000000    0.0567454285    0.0047720167
  -17.8900000000    0.0565097655    0.0047427089
  -17.8800000000    0.0562753324    0.0047139216
  -17.8700000000    0.0560421103    0.0046856421
  -17.8600000000    0.0558100808    0.0046578579
  -17.8500000000    0.0555792255    0.0046305574
  -17.8400000000    0.0553495266    0.0046037290
  -17.8300000000    0.0551209666    0.0045773620
  -17.8200000000    0.0548935283    0.0045514458
  -17.8100000000    0.0546671948    0.0045259705
  -17.8000000000    0.0544419496    0.0045009263
  -17.7900000000    0.0542177764    0.0044763039
  -17.7800000000    0.0539946592    0.0044520945
  -17.7700000000    0.0537725824    0.0044282894
  -17.7600000000    0.0535515304    0.0044048805
  -17.7500000000    0.0533314881    0.0043818598
  -17.7400000000    0.0531124407    0.0043592197
  -17.7300000000    0.0528943735    0.0043369529
  -17.7200000000    0.0526772721    0.0043150523
  -17.7100000000    0.0524611222    0.0042935112
  -17.7000000000    0.0522459099    0.0042723231
  -17.6900000000    0.0520316215    0.0042514818
  -17.6800000000    0.0518182435    0.0042309812
  -17.6700000000    0.0516057625    0.0042108156
  -17.6600000000    0.0513941654    0.0041909794
  -17.6500000000    0.0511834393    0.0041714673
  -17.6400000000    0.0509735713    0.0041522742
  -17.6300000000    0.0507645490    0.0041333952
  -17.6200000000    0.0505563599    0.0041148257
  -17.6100000000    0.0503489918    0.0040965609
  -17.6000000000    0.0501424326    0.0040785968
  -17.5900000000    0.0499366704    0.0040609290
  -17.5800000000    0.0497316934    0.0040435536
  -17.5700000000    0.0495274900    0.0040264669
  -17.5600000000    0.0493240486    0.0040096651
  -17.5500000000    0.0491213581    0.0039931447
  -17.5400000000    0.0489194070    0.0039769026
  -17.5300000000    0.0487181844    0.0039609354
  -17.5200000000    0.0485176792    0.0039452403
  -17.5100000000    0.0483178805    0.0039298142
  -17.5000000000    0.0481187777    0.0039146544
  -17.4900000000    0.0479203600    0.0038997585
  -17.4800000000    0.0477226168    0.0038851238
  -17.4700000000    0.0475255379    0.0038707481
  -17.4600000000    0.0473291126    0.0038566292
  -17.4500000000    0.0471333309    0.0038427651
  -17.4400000000    0.0469381825    0.0038291537
  -17.4300000000    0.0467436572    0.0038157933
  -17.4200000000    0.0465497451    0.0038026821
  -17.4100000000    0.0463564361    0.0037898187
  -17.4000000000    0.0461637204    0.0037772016
  -17.3900000000    0.0459715881    0.0037648294
  -17.3800000000    0.0457800295    0.0037527010
  -17.3700000000    0.0455890348    0.0037408153
  -17.3600000000    0.0453985943    0.0037291712
  -17.3500000000    0.0452086984    0.0037177679
  -17.3400000000    0.0450193376    0.0037066048
  -17.3300000000    0.0448305023    0.0036956811
  -17.3200000000    0.0446421829    0.0036849963
  -17.3100000000    0.0444543701    0.0036745501
  -17.3000000000    0.0442670544    0.0036643423
  -17.2900000000    0.0440802263    0.0036543725
  -17.2800000000    0.0438938764    0.0036446408
  -17.2700000000    0.0437079955    0.0036351473
  -17.2600000000    0.0435225740    0.0036258921
  -17.2500000000    0.0433376027    0.0036168755
  -17.2400000000    0.0431530722    0.0036080981
  -17.2300000000    0.0429689731    0.0035995602
  -17.2200000000    0.0427852962    0.0035912627
  -17.2100000000    0.0426020320    0.0035832062
  -17.2000000000    0.0424191712    0.0035753918
  -17.1900000000    0.0422367044    0.0035678205
  -17.1800000000    0.0420546222    0.0035604934
  -17.1700000000    0.0418729153    0.0035534118
  -17.1600000000    0.0416915741    0.0035465773
  -17.1500000000    0.0415105892    0.0035399913
  -17.1400000000    0.0413299512    0.0035336557
  -17.1300000000    0.0411496504    0.0035275723
  -17.1200000000    0.0409696774    0.0035217430
  -17.1100000000    0.0407900224    0.0035161701
  -17.1000000000    0.0406106759    0.0035108559
  -17.0900000000    0.0404316281    0.0035058028
  -17.0800000000    0.0402528692    0.0035010135
  -17.0700000000    0.0400743893    0.0034964908
  -17.0600000000    0.0398961786    0.0034922377
  -17.0500000000    0.0397182272    0.0034882572
  -17.0400000000    0.0395405248    0.0034845528
  -17.0300000000    0.0393630615    0.0034811279
  -17.0200000000    0.0391858269    0.0034779863
  -17.0100000000    0.0390088108    0.0034751319
  -17.0000000000    0.0388320028    0.0034725688
  -16.9900000000    0.0386553923    0.0034703012
  -16.9800000000    0.0384789687    0.0034683339
  -16.9700000000    0.0383027213    0.0034666714
  -16.9600000000    0.0381266393    0.0034653189
  -16.9500000000    0.0379507116    0.0034642816
  -16.9400000000    0.0377749273    0.0034635650
  -16.9300000000    0.0375992750    0.0034631748
  -16.9200000000    0.0374237434    0.0034631172
  -16.9100000000    0.0372483210    0.0034633985
  -16.9000000000    0.0370729961    0.0034640252
  -16.8900000000    0.0368977569    0.0034650043
  -16.8800000000    0.0367225914    0.0034663430
  -16.8700000000    0.0365474874    0.0034680491
  -16.8600000000    0.0363724326    0.0034701302
  -16.8500000000    0.0361974144    0.0034725949
  -16.8400000000    0.0360224203    0.0034754517
  -16.8300000000    0.0358474371    0.0034787097
  -16.8200000000    0.0356724519    0.0034823784
  -16.8100000000    0.0354974512    0.0034864677
  -16.8000000000    0.0353224215    0.0034909879
  -16.7900000000    0.0351473490    0.0034959499
  -16.7800000000    0.0349722198    0.0035013649
  -16.7700000000    0.0347970194    0.0035072449
  -16.7600000000    0.0346217335    0.0035136022
  -16.7500000000    0.0344463472    0.0035204496
  -16.7400000000    0.0342708454    0.0035278008
  -16.7300000000    0.0340952129    0.0035356698
  -16.7200000000    0.0339194339    0.0035440715
  -16.7100000000    0.0337434927    0.0035530213
  -16.7000000000    0.0335673730    0.0035625354
  -16.6900000000    0.0333910582    0.0035726307
  -16.6800000000    0.0332145315    0.0035833250
  -16.6700000000    0.0330377758    0.0035946367
  -16.6600000000    0.0328607736    0.0036065853
  -16.6500000000    0.0326835069    0.0036191912
  -16.6400000000    0.0325059576    0.0036324756
  -16.6300000000    0.0323281072    0.0036464608
  -16.6200000000    0.0321499367    0.0036611702
  -16.6100000000    0.0319714268    0.0036766283
  -16.6000000000    0.0317925578    0.0036928608
  -16.5900000000    0.0316133097    0.0037098946
  -16.5800000000    0.0314336621    0.0037277581
  -16.5700000000    0.0312535940    0.0037464807
  -16.5600000000    0.0310730843    0.0037660936
  -16.5500000000    0.0308921114    0.0037866296
  -16.5400000000    0.0307106531    0.0038081229
  -16.5300000000    0.0305286871    0.0038306095
  -16.5200000000    0.0303461905    0.0038541273
  -16.5100000000    0.0301631401    0.0038787161
  -16.5000000000    0.0299795124    0.0039044178
  -16.4900000000    0.0297952834    0.0039312763
  -16.4800000000    0.0296104287    0.0039593381
  -16.4700000000    0.0294249237    0.0039886518
  -16.4600000000    0.0292387435    0.0040192688
  -16.4500000000    0.0290518626    0.0040512432
  -16.4400000000    0.0288642556    0.0040846320
  -16.4300000000    0.0286758968    0.0041194951
  -16.4200000000    0.0284867601    0.0041558960
  -16.4100000000    0.0282968194    0.0041939013
  -16.4000000000    0.0281060486    0.0042335816
  -16.3900000000    0.0279144215    0.0042750112
  -16.3800000000    0.0277219120    0.0043182688
  -16.3700000000    0.0275284941    0.0043634371
  -16.3600000000    0.0273341423    0.0044106040
  -16.3500000000    0.0271388311    0.0044598620
  -16.3400000000    0.0269425359    0.0045113091
  -16.3300000000    0.0267452325    0.0045650490
  -16.3200000000    0.0265468979    0.0046211912
  -16.3100000000    0.0263475099    0.0046798518
  -16.3000000000    0.0261470477    0.0047411537
  -16.2900000000    0.0259454923    0.0048052270
  -16.2800000000    0.0257428262    0.0048722095
  -16.2700000000    0.0255390345    0.0049422472
  -16.2600000000    0.0253341048    0.0050154950
  -16.2500000000    0.0251280279    0.0050921168
  -16.2400000000    0.0249207980    0.0051722867
  -16.2300000000    0.0247124138    0.0052561891
  -16.2200000000    0.0245028785    0.0053440198
  -16.2100000000    0.0242922013    0.0054359861
  -16.2000000000    0.0240803975    0.0055323083
  -16.1900000000    0.0238674900    0.0056332198
  -16.1800000000    0.0236535100    0.0057389681
  -16.1700000000    0.0234384985    0.0058498159
  -16.1600000000    0.0232225075    0.0059660414
  -16.1500000000    0.0230056017    0.0060879397
  -16.1400000000    0.0227878600    0.0062158232
  -16.1300000000    0.0225693779    0.0063500228
  -16.1200000000    0.0223502691    0.0064908886
  -16.1100000000    0.0221306687    0.0066387906
  -16.1000000000    0.0219107353    0.0067941197
  -16.0900000000    0.0216906549    0.0069572880
  -16.0800000000    0.0214706437    0.0071287298
  -16.0700000000    0.0212509526    0.0073089014
  -16.0600000000    0.0210318714    0.0074982819
  -16.0500000000    0.0208137336    0.0076973724
  -16.0400000000    0.0205969220    0.0079066958
  -16.0300000000    0.0203818750    0.0081267960
  -16.0200000000    0.0201690927    0.0083582357
  -16.0100000000    0.0199591447    0.0086015949
  -16.0000000000    0.0197526778    0.0088574671
  -15.9900000000    0.0195504249    0.0091264555
  -15.9800000000    0.0193532142    0.0094091670
  -15.9700000000    0.0191619791    0.0097062054
  -15.9600000000    0.0189777688    0.0100181625
  -15.9500000000    0.0188017590    0.0103456069
  -15.9400000000    0.0186352627    0.0106890701
  -15.9300000000    0.0184797414    0.0110490303
  -15.9200000000    0.0183368152    0.0114258926
  -15.9100000000    0.0182082716    0.0118199650
  -15.9000000000    0.0180960733    0.0122314309
  -15.8900000000    0.0180023622    0.0126603172
  -15.8800000000    0.0179294608    0.0131064573
  -15.8700000000    0.0178798671    0.0135694499
  -15.8600000000    0.0178562441    0.0140486131
  -15.8500000000    0.0178613996    0.0145429350
  -15.8400000000    0.0178982570    0.0150510210
  -15.8300000000    0.0179698128    0.0155710404
  -15.8200000000    0.0180790800    0.0161006742
  -15.8100000000    0.0182290165    0.0166370668
  -15.8000000000    0.0184224359    0.0171767868
  -15.7900000000    0.0186619017    0.0177157999
  -15.7800000000    0.0189496054    0.0182494619
  -15.7700000000    0.0192872323    0.0187725350
  -15.7600000000    0.0196758184    0.0192792347
  -15.7500000000    0.0201156062    0.0197633127
  -15.7400000000    0.0206059090    0.0202181776
  -15.7300000000    0.0211449936    0.0206370550
  -15.7200000000    0.0217299949    0.0210131851
  -15.7100000000    0.0223568730    0.0213400496
  -15.7000000000    0.0230204242    0.0216116183
  -15.6900000000    0.0237143539    0.0218225999
  -15.6800000000    0.0244314120    0.0219686793
  -15.6700000000    0.0251635893    0.0220467238
  -15.6600000000    0.0259023652    0.0220549385
  -15.6500000000    0.0266389907    0.0219929595
  -15.6400000000    0.0273647883    0.0218618739
  -15.6300000000    0.0280714470    0.0216641655
  -15.6200000000    0.0287512919    0.0214035920
  -15.6100000000    0.0293975101    0.0210850034
  -15.6000000000    0.0300043207    0.0207141185
  -15.5900000000    0.0305670817    0.0202972783
  -15.5800000000    0.0310823342    0.0198411938
  -15.5700000000    0.0315477864    0.0193527052
  -15.5600000000    0.0319622501    0.0188385664
  -15.5500000000    0.0323255370    0.0183052631
  -15.5400000000    0.0326383307    0.0177588694
  -15.5300000000    0.0329020444    0.0172049449
  -15.5200000000    0.0331186744    0.0166484688
  -15.5100000000    0.0332906593    0.0160938079
  -15.5000000000    0.0334207494    0.0155447120
  -15.4900000000    0.0335118914    0.0150043324
  -15.4800000000    0.0335671288    0.0144752554
  -15.4700000000    0.0335895210    0.0139595478
  -15.4600000000    0.0335820778    0.0134588078
  -15.4500000000    0.0335477100    0.0129742196
  -15.4400000000    0.0334891927    0.0125066074
  -15.4300000000    0.0334091412    0.0120564873
  -15.4200000000    0.0333099955    0.0116241162
  -15.4100000000    0.0331940126    0.0112095361
  -15.4000000000    0.0330632656    0.0108126134
  -15.3900000000    0.0329196461    0.0104330744
  -15.3800000000    0.0327648712    0.0100705352
  -15.3700000000    0.0326004915    0.0097245279
  -15.3600000000    0.0324279014    0.0093945221
  -15.3500000000    0.0322483502    0.0090799440
  -15.3400000000    0.0320629532    0.0087801910
  -15.3300000000    0.0318727026    0.0084946441
  -15.3200000000    0.0316784791    0.0082226784
  -15.3100000000    0.0314810617    0.0079636708
  -15.3000000000    0.0312811377    0.0077170062
  -15.2900000000    0.0310793123    0.0074820825
  -15.2800000000    0.0308761164    0.0072583143
  -15.2700000000    0.0306720151    0.0070451354
  -15.2600000000    0.0304674143    0.0068420006
  -15.2500000000    0.0302626676    0.0066483874
  -15.2400000000    0.0300580815    0.0064637958
  -15.2300000000    0.0298539215    0.0062877495
  -15.2200000000    0.0296504161    0.0061197953
  -15.2100000000    0.0294477615    0.0059595027
  -15.2000000000    0.0292461251    0.0058064637
  -15.1900000000    0.0290456489    0.0056602922
  -15.1800000000    0.0288464528    0.0055206227
  -15.1700000000    0.0286486369    0.0053871102
  -15.1600000000    0.0284522841    0.0052594288
  -15.1500000000    0.0282574620    0.0051372709
  -15.1400000000    0.0280642250    0.0050203466
  -15.1300000000    0.0278726159    0.0049083823
  -15.1200000000    0.0276826672    0.0048011205
  -15.1100000000    0.0274944027    0.0046983181
  -15.1000000000    0.0273078383    0.0045997464
  -15.0900000000    0.0271229832    0.0045051897
  -15.0800000000    0.0269398408    0.0044144447
  -15.0700000000    0.0267584095    0.0043273201
  -15.0600000000    0.0265786832    0.0042436353
  -15.0500000000    0.0264006522    0.0041632204
  -15.0400000000    0.0262243036    0.0040859149
  -15.0300000000    0.0260496218    0.0040115678
  -15.0200000000    0.0258765888    0.0039400365
  -15.0100000000    0.0257051847    0.0038711865
  -15.0000000000    0.0255353882    0.0038048909
  -14.9900000000    0.0253671763    0.0037410300
  -14.9800000000    0.0252005253    0.0036794907
  -14.9700000000    0.0250354105    0.0036201664
  -14.9600000000    0.0248718064    0.0035629561
  -14.9500000000    0.0247096873    0.0035077646
  -14.9400000000    0.0245490270    0.0034545018
  -14.9300000000    0.0243897989    0.0034030826
  -14.9200000000    0.0242319767    0.0033534265
  -14.9100000000    0.0240755338    0.0033054572
  -14.9000000000    0.0239204436    0.0032591027
  -14.8900000000    0.0237666799    0.0032142948
  -14.8800000000    0.0236142166    0.0031709688
  -14.8700000000    0.0234630277    0.0031290636
  -14.8600000000    0.0233130877    0.0030885212
  -14.8500000000    0.0231643713    0.0030492866
  -14.8400000000    0.0230168537    0.0030113079
  -14.8300000000    0.0228705104    0.0029745355
  -14.8200000000    0.0227253172    0.0029389228
  -14.8100000000    0.0225812507    0.0029044254
  -14.8000000000    0.0224382875    0.0028710011
  -14.7900000000    0.0222964050    0.0028386100
  -14.7800000000    0.0221555808    0.0028072142
  -14.7700000000    0.0220157932    0.0027767779
  -14.7600000000    0.0218770208    0.0027472667
  -14.7500000000    0.0217392427    0.0027186485
  -14.7400000000    0.0216024387    0.0026908925
  -14.7300000000    0.0214665887    0.0026639695
  -14.7200000000    0.0213316733    0.0026378519
  -14.7100000000    0.0211976737    0.0026125135
  -14.7000000000    0.0210645712    0.0025879295
  -14.6900000000    0.0209323479    0.0025640762
  -14.6800000000    0.0208009862    0.0025409314
  -14.6700000000    0.0206704690    0.0025184739
  -14.6600000000    0.0205407796    0.0024966837
  -14.6500000000    0.0204119020    0.0024755419
  -14.6400000000    0.0202838203    0.0024550306
  -14.6300000000    0.0201565192    0.0024351328
  -14.6200000000    0.0200299839    0.0024158327
  -14.6100000000    0.0199041999    0.0023971153
  -14.6000000000    0.0197791534    0.0023789664
  -14.5900000000    0.0196548307    0.0023613728
  -14.5800000000    0.0195312188    0.0023443220
  -14.5700000000    0.0194083051    0.0023278024
  -14.5600000000    0.0192860772    0.0023118032
  -14.5500000000    0.0191645235    0.0022963143
  -14.5400000000    0.0190436327    0.0022813264
  -14.5300000000    0.0189233938    0.0022668308
  -14.5200000000    0.0188037966    0.0022528197
  -14.5100000000    0.0186848310    0.0022392857
  -14.5000000000    0.0185664877    0.0022262224
  -14.4900000000    0.0184487577    0.0022136238
  -14.4800000000    0.0183316325    0.0022014848
  -14.4700000000    0.0182151044    0.0021898006
  -14.4600000000    0.0180991659    0.0021785674
  -14.4500000000    0.0179838102    0.0021677818
  -14.4400000000    0.0178690313    0.0021574410
  -14.4300000000    0.0177548235    0.0021475428
  -14.4200000000    0.0176411819    0.0021380857
  -14.4100000000    0.0175281024    0.0021290687
  -14.4000000000    0.0174155816    0.0021204914
  -14.3900000000    0.0173036168    0.0021123538
  -14.3800000000    0.0171922061    0.0021046566
  -14.3700000000    0.0170813487    0.0020974009
  -14.3600000000    0.0169710446    0.0020905883
  -14.3500000000    0.0168612947    0.0020842210
  -14.3400000000    0.0167521014    0.0020783015
  -14.3300000000    0.0166434679    0.0020728325
  -14.3200000000    0.0165353988    0.0020678174
  -14.3100000000    0.0164279000    0.0020632596
  -14.3000000000    0.0163209790    0.0020591628
  -14.2900000000    0.0162146447    0.0020555309
  -14.2800000000    0.0161089077    0.0020523675
  -14.2700000000    0.0160037805    0.0020496766
  -14.2600000000    0.0158992774    0.0020474615
  -14.2500000000    0.0157954148    0.0020457253
  -14.2400000000    0.0156922111    0.0020444705
  -14.2300000000    0.0155896873    0.0020436989
  -14.2200000000    0.0154878665    0.0020434111
  -14.2100000000    0.0153867743    0.0020436063
  -14.2000000000    0.0152864390    0.0020442821
  -14.1900000000    0.0151868917    0.0020454341
  -14.1800000000    0.0150881657    0.0020470553
  -14.1700000000    0.0149902975    0.0020491358
  -14.1600000000    0.0148933259    0.0020516623
  -14.1500000000    0.0147972923    0.0020546173
  -14.1400000000    0.0147022403    0.0020579787
  -14.1300000000    0.0146082154    0.0020617192
  -14.1200000000    0.0145152649    0.0020658053
  -14.1100000000    0.0144234368    0.0020701970
  -14.1000000000    0.0143327794    0.0020748468
  -14.0900000000    0.0142433405    0.0020796992
  -14.0800000000    0.0141551660    0.0020846900
  -14.0700000000    0.0140682990    0.0020897460
  -14.0600000000    0.0139827780    0.0020947847
  -14.0500000000    0.0138986353    0.0020997137
  -14.0400000000    0.0138158956    0.0021044316
  -14.0300000000    0.0137345734    0.0021088280
  -14.0200000000    0.0136546716    0.0021127844
  -14.0100000000    0.0135761789    0.0021161759
  -14.0000000000    0.0134990685    0.0021188726
  -13.9900000000    0.0134232960    0.0021207419
  -13.9800000000    0.0133487984    0.0021216515
  -13.9700000000    0.0132754928    0.0021214726
  -13.9600000000    0.0132032769    0.0021200830
  -13.9500000000    0.0131320286    0.0021173711
  -13.9400000000    0.0130616082    0.0021132393
  -13.9300000000    0.0129918598    0.0021076082
  -13.9200000000    0.0129226144    0.0021004187
  -13.9100000000    0.0128536938    0.0020916355
  -13.9000000000    0.0127849144    0.0020812485
  -13.8900000000    0.0127160919    0.0020692734
  -13.8800000000    0.0126470459    0.0020557521
  -13.8700000000    0.0125776048    0.0020407513
  -13.8600000000    0.0125076095    0.0020243604
  -13.8500000000    0.0124369172    0.0020066887
  -13.8400000000    0.0123654047    0.0019878620
  -13.8300000000    0.0122929697    0.0019680184
  -13.8200000000    0.0122195326    0.0019473045
  -13.8100000000    0.0121450361    0.0019258710
  -13.8000000000    0.0120694453    0.0019038689
  -13.7900000000    0.0119927457    0.0018814461
  -13.7800000000    0.0119149422    0.0018587446
  -13.7700000000    0.0118360562    0.0018358977
  -13.7600000000    0.0117561235    0.0018130281
  -13.7500000000    0.0116751918    0.0017902472
  -13.7400000000    0.0115933181    0.0017676540
  -13.7300000000    0.0115105661    0.0017453348
  -13.7200000000    0.0114270047    0.0017233633
  -13.7100000000    0.0113427050    0.0017018016
  -13.7000000000    0.0112577398    0.0016807000
  -13.6900000000    0.0111721812    0.0016600985
  -13.6800000000    0.0110861000    0.0016400278
  -13.6700000000    0.0109995646    0.0016205098
  -13.6600000000    0.0109126402    0.0016015588
  -13.6500000000    0.0108253888    0.0015831830
  -13.6400000000    0.0107378681    0.0015653846
  -13.6300000000    0.0106501322    0.0015481613
  -13.6200000000    0.0105622309    0.0015315067
  -13.6100000000    0.0104742097    0.0015154114
  -13.6000000000    0.0103861106    0.0014998633
  -13.5900000000    0.0102979713    0.0014848483
  -13.5800000000    0.0102098262    0.0014703508
  -13.5700000000    0.0101217060    0.0014563541
  -13.5600000000    0.0100336383    0.0014428406
  -13.5500000000    0.0099456478    0.0014297925
  -13.5400000000    0.0098577563    0.0014171916
  -13.5300000000    0.0097699830    0.0014050197
  -13.5200000000    0.0096823451    0.0013932588
  -13.5100000000    0.0095948575    0.0013818911
  -13.5000000000    0.0095075330    0.0013708994
  -13.4900000000    0.0094203831    0.0013602667
  -13.4800000000    0.0093334173    0.0013499767
  -13.4700000000    0.0092466441    0.0013400137
  -13.4600000000    0.0091600704    0.0013303624
  -13.4500000000    0.0090737023    0.0013210083
  -13.4400000000    0.0089875446    0.0013119374
  -13.4300000000    0.0089016014    0.0013031364
  -13.4200000000    0.0088158760    0.0012945927
  -13.4100000000    0.0087303709    0.0012862940
  -13.4000000000    0.0086450881    0.0012782290
  -13.3900000000    0.0085600244    0.0012703824
  -13.3800000000    0.0084751942    0.0012627563
  -13.3700000000    0.0083905844    0.0012553286
  -13.3600000000    0.0083061998    0.0012480938
  -13.3500000000    0.0082220401    0.0012410433
  -13.3400000000    0.0081381047    0.0012341684
  -13.3300000000    0.0080543929    0.0012274614
  -13.3200000000    0.0079709037    0.0012209147
  -13.3100000000    0.0078876359    0.0012145211
  -13.3000000000    0.0078045883    0.0012082738
  -13.2900000000    0.0077217593    0.0012021666
  -13.2800000000    0.0076391474    0.0011961933
  -13.2700000000    0.0075567509    0.0011903481
  -13.2600000000    0.0074745681    0.0011846257
  -13.2500000000    0.0073925971    0.0011790209
  -13.2400000000    0.0073108361    0.0011735288
  -13.2300000000    0.0072292831    0.0011681448
  -13.2200000000    0.0071479362    0.0011628645
  -13.2100000000    0.0070667935    0.0011576838
  -13.2000000000    0.0069858529    0.0011525987
  -13.1900000000    0.0069051124    0.0011476055
  -13.1800000000    0.0068245700    0.0011427006
  -13.1700000000    0.0067442238    0.0011378806
  -13.1600000000    0.0066640717    0.0011331425
  -13.1500000000    0.0065841117    0.0011284830
  -13.1400000000    0.0065043419    0.0011238994
  -13.1300000000    0.0064247603    0.0011193889
  -13.1200000000    0.0063453649    0.0011149489
  -13.1100000000    0.0062661538    0.0011105769
  -13.1000000000    0.0061871251    0.0011062705
  -13.0900000000    0.0061082770    0.0011020275
  -13.0800000000    0.0060296075    0.0010978457
  -13.0700000000    0.0059511148    0.0010937231
  -13.0600000000    0.0058727972    0.0010896578
  -13.0500000000    0.0057946528    0.0010856478
  -13.0400000000    0.0057166798    0.0010816915
  -13.0300000000    0.0056388766    0.0010777870
  -13.0200000000    0.0055612415    0.0010739329
  -13.0100000000    0.0054837727    0.0010701275
  -13.0000000000    0.0054064686    0.0010663694
  -12.9900000000    0.0053293277    0.0010626571
  -12.9800000000    0.0052523482    0.0010589894
  -12.9700000000    0.0051755286    0.0010553649
  -12.9600000000    0.0050988675    0.0010517824
  -12.9500000000    0.0050223632    0.0010482406
  -12.9400000000    0.0049460143    0.0010447385
  -12.9300000000    0.0048698193    0.0010412750
  -12.9200000000    0.0047937768    0.0010378490
  -12.9100000000    0.0047178854    0.0010344596
  -12.9000000000    0.0046421436    0.0010311057
  -12.8900000000    0.0045665502    0.0010277864
  -12.8800000000    0.0044911037    0.0010245009
  -12.8700000000    0.0044158029    0.0010212483
  -12.8600000000    0.0043406465    0.0010180277
  -12.8500000000    0.0042656331    0.0010148385
  -12.8400000000    0.0041907616    0.0010116798
  -12.8300000000    0.0041160306    0.0010085508
  -12.8200000000    0.0040414391    0.0010054510
  -12.8100000000    0.0039669857    0.0010023796
  -12.8000000000    0.0038926694    0.0009993360
  -12.7900000000    0.0038184890    0.0009963195
  -12.7800000000    0.0037444434    0.0009933295
  -12.7700000000    0.0036705313    0.0009903655
  -12.7600000000    0.0035967519    0.0009874269
  -12.7500000000    0.0035231039    0.0009845131
  -12.7400000000    0.0034495863    0.0009816237
  -12.7300000000    0.0033761982    0.0009787580
  -12.7200000000    0.0033029384    0.0009759157
  -12.7100000000    0.0032298059    0.0009730962
  -12.7000000000    0.0031567998    0.0009702991
  -12.6900000000    0.0030839191    0.0009675239
  -12.6800000000    0.0030111628    0.0009647702
  -12.6700000000    0.0029385300    0.0009620376
  -12.6600000000    0.0028660198    0.0009593257
  -12.6500000000    0.0027936312    0.0009566341
  -12.6400000000    0.0027213633    0.0009539625
  -12.6300000000    0.0026492153    0.0009513103
  -12.6200000000    0.0025771862    0.0009486774
  -12.6100000000    0.0025052753    0.0009460633
  -12.6000000000    0.0024334816    0.0009434678
  -12.5900000000    0.0023618043    0.0009408904
  -12.5800000000    0.0022902427    0.0009383310
  -12.5700000000    0.0022187958    0.0009357891
  -12.5600000000    0.0021474629    0.0009332645
  -12.5500000000    0.0020762433    0.0009307568
  -12.5400000000    0.0020051360    0.0009282659
  -12.5300000000    0.0019341404    0.0009257915
  -12.5200000000    0.0018632557    0.0009233332
  -12.5100000000    0.0017924811    0.0009208908
  -12.5000000000    0.0017218160    0.0009184640
  -12.4900000000    0.0016512595    0.0009160527
  -12.4800000000    0.0015808110    0.0009136566
  -12.4700000000    0.0015104698    0.0009112754
  -12.4600000000    0.0014402351    0.0009089090
  -12.4500000000    0.0013701064    0.0009065570
  -12.4400000000    0.0013000828    0.0009042194
  -12.4300000000    0.0012301637    0.0009018958
  -12.4200000000    0.0011603485    0.0008995861
  -12.4100000000    0.0010906365    0.0008972901
  -12.4000000000    0.0010210271    0.0008950076
  -12.3900000000    0.0009515196    0.0008927384
  -12.3800000000    0.0008821134    0.0008904823
  -12.3700000000    0.0008128079    0.0008882391
  -12.3600000000    0.0007436024    0.0008860087
  -12.3500000000    0.0006744964    0.0008837909
  -12.3400000000    0.0006054893    0.0008815855
  -12.3300000000    0.0005365804    0.0008793924
  -12.3200000000    0.0004677692    0.0008772113
  -12.3100000000    0.0003990550    0.0008750422
  -12.3000000000    0.0003304374    0.0008728849
  -12.2900000000    0.0002619158    0.0008707393
  -12.2800000000    0.0001934896    0.0008686051
  -12.2700000000    0.0001251582    0.0008664823
  -12.2600000000    0.0000569211    0.0008643707
  -12.2500000000   -0.0000112222    0.0008622702
  -12.2400000000   -0.0000792722    0.0008601806
  -12.2300000000   -0.0001472296    0.0008581018
  -12.2200000000   -0.0002150948    0.0008560338
  -12.2100000000   -0.0002828684    0.0008539762
  -12.2000000000   -0.0003505508    0.0008519291
  -12.1900000000   -0.0004181425    0.0008498924
  -12.1800000000   -0.0004856441    0.0008478658
  -12.1700000000   -0.0005530561    0.0008458493
  -12.1600000000   -0.0006203789    0.0008438428
  -12.1500000000   -0.0006876130    0.0008418461
  -12.1400000000   -0.0007547589    0.0008398592
  -12.1300000000   -0.0008218172    0.0008378819
  -12.1200000000   -0.0008887881    0.0008359142
  -12.1100000000   -0.0009556723    0.0008339559
  -12.1000000000   -0.0010224702    0.0008320069
  -12.0900000000   -0.0010891822    0.0008300672
  -12.0800000000   -0.0011558088    0.0008281366
  -12.0700000000   -0.0012223504    0.0008262150
  -12.0600000000   -0.0012888076    0.0008243024
  -12.0500000000   -0.0013551806    0.0008223987
  -12.0400000000   -0.0014214700    0.0008205037
  -12.0300000000   -0.0014876761    0.0008186174
  -12.0200000000   -0.0015537995    0.0008167397
  -12.0100000000   -0.0016198405    0.0008148704
  -12.0000000000   -0.0016857996    0.0008130097
  -11.9900000000   -0.0017516771    0.0008111572
  -11.9800000000   -0.0018174735    0.0008093130
  -11.9700000000   -0.0018831892    0.0008074770
  -11.9600000000   -0.0019488246    0.0008056491
  -11.9500000000   -0.0020143800    0.0008038292
  -11.9400000000   -0.0020798560    0.0008020173
  -11.9300000000   -0.0021452528    0.0008002132
  -11.9200000000   -0.0022105709    0.0007984169
  -11.9100000000   -0.0022758106    0.0007966284
  -11.9000000000   -0.0023409724    0.0007948475
  -11.8900000000   -0.0024060566    0.0007930742
  -11.8800000000   -0.0024710635    0.0007913084
  -11.8700000000   -0.0025359937    0.0007895501
  -11.8600000000   -0.0026008473    0.0007877991
  -11.8500000000   -0.0026656249    0.0007860555
  -11.8400000000   -0.0027303267    0.0007843191
  -11.8300000000   -0.0027949532    0.0007825899
  -11.8200000000   -0.0028595046    0.0007808679
  -11.8100000000   -0.0029239814    0.0007791529
  -11.8000000000   -0.0029883839    0.0007774449
  -11.7900000000   -0.0030527124    0.0007757438
  -11.7800000000   -0.0031169672    0.0007740497
  -11.7700000000   -0.0031811488    0.0007723623
  -11.7600000000   -0.0032452575    0.0007706818
  -11.7500000000   -0.0033092936    0.0007690079
  -11.7400000000   -0.0033732574    0.0007673408
  -11.7300000000   -0.0034371493    0.0007656802
  -11.7200000000   -0.0035009695    0.0007640262
  -11.7100000000   -0.0035647186    0.0007623786
  -11.7000000000   -0.0036284003    0.0007607345
  -11.6800000000   -0.0037555412    0.0007574745
  -11.6700000000   -0.0038190084    0.0007558525
  -11.6600000000   -0.0038824058    0.0007542366
  -11.6500000000   -0.0039457340    0.0007526270
  -11.6400000000   -0.0040089930    0.0007510236
  -11.6300000000   -0.0040721834    0.0007494262
  -11.6200000000   -0.0041353053    0.0007478349
  -11.6100000000   -0.0041983591    0.0007462495
  -11.6000000000   -0.0042613450    0.0007446702
  -11.5900000000   -0.0043242634    0.0007430967
  -11.5800000000   -0.0043871146    0.0007415292
  -11.5700000000   -0.0044498989    0.0007399674
  -11.5600000000   -0.0045126165    0.0007384115
  -11.5500000000   -0.0045752678    0.0007368612
  -11.5400000000   -0.0046378530    0.0007353167
  -11.5300000000   -0.0047003724    0.0007337778
  -11.5200000000   -0.0047628263    0.0007322446
  -11.5100000000   -0.0048252151    0.0007307169
  -11.5000000000   -0.0048875389    0.0007291948
  -11.4900000000   -0.0049497980    0.0007276781
  -11.4800000000   -0.0050119928    0.0007261669
  -11.4700000000   -0.0050741235    0.0007246611
  -11.4600000000   -0.0051361904    0.0007231607
  -11.4500000000   -0.0051981937    0.0007216656
  -11.4400000000   -0.0052601338    0.0007201759
  -11.4300000000   -0.0053220108    0.0007186914
  -11.4200000000   -0.0053838251    0.0007172121
  -11.4100000000   -0.0054455770    0.0007157380
  -11.4000000000   -0.0055072666    0.0007142691
  -11.3900000000   -0.0055688942    0.0007128053
  -11.3800000000   -0.0056304602    0.0007113466
  -11.3700000000   -0.0056919647    0.0007098929
  -11.3600000000   -0.0057534081    0.0007084443
  -11.3500000000   -0.0058147905    0.0007070007
  -11.3400000000   -0.0058761122    0.0007055620
  -11.3300000000   -0.0059373736    0.0007041282
  -11.3200000000   -0.0059985747    0.0007026993
  -11.3100000000   -0.0060597160    0.0007012753
  -11.3000000000   -0.0061207975    0.0006998561
  -11.2900000000   -0.0061818197    0.0006984416
  -11.2800000000   -0.0062427826    0.0006970320
  -11.2700000000   -0.0063036867    0.0006956270
  -11.2600000000   -0.0063645320    0.0006942268
  -11.2500000000   -0.0064253188    0.0006928313
  -11.2400000000   -0.0064860474    0.0006914403
  -11.2300000000   -0.0065467181    0.0006900540
  -11.2200000000   -0.0066073310    0.0006886723
  -11.2100000000   -0.0066678864    0.0006872952
  -11.2000000000   -0.0067283844    0.0006859225
  -11.1900000000   -0.0067888255    0.0006845544
  -11.1800000000   -0.0068492097    0.0006831907
  -11.1700000000   -0.0069095373    0.0006818314
  -11.1600000000   -0.0069698086    0.0006804766
  -11.1500000000   -0.0070300237    0.0006791262
  -11.1400000000   -0.0070901829    0.0006777801
  -11.1300000000   -0.0071502864    0.0006764384
  -11.1200000000   -0.0072103344    0.0006751009
  -11.1100000000   -0.0072703272    0.0006737678
  -11.1000000000   -0.0073302649    0.0006724389
  -11.0900000000   -0.0073901478    0.0006711142
  -11.0800000000   -0.0074499762    0.0006697937
  -11.0700000000   -0.0075097501    0.0006684775
  -11.0600000000   -0.0075694699    0.0006671653
  -11.0500000000   -0.0076291358    0.0006658574
  -11.0400000000   -0.0076887479    0.0006645535
  -11.0300000000   -0.0077483065    0.0006632537
  -11.0200000000   -0.0078078117    0.0006619579
  -11.0100000000   -0.0078672639    0.0006606662
  -11.0000000000   -0.0079266632    0.0006593785
  -10.9900000000   -0.0079860097    0.0006580948
  -10.9800000000   -0.0080453038    0.0006568151
  -10.9700000000   -0.0081045456    0.0006555393
  -10.9600000000   -0.0081637353    0.0006542675
  -10.9500000000   -0.0082228732    0.0006529995
  -10.9400000000   -0.0082819594    0.0006517354
  -10.9300000000   -0.0083409941    0.0006504752
  -10.9200000000   -0.0083999775    0.0006492188
  -10.9100000000   -0.0084589099    0.0006479662
  -10.9000000000   -0.0085177913    0.0006467174
  -10.8900000000   -0.0085766221    0.0006454724
  -10.8800000000   -0.0086354025    0.0006442312
  -10.8700000000   -0.0086941325    0.0006429936
  -10.8600000000   -0.0087528124    0.0006417598
  -10.8500000000   -0.0088114424    0.0006405297
  -10.8400000000   -0.0088700228    0.0006393032
  -10.8300000000   -0.0089285535    0.0006380804
  -10.8200000000   -0.0089870350    0.0006368613
  -10.8100000000   -0.0090454673    0.0006356457
  -10.8000000000   -0.0091038507    0.0006344337
  -10.7900000000   -0.0091621853    0.0006332253
  -10.7800000000   -0.0092204713    0.0006320205
  -10.7700000000   -0.0092787089    0.0006308192
  -10.7600000000   -0.0093368983    0.0006296214
  -10.7500000000   -0.0093950397    0.0006284271
  -10.7400000000   -0.0094531332    0.0006272363
  -10.7300000000   -0.0095111791    0.0006260489
  -10.7200000000   -0.0095691774    0.0006248650
  -10.7100000000   -0.0096271285    0.0006236846
  -10.7000000000   -0.0096850325    0.0006225075
  -10.6900000000   -0.0097428895    0.0006213338
  -10.6800000000   -0.0098006997    0.0006201635
  -10.6700000000   -0.0098584634    0.0006189966
  -10.6600000000   -0.0099161806    0.0006178330
  -10.6500000000   -0.0099738516    0.0006166727
  -10.6400000000   -0.0100314765    0.0006155157
  -10.6300000000   -0.0100890556    0.0006143620
  -10.6200000000   -0.0101465889    0.0006132116
  -10.6100000000   -0.0102040767    0.0006120645
  -10.6000000000   -0.0102615191    0.0006109206
  -10.5900000000   -0.0103189163    0.0006097799
  -10.5800000000   -0.0103762684    0.0006086424
  -10.5700000000   -0.0104335757    0.0006075081
  -10.5600000000   -0.0104908383    0.0006063770
  -10.5500000000   -0.0105480563    0.0006052490
  -10.5400000000   -0.0106052300    0.0006041242
  -10.5300000000   -0.0106623595    0.0006030026
  -10.5200000000   -0.0107194450    0.0006018840
  -10.5100000000   -0.0107764866    0.0006007685
  -10.5000000000   -0.0108334845    0.0005996562
  -10.4900000000   -0.0108904389    0.0005985469
  -10.4800000000   -0.0109473499    0.0005974406
  -10.4700000000   -0.0110042176    0.0005963374
  -10.4600000000   -0.0110610423    0.0005952373
  -10.4500000000   -0.0111178242    0.0005941401
  -10.4400000000   -0.0111745632    0.0005930459
  -10.4300000000   -0.0112312598    0.0005919547
  -10.4200000000   -0.0112879139    0.0005908665
  -10.4100000000   -0.0113445257    0.0005897813
  -10.4000000000   -0.0114010954    0.0005886990
  -10.3900000000   -0.0114576232    0.0005876196
  -10.3800000000   -0.0115141093    0.0005865431
  -10.3700000000   -0.0115705536    0.0005854696
  -10.3600000000   -0.0116269565    0.0005843989
  -10.3500000000   -0.0116833181    0.0005833311
  -10.3400000000   -0.0117396385    0.0005822662
  -10.3300000000   -0.0117959179    0.0005812041
  -10.3200000000   -0.0118521565    0.0005801448
  -10.3100000000   -0.0119083543    0.0005790884
  -10.3000000000   -0.0119645115    0.0005780348
  -10.2900000000   -0.0120206284    0.0005769840
  -10.2800000000   -0.0120767050    0.0005759359
  -10.2700000000   -0.0121327415    0.0005748907
  -10.2600000000   -0.0121887380    0.0005738482
  -10.2500000000   -0.0122446947    0.0005728084
  -10.2400000000   -0.0123006118    0.0005717714
  -10.2300000000   -0.0123564893    0.0005707371
  -10.2200000000   -0.0124123274    0.0005697055
  -10.2100000000   -0.0124681264    0.0005686766
  -10.2000000000   -0.0125238862    0.0005676504
  -10.1900000000   -0.0125796072    0.0005666269
  -10.1800000000   -0.0126352893    0.0005656061
  -10.1700000000   -0.0126909328    0.0005645879
  -10.1600000000   -0.0127465378    0.0005635723
  -10.1500000000   -0.0128021044    0.0005625594
  -10.1400000000   -0.0128576328    0.0005615491
  -10.1300000000   -0.0129131231    0.0005605414
  -10.1200000000   -0.0129685755    0.0005595363
  -10.1100000000   -0.0130239901    0.0005585337
  -10.1000000000   -0.0130793671    0.0005575338
  -10.0900000000   -0.0131347066    0.0005565364
  -10.0800000000   -0.0131900086    0.0005555416
  -10.0700000000   -0.0132452735    0.0005545493
  -10.0600000000   -0.0133005012    0.0005535595
  -10.0500000000   -0.0133556920    0.0005525723
  -10.0400000000   -0.0134108460    0.0005515875
  -10.0300000000   -0.0134659633    0.0005506053
  -10.0200000000   -0.0135210440    0.0005496256
  -10.0100000000   -0.0135760884    0.0005486483
  -10.0000000000   -0.0136310965    0.0005476735
   -9.9900000000   -0.0136860684    0.0005467012
   -9.9800000000   -0.0137410043    0.0005457313
   -9.9700000000   -0.0137959044    0.0005447638
   -9.9600000000   -0.0138507687    0.0005437988
   -9.9500000000   -0.0139055974    0.0005428362
   -9.9400000000   -0.0139603907    0.0005418760
   -9.9300000000   -0.0140151486    0.0005409182
   -9.9200000000   -0.0140698713    0.0005399628
   -9.9100000000   -0.0141245589    0.0005390097
   -9.9000000000   -0.0141792116    0.0005380591
   -9.8900000000   -0.0142338295    0.0005371107
   -9.8800000000   -0.0142884127    0.0005361648
   -9.8700000000   -0.0143429614    0.0005352212
   -9.8600000000   -0.0143974756    0.0005342799
   -9.8500000000   -0.0144519556    0.0005333409
   -9.8400000000   -0.0145064014    0.0005324043
   -9.8300000000   -0.0145608131    0.0005314699
   -9.8200000000   -0.0146151910    0.0005305379
   -9.8100000000   -0.0146695351    0.0005296081
   -9.8000000000   -0.0147238455    0.0005286806
   -9.7900000000   -0.0147781224    0.0005277554
   -9.7800000000   -0.0148323659    0.0005268324
   -9.7700000000   -0.0148865762    0.0005259117
   -9.7600000000   -0.0149407532    0.0005249932
   -9.7500000000   -0.0149948973    0.0005240770
   -9.7400000000   -0.0150490085    0.0005231630
   -9.7300000000   -0.0151030869    0.0005222512
   -9.7200000000   -0.0151571327    0.0005213416
   -9.7100000000   -0.0152111459    0.0005204342
   -9.7000000000   -0.0152651268    0.0005195290
   -9.6900000000   -0.0153190754    0.0005186260
   -9.6800000000   -0.0153729918    0.0005177251
   -9.6700000000   -0.0154268762    0.0005168264
   -9.6600000000   -0.0154807287    0.0005159299
   -9.6500000000   -0.0155345494    0.0005150355
   -9.6400000000   -0.0155883384    0.0005141433
   -9.6300000000   -0.0156420959    0.0005132532
   -9.6200000000   -0.0156958220    0.0005123652
   -9.6100000000   -0.0157495168    0.0005114793
   -9.6000000000   -0.0158031804    0.0005105956
   -9.5900000000   -0.0158568129    0.0005097139
   -9.5800000000   -0.0159104145    0.0005088344
   -9.5700000000   -0.0159639853    0.0005079569
   -9.5600000000   -0.0160175253    0.0005070815
   -9.5500000000   -0.0160710348    0.0005062082
   -9.5400000000   -0.0161245139    0.0005053369
   -9.5300000000   -0.0161779625    0.0005044677
   -9.5200000000   -0.0162313810    0.0005036006
   -9.5100000000   -0.0162847693    0.0005027355
   -9.5000000000   -0.0163381276    0.0005018724
   -9.4900000000   -0.0163914561    0.0005010113
   -9.4800000000   -0.0164447548    0.0005001523
   -9.4700000000   -0.0164980238    0.0004992953
   -9.4600000000   -0.0165512634    0.0004984402
   -9.4500000000   -0.0166044735    0.0004975872
   -9.4400000000   -0.0166576543    0.0004967362
   -9.4300000000   -0.0167108059    0.0004958871
   -9.4200000000   -0.0167639285    0.0004950401
   -9.4100000000   -0.0168170220    0.0004941949
   -9.4000000000   -0.0168700868    0.0004933518
   -9.3900000000   -0.0169231228    0.0004925106
   -9.3800000000   -0.0169761303    0.0004916714
   -9.3700000000   -0.0170291092    0.0004908341
   -9.3600000000   -0.0170820597    0.0004899987
   -9.3500000000   -0.0171349820    0.0004891653
   -9.3400000000   -0.0171878761    0.0004883337
   -9.3300000000   -0.0172407421    0.0004875041
   -9.3200000000   -0.0172935802    0.0004866764
   -9.3100000000   -0.0173463905    0.0004858507
   -9.3000000000   -0.0173991731    0.0004850267
   -9.2900000000   -0.0174519281    0.0004842047
   -9.2800000000   -0.0175046556    0.0004833846
   -9.2700000000   -0.0175573557    0.0004825664
   -9.2600000000   -0.0176100285    0.0004817500
   -9.2500000000   -0.0176626742    0.0004809354
   -9.2400000000   -0.0177152929    0.0004801228
   -9.2300000000   -0.0177678846    0.0004793120
   -9.2200000000   -0.0178204494    0.0004785030
   -9.2100000000   -0.0178729876    0.0004776958
   -9.2000000000   -0.0179254991    0.0004768905
   -9.1900000000   -0.0179779842    0.0004760871
   -9.1800000000   -0.0180304429    0.0004752854
   -9.1700000000   -0.0180828752    0.0004744856
   -9.1600000000   -0.0181352814    0.0004736875
   -9.1500000000   -0.0181876616    0.0004728913
   -9.1400000000   -0.0182400158    0.0004720968
   -9.1300000000   -0.0182923441    0.0004713042
   -9.1200000000   -0.0183446467    0.0004705133
   -9.1100000000   -0.0183969237    0.0004697242
   -9.1000000000   -0.0184491751    0.0004689369
   -9.0900000000   -0.0185014011    0.0004681513
   -9.0800000000   -0.0185536018    0.0004673675
   -9.0700000000   -0.0186057773    0.0004665855
   -9.0600000000   -0.0186579277    0.0004658052
   -9.0500000000   -0.0187100531    0.0004650266
   -9.0400000000   -0.0187621537    0.0004642498
   -9.0300000000   -0.0188142294    0.0004634748
   -9.0200000000   -0.0188662805    0.0004627014
   -9.0100000000   -0.0189183070    0.0004619298
   -9.0000000000   -0.0189703090    0.0004611598
   -8.9900000000   -0.0190222867    0.0004603916
   -8.9800000000   -0.0190742401    0.0004596251
   -8.9700000000   -0.0191261694    0.0004588603
   -8.9600000000   -0.0191780746    0.0004580972
   -8.9500000000   -0.0192299559    0.0004573358
   -8.9400000000   -0.0192818134    0.0004565760
   -8.9300000000   -0.0193336471    0.0004558180
   -8.9200000000   -0.0193854572    0.0004550616
   -8.9100000000   -0.0194372438    0.0004543069
   -8.9000000000   -0.0194890070    0.0004535538
   -8.8900000000   -0.0195407468    0.0004528024
   -8.8800000000   -0.0195924635    0.0004520526
   -8.8700000000   -0.0196441570    0.0004513045
   -8.8600000000   -0.0196958275    0.0004505581
   -8.8500000000   -0.0197474752    0.0004498132
   -8.8400000000   -0.0197991000    0.0004490700
   -8.8300000000   -0.0198507021    0.0004483285
   -8.8200000000   -0.0199022817    0.0004475885
   -8.8100000000   -0.0199538387    0.0004468502
   -8.8000000000   -0.0200053734    0.0004461135
   -8.7900000000   -0.0200568858    0.0004453783
   -8.7800000000   -0.0201083760    0.0004446448
   -8.7700000000   -0.0201598441    0.0004439129
   -8.7600000000   -0.0202112903    0.0004431826
   -8.7500000000   -0.0202627145    0.0004424538
   -8.7400000000   -0.0203141170    0.0004417267
   -8.7300000000   -0.0203654978    0.0004410011
   -8.7200000000   -0.0204168571    0.0004402771
   -8.7100000000   -0.0204681949    0.0004395546
   -8.7000000000   -0.0205195113    0.0004388338
   -8.6900000000   -0.0205708064    0.0004381144
   -8.6800000000   -0.0206220804    0.0004373967
   -8.6700000000   -0.0206733333    0.0004366805
   -8.6600000000   -0.0207245652    0.0004359658
   -8.6500000000   -0.0207757763    0.0004352527
   -8.6400000000   -0.0208269666    0.0004345411
   -8.6300000000   -0.0208781363    0.0004338310
   -8.6200000000   -0.0209292854    0.0004331225
   -8.6100000000   -0.0209804140    0.0004324154
   -8.6000000000   -0.0210315223    0.0004317099
   -8.5900000000   -0.0210826103    0.0004310060
   -8.5800000000   -0.0211336781    0.0004303035
   -8.5700000000   -0.0211847259    0.0004296025
   -8.5600000000   -0.0212357537    0.0004289030
   -8.5500000000   -0.0212867617    0.0004282051
   -8.5400000000   -0.0213377499    0.0004275086
   -8.5300000000   -0.0213887185    0.0004268136
   -8.5200000000   -0.0214396675    0.0004261201
   -8.5100000000   -0.0214905970    0.0004254280
   -8.5000000000   -0.0215415072    0.0004247374
   -8.4900000000   -0.0215923981    0.0004240484
   -8.4800000000   -0.0216432698    0.0004233607
   -8.4700000000   -0.0216941225    0.0004226746
   -8.4600000000   -0.0217449562    0.0004219898
   -8.4500000000   -0.0217957711    0.0004213066
   -8.4400000000   -0.0218465672    0.0004206248
   -8.4300000000   -0.0218973446    0.0004199444
   -8.4200000000   -0.0219481035    0.0004192655
   -8.4100000000   -0.0219988439    0.0004185880
   -8.4000000000   -0.0220495659    0.0004179119
   -8.3900000000   -0.0221002697    0.0004172373
   -8.3800000000   -0.0221509553    0.0004165641
   -8.3700000000   -0.0222016228    0.0004158923
   -8.3600000000   -0.0222522724    0.0004152219
   -8.3500000000   -0.0223029041    0.0004145530
   -8.3400000000   -0.0223535180    0.0004138854
   -8.3300000000   -0.0224041143    0.0004132193
   -8.3200000000   -0.0224546930    0.0004125545
   -8.3100000000   -0.0225052542    0.0004118911
   -8.3000000000   -0.0225557980    0.0004112292
   -8.2900000000   -0.0226063246    0.0004105686
   -8.2800000000   -0.0226568340    0.0004099094
   -8.2700000000   -0.0227073263    0.0004092516
   -8.2600000000   -0.0227578016    0.0004085952
   -8.2500000000   -0.0228082601    0.0004079401
   -8.2400000000   -0.0228587018    0.0004072864
   -8.2300000000   -0.0229091268    0.0004066341
   -8.2200000000   -0.0229595352    0.0004059831
   -8.2100000000   -0.0230099272    0.0004053335
   -8.2000000000   -0.0230603027    0.0004046852
   -8.1900000000   -0.0231106620    0.0004040383
   -8.1800000000   -0.0231610051    0.0004033928
   -8.1700000000   -0.0232113321    0.0004027485
   -8.1600000000   -0.0232616431    0.0004021056
   -8.1500000000   -0.0233119383    0.0004014641
   -8.1400000000   -0.0233622176    0.0004008239
   -8.1300000000   -0.0234124813    0.0004001850
   -8.1200000000   -0.0234627294    0.0003995474
   -8.1100000000   -0.0235129620    0.0003989111
   -8.1000000000   -0.0235631792    0.0003982762
   -8.0900000000   -0.0236133811    0.0003976426
   -8.0800000000   -0.0236635679    0.0003970102
   -8.0700000000   -0.0237137395    0.0003963792
   -8.0600000000   -0.0237638962    0.0003957495
   -8.0500000000   -0.0238140379    0.0003951211
   -8.0400000000   -0.0238641649    0.0003944940
   -8.0300000000   -0.0239142772    0.0003938681
   -8.0200000000   -0.0239643749    0.0003932436
   -8.0100000000   -0.0240144581    0.0003926203
   -8.0000000000   -0.0240645270    0.0003919983
   -7.9900000000   -0.0241145815    0.0003913776
   -7.9800000000   -0.0241646219    0.0003907581
   -7.9700000000   -0.0242146482    0.0003901399
   -7.9600000000   -0.0242646605    0.0003895230
   -7.9500000000   -0.0243146589    0.0003889073
   -7.9400000000   -0.0243646435    0.0003882929
   -7.9300000000   -0.0244146144    0.0003876798
   -7.9200000000   -0.0244645718    0.0003870679
   -7.9100000000   -0.0245145157    0.0003864572
   -7.9000000000   -0.0245644462    0.0003858478
   -7.8900000000   -0.0246143634    0.0003852396
   -7.8800000000   -0.0246642674    0.0003846327
   -7.8700000000   -0.0247141584    0.0003840269
   -7.8600000000   -0.0247640364    0.0003834225
   -7.8500000000   -0.0248139015    0.0003828192
   -7.8400000000   -0.0248637539    0.0003822171
   -7.8300000000   -0.0249135936    0.0003816163
   -7.8200000000   -0.0249634207    0.0003810167
   -7.8100000000   -0.0250132354    0.0003804183
   -7.8000000000   -0.0250630377    0.0003798211
   -7.7900000000   -0.0251128278    0.0003792251
   -7.7800000000   -0.0251626057    0.0003786303
   -7.7700000000   -0.0252123715    0.0003780366
   -7.7600000000   -0.0252621255    0.0003774442
   -7.7500000000   -0.0253118675    0.0003768530
   -7.7400000000   -0.0253615979    0.0003762629
   -7.7300000000   -0.0254113166    0.0003756740
   -7.7200000000   -0.0254610237    0.0003750863
   -7.7100000000   -0.0255107195    0.0003744998
   -7.7000000000   -0.0255604039    0.0003739145
   -7.6900000000   -0.0256100771    0.0003733303
   -7.6800000000   -0.0256597392    0.0003727472
   -7.6700000000   -0.0257093903    0.0003721653
   -7.6600000000   -0.0257590305    0.0003715846
   -7.6500000000   -0.0258086599    0.0003710050
   -7.6400000000   -0.0258582785    0.0003704266
   -7.6300000000   -0.0259078867    0.0003698493
   -7.6200000000   -0.0259574843    0.0003692732
   -7.6100000000   -0.0260070716    0.0003686981
   -7.6000000000   -0.0260566486    0.0003681243
   -7.5900000000   -0.0261062154    0.0003675515
   -7.5800000000   -0.0261557722    0.0003669799
   -7.5700000000   -0.0262053190    0.0003664093
   -7.5600000000   -0.0262548560    0.0003658399
   -7.5500000000   -0.0263043833    0.0003652716
   -7.5400000000   -0.0263539010    0.0003647045
   -7.5300000000   -0.0264034091    0.0003641384
   -7.5200000000   -0.0264529079    0.0003635734
   -7.5100000000   -0.0265023973    0.0003630095
   -7.5000000000   -0.0265518776    0.0003624467
   -7.4900000000   -0.0266013488    0.0003618850
   -7.4800000000   -0.0266508110    0.0003613244
   -7.4700000000   -0.0267002644    0.0003607648
   -7.4600000000   -0.0267497090    0.0003602063
   -7.4500000000   -0.0267991450    0.0003596489
   -7.4400000000   -0.0268485725    0.0003590926
   -7.4300000000   -0.0268979915    0.0003585373
   -7.4200000000   -0.0269474023    0.0003579831
   -7.4100000000   -0.0269968049    0.0003574300
   -7.4000000000   -0.0270461994    0.0003568778
   -7.3900000000   -0.0270955859    0.0003563268
   -7.3800000000   -0.0271449646    0.0003557768
   -7.3700000000   -0.0271943356    0.0003552278
   -7.3600000000   -0.0272436989    0.0003546798
   -7.3500000000   -0.0272930548    0.0003541329
   -7.3400000000   -0.0273424032    0.0003535870
   -7.3300000000   -0.0273917444    0.0003530421
   -7.3200000000   -0.0274410784    0.0003524983
   -7.3100000000   -0.0274904053    0.0003519554
   -7.3000000000   -0.0275397253    0.0003514136
   -7.2900000000   -0.0275890386    0.0003508727
   -7.2800000000   -0.0276383451    0.0003503329
   -7.2700000000   -0.0276876450    0.0003497940
   -7.2600000000   -0.0277369385    0.0003492561
   -7.2500000000   -0.0277862257    0.0003487193
   -7.2400000000   -0.0278355066    0.0003481834
   -7.2300000000   -0.0278847814    0.0003476484
   -7.2200000000   -0.0279340502    0.0003471145
   -7.2100000000   -0.0279833132    0.0003465815
   -7.2000000000   -0.0280325704    0.0003460494
   -7.1900000000   -0.0280818220    0.0003455183
   -7.1800000000   -0.0281310682    0.0003449882
   -7.1700000000   -0.0281803089    0.0003444590
   -7.1600000000   -0.0282295444    0.0003439307
   -7.1500000000   -0.0282787747    0.0003434034
   -7.1400000000   -0.0283280001    0.0003428770
   -7.1300000000   -0.0283772205    0.0003423515
   -7.1200000000   -0.0284264362    0.0003418270
   -7.1100000000   -0.0284756473    0.0003413033
   -7.1000000000   -0.0285248538    0.0003407806
   -7.0900000000   -0.0285740560    0.0003402587
   -7.0800000000   -0.0286232540    0.0003397378
   -7.0700000000   -0.0286724478    0.0003392177
   -7.0600000000   -0.0287216376    0.0003386986
   -7.0500000000   -0.0287708235    0.0003381803
   -7.0400000000   -0.0288200057    0.0003376628
   -7.0300000000   -0.0288691843    0.0003371463
   -7.0200000000   -0.0289183594    0.0003366306
   -7.0100000000   -0.0289675312    0.0003361157
   -7.0000000000   -0.0290166997    0.0003356017
   -6.9900000000   -0.0290658652    0.0003350886
   -6.9800000000   -0.0291150277    0.0003345762
   -6.9700000000   -0.0291641875    0.0003340647
   -6.9600000000   -0.0292133445    0.0003335541
   -6.9500000000   -0.0292624990    0.0003330442
   -6.9400000000   -0.0293116511    0.0003325352
   -6.9300000000   -0.0293608009    0.0003320269
   -6.9200000000   -0.0294099486    0.0003315194
   -6.9100000000   -0.0294590943    0.0003310128
   -6.9000000000   -0.0295082381    0.0003305069
   -6.8900000000   -0.0295573802    0.0003300018
   -6.8800000000   -0.0296065208    0.0003294974
   -6.8700000000   -0.0296556599    0.0003289938
   -6.8600000000   -0.0297047977    0.0003284910
   -6.8500000000   -0.0297539344    0.0003279888
   -6.8400000000   -0.0298030700    0.0003274875
   -6.8300000000   -0.0298522049    0.0003269868
   -6.8200000000   -0.0299013390    0.0003264869
   -6.8100000000   -0.0299504725    0.0003259877
   -6.8000000000   -0.0299996056    0.0003254892
   -6.7900000000   -0.0300487385    0.0003249914
   -6.7800000000   -0.0300978712    0.0003244942
   -6.7700000000   -0.0301470040    0.0003239978
   -6.7600000000   -0.0301961369    0.0003235020
   -6.7500000000   -0.0302452702    0.0003230069
   -6.7400000000   -0.0302944039    0.0003225124
   -6.7300000000   -0.0303435383    0.0003220186
   -6.7200000000   -0.0303926735    0.0003215254
   -6.7100000000   -0.0304418097    0.0003210328
   -6.7000000000   -0.0304909469    0.0003205408
   -6.6900000000   -0.0305400855    0.0003200494
   -6.6800000000   -0.0305892254    0.0003195587
   -6.6700000000   -0.0306383670    0.0003190685
   -6.6600000000   -0.0306875102    0.0003185789
   -6.6500000000   -0.0307366554    0.0003180898
   -6.6400000000   -0.0307858027    0.0003176013
   -6.6300000000   -0.0308349522    0.0003171133
   -6.6200000000   -0.0308841041    0.0003166259
   -6.6100000000   -0.0309332586    0.0003161390
   -6.6000000000   -0.0309824159    0.0003156525
   -6.5900000000   -0.0310315760    0.0003151666
   -6.5800000000   -0.0310807392    0.0003146812
   -6.5700000000   -0.0311299057    0.0003141962
   -6.5600000000   -0.0311790756    0.0003137117
   -6.5500000000   -0.0312282491    0.0003132277
   -6.5400000000   -0.0312774264    0.0003127440
   -6.5300000000   -0.0313266076    0.0003122608
   -6.5200000000   -0.0313757930    0.0003117780
   -6.5100000000   -0.0314249827    0.0003112956
   -6.5000000000   -0.0314741769    0.0003108136
   -6.4900000000   -0.0315233757    0.0003103319
   -6.4800000000   -0.0315725794    0.0003098506
   -6.4700000000   -0.0316217882    0.0003093696
   -6.4600000000   -0.0316710022    0.0003088890
   -6.4500000000   -0.0317202216    0.0003084086
   -6.4400000000   -0.0317694467    0.0003079286
   -6.4300000000   -0.0318186775    0.0003074488
   -6.4200000000   -0.0318679144    0.0003069693
   -6.4100000000   -0.0319171575    0.0003064900
   -6.4000000000   -0.0319664069    0.0003060110
   -6.3900000000   -0.0320156629    0.0003055322
   -6.3800000000   -0.0320649258    0.0003050535
   -6.3700000000   -0.0321141956    0.0003045751
   -6.3600000000   -0.0321634726    0.0003040968
   -6.3500000000   -0.0322127570    0.0003036186
   -6.3400000000   -0.0322620491    0.0003031406
   -6.3300000000   -0.0323113489    0.0003026627
   -6.3200000000   -0.0323606568    0.0003021848
   -6.3100000000   -0.0324099730    0.0003017070
   -6.3000000000   -0.0324592975    0.0003012293
   -6.2900000000   -0.0325086308    0.0003007516
   -6.2800000000   -0.0325579730    0.0003002739
   -6.2700000000   -0.0326073242    0.0002997961
   -6.2600000000   -0.0326566849    0.0002993184
   -6.2500000000   -0.0327060550    0.0002988406
   -6.2400000000   -0.0327554350    0.0002983626
   -6.2300000000   -0.0328048250    0.0002978846
   -6.2200000000   -0.0328542252    0.0002974065
   -6.2100000000   -0.0329036359    0.0002969282
   -6.2000000000   -0.0329530574    0.0002964497
   -6.1900000000   -0.0330024898    0.0002959710
   -6.1800000000   -0.0330519334    0.0002954921
   -6.1700000000   -0.0331013884    0.0002950130
   -6.1600000000   -0.0331508552    0.0002945335
   -6.1500000000   -0.0332003338    0.0002940538
   -6.1400000000   -0.0332498247    0.0002935737
   -6.1300000000   -0.0332993280    0.0002930932
   -6.1200000000   -0.0333488440    0.0002926124
   -6.1100000000   -0.0333983729    0.0002921311
   -6.1000000000   -0.0334479151    0.0002916494
   -6.0900000000   -0.0334974707    0.0002911672
   -6.0800000000   -0.0335470401    0.0002906845
   -6.0700000000   -0.0335966235    0.0002902012
   -6.0600000000   -0.0336462212    0.0002897174
   -6.0500000000   -0.0336958334    0.0002892329
   -6.0400000000   -0.0337454605    0.0002887478
   -6.0300000000   -0.0337951027    0.0002882620
   -6.0200000000   -0.0338447603    0.0002877755
   -6.0100000000   -0.0338944336    0.0002872883
   -6.0000000000   -0.0339441229    0.0002868002
   -5.9900000000   -0.0339938284    0.0002863114
   -5.9800000000   -0.0340435506    0.0002858216
   -5.9700000000   -0.0340932896    0.0002853310
   -5.9600000000   -0.0341430458    0.0002848394
   -5.9500000000   -0.0341928194    0.0002843468
   -5.9400000000   -0.0342426109    0.0002838532
   -5.9300000000   -0.0342924205    0.0002833585
   -5.9200000000   -0.0343422484    0.0002828627
   -5.9100000000   -0.0343920952    0.0002823658
   -5.9000000000   -0.0344419610    0.0002818676
   -5.8900000000   -0.0344918462    0.0002813682
   -5.8800000000   -0.0345417512    0.0002808674
   -5.8700000000   -0.0345916763    0.0002803654
   -5.8600000000   -0.0346416217    0.0002798619
   -5.8500000000   -0.0346915879    0.0002793569
   -5.8400000000   -0.0347415753    0.0002788504
   -5.8300000000   -0.0347915841    0.0002783424
   -5.8200000000   -0.0348416147    0.0002778328
   -5.8100000000   -0.0348916675    0.0002773215
   -5.8000000000   -0.0349417429    0.0002768084
   -5.7900000000   -0.0349918412    0.0002762936
   -5.7800000000   -0.0350419628    0.0002757769
   -5.7700000000   -0.0350921081    0.0002752582
   -5.7600000000   -0.0351422774    0.0002747376
   -5.7500000000   -0.0351924713    0.0002742150
   -5.7400000000   -0.0352426900    0.0002736903
   -5.7300000000   -0.0352929339    0.0002731633
   -5.7200000000   -0.0353432036    0.0002726342
   -5.7100000000   -0.0353934993    0.0002721027
   -5.7000000000   -0.0354438215    0.0002715688
   -5.6900000000   -0.0354941706    0.0002710324
   -5.6800000000   -0.0355445471    0.0002704935
   -5.6700000000   -0.0355949514    0.0002699520
   -5.6600000000   -0.0356453840    0.0002694078
   -5.6500000000   -0.0356958452    0.0002688607
   -5.6400000000   -0.0357463355    0.0002683109
   -5.6300000000   -0.0357968554    0.0002677580
   -5.6200000000   -0.0358474054    0.0002672021
   -5.6100000000   -0.0358979859    0.0002666431
   -5.6000000000   -0.0359485974    0.0002660809
   -5.5900000000   -0.0359992405    0.0002655153
   -5.5800000000   -0.0360499155    0.0002649463
   -5.5700000000   -0.0361006230    0.0002643738
   -5.5600000000   -0.0361513635    0.0002637977
   -5.5500000000   -0.0362021375    0.0002632179
   -5.5400000000   -0.0362529455    0.0002626342
   -5.5300000000   -0.0363037881    0.0002620465
   -5.5200000000   -0.0363546658    0.0002614549
   -5.5100000000   -0.0364055791    0.0002608590
   -5.5000000000   -0.0364565287    0.0002602588
   -5.4900000000   -0.0365075150    0.0002596543
   -5.4800000000   -0.0365585386    0.0002590452
   -5.4700000000   -0.0366096001    0.0002584314
   -5.4600000000   -0.0366607002    0.0002578129
   -5.4500000000   -0.0367118393    0.0002571894
   -5.4400000000   -0.0367630181    0.0002565608
   -5.4300000000   -0.0368142373    0.0002559271
   -5.4200000000   -0.0368654973    0.0002552879
   -5.4100000000   -0.0369167990    0.0002546433
   -5.4000000000   -0.0369681428    0.0002539930
   -5.3900000000   -0.0370195296    0.0002533370
   -5.3800000000   -0.0370709598    0.0002526749
   -5.3700000000   -0.0371224343    0.0002520067
   -5.3600000000   -0.0371739537    0.0002513322
   -5.3500000000   -0.0372255187    0.0002506512
   -5.3400000000   -0.0372771300    0.0002499635
   -5.3300000000   -0.0373287883    0.0002492690
   -5.3200000000   -0.0373804943    0.0002485675
   -5.3100000000   -0.0374322489    0.0002478587
   -5.3000000000   -0.0374840527    0.0002471425
   -5.2900000000   -0.0375359066    0.0002464187
   -5.2800000000   -0.0375878112    0.0002456871
   -5.2700000000   -0.0376397675    0.0002449474
   -5.2600000000   -0.0376917762    0.0002441994
   -5.2500000000   -0.0377438381    0.0002434429
   -5.2400000000   -0.0377959541    0.0002426777
   -5.2300000000   -0.0378481250    0.0002419035
   -5.2200000000   -0.0379003517    0.0002411201
   -5.2100000000   -0.0379526351    0.0002403273
   -5.2000000000   -0.0380049760    0.0002395247
   -5.1900000000   -0.0380573755    0.0002387120
   -5.1800000000   -0.0381098343    0.0002378892
   -5.1700000000   -0.0381623535    0.0002370557
   -5.1600000000   -0.0382149339    0.0002362114
   -5.1500000000   -0.0382675767    0.0002353560
   -5.1400000000   -0.0383202828    0.0002344891
   -5.1300000000   -0.0383730532    0.0002336104
   -5.1200000000   -0.0384258889    0.0002327196
   -5.1100000000   -0.0384787910    0.0002318164
   -5.1000000000   -0.0385317605    0.0002309005
   -5.0900000000   -0.0385847986    0.0002299714
   -5.0800000000   -0.0386379064    0.0002290287
   -5.0700000000   -0.0386910849    0.0002280723
   -5.0600000000   -0.0387443354    0.0002271015
   -5.0500000000   -0.0387976590    0.0002261161
   -5.0400000000   -0.0388510570    0.0002251157
   -5.0300000000   -0.0389045304    0.0002240997
   -5.0200000000   -0.0389580807    0.0002230678
   -5.0100000000   -0.0390117090    0.0002220196
   -5.0000000000   -0.0390654167    0.0002209545
   -4.9900000000   -0.0391192050    0.0002198721
   -4.9800000000   -0.0391730753    0.0002187719
   -4.9700000000   -0.0392270290    0.0002176534
   -4.9600000000   -0.0392810674    0.0002165160
   -4.9500000000   -0.0393351921    0.0002153593
   -4.9400000000   -0.0393894044    0.0002141827
   -4.9300000000   -0.0394437058    0.0002129857
   -4.9200000000   -0.0394980979    0.0002117675
   -4.9100000000   -0.0395525822    0.0002105276
   -4.9000000000   -0.0396071602    0.0002092655
   -4.8900000000   -0.0396618336    0.0002079804
   -4.8800000000   -0.0397166040    0.0002066717
   -4.8700000000   -0.0397714731    0.0002053387
   -4.8600000000   -0.0398264426    0.0002039807
   -4.8500000000   -0.0398815142    0.0002025969
   -4.8400000000   -0.0399366898    0.0002011867
   -4.8300000000   -0.0399919711    0.0001997491
   -4.8200000000   -0.0400473600    0.0001982835
   -4.8100000000   -0.0401028584    0.0001967890
   -4.8000000000   -0.0401584682    0.0001952647
   -4.7900000000   -0.0402141914    0.0001937097
   -4.7800000000   -0.0402700301    0.0001921232
   -4.7700000000   -0.0403259863    0.0001905041
   -4.7600000000   -0.0403820621    0.0001888515
   -4.7500000000   -0.0404382597    0.0001871645
   -4.7400000000   -0.0404945813    0.0001854418
   -4.7300000000   -0.0405510291    0.0001836825
   -4.7200000000   -0.0406076055    0.0001818855
   -4.7100000000   -0.0406643128    0.0001800495
   -4.7000000000   -0.0407211534    0.0001781734
   -4.6900000000   -0.0407781298    0.0001762559
   -4.6800000000   -0.0408352445    0.0001742958
   -4.6700000000   -0.0408925001    0.0001722918
   -4.6600000000   -0.0409498992    0.0001702424
   -4.6500000000   -0.0410074446    0.0001681462
   -4.6400000000   -0.0410651389    0.0001660018
   -4.6300000000   -0.0411229851    0.0001638076
   -4.6200000000   -0.0411809860    0.0001615621
   -4.6100000000   -0.0412391446    0.0001592635
   -4.6000000000   -0.0412974639    0.0001569103
   -4.5900000000   -0.0413559471    0.0001545007
   -4.5800000000   -0.0414145972    0.0001520328
   -4.5700000000   -0.0414734176    0.0001495047
   -4.5600000000   -0.0415324116    0.0001469145
   -4.5500000000   -0.0415915826    0.0001442601
   -4.5400000000   -0.0416509340    0.0001415395
   -4.5300000000   -0.0417104696    0.0001387504
   -4.5200000000   -0.0417701929    0.0001358906
   -4.5100000000   -0.0418301078    0.0001329576
   -4.5000000000   -0.0418902180    0.0001299491
   -4.4900000000   -0.0419505276    0.0001268625
   -4.4800000000   -0.0420110405    0.0001236951
   -4.4700000000   -0.0420717609    0.0001204443
   -4.4600000000   -0.0421326931    0.0001171071
   -4.4500000000   -0.0421938414    0.0001136805
   -4.4400000000   -0.0422552104    0.0001101615
   -4.4300000000   -0.0423168045    0.0001065469
   -4.4200000000   -0.0423786286    0.0001028333
   -4.4100000000   -0.0424406873    0.0000990173
   -4.4000000000   -0.0425029857    0.0000950952
   -4.3900000000   -0.0425655289    0.0000910632
   -4.3800000000   -0.0426283220    0.0000869175
   -4.3700000000   -0.0426913703    0.0000826540
   -4.3600000000   -0.0427546794    0.0000782683
   -4.3500000000   -0.0428182549    0.0000737561
   -4.3400000000   -0.0428821026    0.0000691128
   -4.3300000000   -0.0429462283    0.0000643335
   -4.3200000000   -0.0430106381    0.0000594131
   -4.3100000000   -0.0430753383    0.0000543466
   -4.3000000000   -0.0431403353    0.0000491284
   -4.2900000000   -0.0432056355    0.0000437527
   -4.2800000000   -0.0432712459    0.0000382138
   -4.2700000000   -0.0433371732    0.0000325052
   -4.2600000000   -0.0434034246    0.0000266206
   -4.2500000000   -0.0434700073    0.0000205531
   -4.2400000000   -0.0435369289    0.0000142958
   -4.2300000000   -0.0436041970    0.0000078411
   -4.2200000000   -0.0436718195    0.0000011813
   -4.2100000000   -0.0437398044   -0.0000056916
   -4.2000000000   -0.0438081601   -0.0000127862
   -4.1900000000   -0.0438768951   -0.0000201113
   -4.1800000000   -0.0439460180   -0.0000276761
   -4.1700000000   -0.0440155380   -0.0000354905
   -4.1600000000   -0.0440854641   -0.0000435645
   -4.1500000000   -0.0441558059   -0.0000519088
   -4.1400000000   -0.0442265729   -0.0000605347
   -4.1300000000   -0.0442977751   -0.0000694537
   -4.1200000000   -0.0443694226   -0.0000786783
   -4.1100000000   -0.0444415260   -0.0000882212
   -4.1000000000   -0.0445140958   -0.0000980960
   -4.0900000000   -0.0445871431   -0.0001083168
   -4.0800000000   -0.0446606789   -0.0001188987
   -4.0700000000   -0.0447347149   -0.0001298571
   -4.0600000000   -0.0448092627   -0.0001412085
   -4.0500000000   -0.0448843344   -0.0001529703
   -4.0400000000   -0.0449599423   -0.0001651604
   -4.0300000000   -0.0450360988   -0.0001777982
   -4.0200000000   -0.0451128168   -0.0001909035
   -4.0100000000   -0.0451901094   -0.0002044976
   -4.0000000000   -0.0452679900   -0.0002186027
   -3.9900000000   -0.0453464720   -0.0002332422
   -3.9800000000   -0.0454255694   -0.0002484407
   -3.9700000000   -0.0455052962   -0.0002642243
   -3.9600000000   -0.0455856667   -0.0002806204
   -3.9500000000   -0.0456666953   -0.0002976577
   -3.9400000000   -0.0457483968   -0.0003153669
   -3.9300000000   -0.0458307859   -0.0003337799
   -3.9200000000   -0.0459138777   -0.0003529306
   -3.9100000000   -0.0459976871   -0.0003728550
   -3.9000000000   -0.0460822293   -0.0003935906
   -3.8900000000   -0.0461675194   -0.0004151775
   -3.8800000000   -0.0462535725   -0.0004376578
   -3.8700000000   -0.0463404037   -0.0004610760
   -3.8600000000   -0.0464280279   -0.0004854791
   -3.8500000000   -0.0465164596   -0.0005109170
   -3.8400000000   -0.0466057131   -0.0005374423
   -3.8300000000   -0.0466958024   -0.0005651107
   -3.8200000000   -0.0467867409   -0.0005939810
   -3.8100000000   -0.0468785412   -0.0006241156
   -3.8000000000   -0.0469712153   -0.0006555804
   -3.7900000000   -0.0470647741   -0.0006884452
   -3.7800000000   -0.0471592274   -0.0007227839
   -3.7700000000   -0.0472545837   -0.0007586748
   -3.7600000000   -0.0473508496   -0.0007962006
   -3.7500000000   -0.0474480303   -0.0008354489
   -3.7400000000   -0.0475461284   -0.0008765127
   -3.7300000000   -0.0476451442   -0.0009194900
   -3.7200000000   -0.0477450750   -0.0009644849
   -3.7100000000   -0.0478459149   -0.0010116074
   -3.7000000000   -0.0479476540   -0.0010609738
   -3.6900000000   -0.0480502784   -0.0011127069
   -3.6800000000   -0.0481537641   -0.0011669335
   -3.6700000000   -0.0482580992   -0.0012238021
   -3.6600000000   -0.0483632400   -0.0012834461
   -3.6500000000   -0.0484691520   -0.0013460226
   -3.6400000000   -0.0485757884   -0.0014116926
   -3.6300000000   -0.0486830932   -0.0014806259
   -3.6200000000   -0.0487909996   -0.0015530009
   -3.6100000000   -0.0488994294   -0.0016290050
   -3.6000000000   -0.0490082909   -0.0017088344
   -3.5900000000   -0.0491174777   -0.0017926944
   -3.5800000000   -0.0492268665   -0.0018807992
   -3.5700000000   -0.0493363159   -0.0019733716
   -3.5600000000   -0.0494456634   -0.0020706426
   -3.5500000000   -0.0495547238   -0.0021728509
   -3.5400000000   -0.0496632863   -0.0022802420
   -3.5300000000   -0.0497711120   -0.0023930670
   -3.5200000000   -0.0498779308   -0.0025115812
   -3.5100000000   -0.0499834388   -0.0026360420
   -3.5000000000   -0.0500872945   -0.0027667068
   -3.4900000000   -0.0501891159   -0.0029038296
   -3.4800000000   -0.0502884772   -0.0030476581
   -3.4700000000   -0.0503849049   -0.0031984285
   -3.4600000000   -0.0504778749   -0.0033563613
   -3.4500000000   -0.0505668095   -0.0035216542
   -3.4400000000   -0.0506510743   -0.0036944761
   -3.4300000000   -0.0507299762   -0.0038749581
   -3.4200000000   -0.0508027620   -0.0040631845
   -3.4100000000   -0.0508686178   -0.0042591826
   -3.4000000000   -0.0509266701   -0.0044629105
   -3.3900000000   -0.0509759881   -0.0046742450
   -3.3800000000   -0.0510155884   -0.0048929675
   -3.3700000000   -0.0510444421   -0.0051187495
   -3.3600000000   -0.0510614849   -0.0053511382
   -3.3500000000   -0.0510656296   -0.0055895415
   -3.3400000000   -0.0510557834   -0.0058332141
   -3.3300000000   -0.0510308687   -0.0060812449
   -3.3200000000   -0.0509898468   -0.0063325469
   -3.3100000000   -0.0509317473   -0.0065858505
   -3.3000000000   -0.0508556993   -0.0068397012
   -3.2900000000   -0.0507609666   -0.0070924637
   -3.2800000000   -0.0506469841   -0.0073423314
   -3.2700000000   -0.0505133946   -0.0075873455
   -3.2600000000   -0.0503600848   -0.0078254210
   -3.2500000000   -0.0501872172   -0.0080543820
   -3.2400000000   -0.0499952569   -0.0082720054
   -3.2300000000   -0.0497849897   -0.0084760715
   -3.2200000000   -0.0495575313   -0.0086644206
   -3.2100000000   -0.0493143234   -0.0088350124
   -3.2000000000   -0.0490571179   -0.0089859866
   -3.1900000000   -0.0487879476   -0.0091157204
   -3.1800000000   -0.0485090841   -0.0092228793
   -3.1700000000   -0.0482229856   -0.0093064597
   -3.1600000000   -0.0479322349   -0.0093658190
   -3.1500000000   -0.0476394737   -0.0094006920
   -3.1400000000   -0.0473473338   -0.0094111927
   -3.1300000000   -0.0470583711   -0.0093978022
   -3.1200000000   -0.0467750044   -0.0093613428
   -3.1100000000   -0.0464994630   -0.0093029405
   -3.1000000000   -0.0462337439   -0.0092239801
   -3.0900000000   -0.0459795812   -0.0091260534
   -3.0800000000   -0.0457384270   -0.0090109054
   -3.0700000000   -0.0455114443   -0.0088803813
   -3.0600000000   -0.0452995099   -0.0087363748
   -3.0500000000   -0.0451032265   -0.0085807827
   -3.0400000000   -0.0449229416   -0.0084154644
   -3.0300000000   -0.0447587718   -0.0082422087
   -3.0200000000   -0.0446106298   -0.0080627076
   -3.0100000000   -0.0444782541   -0.0078785363
   -3.0000000000   -0.0443612376   -0.0076911412
   -2.9900000000   -0.0442590559   -0.0075018313
   -2.9800000000   -0.0441710941   -0.0073117768
   -2.9700000000   -0.0440966703   -0.0071220096
   -2.9600000000   -0.0440350574   -0.0069334284
   -2.9500000000   -0.0439855016   -0.0067468055
   -2.9400000000   -0.0439472374   -0.0065627945
   -2.9300000000   -0.0439195015   -0.0063819410
   -2.9200000000   -0.0439015427   -0.0062046912
   -2.9100000000   -0.0438926300   -0.0060314028
   -2.9000000000   -0.0438920593   -0.0058623546
   -2.8900000000   -0.0438991575   -0.0056977559
   -2.8800000000   -0.0439132860   -0.0055377554
   -2.8700000000   -0.0439338420   -0.0053824495
   -2.8600000000   -0.0439602599   -0.0052318896
   -2.8500000000   -0.0439920111   -0.0050860892
   -2.8400000000   -0.0440286038   -0.0049450297
   -2.8300000000   -0.0440695817   -0.0048086662
   -2.8200000000   -0.0441145230   -0.0046769318
   -2.8100000000   -0.0441630386   -0.0045497421
   -2.8000000000   -0.0442147706   -0.0044269984
   -2.7900000000   -0.0442693904   -0.0043085915
   -2.7800000000   -0.0443265969   -0.0041944036
   -2.7700000000   -0.0443861147   -0.0040843112
   -2.7600000000   -0.0444476921   -0.0039781866
   -2.7500000000   -0.0445110996   -0.0038758997
   -2.7400000000   -0.0445761282   -0.0037773194
   -2.7300000000   -0.0446425876   -0.0036823146
   -2.7200000000   -0.0447103048   -0.0035907552
   -2.7100000000   -0.0447791229   -0.0035025126
   -2.7000000000   -0.0448488993   -0.0034174609
   -2.6900000000   -0.0449195049   -0.0033354766
   -2.6800000000   -0.0449908228   -0.0032564394
   -2.6700000000   -0.0450627471   -0.0031802326
   -2.6600000000   -0.0451351823   -0.0031067429
   -2.6500000000   -0.0452080419   -0.0030358608
   -2.6400000000   -0.0452812481   -0.0029674807
   -2.6300000000   -0.0453547305   -0.0029015005
   -2.6200000000   -0.0454284259   -0.0028378224
   -2.6100000000   -0.0455022774   -0.0027763522
   -2.6000000000   -0.0455762338   -0.0027169993
   -2.5900000000   -0.0456502493   -0.0026596772
   -2.5800000000   -0.0457242828   -0.0026043025
   -2.5700000000   -0.0457982974   -0.0025507958
   -2.5600000000   -0.0458722604   -0.0024990808
   -2.5500000000   -0.0459461425   -0.0024490845
   -2.5400000000   -0.0460199176   -0.0024007372
   -2.5300000000   -0.0460935627   -0.0023539723
   -2.5200000000   -0.0461670572   -0.0023087259
   -2.5100000000   -0.0462403833   -0.0022649372
   -2.5000000000   -0.0463135249   -0.0022225479
   -2.4900000000   -0.0463864683   -0.0021815024
   -2.4800000000   -0.0464592015   -0.0021417477
   -2.4700000000   -0.0465317139   -0.0021032329
   -2.4600000000   -0.0466039966   -0.0020659096
   -2.4500000000   -0.0466760420   -0.0020297315
   -2.4400000000   -0.0467478435   -0.0019946542
   -2.4300000000   -0.0468193960   -0.0019606356
   -2.4200000000   -0.0468906949   -0.0019276353
   -2.4100000000   -0.0469617368   -0.0018956145
   -2.4000000000   -0.0470325189   -0.0018645365
   -2.3900000000   -0.0471030394   -0.0018343660
   -2.3800000000   -0.0471732967   -0.0018050692
   -2.3700000000   -0.0472432903   -0.0017766139
   -2.3600000000   -0.0473130199   -0.0017489693
   -2.3500000000   -0.0473824855   -0.0017221058
   -2.3400000000   -0.0474516880   -0.0016959953
   -2.3300000000   -0.0475206284   -0.0016706107
   -2.3200000000   -0.0475893079   -0.0016459262
   -2.3100000000   -0.0476577281   -0.0016219170
   -2.3000000000   -0.0477258911   -0.0015985594
   -2.2900000000   -0.0477937989   -0.0015758307
   -2.2800000000   -0.0478614539   -0.0015537092
   -2.2700000000   -0.0479288586   -0.0015321739
   -2.2600000000   -0.0479960155   -0.0015112050
   -2.2500000000   -0.0480629277   -0.0014907833
   -2.2400000000   -0.0481295979   -0.0014708904
   -2.2300000000   -0.0481960291   -0.0014515086
   -2.2200000000   -0.0482622245   -0.0014326211
   -2.2100000000   -0.0483281873   -0.0014142116
   -2.2000000000   -0.0483939207   -0.0013962646
   -2.1900000000   -0.0484594279   -0.0013787650
   -2.1800000000   -0.0485247123   -0.0013616986
   -2.1700000000   -0.0485897772   -0.0013450515
   -2.1600000000   -0.0486546260   -0.0013288104
   -2.1500000000   -0.0487192620   -0.0013129627
   -2.1400000000   -0.0487836886   -0.0012974959
   -2.1300000000   -0.0488479091   -0.0012823985
   -2.1200000000   -0.0489119271   -0.0012676589
   -2.1100000000   -0.0489757457   -0.0012532664
   -2.1000000000   -0.0490393684   -0.0012392103
   -2.0900000000   -0.0491027984   -0.0012254807
   -2.0800000000   -0.0491660391   -0.0012120677
   -2.0700000000   -0.0492290937   -0.0011989620
   -2.0600000000   -0.0492919654   -0.0011861546
   -2.0500000000   -0.0493546575   -0.0011736367
   -2.0400000000   -0.0494171732   -0.0011614000
   -2.0300000000   -0.0494795155   -0.0011494364
   -2.0200000000   -0.0495416876   -0.0011377381
   -2.0100000000   -0.0496036926   -0.0011262975
   -2.0000000000   -0.0496655334   -0.0011151075
   -1.9900000000   -0.0497272131   -0.0011041610
   -1.9800000000   -0.0497887346   -0.0010934513
   -1.9700000000   -0.0498501008   -0.0010829718
   -1.9600000000   -0.0499113146   -0.0010727163
   -1.9500000000   -0.0499723788   -0.0010626786
   -1.9400000000   -0.0500332961   -0.0010528530
   -1.9300000000   -0.0500940694   -0.0010432336
   -1.9200000000   -0.0501547012   -0.0010338151
   -1.9100000000   -0.0502151943   -0.0010245922
   -1.9000000000   -0.0502755512   -0.0010155596
   -1.8900000000   -0.0503357746   -0.0010067125
   -1.8800000000   -0.0503958669   -0.0009980461
   -1.8700000000   -0.0504558306   -0.0009895556
   -1.8600000000   -0.0505156683   -0.0009812367
   -1.8500000000   -0.0505753821   -0.0009730850
   -1.8400000000   -0.0506349746   -0.0009650963
   -1.8300000000   -0.0506944481   -0.0009572664
   -1.8200000000   -0.0507538047   -0.0009495915
   -1.8100000000   -0.0508130469   -0.0009420678
   -1.8000000000   -0.0508721767   -0.0009346915
   -1.7900000000   -0.0509311963   -0.0009274590
   -1.7800000000   -0.0509901079   -0.0009203669
   -1.7700000000   -0.0510489135   -0.0009134119
   -1.7600000000   -0.0511076152   -0.0009065905
   -1.7500000000   -0.0511662150   -0.0008998998
   -1.7400000000   -0.0512247150   -0.0008933365
   -1.7300000000   -0.0512831169   -0.0008868978
   -1.7200000000   -0.0513414228   -0.0008805806
   -1.7100000000   -0.0513996345   -0.0008743823
   -1.7000000000   -0.0514577539   -0.0008683001
   -1.6900000000   -0.0515157828   -0.0008623314
   -1.6800000000   -0.0515737230   -0.0008564735
   -1.6700000000   -0.0516315761   -0.0008507241
   -1.6600000000   -0.0516893440   -0.0008450806
   -1.6500000000   -0.0517470283   -0.0008395407
   -1.6400000000   -0.0518046307   -0.0008341022
   -1.6300000000   -0.0518621527   -0.0008287627
   -1.6200000000   -0.0519195961   -0.0008235203
   -1.6100000000   -0.0519769624   -0.0008183727
   -1.6000000000   -0.0520342531   -0.0008133179
   -1.5900000000   -0.0520914697   -0.0008083539
   -1.5800000000   -0.0521486137   -0.0008034789
   -1.5700000000   -0.0522056867   -0.0007986908
   -1.5600000000   -0.0522626900   -0.0007939880
   -1.5500000000   -0.0523196250   -0.0007893686
   -1.5400000000   -0.0523764932   -0.0007848309
   -1.5300000000   -0.0524332959   -0.0007803733
   -1.5200000000   -0.0524900345   -0.0007759940
   -1.5100000000   -0.0525467103   -0.0007716915
   -1.5000000000   -0.0526033245   -0.0007674642
   -1.4900000000   -0.0526598785   -0.0007633107
   -1.4800000000   -0.0527163735   -0.0007592294
   -1.4700000000   -0.0527728108   -0.0007552189
   -1.4600000000   -0.0528291915   -0.0007512779
   -1.4500000000   -0.0528855169   -0.0007474049
   -1.4400000000   -0.0529417881   -0.0007435987
   -1.4300000000   -0.0529980063   -0.0007398579
   -1.4200000000   -0.0530541726   -0.0007361813
   -1.4100000000   -0.0531102881   -0.0007325677
   -1.4000000000   -0.0531663540   -0.0007290158
   -1.3900000000   -0.0532223713   -0.0007255245
   -1.3800000000   -0.0532783411   -0.0007220927
   -1.3700000000   -0.0533342644   -0.0007187192
   -1.3600000000   -0.0533901423   -0.0007154030
   -1.3500000000   -0.0534459757   -0.0007121430
   -1.3400000000   -0.0535017657   -0.0007089382
   -1.3300000000   -0.0535575133   -0.0007057875
   -1.3200000000   -0.0536132193   -0.0007026900
   -1.3100000000   -0.0536688849   -0.0006996448
   -1.3000000000   -0.0537245108   -0.0006966508
   -1.2900000000   -0.0537800981   -0.0006937073
   -1.2800000000   -0.0538356476   -0.0006908132
   -1.2700000000   -0.0538911602   -0.0006879677
   -1.2600000000   -0.0539466368   -0.0006851700
   -1.2500000000   -0.0540020783   -0.0006824193
   -1.2400000000   -0.0540574855   -0.0006797146
   -1.2300000000   -0.0541128592   -0.0006770554
   -1.2200000000   -0.0541682004   -0.0006744406
   -1.2100000000   -0.0542235098   -0.0006718697
   -1.2000000000   -0.0542787881   -0.0006693418
   -1.1900000000   -0.0543340363   -0.0006668563
   -1.1800000000   -0.0543892551   -0.0006644124
   -1.1700000000   -0.0544444452   -0.0006620094
   -1.1600000000   -0.0544996074   -0.0006596467
   -1.1500000000   -0.0545547425   -0.0006573236
   -1.1400000000   -0.0546098512   -0.0006550395
   -1.1300000000   -0.0546649342   -0.0006527937
   -1.1200000000   -0.0547199923   -0.0006505856
   -1.1100000000   -0.0547750261   -0.0006484146
   -1.1000000000   -0.0548300363   -0.0006462802
   -1.0900000000   -0.0548850237   -0.0006441817
   -1.0800000000   -0.0549399888   -0.0006421185
   -1.0700000000   -0.0549949325   -0.0006400902
   -1.0600000000   -0.0550498553   -0.0006380962
   -1.0500000000   -0.0551047578   -0.0006361359
   -1.0400000000   -0.0551596408   -0.0006342088
   -1.0300000000   -0.0552145048   -0.0006323145
   -1.0200000000   -0.0552693506   -0.0006304524
   -1.0100000000   -0.0553241786   -0.0006286220
   -1.0000000000   -0.0553789895   -0.0006268229
   -0.9900000000   -0.0554337840   -0.0006250546
   -0.9800000000   -0.0554885625   -0.0006233167
   -0.9700000000   -0.0555433258   -0.0006216086
   -0.9600000000   -0.0555980743   -0.0006199300
   -0.9500000000   -0.0556528086   -0.0006182805
   -0.9400000000   -0.0557075294   -0.0006166595
   -0.9300000000   -0.0557622371   -0.0006150667
   -0.9200000000   -0.0558169323   -0.0006135017
   -0.9100000000   -0.0558716156   -0.0006119642
   -0.9000000000   -0.0559262875   -0.0006104536
   -0.8900000000   -0.0559809485   -0.0006089697
   -0.8800000000   -0.0560355991   -0.0006075120
   -0.8700000000   -0.0560902399   -0.0006060802
   -0.8600000000   -0.0561448714   -0.0006046739
   -0.8500000000   -0.0561994941   -0.0006032929
   -0.8400000000   -0.0562541085   -0.0006019367
   -0.8300000000   -0.0563087151   -0.0006006050
   -0.8200000000   -0.0563633143   -0.0005992974
   -0.8100000000   -0.0564179067   -0.0005980138
   -0.8000000000   -0.0564724927   -0.0005967536
   -0.7900000000   -0.0565270728   -0.0005955167
   -0.7800000000   -0.0565816475   -0.0005943028
   -0.7700000000   -0.0566362173   -0.0005931114
   -0.7600000000   -0.0566907825   -0.0005919424
   -0.7500000000   -0.0567453437   -0.0005907954
   -0.7400000000   -0.0567999014   -0.0005896702
   -0.7300000000   -0.0568544558   -0.0005885664
   -0.7200000000   -0.0569090076   -0.0005874839
   -0.7100000000   -0.0569635570   -0.0005864223
   -0.7000000000   -0.0570181047   -0.0005853814
   -0.6900000000   -0.0570726509   -0.0005843609
   -0.6800000000   -0.0571271961   -0.0005833606
   -0.6700000000   -0.0571817407   -0.0005823803
   -0.6600000000   -0.0572362852   -0.0005814196
   -0.6500000000   -0.0572908299   -0.0005804784
   -0.6400000000   -0.0573453752   -0.0005795564
   -0.6300000000   -0.0573999217   -0.0005786533
   -0.6200000000   -0.0574544695   -0.0005777691
   -0.6100000000   -0.0575090193   -0.0005769033
   -0.6000000000   -0.0575635712   -0.0005760560
   -0.5900000000   -0.0576181258   -0.0005752267
   -0.5800000000   -0.0576726834   -0.0005744153
   -0.5700000000   -0.0577272444   -0.0005736216
   -0.5600000000   -0.0577818092   -0.0005728455
   -0.5500000000   -0.0578363781   -0.0005720866
   -0.5400000000   -0.0578909516   -0.0005713448
   -0.5300000000   -0.0579455299   -0.0005706200
   -0.5200000000   -0.0580001135   -0.0005699118
   -0.5100000000   -0.0580547027   -0.0005692203
   -0.5000000000   -0.0581092979   -0.0005685451
   -0.4900000000   -0.0581638995   -0.0005678860
   -0.4800000000   -0.0582185077   -0.0005672430
   -0.4700000000   -0.0582731229   -0.0005666159
   -0.4600000000   -0.0583277456   -0.0005660044
   -0.4500000000   -0.0583823759   -0.0005654084
   -0.4400000000   -0.0584370144   -0.0005648278
   -0.4300000000   -0.0584916613   -0.0005642624
   -0.4200000000   -0.0585463169   -0.0005637120
   -0.4100000000   -0.0586009816   -0.0005631765
   -0.4000000000   -0.0586556557   -0.0005626557
   -0.3900000000   -0.0587103396   -0.0005621495
   -0.3800000000   -0.0587650336   -0.0005616577
   -0.3700000000   -0.0588197380   -0.0005611803
   -0.3600000000   -0.0588744531   -0.0005607170
   -0.3500000000   -0.0589291793   -0.0005602677
   -0.3400000000   -0.0589839169   -0.0005598323
   -0.3300000000   -0.0590386662   -0.0005594106
   -0.3200000000   -0.0590934274   -0.0005590026
   -0.3100000000   -0.0591482010   -0.0005586081
   -0.3000000000   -0.0592029873   -0.0005582269
   -0.2900000000   -0.0592577865   -0.0005578590
   -0.2800000000   -0.0593125989   -0.0005575041
   -0.2700000000   -0.0593674249   -0.0005571623
   -0.2600000000   -0.0594222648   -0.0005568334
   -0.2500000000   -0.0594771189   -0.0005565172
   -0.2400000000   -0.0595319874   -0.0005562137
   -0.2300000000   -0.0595868707   -0.0005559228
   -0.2200000000   -0.0596417691   -0.0005556442
   -0.2100000000   -0.0596966829   -0.0005553780
   -0.2000000000   -0.0597516123   -0.0005551240
   -0.1900000000   -0.0598065577   -0.0005548822
   -0.1800000000   -0.0598615193   -0.0005546523
   -0.1700000000   -0.0599164975   -0.0005544344
   -0.1600000000   -0.0599714925   -0.0005542282
   -0.1500000000   -0.0600265046   -0.0005540338
   -0.1400000000   -0.0600815342   -0.0005538511
   -0.1300000000   -0.0601365814   -0.0005536798
   -0.1200000000   -0.0601916466   -0.0005535200
   -0.1100000000   -0.0602467301   -0.0005533716
   -0.1000000000   -0.0603018321   -0.0005532344
   -0.0900000000   -0.0603569529   -0.0005531083
   -0.0800000000   -0.0604120929   -0.0005529934
   -0.0700000000   -0.0604672522   -0.0005528895
   -0.0600000000   -0.0605224312   -0.0005527965
   -0.0500000000   -0.0605776301   -0.0005527143
   -0.0400000000   -0.0606328492   -0.0005526429
   -0.0300000000   -0.0606880888   -0.0005525822
   -0.0200000000   -0.0607433492   -0.0005525321
   -0.0100000000   -0.0607986306   -0.0005524926
    0.0000000000   -0.0608539333   -0.0005524635
