  -20.0000000000    0.0916033743    0.0434778113
  -19.9900000000    0.0900726797    0.0438384758
  -19.9800000000    0.0885290890    0.0442451689
  -19.9700000000    0.0869724521    0.0446987253
  -19.9600000000    0.0854026085    0.0452001285
  -19.9500000000    0.0838193965    0.0457505155
  -19.9400000000    0.0822226616    0.0463511826
  -19.9300000000    0.0806122662    0.0470035915
  -19.9200000000    0.0789880993    0.0477093755
  -19.9100000000    0.0773500868    0.0484703475
  -19.9000000000    0.0756982035    0.0492885074
  -19.8900000000    0.0740324854    0.0501660513
  -19.8800000000    0.0723530436    0.0511053804
  -19.8700000000    0.0706600796    0.0521091113
  -19.8600000000    0.0689539030    0.0531800863
  -19.8500000000    0.0672349504    0.0543213852
  -19.8400000000    0.0655038075    0.0555363364
  -19.8300000000    0.0637612338    0.0568285292
  -19.8200000000    0.0620081901    0.0582018263
  -19.8100000000    0.0602458704    0.0596603758
  -19.8000000000    0.0584757372    0.0612086239
  -19.7900000000    0.0566995622    0.0628513256
  -19.7800000000    0.0549194717    0.0645935559
  -19.7700000000    0.0531379984    0.0664407186
  -19.7600000000    0.0513581396    0.0683985525
  -19.7500000000    0.0495834227    0.0704731351
  -19.7400000000    0.0478179794    0.0726708817
  -19.7300000000    0.0460666284    0.0749985387
  -19.7200000000    0.0443349675    0.0774631696
  -19.7100000000    0.0426294771    0.0800721316
  -19.7000000000    0.0409576340    0.0828330405
  -19.6900000000    0.0393280363    0.0857537205
  -19.6800000000    0.0377505405    0.0888421359
  -19.6700000000    0.0362364092    0.0921063001
  -19.6600000000    0.0347984689    0.0955541574
  -19.6500000000    0.0334512756    0.0991934319
  -19.6400000000    0.0322112862    0.1030314379
  -19.6300000000    0.0310970290    0.1070748436
  -19.6200000000    0.0301292691    0.1113293826
  -19.6100000000    0.0293311577    0.1157995040
  -19.6000000000    0.0287283545    0.1204879561
  -19.5900000000    0.0283491071    0.1253952949
  -19.5800000000    0.0282242671    0.1305193158
  -19.5700000000    0.0283872211    0.1358544064
  -19.5600000000    0.0288737057    0.1413908246
  -19.5500000000    0.0297214757    0.1471139143
  -19.5400000000    0.0309697907    0.1530032791
  -19.5300000000    0.0326586827    0.1590319477
  -19.5200000000    0.0348279738    0.1651655790
  -19.5100000000    0.0375160166    0.1713617710
  -19.5000000000    0.0407581481    0.1775695548
  -19.4900000000    0.0445848665    0.1837291706
  -19.4800000000    0.0490197724    0.1897722305
  -19.4700000000    0.0540773536    0.1956223747
  -19.4600000000    0.0597607353    0.2011965162
  -19.4500000000    0.0660595618    0.2064067350
  -19.4400000000    0.0729482106    0.2111628368
  -19.4300000000    0.0803845623    0.2153755206
  -19.4200000000    0.0883095416    0.2189600185
  -19.4100000000    0.0966476110    0.2218399901
  -19.4000000000    0.1053083204    0.2239513781
  -19.3900000000    0.1141889189    0.2252458930
  -19.3800000000    0.1231779096    0.2256937916
  -19.3700000000    0.1321593129    0.2252856610
  -19.3600000000    0.1410173052    0.2240330150
  -19.3500000000    0.1496408510    0.2219676353
  -19.3400000000    0.1579279425    0.2191397299
  -19.3300000000    0.1657899533    0.2155380754
  -19.3200000000    0.1731508684    0.2113947208
  -19.3100000000    0.1799537920    0.2067186074
  -19.3000000000    0.1861580480    0.2016001017
  -19.2900000000    0.1917395074    0.1961302195
  -19.2800000000    0.1966893122    0.1903974688
  -19.2700000000    0.2010120516    0.1844853088
  -19.2600000000    0.2047236120    0.1784702792
  -19.2500000000    0.2078489031    0.1724207818
  -19.2400000000    0.2104196256    0.1663964503
  -19.2300000000    0.2124722006    0.1604480139
  -19.2200000000    0.2140459380    0.1546175456
  -19.2100000000    0.2151814852    0.1489389915
  -19.2000000000    0.2159195643    0.1434388836
  -19.1900000000    0.2162999867    0.1381371559
  -19.1800000000    0.2163609196    0.1330480016
  -19.1700000000    0.2161383718    0.1281807228
  -19.1600000000    0.2156658635    0.1235405401
  -19.1500000000    0.2149742476    0.1191293422
  -19.1400000000    0.2140916500    0.1149463628
  -19.1300000000    0.2130435024    0.1109887796
  -19.1200000000    0.2118526454    0.1072522341
  -19.1100000000    0.2105394818    0.1037312746
  -19.1000000000    0.2091221636    0.1004197271
  -19.0900000000    0.2076168003    0.0973109967
  -19.0800000000    0.2060376771    0.0943983085
  -19.0700000000    0.2043974727    0.0916748929
  -19.0600000000    0.2027074716    0.0891341222
  -19.0500000000    0.2009777643    0.0867696072
  -19.0400000000    0.1992174319    0.0845752604
  -19.0300000000    0.1974347144    0.0825453316
  -19.0200000000    0.1956371623    0.0806744249
  -19.0100000000    0.1938317716    0.0789574978
  -19.0000000000    0.1920251052    0.0773898512
  -18.9900000000    0.1902234024    0.0759671080
  -18.9800000000    0.1884326784    0.0746851863
  -18.9700000000    0.1866588160    0.0735402637
  -18.9600000000    0.1849076511    0.0725287353
  -18.9500000000    0.1831850529    0.0716471632
  -18.9400000000    0.1814969979    0.0708922157
  -18.9300000000    0.1798496397    0.0702605962
  -18.9200000000    0.1782493696    0.0697489585
  -18.9100000000    0.1767028692    0.0693538079
  -18.9000000000    0.1752171496    0.0690713871
  -18.8900000000    0.1737995740    0.0688975453
  -18.8800000000    0.1724578593    0.0688275917
  -18.8700000000    0.1712000491    0.0688561344
  -18.8600000000    0.1700344538    0.0689769076
  -18.8500000000    0.1689695489    0.0691825920
  -18.8400000000    0.1680138263    0.0694646373
  -18.8300000000    0.1671755914    0.0698130955
  -18.8200000000    0.1664627026    0.0702164807
  -18.8100000000    0.1658822529    0.0706616703
  -18.8000000000    0.1654401961    0.0711338694
  -18.7900000000    0.1651409281    0.0716166567
  -18.7800000000    0.1649868416    0.0720921344
  -18.7700000000    0.1649778778    0.0725411982
  -18.7600000000    0.1651111111    0.0729439392
  -18.7500000000    0.1653804059    0.0732801784
  -18.7400000000    0.1657761897    0.0735301212
  -18.7300000000    0.1662853869    0.0736751031
  -18.7200000000    0.1668915452    0.0736983833
  -18.7100000000    0.1675751796    0.0735859250
  -18.7000000000    0.1683143296    0.0733270964
  -18.6900000000    0.1690853084    0.0729152237
  -18.6800000000    0.1698635952    0.0723479375
  -18.6700000000    0.1706247997    0.0716272725
  -18.6600000000    0.1713456235    0.0707595074
  -18.6500000000    0.1720047342    0.0697547604
  -18.6400000000    0.1725834875    0.0686263804
  -18.6300000000    0.1730664459    0.0673901978
  -18.6200000000    0.1734416735    0.0660637033
  -18.6100000000    0.1737008069    0.0646652275
  -18.6000000000    0.1738389288    0.0632131808
  -18.5900000000    0.1738542820    0.0617253991
  -18.5800000000    0.1737478721    0.0602186234
  -18.5700000000    0.1735230056    0.0587081223
  -18.5600000000    0.1731848073    0.0572074527
  -18.5500000000    0.1727397504    0.0557283447
  -18.5400000000    0.1721952251    0.0542806881
  -18.5300000000    0.1715591605    0.0528725985
  -18.5200000000    0.1708397085    0.0515105384
  -18.5100000000    0.1700449894    0.0501994752
  -18.5000000000    0.1691828968    0.0489430563
  -18.4900000000    0.1682609558    0.0477437912
  -18.4800000000    0.1672862257    0.0466032272
  -18.4700000000    0.1662652409    0.0455221162
  -18.4600000000    0.1652039810    0.0445005654
  -18.4500000000    0.1641078645    0.0435381714
  -18.4400000000    0.1629817583    0.0426341375
  -18.4300000000    0.1618300004    0.0417873739
  -18.4200000000    0.1606564297    0.0409965819
  -18.4100000000    0.1594644205    0.0402603245
  -18.4000000000    0.1582569203    0.0395770840
  -18.3900000000    0.1570364873    0.0389453092
  -18.3800000000    0.1558053278    0.0383634526
  -18.3700000000    0.1545653317    0.0378300006
  -18.3600000000    0.1533181068    0.0373434966
  -18.3500000000    0.1520650098    0.0369025593
  -18.3400000000    0.1508071754    0.0365058962
  -18.3300000000    0.1495455430    0.0361523137
  -18.3200000000    0.1482808804    0.0358407253
  -18.3100000000    0.1470138061    0.0355701564
  -18.3000000000    0.1457448088    0.0353397482
  -18.2900000000    0.1444742654    0.0351487607
  -18.2800000000    0.1432024568    0.0349965743
  -18.2700000000    0.1419295829    0.0348826909
  -18.2600000000    0.1406557757    0.0348067348
  -18.2500000000    0.1393811114    0.0347684538
  -18.2400000000    0.1381056218    0.0347677192
  -18.2300000000    0.1368293047    0.0348045275
  -18.2200000000    0.1355521340    0.0348790007
  -18.2100000000    0.1342740689    0.0349913880
  -18.2000000000    0.1329950633    0.0351420672
  -18.1900000000    0.1317150752    0.0353315472
  -18.1800000000    0.1304340756    0.0355604699
  -18.1700000000    0.1291520582    0.0358296132
  -18.1600000000    0.1278690495    0.0361398948
  -18.1500000000    0.1265851187    0.0364923752
  -18.1400000000    0.1253003898    0.0368882625
  -18.1300000000    0.1240150533    0.0373289167
  -18.1200000000    0.1227293798    0.0378158545
  -18.1100000000    0.1214437348    0.0383507548
  -18.1000000000    0.1201585952    0.0389354636
  -18.0900000000    0.1188745679    0.0395720001
  -18.0800000000    0.1175924101    0.0402625614
  -18.0700000000    0.1163130527    0.0410095277
  -18.0600000000    0.1150376263    0.0418154669
  -18.0500000000    0.1137674906    0.0426831380
  -18.0400000000    0.1125042669    0.0436154935
  -18.0300000000    0.1112498756    0.0446156795
  -18.0200000000    0.1100065772    0.0456870340
  -18.0100000000    0.1087770191    0.0468330814
  -18.0000000000    0.1075642866    0.0480575231
  -17.9900000000    0.1063719611    0.0493642223
  -17.9800000000    0.1052041823    0.0507571827
  -17.9700000000    0.1040657188    0.0522405185
  -17.9600000000    0.1029620425    0.0538184133
  -17.9500000000    0.1018994107    0.0554950675
  -17.9400000000    0.1008849523    0.0572746289
  -17.9300000000    0.0999267581    0.0591611063
  -17.9200000000    0.0990339736    0.0611582598
  -17.9100000000    0.0982168904    0.0632694661
  -17.9000000000    0.0974870342    0.0654975543
  -17.8900000000    0.0968572415    0.0678446079
  -17.8800000000    0.0963417210    0.0703117294
  -17.8700000000    0.0959560885    0.0728987650
  -17.8600000000    0.0957173653    0.0756039863
  -17.8500000000    0.0956439267    0.0784237310
  -17.8400000000    0.0957553839    0.0813520041
  -17.8300000000    0.0960723828    0.0843800477
  -17.8200000000    0.0966162995    0.0874958923
  -17.8100000000    0.0974088146    0.0906839095
  -17.8000000000    0.0984713476    0.0939243925
  -17.7900000000    0.0998243419    0.0971932038
  -17.7800000000    0.1014863943    0.1004615335
  -17.7700000000    0.1034732400    0.1036958217
  -17.7600000000    0.1057966187    0.1068579038
  -17.7500000000    0.1084630699    0.1099054333
  -17.7400000000    0.1114727289    0.1127926297
  -17.7300000000    0.1148182152    0.1154713814
  -17.7200000000    0.1184837285    0.1178927014
  -17.7100000000    0.1224444684    0.1200084973
  -17.7000000000    0.1266664933    0.1217735741
  -17.6900000000    0.1311071072    0.1231477397
  -17.6800000000    0.1357158197    0.1240978538
  -17.6700000000    0.1404358678    0.1245996369
  -17.6600000000    0.1452062222    0.1246390640
  -17.6500000000    0.1499639404    0.1242131978
  -17.6400000000    0.1546466793    0.1233303704
  -17.6300000000    0.1591951604    0.1220096939
  -17.6200000000    0.1635553864    0.1202799521
  -17.6100000000    0.1676804400    0.1181779916
  -17.6000000000    0.1715317557    0.1157467745
  -17.5900000000    0.1750798133    0.1130332751
  -17.5800000000    0.1783042733    0.1100863962
  -17.5700000000    0.1811936169    0.1069550532
  -17.5600000000    0.1837443981    0.1036865339
  -17.5500000000    0.1859602231    0.1003251983
  -17.5400000000    0.1878505768    0.0969115367
  -17.5300000000    0.1894296006    0.0934815741
  -17.5200000000    0.1907149069    0.0900665809
  -17.5100000000    0.1917264882    0.0866930374
  -17.5000000000    0.1924857616    0.0833827943
  -17.4900000000    0.1930147641    0.0801533728
  -17.4800000000    0.1933355026    0.0770183542
  -17.4700000000    0.1934694509    0.0739878167
  -17.4600000000    0.1934371768    0.0710687872
  -17.4500000000    0.1932580825    0.0682656846
  -17.4400000000    0.1929502385    0.0655807375
  -17.4300000000    0.1925302918    0.0630143672
  -17.4200000000    0.1920134315    0.0605655321
  -17.4100000000    0.1914133979    0.0582320297
  -17.4000000000    0.1907425231    0.0560107609
  -17.3900000000    0.1900117933    0.0538979562
  -17.3800000000    0.1892309256    0.0518893701
  -17.3700000000    0.1884084549    0.0499804448
  -17.3600000000    0.1875518263    0.0481664486
  -17.3500000000    0.1866674914    0.0464425908
  -17.3400000000    0.1857610052    0.0448041159
  -17.3300000000    0.1848371235    0.0432463786
  -17.3200000000    0.1838998983    0.0417649015
  -17.3100000000    0.1829527701    0.0403554164
  -17.3000000000    0.1819986550    0.0390138912
  -17.2900000000    0.1810400258    0.0377365430
  -17.2800000000    0.1800789850    0.0365198411
  -17.2700000000    0.1791173289    0.0353604996
  -17.2600000000    0.1781566024    0.0342554643
  -17.2500000000    0.1771981441    0.0332018951
  -17.2400000000    0.1762431224    0.0321971463
  -17.2300000000    0.1752925639    0.0312387456
  -17.2200000000    0.1743473749    0.0303243759
  -17.2100000000    0.1734083569    0.0294518572
  -17.2000000000    0.1724762184    0.0286191319
  -17.1900000000    0.1715515840    0.0278242522
  -17.1800000000    0.1706350004    0.0270653705
  -17.1700000000    0.1697269424    0.0263407312
  -17.1600000000    0.1688278171    0.0256486645
  -17.1500000000    0.1679379689    0.0249875821
  -17.1400000000    0.1670576835    0.0243559730
  -17.1300000000    0.1661871922    0.0237524008
  -17.1200000000    0.1653266765    0.0231755009
  -17.1100000000    0.1644762728    0.0226239785
  -17.1000000000    0.1636360762    0.0220966060
  -17.0900000000    0.1628061456    0.0215922213
  -17.0800000000    0.1619865076    0.0211097253
  -17.0700000000    0.1611771609    0.0206480796
  -17.0600000000    0.1603780800    0.0202063048
  -17.0500000000    0.1595892197    0.0197834771
  -17.0400000000    0.1588105178    0.0193787268
  -17.0300000000    0.1580418992    0.0189912354
  -17.0200000000    0.1572832789    0.0186202332
  -17.0100000000    0.1565345649    0.0182649965
  -17.0000000000    0.1557956613    0.0179248454
  -16.9900000000    0.1550664707    0.0175991407
  -16.9800000000    0.1543468971    0.0172872815
  -16.9700000000    0.1536368480    0.0169887023
  -16.9600000000    0.1529362366    0.0167028699
  -16.9500000000    0.1522449845    0.0164292805
  -16.9400000000    0.1515630231    0.0161674567
  -16.9300000000    0.1508902956    0.0159169433
  -16.9200000000    0.1502267586    0.0156773043
  -16.9100000000    0.1495723838    0.0154481183
  -16.9000000000    0.1489271581    0.0152289745
  -16.8900000000    0.1482910849    0.0150194676
  -16.8800000000    0.1476641835    0.0148191926
  -16.8700000000    0.1470464884    0.0146277395
  -16.8600000000    0.1464380473    0.0144446873
  -16.8500000000    0.1458389179    0.0142695982
  -16.8400000000    0.1452491635    0.0141020116
  -16.8300000000    0.1446688471    0.0139414389
  -16.8200000000    0.1440980237    0.0137873587
  -16.8100000000    0.1435367303    0.0136392135
  -16.8000000000    0.1429849756    0.0134964083
  -16.7900000000    0.1424427272    0.0133583123
  -16.7800000000    0.1419098987    0.0132242624
  -16.7700000000    0.1413863370    0.0130935721
  -16.7600000000    0.1408718106    0.0129655430
  -16.7500000000    0.1403660002    0.0128394808
  -16.7400000000    0.1398684938    0.0127147148
  -16.7300000000    0.1393787866    0.0125906186
  -16.7200000000    0.1388962862    0.0124666332
  -16.7100000000    0.1384203251    0.0123422873
  -16.7000000000    0.1379501786    0.0122172158
  -16.6900000000    0.1374850878    0.0120911719
  -16.6800000000    0.1370242853    0.0119640339
  -16.6700000000    0.1365670226    0.0118358041
  -16.6600000000    0.1361125954    0.0117066002
  -16.6500000000    0.1356603661    0.0115766416
  -16.6400000000    0.1352097804    0.0114462292
  -16.6300000000    0.1347603788    0.0113157241
  -16.6200000000    0.1343118006    0.0111855241
  -16.6100000000    0.1338637830    0.0110560419
  -16.6000000000    0.1334161552    0.0109276859
  -16.5900000000    0.1329688281    0.0108008438
  -16.5800000000    0.1325217830    0.0106758708
  -16.5700000000    0.1320750581    0.0105530810
  -16.5600000000    0.1316287353    0.0104327432
  -16.5500000000    0.1311829285    0.0103150789
  -16.5400000000    0.1307377723    0.0102002631
  -16.5300000000    0.1302934125    0.0100884273
  -16.5200000000    0.1298499991    0.0099796628
  -16.5100000000    0.1294076796    0.0098740253
  -16.5000000000    0.1289665951    0.0097715398
  -16.4900000000    0.1285268768    0.0096722051
  -16.4800000000    0.1280886443    0.0095759984
  -16.4700000000    0.1276520039    0.0094828794
  -16.4600000000    0.1272170487    0.0093927938
  -16.4500000000    0.1267838582    0.0093056770
  -16.4400000000    0.1263524991    0.0092214564
  -16.4300000000    0.1259230257    0.0091400540
  -16.4200000000    0.1254954808    0.0090613883
  -16.4100000000    0.1250698965    0.0089853758
  -16.4000000000    0.1246462957    0.0089119324
  -16.3900000000    0.1242246923    0.0088409744
  -16.3800000000    0.1238050926    0.0087724193
  -16.3700000000    0.1233874961    0.0087061862
  -16.3600000000    0.1229718963    0.0086421966
  -16.3500000000    0.1225582814    0.0085803743
  -16.3400000000    0.1221466351    0.0085206463
  -16.3300000000    0.1217369370    0.0084629420
  -16.3200000000    0.1213291635    0.0084071941
  -16.3100000000    0.1209232879    0.0083533381
  -16.3000000000    0.1205192812    0.0083013126
  -16.2900000000    0.1201171122    0.0082510591
  -16.2800000000    0.1197167481    0.0082025219
  -16.2700000000    0.1193181545    0.0081556481
  -16.2600000000    0.1189212961    0.0081103875
  -16.2500000000    0.1185261362    0.0080666923
  -16.2400000000    0.1181326378    0.0080245174
  -16.2300000000    0.1177407631    0.0079838200
  -16.2200000000    0.1173504738    0.0079445594
  -16.2100000000    0.1169617314    0.0079066972
  -16.2000000000    0.1165744972    0.0078701968
  -16.1900000000    0.1161887323    0.0078350239
  -16.1800000000    0.1158043980    0.0078011457
  -16.1700000000    0.1154214552    0.0077685313
  -16.1600000000    0.1150398653    0.0077371513
  -16.1500000000    0.1146595897    0.0077069782
  -16.1400000000    0.1142805897    0.0076779857
  -16.1300000000    0.1139028273    0.0076501490
  -16.1200000000    0.1135262644    0.0076234446
  -16.1100000000    0.1131508631    0.0075978503
  -16.1000000000    0.1127765859    0.0075733453
  -16.0900000000    0.1124033956    0.0075499097
  -16.0800000000    0.1120312552    0.0075275249
  -16.0700000000    0.1116601279    0.0075061731
  -16.0600000000    0.1112899772    0.0074858379
  -16.0500000000    0.1109207672    0.0074665034
  -16.0400000000    0.1105524618    0.0074481551
  -16.0300000000    0.1101850254    0.0074307790
  -16.0200000000    0.1098184228    0.0074143622
  -16.0100000000    0.1094526188    0.0073988924
  -16.0000000000    0.1090875786    0.0073843582
  -15.9900000000    0.1087232677    0.0073707489
  -15.9800000000    0.1083596516    0.0073580547
  -15.9700000000    0.1079966963    0.0073462663
  -15.9600000000    0.1076343679    0.0073353750
  -15.9500000000    0.1072726326    0.0073253731
  -15.9400000000    0.1069114570    0.0073162532
  -15.9300000000    0.1065508076    0.0073080086
  -15.9200000000    0.1061906513    0.0073006333
  -15.9100000000    0.1058309551    0.0072941218
  -15.9000000000    0.1054716862    0.0072884692
  -15.8900000000    0.1051128117    0.0072836710
  -15.8800000000    0.1047542990    0.0072797236
  -15.8700000000    0.1043961156    0.0072766235
  -15.8600000000    0.1040382290    0.0072743679
  -15.8500000000    0.1036806068    0.0072729547
  -15.8400000000    0.1033232169    0.0072723819
  -15.8300000000    0.1029660268    0.0072726485
  -15.8200000000    0.1026090043    0.0072737534
  -15.8100000000    0.1022521173    0.0072756965
  -15.8000000000    0.1018953335    0.0072784778
  -15.7900000000    0.1015386208    0.0072820981
  -15.7800000000    0.1011819469    0.0072865583
  -15.7700000000    0.1008252795    0.0072918601
  -15.7600000000    0.1004685863    0.0072980055
  -15.7500000000    0.1001118351    0.0073049969
  -15.7400000000    0.0997549932    0.0073128373
  -15.7300000000    0.0993980282    0.0073215302
  -15.7200000000    0.0990409075    0.0073310792
  -15.7100000000    0.0986835982    0.0073414889
  -15.7000000000    0.0983260676    0.0073527639
  -15.6900000000    0.0979682825    0.0073649095
  -15.6800000000    0.0976102097    0.0073779314
  -15.6700000000    0.0972518160    0.0073918359
  -15.6600000000    0.0968930677    0.0074066295
  -15.6500000000    0.0965339310    0.0074223194
  -15.6400000000    0.0961743720    0.0074389133
  -15.6300000000    0.0958143564    0.0074564192
  -15.6200000000    0.0954538497    0.0074748458
  -15.6100000000    0.0950928173    0.0074942022
  -15.6000000000    0.0947312241    0.0075144981
  -15.5900000000    0.0943690346    0.0075357435
  -15.5800000000    0.0940062134    0.0075579493
  -15.5700000000    0.0936427245    0.0075811265
  -15.5600000000    0.0932785314    0.0076052870
  -15.5500000000    0.0929135975    0.0076304432
  -15.5400000000    0.0925478858    0.0076566079
  -15.5300000000    0.0921813587    0.0076837947
  -15.5200000000    0.0918139784    0.0077120177
  -15.5100000000    0.0914457065    0.0077412915
  -15.5000000000    0.0910765042    0.0077716315
  -15.4900000000    0.0907063323    0.0078030537
  -15.4800000000    0.0903351510    0.0078355748
  -15.4700000000    0.0899629201    0.0078692120
  -15.4600000000    0.0895895986    0.0079039835
  -15.4500000000    0.0892151454    0.0079399079
  -15.4400000000    0.0888395183    0.0079770048
  -15.4300000000    0.0884626750    0.0080152943
  -15.4200000000    0.0880845722    0.0080547975
  -15.4100000000    0.0877051660    0.0080955362
  -15.4000000000    0.0873244122    0.0081375330
  -15.3900000000    0.0869422654    0.0081808115
  -15.3800000000    0.0865586798    0.0082253961
  -15.3700000000    0.0861736088    0.0082713119
  -15.3600000000    0.0857870051    0.0083185854
  -15.3500000000    0.0853988204    0.0083672436
  -15.3400000000    0.0850090058    0.0084173147
  -15.3300000000    0.0846175114    0.0084688281
  -15.3200000000    0.0842242865    0.0085218140
  -15.3100000000    0.0838292796    0.0085763038
  -15.3000000000    0.0834324381    0.0086323302
  -15.2900000000    0.0830337084    0.0086899269
  -15.2800000000    0.0826330361    0.0087491289
  -15.2700000000    0.0822303657    0.0088099724
  -15.2600000000    0.0818256406    0.0088724951
  -15.2500000000    0.0814188030    0.0089367360
  -15.2400000000    0.0810097943    0.0090027355
  -15.2300000000    0.0805985544    0.0090705353
  -15.2200000000    0.0801850221    0.0091401791
  -15.2100000000    0.0797691352    0.0092117118
  -15.2000000000    0.0793508297    0.0092851801
  -15.1900000000    0.0789300409    0.0093606324
  -15.1800000000    0.0785067023    0.0094381189
  -15.1700000000    0.0780807461    0.0095176917
  -15.1600000000    0.0776521031    0.0095994049
  -15.1500000000    0.0772207027    0.0096833144
  -15.1400000000    0.0767864725    0.0097694784
  -15.1300000000    0.0763493389    0.0098579574
  -15.1200000000    0.0759092263    0.0099488139
  -15.1100000000    0.0754660576    0.0100421129
  -15.1000000000    0.0750197540    0.0101379220
  -15.0900000000    0.0745702349    0.0102363112
  -15.0800000000    0.0741174176    0.0103373535
  -15.0700000000    0.0736612180    0.0104411243
  -15.0600000000    0.0732015496    0.0105477023
  -15.0500000000    0.0727383241    0.0106571692
  -15.0400000000    0.0722714512    0.0107696099
  -15.0300000000    0.0718008383    0.0108851125
  -15.0200000000    0.0713263908    0.0110037689
  -15.0100000000    0.0708480115    0.0111256744
  -15.0000000000    0.0703656014    0.0112509284
  -14.9900000000    0.0698790587    0.0113796342
  -14.9800000000    0.0693882792    0.0115118993
  -14.9700000000    0.0688931564    0.0116478356
  -14.9600000000    0.0683935810    0.0117875596
  -14.9500000000    0.0678894411    0.0119311929
  -14.9400000000    0.0673806221    0.0120788618
  -14.9300000000    0.0668670065    0.0122306982
  -14.9200000000    0.0663484740    0.0123868394
  -14.9100000000    0.0658253166    0.0125474288
  -14.9000000000    0.0652969677    0.0126920944
  -14.8900000000    0.0647629235    0.0128621238
  -14.8800000000    0.0642234509    0.0130370683
  -14.8700000000    0.0636784139    0.0132170979
  -14.8600000000    0.0631276733    0.0134023897
  -14.8500000000    0.0625710863    0.0135931289
  -14.8400000000    0.0620085068    0.0137895090
  -14.8300000000    0.0614397851    0.0139917322
  -14.8200000000    0.0608647677    0.0142000097
  -14.8100000000    0.0602832977    0.0144145628
  -14.8000000000    0.0596952140    0.0146356225
  -14.7900000000    0.0591003520    0.0148634309
  -14.7800000000    0.0584985430    0.0150982412
  -14.7700000000    0.0578896146    0.0153403187
  -14.7600000000    0.0572733902    0.0155899412
  -14.7500000000    0.0566496892    0.0158473998
  -14.7400000000    0.0560183269    0.0161129997
  -14.7300000000    0.0553791147    0.0163870608
  -14.7200000000    0.0547318598    0.0166699188
  -14.7100000000    0.0540763652    0.0169619258
  -14.7000000000    0.0534150245    0.0171812477
  -14.6900000000    0.0527424253    0.0174930821
  -14.6800000000    0.0520609720    0.0178152297
  -14.6700000000    0.0513704521    0.0181481190
  -14.6600000000    0.0506706491    0.0184922005
  -14.6500000000    0.0499613432    0.0188479481
  -14.6400000000    0.0492423111    0.0192158603
  -14.6300000000    0.0485133264    0.0195964617
  -14.6200000000    0.0477741599    0.0199903045
  -14.6100000000    0.0470245800    0.0203979707
  -14.6000000000    0.0462643527    0.0208200730
  -14.5900000000    0.0454932426    0.0212572577
  -14.5800000000    0.0447110133    0.0217102059
  -14.5700000000    0.0439174279    0.0221796362
  -14.5600000000    0.0431122497    0.0226663070
  -14.5500000000    0.0422952433    0.0231710187
  -14.5400000000    0.0414661755    0.0236946166
  -14.5300000000    0.0406248164    0.0242379938
  -14.5200000000    0.0397709406    0.0248020938
  -14.5100000000    0.0389043290    0.0253879145
  -14.5000000000    0.0380247702    0.0259965106
  -14.4900000000    0.0371320628    0.0266289983
  -14.4800000000    0.0362260171    0.0272865585
  -14.4700000000    0.0353064581    0.0279704414
  -14.4600000000    0.0343732284    0.0286819706
  -14.4500000000    0.0334261910    0.0294225480
  -14.4400000000    0.0324660452    0.0301301816
  -14.4300000000    0.0314910815    0.0309335057
  -14.4200000000    0.0305020633    0.0317706045
  -14.4100000000    0.0294989790    0.0326432461
  -14.4000000000    0.0284818618    0.0335533049
  -14.3900000000    0.0274507968    0.0345027684
  -14.3800000000    0.0264059289    0.0354937437
  -14.3700000000    0.0253474714    0.0365284653
  -14.3600000000    0.0242757163    0.0376093023
  -14.3500000000    0.0231910455    0.0387387662
  -14.3400000000    0.0220939436    0.0399195191
  -14.3300000000    0.0209850121    0.0411543816
  -14.3200000000    0.0198649862    0.0424463415
  -14.3100000000    0.0187347526    0.0437985618
  -14.3000000000    0.0175953704    0.0452143890
  -14.2900000000    0.0164480940    0.0466973611
  -14.2800000000    0.0152943998    0.0482512148
  -14.2700000000    0.0141360148    0.0498798923
  -14.2600000000    0.0129749499    0.0515875466
  -14.2500000000    0.0118135363    0.0533785462
  -14.2400000000    0.0106544668    0.0552574765
  -14.2300000000    0.0095008412    0.0572291400
  -14.2200000000    0.0083562176    0.0592985522
  -14.2100000000    0.0072246679    0.0614709341
  -14.2000000000    0.0061108410    0.0637516990
  -14.1900000000    0.0050200303    0.0661464331
  -14.1800000000    0.0039582489    0.0686608684
  -14.1700000000    0.0029323106    0.0713008452
  -14.1600000000    0.0019499177    0.0740722643
  -14.1500000000    0.0010197548    0.0769810238
  -14.1400000000    0.0001515874    0.0800329402
  -14.1300000000   -0.0006436343    0.0832336498
  -14.1200000000   -0.0013536705    0.0865884866
  -14.1100000000   -0.0019648861    0.0901023346
  -14.1000000000   -0.0024621496    0.0937794490
  -14.0900000000   -0.0028287395    0.0976232434
  -14.0800000000   -0.0030462666    0.1016360392
  -14.0700000000   -0.0030946180    0.1058187740
  -14.0600000000   -0.0029519331    0.1101706655
  -14.0500000000   -0.0025946245    0.1146888315
  -14.0400000000   -0.0019974557    0.1193678658
  -14.0300000000   -0.0011336932    0.1241993746
  -14.0200000000    0.0000246501    0.1291714809
  -14.0100000000    0.0015064620    0.1342683112
  -14.0000000000    0.0033410487    0.1394694822
  -13.9900000000    0.0055575085    0.1447496163
  -13.9800000000    0.0081839467    0.1500779180
  -13.9700000000    0.0112465275    0.1554178569
  -13.9600000000    0.0147683684    0.1607270043
  -13.9500000000    0.0187682941    0.1659570810
  -13.9400000000    0.0232594897    0.1710542707
  -13.9300000000    0.0282481078    0.1759598511
  -13.9200000000    0.0337319102    0.1806111839
  -13.9100000000    0.0396990404    0.1849430820
  -13.9000000000    0.0461270397    0.1888895468
  -13.8900000000    0.0529822248    0.1923858287
  -13.8800000000    0.0602195340    0.1953707281
  -13.8700000000    0.0677829317    0.1977890104
  -13.8600000000    0.0756064165    0.1995937786
  -13.8500000000    0.0836156331    0.2007486283
  -13.8400000000    0.0917300245    0.2012294087
  -13.8300000000    0.0998654075    0.2010254354
  -13.8200000000    0.1079368041    0.2001400457
  -13.8100000000    0.1158613318    0.1985904412
  -13.8000000000    0.1235609486    0.1964068348
  -13.7900000000    0.1309648652    0.1936309781
  -13.7800000000    0.1380114762    0.1903142023
  -13.7700000000    0.1446497152    0.1865151385
  -13.7600000000    0.1508397966    0.1822972953
  -13.7500000000    0.1565533656    0.1777266657
  -13.7400000000    0.1617731223    0.1728695076
  -13.7300000000    0.1664920182    0.1677904069
  -13.7200000000    0.1707121415    0.1625506918
  -13.7100000000    0.1744434074    0.1572072273
  -13.7000000000    0.1777021606    0.1518115841
  -13.6900000000    0.1805097831    0.1464095541
  -13.6800000000    0.1828913736    0.1410409637
  -13.6700000000    0.1848745507    0.1357397317
  -13.6600000000    0.1864884072    0.1305341135
  -13.6500000000    0.1877626276    0.1254470789
  -13.6400000000    0.1887267708    0.1204967750
  -13.6300000000    0.1894097065    0.1156970361
  -13.6200000000    0.1898391917    0.1110579068
  -13.6100000000    0.1900415691    0.1065861568
  -13.6000000000    0.1900415678    0.1022857701
  -13.5900000000    0.1898621888    0.0981583965
  -13.5800000000    0.1895246569    0.0942037616
  -13.5700000000    0.1890484242    0.0904200305
  -13.5600000000    0.1884512134    0.0868041270
  -13.5500000000    0.1877490870    0.0833520086
  -13.5400000000    0.1869565365    0.0800589016
  -13.5300000000    0.1860865830    0.0769194989
  -13.5200000000    0.1851508832    0.0739281257
  -13.5100000000    0.1841598378    0.0710788750
  -13.5000000000    0.1831226985    0.0683657192
  -13.4900000000    0.1820476715    0.0657825988
  -13.4800000000    0.1809420163    0.0633234943
  -13.4700000000    0.1798121376    0.0609824808
  -13.4600000000    0.1786636722    0.0587537712
  -13.4500000000    0.1775015682    0.0566317474
  -13.4400000000    0.1763301575    0.0546109838
  -13.4300000000    0.1751532229    0.0526862626
  -13.4200000000    0.1739740577    0.0508525840
  -13.4100000000    0.1727955202    0.0491051708
  -13.4000000000    0.1716200828    0.0474394709
  -13.3900000000    0.1704498760    0.0458511548
  -13.3800000000    0.1692867275    0.0443361129
  -13.3700000000    0.1681321975    0.0428904495
  -13.3600000000    0.1669876101    0.0415104764
  -13.3500000000    0.1658540812    0.0401927057
  -13.3400000000    0.1647325434    0.0389338413
  -13.3300000000    0.1636237681    0.0377307709
  -13.3200000000    0.1625283850    0.0365805569
  -13.3100000000    0.1614468996    0.0354804284
  -13.3000000000    0.1603797088    0.0344277719
  -13.2900000000    0.1593271140    0.0334201236
  -13.2800000000    0.1582893336    0.0324551606
  -13.2700000000    0.1572665139    0.0315306935
  -13.2600000000    0.1562587378    0.0306446585
  -13.2500000000    0.1552660339    0.0297951103
  -13.2400000000    0.1542883836    0.0289802149
  -13.2300000000    0.1533257272    0.0281982434
  -13.2200000000    0.1523779705    0.0274475654
  -13.2100000000    0.1514449890    0.0267266433
  -13.2000000000    0.1505266329    0.0260340266
  -13.1900000000    0.1496227308    0.0253683466
  -13.1800000000    0.1487330933    0.0247283116
  -13.1700000000    0.1478575159    0.0241127022
  -13.1600000000    0.1469957816    0.0235203667
  -13.1500000000    0.1461476635    0.0229502174
  -13.1400000000    0.1453129266    0.0224012262
  -13.1300000000    0.1444913298    0.0218724216
  -13.1200000000    0.1436826273    0.0213628848
  -13.1100000000    0.1428865699    0.0208717468
  -13.1000000000    0.1421029065    0.0203981851
  -13.0900000000    0.1413313848    0.0199414217
  -13.0800000000    0.1405717526    0.0195007193
  -13.0700000000    0.1398237580    0.0190753800
  -13.0600000000    0.1390871505    0.0186647422
  -13.0500000000    0.1383616814    0.0182681790
  -13.0400000000    0.1376471044    0.0178850958
  -13.0300000000    0.1369431760    0.0175149287
  -13.0200000000    0.1362496555    0.0171571426
  -13.0100000000    0.1355663058    0.0168112295
  -13.0000000000    0.1348928933    0.0164767072
  -12.9900000000    0.1342291882    0.0161531176
  -12.9800000000    0.1335749647    0.0158400253
  -12.9700000000    0.1329300010    0.0155370167
  -12.9600000000    0.1322940794    0.0152436985
  -12.9500000000    0.1316669864    0.0149596967
  -12.9400000000    0.1310485129    0.0146846553
  -12.9300000000    0.1304384540    0.0144182357
  -12.9200000000    0.1298366088    0.0141601157
  -12.9100000000    0.1292427809    0.0139099883
  -12.9000000000    0.1286567781    0.0136675612
  -12.8900000000    0.1280784122    0.0134325562
  -12.8800000000    0.1275074994    0.0132047080
  -12.8700000000    0.1269438598    0.0129837637
  -12.8600000000    0.1263873174    0.0127694825
  -12.8500000000    0.1258377003    0.0125616346
  -12.8400000000    0.1252948404    0.0123600011
  -12.8300000000    0.1247585733    0.0121643731
  -12.8200000000    0.1242287385    0.0119745514
  -12.8100000000    0.1237051790    0.0117903461
  -12.8000000000    0.1231877412    0.0116115759
  -12.7900000000    0.1226762751    0.0114380681
  -12.7800000000    0.1221706340    0.0112696577
  -12.7700000000    0.1216706745    0.0111061874
  -12.7600000000    0.1211762562    0.0109475073
  -12.7500000000    0.1206872421    0.0107934743
  -12.7400000000    0.1202034978    0.0106439519
  -12.7300000000    0.1197248920    0.0104988102
  -12.7200000000    0.1192512963    0.0103579252
  -12.7100000000    0.1187825848    0.0102211787
  -12.7000000000    0.1183186345    0.0100884583
  -12.6900000000    0.1178593247    0.0099596570
  -12.6800000000    0.1174045372    0.0098346727
  -12.6700000000    0.1169541564    0.0097134087
  -12.6600000000    0.1165080687    0.0095957728
  -12.6500000000    0.1160661629    0.0094816778
  -12.6400000000    0.1156283299    0.0093710406
  -12.6300000000    0.1151944625    0.0092637828
  -12.6200000000    0.1147644558    0.0091598300
  -12.6100000000    0.1143382065    0.0090591122
  -12.6000000000    0.1139156133    0.0089615631
  -12.5900000000    0.1134965766    0.0088671204
  -12.5800000000    0.1130809983    0.0087757257
  -12.5700000000    0.1126687823    0.0086873243
  -12.5600000000    0.1122598338    0.0086018651
  -12.5500000000    0.1118540594    0.0085193006
  -12.5400000000    0.1114513673    0.0084395868
  -12.5300000000    0.1110516669    0.0083626834
  -12.5200000000    0.1106548690    0.0082885533
  -12.5100000000    0.1102608857    0.0082171630
  -12.5000000000    0.1098696299    0.0081484823
  -12.4900000000    0.1094810159    0.0080824844
  -12.4800000000    0.1090949592    0.0080191460
  -12.4700000000    0.1087113759    0.0079584472
  -12.4600000000    0.1083301833    0.0079003715
  -12.4500000000    0.1079512996    0.0078449057
  -12.4400000000    0.1075746438    0.0077920404
  -12.4300000000    0.1072001358    0.0077417695
  -12.4200000000    0.1068276961    0.0076940905
  -12.4100000000    0.1064572460    0.0076490048
  -12.4000000000    0.1060887077    0.0076065173
  -12.3900000000    0.1057220039    0.0075666370
  -12.3800000000    0.1053570578    0.0075293765
  -12.3700000000    0.1049937936    0.0074947529
  -12.3600000000    0.1046321359    0.0074627872
  -12.3500000000    0.1042720098    0.0074335048
  -12.3400000000    0.1039133413    0.0074069359
  -12.3300000000    0.1035560568    0.0073831150
  -12.3200000000    0.1032000834    0.0073620819
  -12.3100000000    0.1028453489    0.0073438813
  -12.3000000000    0.1024917818    0.0073285633
  -12.2900000000    0.1021393112    0.0073161839
  -12.2800000000    0.1017878672    0.0073068046
  -12.2700000000    0.1014373807    0.0073004935
  -12.2600000000    0.1010877838    0.0072973252
  -12.2500000000    0.1007390093    0.0072973811
  -12.2400000000    0.1003909918    0.0073007502
  -12.2300000000    0.1000436669    0.0073075289
  -12.2200000000    0.0996969722    0.0073178224
  -12.2100000000    0.0993508470    0.0073317440
  -12.2000000000    0.0990052329    0.0073494169
  -12.1900000000    0.0986600739    0.0073709737
  -12.1800000000    0.0983153171    0.0073965577
  -12.1700000000    0.0979709128    0.0074263234
  -12.1600000000    0.0976268152    0.0074604370
  -12.1500000000    0.0972829832    0.0074990775
  -12.1400000000    0.0969393804    0.0075424373
  -12.1300000000    0.0965959769    0.0075907232
  -12.1200000000    0.0962527492    0.0076441572
  -12.1100000000    0.0959096821    0.0077029776
  -12.1000000000    0.0955667693    0.0077674400
  -12.0900000000    0.0952240149    0.0078378183
  -12.0800000000    0.0948814353    0.0079144060
  -12.0700000000    0.0945390604    0.0079975172
  -12.0600000000    0.0941969363    0.0080874881
  -12.0500000000    0.0938551271    0.0081846778
  -12.0400000000    0.0935137180    0.0082894698
  -12.0300000000    0.0931728178    0.0084022736
  -12.0200000000    0.0928325629    0.0085235249
  -12.0100000000    0.0924931209    0.0086536878
  -12.0000000000    0.0921546951    0.0087932550
  -11.9900000000    0.0918175298    0.0089427491
  -11.9800000000    0.0914819154    0.0091027227
  -11.9700000000    0.0911481954    0.0092737590
  -11.9600000000    0.0908167734    0.0094564713
  -11.9500000000    0.0904881213    0.0096515021
  -11.9400000000    0.0901627879    0.0098595216
  -11.9300000000    0.0898414097    0.0100812249
  -11.9200000000    0.0895247212    0.0103173283
  -11.9100000000    0.0892135676    0.0105685638
  -11.9000000000    0.0889089176    0.0108356718
  -11.8900000000    0.0886118780    0.0111193914
  -11.8800000000    0.0883237086    0.0114204483
  -11.8700000000    0.0880458376    0.0117395389
  -11.8600000000    0.0877798780    0.0120773104
  -11.8500000000    0.0875276430    0.0124343370
  -11.8400000000    0.0872911612    0.0128110901
  -11.8300000000    0.0870726888    0.0132079027
  -11.8200000000    0.0868747197    0.0136249274
  -11.8100000000    0.0866999902    0.0140620871
  -11.8000000000    0.0865514768    0.0145190184
  -11.7900000000    0.0864323844    0.0149950077
  -11.7800000000    0.0863461234    0.0154889209
  -11.7700000000    0.0862962703    0.0159991281
  -11.7600000000    0.0862865099    0.0165234256
  -11.7500000000    0.0863205561    0.0170589593
  -11.7400000000    0.0864020473    0.0176021546
  -11.7300000000    0.0865344152    0.0181486597
  -11.7200000000    0.0867207279    0.0186933102
  -11.7100000000    0.0869635072    0.0192301255
  -11.7000000000    0.0872645284    0.0197523462
  -11.6900000000    0.0876246100    0.0202525224
  -11.6800000000    0.0880434078    0.0207226604
  -11.6700000000    0.0885192309    0.0211544319
  -11.6600000000    0.0890488988    0.0215394430
  -11.6500000000    0.0896276619    0.0218695552
  -11.6400000000    0.0902492032    0.0221372405
  -11.6300000000    0.0909057352    0.0223359468
  -11.6200000000    0.0915881976    0.0224604439
  -11.6100000000    0.0922865496    0.0225071173
  -11.6000000000    0.0929901407    0.0224741820
  -11.5900000000    0.0936881314    0.0223617909
  -11.5800000000    0.0943699311    0.0221720279
  -11.5700000000    0.0950256151    0.0219087854
  -11.5600000000    0.0956462875    0.0215775394
  -11.5500000000    0.0962243638    0.0211850462
  -11.5400000000    0.0967537569    0.0207389914
  -11.5300000000    0.0972299620    0.0202476218
  -11.5200000000    0.0976500472    0.0197193917
  -11.5100000000    0.0980125638    0.0191626457
  -11.5000000000    0.0983173961    0.0185853547
  -11.4900000000    0.0985655709    0.0179949136
  -11.4800000000    0.0987590487    0.0173980013
  -11.4700000000    0.0989005114    0.0168004995
  -11.4600000000    0.0989931617    0.0162074612
  -11.4500000000    0.0990405420    0.0156231200
  -11.4400000000    0.0990463787    0.0150509297
  -11.4300000000    0.0990144537    0.0144936244
  -11.4200000000    0.0989485024    0.0139532919
  -11.4100000000    0.0988521371    0.0134314513
  -11.4000000000    0.0987287913    0.0129291328
  -11.3900000000    0.0985816836    0.0124469534
  -11.3800000000    0.0984137959    0.0119851876
  -11.3700000000    0.0982278638    0.0115438311
  -11.3600000000    0.0980263761    0.0111226573
  -11.3500000000    0.0978115809    0.0107212659
  -11.3400000000    0.0975854960    0.0103391250
  -11.3300000000    0.0973499231    0.0099756055
  -11.3200000000    0.0971064628    0.0096300104
  -11.3100000000    0.0968565313    0.0093015987
  -11.3000000000    0.0966013765    0.0089896040
  -11.2900000000    0.0963420940    0.0086932505
  -11.2800000000    0.0960796427    0.0084117640
  -11.2700000000    0.0958148589    0.0081443818
  -11.2600000000    0.0955484697    0.0078903593
  -11.2500000000    0.0952811053    0.0076489753
  -11.2400000000    0.0950133102    0.0074195351
  -11.2300000000    0.0947455527    0.0072013733
  -11.2200000000    0.0944782350    0.0069938551
  -11.2100000000    0.0942117001    0.0067963768
  -11.2000000000    0.0939462398    0.0066083661
  -11.1900000000    0.0936821009    0.0064292816
  -11.1800000000    0.0934194907    0.0062586122
  -11.1700000000    0.0931585821    0.0060958760
  -11.1600000000    0.0928995182    0.0059406194
  -11.1500000000    0.0926424158    0.0057924160
  -11.1400000000    0.0923873692    0.0056508647
  -11.1300000000    0.0921344529    0.0055155893
  -11.1200000000    0.0918837244    0.0053862364
  -11.1100000000    0.0916352266    0.0052624746
  -11.1000000000    0.0913889896    0.0051439929
  -11.0900000000    0.0911450325    0.0050304997
  -11.0800000000    0.0909033650    0.0049217215
  -11.0700000000    0.0906639889    0.0048174018
  -11.0600000000    0.0904268991    0.0047173001
  -11.0500000000    0.0901920845    0.0046211905
  -11.0400000000    0.0899595293    0.0045288614
  -11.0300000000    0.0897292132    0.0044401140
  -11.0200000000    0.0895011129    0.0043547617
  -11.0100000000    0.0892752018    0.0042726294
  -11.0000000000    0.0890514512    0.0041935524
  -10.9900000000    0.0888298303    0.0041173761
  -10.9800000000    0.0886103069    0.0040439551
  -10.9700000000    0.0883928476    0.0039731526
  -10.9600000000    0.0881774179    0.0039048400
  -10.9500000000    0.0879639830    0.0038388963
  -10.9400000000    0.0877525074    0.0037752072
  -10.9300000000    0.0875429553    0.0037136655
  -10.9200000000    0.0873352910    0.0036541698
  -10.9100000000    0.0871294789    0.0035966247
  -10.9000000000    0.0869254833    0.0035409400
  -10.8900000000    0.0867232690    0.0034870308
  -10.8800000000    0.0865228009    0.0034348166
  -10.8700000000    0.0863240445    0.0033842217
  -10.8600000000    0.0861269658    0.0033351742
  -10.8500000000    0.0859315313    0.0032876065
  -10.8400000000    0.0857377078    0.0032414543
  -10.8300000000    0.0855454629    0.0031966568
  -10.8200000000    0.0853547650    0.0031531565
  -10.8100000000    0.0851655827    0.0031108990
  -10.8000000000    0.0849778856    0.0030698325
  -10.7900000000    0.0847916438    0.0030299080
  -10.7800000000    0.0846068280    0.0029910790
  -10.7700000000    0.0844234097    0.0029533014
  -10.7600000000    0.0842413609    0.0029165333
  -10.7500000000    0.0840606544    0.0028807347
  -10.7400000000    0.0838812635    0.0028458678
  -10.7300000000    0.0837031623    0.0028118966
  -10.7200000000    0.0835263255    0.0027787869
  -10.7100000000    0.0833507283    0.0027465060
  -10.7000000000    0.0831763466    0.0027150228
  -10.6900000000    0.0830031569    0.0026843078
  -10.6800000000    0.0828311364    0.0026543327
  -10.6700000000    0.0826602626    0.0026250707
  -10.6600000000    0.0824905138    0.0025964960
  -10.6500000000    0.0823218687    0.0025685843
  -10.6400000000    0.0821543068    0.0025413120
  -10.6300000000    0.0819878079    0.0025146570
  -10.6200000000    0.0818223522    0.0024885978
  -10.6100000000    0.0816579208    0.0024631141
  -10.6000000000    0.0814944949    0.0024381863
  -10.5900000000    0.0813320564    0.0024137959
  -10.5800000000    0.0811705875    0.0023899249
  -10.5700000000    0.0810100710    0.0023665563
  -10.5600000000    0.0808504902    0.0023436737
  -10.5500000000    0.0806918285    0.0023212615
  -10.5400000000    0.0805340700    0.0022993045
  -10.5300000000    0.0803771991    0.0022777884
  -10.5200000000    0.0802212006    0.0022566994
  -10.5100000000    0.0800660598    0.0022360242
  -10.5000000000    0.0799117621    0.0022157501
  -10.4900000000    0.0797582934    0.0021958649
  -10.4800000000    0.0796056401    0.0021763568
  -10.4700000000    0.0794537888    0.0021572145
  -10.4600000000    0.0793027262    0.0021384273
  -10.4500000000    0.0791524398    0.0021199847
  -10.4400000000    0.0790029170    0.0021018768
  -10.4300000000    0.0788541457    0.0020840937
  -10.4200000000    0.0787061140    0.0020666264
  -10.4100000000    0.0785588103    0.0020494658
  -10.4000000000    0.0784122233    0.0020326034
  -10.3900000000    0.0782663421    0.0020160309
  -10.3800000000    0.0781211558    0.0019997403
  -10.3700000000    0.0779766538    0.0019837239
  -10.3600000000    0.0778328260    0.0019679743
  -10.3500000000    0.0776896622    0.0019524844
  -10.3400000000    0.0775471526    0.0019372473
  -10.3300000000    0.0774052877    0.0019222563
  -10.3200000000    0.0772640580    0.0019075050
  -10.3100000000    0.0771234544    0.0018929872
  -10.3000000000    0.0769834679    0.0018786969
  -10.2900000000    0.0768440897    0.0018646283
  -10.2800000000    0.0767053113    0.0018507759
  -10.2700000000    0.0765671243    0.0018371342
  -10.2600000000    0.0764295206    0.0018236980
  -10.2500000000    0.0762924919    0.0018104623
  -10.2400000000    0.0761560306    0.0017974222
  -10.2300000000    0.0760201289    0.0017845730
  -10.2200000000    0.0758847793    0.0017719101
  -10.2100000000    0.0757499745    0.0017594290
  -10.2000000000    0.0756157071    0.0017471255
  -10.1900000000    0.0754819703    0.0017349955
  -10.1800000000    0.0753487570    0.0017230349
  -10.1700000000    0.0752160605    0.0017112398
  -10.1600000000    0.0750838741    0.0016996064
  -10.1500000000    0.0749521914    0.0016881312
  -10.1400000000    0.0748210060    0.0016768105
  -10.1300000000    0.0746903116    0.0016656409
  -10.1200000000    0.0745601021    0.0016546190
  -10.1100000000    0.0744303716    0.0016437417
  -10.1000000000    0.0743011142    0.0016330058
  -10.0900000000    0.0741723240    0.0016224082
  -10.0800000000    0.0740439954    0.0016119460
  -10.0700000000    0.0739161230    0.0016016164
  -10.0600000000    0.0737887012    0.0015914164
  -10.0500000000    0.0736617247    0.0015813434
  -10.0400000000    0.0735351883    0.0015713948
  -10.0300000000    0.0734090869    0.0015615680
  -10.0200000000    0.0732834153    0.0015518605
  -10.0100000000    0.0731581688    0.0015422699
  -10.0000000000    0.0730333423    0.0015327939
   -9.9900000000    0.0729089312    0.0015234301
   -9.9800000000    0.0727849307    0.0015141763
   -9.9700000000    0.0726613363    0.0015050304
   -9.9600000000    0.0725381434    0.0014959903
   -9.9500000000    0.0724153476    0.0014870538
   -9.9400000000    0.0722929446    0.0014782190
   -9.9300000000    0.0721709300    0.0014694840
   -9.9200000000    0.0720492998    0.0014608468
   -9.9100000000    0.0719280496    0.0014523057
   -9.9000000000    0.0718071755    0.0014438587
   -9.8900000000    0.0716866735    0.0014355042
   -9.8800000000    0.0715665396    0.0014272405
   -9.8700000000    0.0714467700    0.0014190659
   -9.8600000000    0.0713273610    0.0014109787
   -9.8500000000    0.0712083086    0.0014029774
   -9.8400000000    0.0710896094    0.0013950604
   -9.8300000000    0.0709712597    0.0013872263
   -9.8200000000    0.0708532559    0.0013794736
   -9.8100000000    0.0707355946    0.0013718007
   -9.8000000000    0.0706182722    0.0013642065
   -9.7900000000    0.0705012855    0.0013566893
   -9.7800000000    0.0703846311    0.0013492481
   -9.7700000000    0.0702683057    0.0013418813
   -9.7600000000    0.0701523061    0.0013345879
   -9.7500000000    0.0700366291    0.0013273664
   -9.7400000000    0.0699212717    0.0013202158
   -9.7300000000    0.0698062307    0.0013131348
   -9.7200000000    0.0696915030    0.0013061223
   -9.7100000000    0.0695770858    0.0012991772
   -9.7000000000    0.0694629761    0.0012922982
   -9.6900000000    0.0693491709    0.0012854845
   -9.6800000000    0.0692356675    0.0012787349
   -9.6700000000    0.0691224630    0.0012720483
   -9.6600000000    0.0690095547    0.0012654238
   -9.6500000000    0.0688969398    0.0012588604
   -9.6400000000    0.0687846156    0.0012523571
   -9.6300000000    0.0686725796    0.0012459130
   -9.6200000000    0.0685608290    0.0012395271
   -9.6100000000    0.0684493614    0.0012331986
   -9.6000000000    0.0683381741    0.0012269266
   -9.5900000000    0.0682272647    0.0012207101
   -9.5800000000    0.0681166308    0.0012145484
   -9.5700000000    0.0680062698    0.0012084406
   -9.5600000000    0.0678961794    0.0012023859
   -9.5500000000    0.0677863573    0.0011963836
   -9.5400000000    0.0676768010    0.0011904328
   -9.5300000000    0.0675675084    0.0011845327
   -9.5200000000    0.0674584771    0.0011786827
   -9.5100000000    0.0673497048    0.0011728819
   -9.5000000000    0.0672411895    0.0011671297
   -9.4900000000    0.0671329288    0.0011614254
   -9.4800000000    0.0670249207    0.0011557683
   -9.4700000000    0.0669171631    0.0011501577
   -9.4600000000    0.0668096538    0.0011445929
   -9.4500000000    0.0667023907    0.0011390733
   -9.4400000000    0.0665953719    0.0011335983
   -9.4300000000    0.0664885953    0.0011281672
   -9.4200000000    0.0663820589    0.0011227794
   -9.4100000000    0.0662757608    0.0011174343
   -9.4000000000    0.0661696990    0.0011121313
   -9.3900000000    0.0660638716    0.0011068700
   -9.3800000000    0.0659582768    0.0011016495
   -9.3700000000    0.0658529126    0.0010964696
   -9.3600000000    0.0657477772    0.0010913294
   -9.3500000000    0.0656428688    0.0010862287
   -9.3400000000    0.0655381855    0.0010811667
   -9.3300000000    0.0654337257    0.0010761431
   -9.3200000000    0.0653294876    0.0010711572
   -9.3100000000    0.0652254693    0.0010662087
   -9.3000000000    0.0651216693    0.0010612969
   -9.2900000000    0.0650180857    0.0010564215
   -9.2800000000    0.0649147170    0.0010515819
   -9.2700000000    0.0648115615    0.0010467777
   -9.2600000000    0.0647086175    0.0010420084
   -9.2500000000    0.0646058834    0.0010372736
   -9.2400000000    0.0645033576    0.0010325729
   -9.2300000000    0.0644010386    0.0010279058
   -9.2200000000    0.0642989248    0.0010232719
   -9.2100000000    0.0641970145    0.0010186707
   -9.2000000000    0.0640953064    0.0010141019
   -9.1900000000    0.0639937989    0.0010095651
   -9.1800000000    0.0638924905    0.0010050598
   -9.1700000000    0.0637913797    0.0010005857
   -9.1600000000    0.0636904650    0.0009961424
   -9.1500000000    0.0635897450    0.0009917295
   -9.1400000000    0.0634892183    0.0009873467
   -9.1300000000    0.0633888835    0.0009829935
   -9.1200000000    0.0632995304    0.0008536225
   -9.1100000000    0.0631994251    0.0008505418
   -9.1000000000    0.0630995099    0.0008474762
   -9.0900000000    0.0629997834    0.0008444257
   -9.0800000000    0.0629002442    0.0008413900
   -9.0700000000    0.0628008909    0.0008383692
   -9.0600000000    0.0627017222    0.0008353630
   -9.0500000000    0.0626027366    0.0008323714
   -9.0400000000    0.0625039330    0.0008293942
   -9.0300000000    0.0624053099    0.0008264314
   -9.0200000000    0.0623068661    0.0008234828
   -9.0100000000    0.0622086002    0.0008205483
   -9.0000000000    0.0621105111    0.0008176278
   -8.9900000000    0.0620125973    0.0008147213
   -8.9800000000    0.0619148578    0.0008118285
   -8.9700000000    0.0618172912    0.0008089494
   -8.9600000000    0.0617198962    0.0008060840
   -8.9500000000    0.0616226718    0.0008032320
   -8.9400000000    0.0615256167    0.0008003934
   -8.9300000000    0.0614287297    0.0007975681
   -8.9200000000    0.0613320096    0.0007947560
   -8.9100000000    0.0612354553    0.0007919570
   -8.9000000000    0.0611390656    0.0007891710
   -8.8900000000    0.0610428393    0.0007863979
   -8.8800000000    0.0609467754    0.0007836376
   -8.8700000000    0.0608508727    0.0007808900
   -8.8600000000    0.0607551300    0.0007781550
   -8.8500000000    0.0606595464    0.0007754325
   -8.8400000000    0.0605641206    0.0007727225
   -8.8300000000    0.0604688517    0.0007700248
   -8.8200000000    0.0603737385    0.0007673393
   -8.8100000000    0.0602787800    0.0007646660
   -8.8000000000    0.0601839751    0.0007620048
   -8.7900000000    0.0600893227    0.0007593556
   -8.7800000000    0.0599948220    0.0007567183
   -8.7700000000    0.0599004717    0.0007540928
   -8.7600000000    0.0598062710    0.0007514790
   -8.7500000000    0.0597122187    0.0007488769
   -8.7400000000    0.0596183140    0.0007462863
   -8.7300000000    0.0595245558    0.0007437072
   -8.7200000000    0.0594309431    0.0007411395
   -8.7100000000    0.0593374749    0.0007385831
   -8.7000000000    0.0592441504    0.0007360380
   -8.6900000000    0.0591509685    0.0007335040
   -8.6800000000    0.0590579282    0.0007309811
   -8.6700000000    0.0589650287    0.0007284691
   -8.6600000000    0.0588722690    0.0007259682
   -8.6500000000    0.0587796483    0.0007234780
   -8.6400000000    0.0586871654    0.0007209987
   -8.6300000000    0.0585948197    0.0007185300
   -8.6200000000    0.0585026100    0.0007160719
   -8.6100000000    0.0584105357    0.0007136244
   -8.6000000000    0.0583185957    0.0007111874
   -8.5900000000    0.0582267891    0.0007087608
   -8.5800000000    0.0581351152    0.0007063445
   -8.5700000000    0.0580435730    0.0007039385
   -8.5600000000    0.0579521617    0.0007015427
   -8.5500000000    0.0578608804    0.0006991570
   -8.5400000000    0.0577697283    0.0006967813
   -8.5300000000    0.0576787045    0.0006944157
   -8.5200000000    0.0575878082    0.0006920599
   -8.5100000000    0.0574970385    0.0006897140
   -8.5000000000    0.0574063946    0.0006873779
   -8.4900000000    0.0573158758    0.0006850515
   -8.4800000000    0.0572254812    0.0006827348
   -8.4700000000    0.0571352099    0.0006804276
   -8.4600000000    0.0570450612    0.0006781300
   -8.4500000000    0.0569550343    0.0006758418
   -8.4400000000    0.0568651284    0.0006735631
   -8.4300000000    0.0567753428    0.0006712937
   -8.4200000000    0.0566856765    0.0006690335
   -8.4100000000    0.0565961289    0.0006667826
   -8.4000000000    0.0565066992    0.0006645408
   -8.3900000000    0.0564173866    0.0006623081
   -8.3800000000    0.0563281903    0.0006600845
   -8.3700000000    0.0562391097    0.0006578698
   -8.3600000000    0.0561501439    0.0006556641
   -8.3500000000    0.0560612922    0.0006534672
   -8.3400000000    0.0559725538    0.0006512791
   -8.3300000000    0.0558839281    0.0006490998
   -8.3200000000    0.0557954143    0.0006469291
   -8.3100000000    0.0557070117    0.0006447671
   -8.3000000000    0.0556187195    0.0006426137
   -8.2900000000    0.0555305370    0.0006404688
   -8.2800000000    0.0554424635    0.0006383323
   -8.2700000000    0.0553544983    0.0006362043
   -8.2600000000    0.0552666408    0.0006340847
   -8.2500000000    0.0551788901    0.0006319733
   -8.2400000000    0.0550912455    0.0006298702
   -8.2300000000    0.0550037065    0.0006277753
   -8.2200000000    0.0549162723    0.0006256886
   -8.2100000000    0.0548289422    0.0006236100
   -8.2000000000    0.0547417156    0.0006215395
   -8.1900000000    0.0546545917    0.0006194769
   -8.1800000000    0.0545675698    0.0006174223
   -8.1700000000    0.0544806494    0.0006153756
   -8.1600000000    0.0543938297    0.0006133368
   -8.1500000000    0.0543071101    0.0006113057
   -8.1400000000    0.0542204899    0.0006092825
   -8.1300000000    0.0541339684    0.0006072669
   -8.1200000000    0.0540475450    0.0006052590
   -8.1100000000    0.0539612191    0.0006032588
   -8.1000000000    0.0538749899    0.0006012661
   -8.0900000000    0.0537888569    0.0005992809
   -8.0800000000    0.0537028194    0.0005973033
   -8.0700000000    0.0536168767    0.0005953330
   -8.0600000000    0.0535310283    0.0005933702
   -8.0500000000    0.0534553653    0.0002980905
   -8.0400000000    0.0533696280    0.0002977265
   -8.0300000000    0.0532839855    0.0002973629
   -8.0200000000    0.0531984352    0.0002970000
   -8.0100000000    0.0531129765    0.0002966376
   -8.0000000000    0.0530276087    0.0002962757
   -7.9900000000    0.0529423312    0.0002959144
   -7.9800000000    0.0528571433    0.0002955537
   -7.9700000000    0.0527720445    0.0002951935
   -7.9600000000    0.0526870342    0.0002948338
   -7.9500000000    0.0526021117    0.0002944747
   -7.8400000000    0.0516766722    0.0000000000
   -7.8300000000    0.0515927507    0.0000000000
   -7.8200000000    0.0515089093    0.0000000000
   -7.8100000000    0.0514251474    0.0000000000
   -7.8000000000    0.0513414643    0.0000000000
   -7.7900000000    0.0512578596    0.0000000000
   -7.7800000000    0.0511743325    0.0000000000
   -7.7700000000    0.0510908826    0.0000000000
   -7.7600000000    0.0510075092    0.0000000000
   -7.7500000000    0.0509242118    0.0000000000
   -7.7400000000    0.0508409898    0.0000000000
   -7.7300000000    0.0507578426    0.0000000000
   -7.7200000000    0.0506747696    0.0000000000
   -7.7100000000    0.0505917703    0.0000000000
   -7.7000000000    0.0505088442    0.0000000000
   -7.6900000000    0.0504259905    0.0000000000
   -7.6800000000    0.0503432088    0.0000000000
   -7.6700000000    0.0502604985    0.0000000000
   -7.6600000000    0.0501778590    0.0000000000
   -7.6500000000    0.0500952897    0.0000000000
   -7.6400000000    0.0500127902    0.0000000000
   -7.6300000000    0.0499303597    0.0000000000
   -7.6200000000    0.0498479978    0.0000000000
   -7.6100000000    0.0497657039    0.0000000000
   -7.6000000000    0.0496834775    0.0000000000
   -7.5900000000    0.0496013178    0.0000000000
   -7.5800000000    0.0495192245    0.0000000000
   -7.5700000000    0.0494371969    0.0000000000
   -7.5600000000    0.0493552345    0.0000000000
   -7.5500000000    0.0492733367    0.0000000000
   -7.5400000000    0.0491915029    0.0000000000
   -7.5300000000    0.0491097327    0.0000000000
   -7.5200000000    0.0490280253    0.0000000000
   -7.5100000000    0.0489463804    0.0000000000
   -7.5000000000    0.0488647972    0.0000000000
   -7.4900000000    0.0487832753    0.0000000000
   -7.4800000000    0.0487018141    0.0000000000
   -7.4700000000    0.0486204129    0.0000000000
   -7.4600000000    0.0485390714    0.0000000000
   -7.4500000000    0.0484577889    0.0000000000
   -7.4400000000    0.0483765648    0.0000000000
   -7.4300000000    0.0482953985    0.0000000000
   -7.4200000000    0.0482142896    0.0000000000
   -7.4100000000    0.0481332375    0.0000000000
   -7.4000000000    0.0480522416    0.0000000000
   -7.3900000000    0.0479713013    0.0000000000
   -7.3800000000    0.0478904160    0.0000000000
   -7.3700000000    0.0478095853    0.0000000000
   -7.3600000000    0.0477288085    0.0000000000
   -7.3500000000    0.0476480851    0.0000000000
   -7.3400000000    0.0475674145    0.0000000000
   -7.3300000000    0.0474867962    0.0000000000
   -7.3200000000    0.0474062295    0.0000000000
   -7.3100000000    0.0473257140    0.0000000000
   -7.3000000000    0.0472452490    0.0000000000
   -7.2900000000    0.0471648339    0.0000000000
   -7.2800000000    0.0470844683    0.0000000000
   -7.2700000000    0.0470041515    0.0000000000
   -7.2600000000    0.0469238830    0.0000000000
   -7.2500000000    0.0468436621    0.0000000000
   -7.2400000000    0.0467634884    0.0000000000
   -7.2300000000    0.0466833612    0.0000000000
   -7.2200000000    0.0466032800    0.0000000000
   -7.2100000000    0.0465232441    0.0000000000
   -7.2000000000    0.0464432531    0.0000000000
   -7.1900000000    0.0463633062    0.0000000000
   -7.1800000000    0.0462834030    0.0000000000
   -7.1700000000    0.0462035428    0.0000000000
   -7.1600000000    0.0461237251    0.0000000000
   -7.1500000000    0.0460439493    0.0000000000
   -7.1400000000    0.0459642147    0.0000000000
   -7.1300000000    0.0458845208    0.0000000000
   -7.1200000000    0.0458048670    0.0000000000
   -7.1100000000    0.0457252527    0.0000000000
   -7.1000000000    0.0456456773    0.0000000000
   -7.0900000000    0.0455661402    0.0000000000
   -7.0800000000    0.0454866408    0.0000000000
   -7.0700000000    0.0454071785    0.0000000000
   -7.0600000000    0.0453277527    0.0000000000
   -7.0500000000    0.0452483627    0.0000000000
   -7.0400000000    0.0451690080    0.0000000000
   -7.0300000000    0.0450896879    0.0000000000
   -7.0200000000    0.0450104018    0.0000000000
   -7.0100000000    0.0449311491    0.0000000000
   -7.0000000000    0.0448519293    0.0000000000
   -6.9900000000    0.0447727415    0.0000000000
   -6.9800000000    0.0446935853    0.0000000000
   -6.9700000000    0.0446144600    0.0000000000
   -6.9600000000    0.0445353649    0.0000000000
   -6.9500000000    0.0444562994    0.0000000000
   -6.9400000000    0.0443772629    0.0000000000
   -6.9300000000    0.0442982547    0.0000000000
   -6.9200000000    0.0442192742    0.0000000000
   -6.9100000000    0.0441403207    0.0000000000
   -6.9000000000    0.0440613936    0.0000000000
   -6.8900000000    0.0439824922    0.0000000000
   -6.8800000000    0.0439036158    0.0000000000
   -6.8700000000    0.0438247638    0.0000000000
   -6.8600000000    0.0437459355    0.0000000000
   -6.8500000000    0.0436671302    0.0000000000
   -6.8400000000    0.0435883473    0.0000000000
   -6.8300000000    0.0435095860    0.0000000000
   -6.8200000000    0.0434308457    0.0000000000
   -6.8100000000    0.0433521257    0.0000000000
   -6.8000000000    0.0432734252    0.0000000000
   -6.7900000000    0.0431947437    0.0000000000
   -6.7800000000    0.0431160803    0.0000000000
   -6.7700000000    0.0430374343    0.0000000000
   -6.7600000000    0.0429588051    0.0000000000
   -6.7500000000    0.0428801919    0.0000000000
   -6.7400000000    0.0428015940    0.0000000000
   -6.7300000000    0.0427230107    0.0000000000
   -6.7200000000    0.0426444412    0.0000000000
   -6.7100000000    0.0425658847    0.0000000000
   -6.7000000000    0.0424873406    0.0000000000
   -6.6900000000    0.0424088080    0.0000000000
   -6.6800000000    0.0423302862    0.0000000000
   -6.6700000000    0.0422517745    0.0000000000
   -6.6600000000    0.0421732720    0.0000000000
   -6.6500000000    0.0420947780    0.0000000000
   -6.6400000000    0.0420162917    0.0000000000
   -6.6300000000    0.0419378123    0.0000000000
   -6.6200000000    0.0418593391    0.0000000000
   -6.6100000000    0.0417808711    0.0000000000
   -6.6000000000    0.0417024075    0.0000000000
   -6.5900000000    0.0416239477    0.0000000000
   -6.5800000000    0.0415454906    0.0000000000
   -6.5700000000    0.0414670356    0.0000000000
   -6.5600000000    0.0413885817    0.0000000000
   -6.5500000000    0.0413101281    0.0000000000
   -6.5400000000    0.0412316739    0.0000000000
   -6.5300000000    0.0411532183    0.0000000000
   -6.5200000000    0.0410747604    0.0000000000
   -6.5100000000    0.0409962993    0.0000000000
   -6.5000000000    0.0409178341    0.0000000000
   -6.4900000000    0.0408393639    0.0000000000
   -6.4800000000    0.0407608879    0.0000000000
   -6.4700000000    0.0406824050    0.0000000000
   -6.4600000000    0.0406039143    0.0000000000
   -6.4500000000    0.0405254149    0.0000000000
   -6.4400000000    0.0404469060    0.0000000000
   -6.4300000000    0.0403683864    0.0000000000
   -6.4200000000    0.0402898552    0.0000000000
   -6.4100000000    0.0402113115    0.0000000000
   -6.4000000000    0.0401327542    0.0000000000
   -6.3900000000    0.0400541824    0.0000000000
   -6.3800000000    0.0399755950    0.0000000000
   -6.3700000000    0.0398969911    0.0000000000
   -6.3600000000    0.0398183695    0.0000000000
   -6.3500000000    0.0397397293    0.0000000000
   -6.3400000000    0.0396610693    0.0000000000
   -6.3300000000    0.0395823886    0.0000000000
   -6.3200000000    0.0395036859    0.0000000000
   -6.3100000000    0.0394249603    0.0000000000
   -6.3000000000    0.0393462106    0.0000000000
   -6.2900000000    0.0392674357    0.0000000000
   -6.2800000000    0.0391886344    0.0000000000
   -6.2700000000    0.0391098057    0.0000000000
   -6.2600000000    0.0390309482    0.0000000000
   -6.2500000000    0.0389520609    0.0000000000
   -6.2400000000    0.0388731426    0.0000000000
   -6.2300000000    0.0387941920    0.0000000000
   -6.2200000000    0.0387152080    0.0000000000
   -6.2100000000    0.0386361892    0.0000000000
   -6.2000000000    0.0385571344    0.0000000000
   -6.1900000000    0.0384780424    0.0000000000
   -6.1800000000    0.0383989119    0.0000000000
   -6.1700000000    0.0383197415    0.0000000000
   -6.1600000000    0.0382405299    0.0000000000
   -6.1500000000    0.0381612758    0.0000000000
   -6.1400000000    0.0380819778    0.0000000000
   -6.1300000000    0.0380026346    0.0000000000
   -6.1200000000    0.0379232447    0.0000000000
   -6.1100000000    0.0378438067    0.0000000000
   -6.1000000000    0.0377832680   -0.0002043466
   -6.0900000000    0.0377040179   -0.0002066068
   -6.0800000000    0.0376247201   -0.0002088934
   -6.0700000000    0.0375453734   -0.0002112067
   -6.0600000000    0.0374659763   -0.0002135474
   -6.0500000000    0.0373865274   -0.0002159159
   -6.0400000000    0.0373070252   -0.0002183126
   -6.0300000000    0.0372274682   -0.0002207381
   -6.0200000000    0.0371478550   -0.0002231929
   -6.0100000000    0.0370681840   -0.0002256776
   -6.0000000000    0.0369884537   -0.0002281926
   -5.9900000000    0.0369086626   -0.0002307385
   -5.9800000000    0.0368288089   -0.0002333159
   -5.9700000000    0.0367488913   -0.0002359253
   -5.9600000000    0.0366689079   -0.0002385674
   -5.9500000000    0.0365888572   -0.0002412427
   -5.9400000000    0.0365087374   -0.0002439518
   -5.9300000000    0.0364285469   -0.0002466953
   -5.9200000000    0.0363482840   -0.0002494740
   -5.9100000000    0.0362679469   -0.0002522884
   -5.9000000000    0.0361875337   -0.0002551392
   -5.8900000000    0.0361070428   -0.0002580271
   -5.8800000000    0.0360264721   -0.0002609528
   -5.8700000000    0.0359458200   -0.0002639170
   -5.8600000000    0.0358650845   -0.0002669204
   -5.8500000000    0.0357842636   -0.0002699638
   -5.8400000000    0.0357033555   -0.0002730479
   -5.8300000000    0.0356223580   -0.0002761734
   -5.8200000000    0.0355412693   -0.0002793413
   -5.8100000000    0.0354600871   -0.0002825523
   -5.8000000000    0.0353788096   -0.0002858073
   -5.7900000000    0.0352974345   -0.0002891070
   -5.7800000000    0.0352159596   -0.0002924524
   -5.7700000000    0.0351343829   -0.0002958444
   -5.7600000000    0.0350527020   -0.0002992838
   -5.7500000000    0.0349709147   -0.0003027716
   -5.7400000000    0.0348890187   -0.0003063088
   -5.7300000000    0.0348070116   -0.0003098964
   -5.7200000000    0.0347248912   -0.0003135352
   -5.7100000000    0.0346426548   -0.0003172265
   -5.7000000000    0.0345603001   -0.0003209712
   -5.6900000000    0.0344778246   -0.0003247704
   -5.6800000000    0.0343952257   -0.0003286252
   -5.6700000000    0.0343125008   -0.0003325368
   -5.6600000000    0.0342296473   -0.0003365062
   -5.6500000000    0.0341466624   -0.0003405348
   -5.6400000000    0.0340635435   -0.0003446237
   -5.6300000000    0.0339802878   -0.0003487741
   -5.6200000000    0.0338968923   -0.0003529874
   -5.6100000000    0.0338133543   -0.0003572648
   -5.6000000000    0.0337296707   -0.0003616078
   -5.5900000000    0.0336458386   -0.0003660177
   -5.5800000000    0.0335618549   -0.0003704959
   -5.5700000000    0.0334777165   -0.0003750438
   -5.5600000000    0.0333934202   -0.0003796630
   -5.5500000000    0.0333089629   -0.0003843550
   -5.5400000000    0.0332243411   -0.0003891214
   -5.5300000000    0.0331395516   -0.0003939638
   -5.5200000000    0.0330545909   -0.0003988838
   -5.5100000000    0.0329694555   -0.0004038832
   -5.5000000000    0.0328841420   -0.0004089637
   -5.4900000000    0.0327986466   -0.0004141270
   -5.4800000000    0.0327129656   -0.0004193752
   -5.4700000000    0.0326270954   -0.0004247099
   -5.4600000000    0.0325410320   -0.0004301332
   -5.4500000000    0.0324547715   -0.0004356472
   -5.4400000000    0.0323683100   -0.0004412537
   -5.4300000000    0.0322816433   -0.0004469551
   -5.4200000000    0.0321947672   -0.0004527533
   -5.4100000000    0.0321076776   -0.0004586508
   -5.4000000000    0.0320203702   -0.0004646497
   -5.3900000000    0.0319328403   -0.0004707525
   -5.3800000000    0.0318450836   -0.0004769615
   -5.3700000000    0.0317570955   -0.0004832793
   -5.3600000000    0.0316688711   -0.0004897085
   -5.3500000000    0.0315804058   -0.0004962517
   -5.3400000000    0.0314916945   -0.0005029117
   -5.3300000000    0.0314027324   -0.0005096912
   -5.3200000000    0.0313135141   -0.0005165932
   -5.3100000000    0.0312240346   -0.0005236206
   -5.3000000000    0.0311342884   -0.0005307765
   -5.2900000000    0.0310442701   -0.0005380642
   -5.2800000000    0.0309539740   -0.0005454867
   -5.2700000000    0.0308633946   -0.0005530476
   -5.2600000000    0.0307725258   -0.0005607502
   -5.2500000000    0.0306813618   -0.0005685982
   -5.2400000000    0.0305898965   -0.0005765953
   -5.2300000000    0.0304981235   -0.0005847451
   -5.2200000000    0.0304060366   -0.0005930518
   -5.2100000000    0.0303136291   -0.0006015192
   -5.2000000000    0.0302208944   -0.0006101516
   -5.1900000000    0.0301278256   -0.0006189533
   -5.1800000000    0.0300344158   -0.0006279288
   -5.1700000000    0.0299406578   -0.0006370826
   -5.1600000000    0.0298465442   -0.0006464195
   -5.1500000000    0.0297520675   -0.0006559444
   -5.1400000000    0.0296572201   -0.0006656623
   -5.1300000000    0.0295619941   -0.0006755785
   -5.1200000000    0.0294663814   -0.0006856984
   -5.1100000000    0.0293703738   -0.0006960276
   -5.1000000000    0.0292739629   -0.0007065719
   -5.0900000000    0.0291771399   -0.0007173372
   -5.0800000000    0.0290798960   -0.0007283298
   -5.0700000000    0.0289822221   -0.0007395560
   -5.0600000000    0.0288841089   -0.0007510225
   -5.0500000000    0.0287855468   -0.0007627361
   -5.0400000000    0.0286865262   -0.0007747040
   -5.0300000000    0.0285870368   -0.0007869335
   -5.0200000000    0.0284870685   -0.0007994321
   -5.0100000000    0.0283866107   -0.0008122079
   -5.0000000000    0.0282856525   -0.0008252689
   -4.9900000000    0.0281841829   -0.0008386237
   -4.9800000000    0.0280821906   -0.0008522811
   -4.9700000000    0.0279796637   -0.0008662501
   -4.9600000000    0.0278765904   -0.0008805403
   -4.9500000000    0.0277729584   -0.0008951614
   -4.9400000000    0.0276687549   -0.0009101237
   -4.9300000000    0.0275639672   -0.0009254377
   -4.9200000000    0.0274585818   -0.0009411144
   -4.9100000000    0.0273525852   -0.0009571652
   -4.9000000000    0.0272459632   -0.0009736020
   -4.8900000000    0.0271387016   -0.0009904370
   -4.8800000000    0.0270307856   -0.0010076831
   -4.8700000000    0.0269221999   -0.0010253537
   -4.8600000000    0.0268129290   -0.0010434625
   -4.8500000000    0.0267029568   -0.0010620239
   -4.8400000000    0.0265922668   -0.0010810531
   -4.8300000000    0.0264808423   -0.0011005655
   -4.8200000000    0.0263686657   -0.0011205774
   -4.8100000000    0.0262557193   -0.0011411058
   -4.8000000000    0.0261419846   -0.0011621683
   -4.7900000000    0.0260274428   -0.0011837833
   -4.7800000000    0.0259120744   -0.0012059700
   -4.7700000000    0.0257958596   -0.0012287483
   -4.7600000000    0.0256787778   -0.0012521392
   -4.7500000000    0.0255608079   -0.0012761644
   -4.7400000000    0.0254419283   -0.0013008466
   -4.7300000000    0.0253221166   -0.0013262096
   -4.7200000000    0.0252013499   -0.0013522782
   -4.7100000000    0.0250796046   -0.0013790783
   -4.7000000000    0.0249568565   -0.0014066369
   -4.6900000000    0.0248330806   -0.0014349824
   -4.6800000000    0.0247082513   -0.0014641444
   -4.6700000000    0.0245823421   -0.0014941539
   -4.6600000000    0.0244553260   -0.0015250434
   -4.6500000000    0.0243271750   -0.0015568469
   -4.6400000000    0.0241978604   -0.0015895999
   -4.6300000000    0.0240673527   -0.0016233399
   -4.6200000000    0.0239356216   -0.0016581058
   -4.6100000000    0.0238026359   -0.0016939388
   -4.6000000000    0.0236683634   -0.0017308819
   -4.5900000000    0.0235327713   -0.0017689803
   -4.5800000000    0.0233958257   -0.0018082814
   -4.5700000000    0.0232574917   -0.0018488351
   -4.5600000000    0.0231177337   -0.0018906938
   -4.5500000000    0.0229765148   -0.0019339124
   -4.5400000000    0.0228337974   -0.0019785490
   -4.5300000000    0.0226895428   -0.0020246645
   -4.5200000000    0.0225437114   -0.0020723230
   -4.5100000000    0.0223962625   -0.0021215921
   -4.5000000000    0.0222471543   -0.0021725429
   -4.4900000000    0.0220963442   -0.0022252504
   -4.4800000000    0.0219437885   -0.0022797939
   -4.4700000000    0.0217894424   -0.0023362566
   -4.4600000000    0.0216332603   -0.0023947267
   -4.4500000000    0.0214751955   -0.0024552971
   -4.4400000000    0.0213152005   -0.0025180661
   -4.4300000000    0.0211532268   -0.0025831375
   -4.4200000000    0.0209892252   -0.0026506211
   -4.4100000000    0.0208231455   -0.0027206328
   -4.4000000000    0.0206549370   -0.0027932957
   -4.3900000000    0.0204845484   -0.0028687398
   -4.3800000000    0.0203119279   -0.0029471029
   -4.3700000000    0.0201370232   -0.0030285309
   -4.3600000000    0.0199597820   -0.0031131788
   -4.3500000000    0.0197801520   -0.0032012107
   -4.3400000000    0.0195980810   -0.0032928007
   -4.3300000000    0.0194135173   -0.0033881340
   -4.3200000000    0.0192264102   -0.0034874070
   -4.3100000000    0.0190367099   -0.0035908283
   -4.3000000000    0.0188443682   -0.0036986199
   -4.2900000000    0.0186493389   -0.0038110177
   -4.2800000000    0.0184515786   -0.0039282726
   -4.2700000000    0.0182510467   -0.0040506517
   -4.2600000000    0.0180477068   -0.0041784394
   -4.2500000000    0.0178415272   -0.0043119383
   -4.2400000000    0.0176324818   -0.0044514710
   -4.2300000000    0.0174205514   -0.0045973810
   -4.2200000000    0.0172057248   -0.0047500346
   -4.2100000000    0.0169880004   -0.0049098220
   -4.2000000000    0.0167673876   -0.0050771593
   -4.1900000000    0.0165439089   -0.0052524901
   -4.1800000000    0.0163176021   -0.0054362873
   -4.1700000000    0.0160885227   -0.0056290551
   -4.1600000000    0.0158567465   -0.0058313310
   -4.1500000000    0.0156223733   -0.0060436876
   -4.1400000000    0.0153855302   -0.0062667349
   -4.1300000000    0.0151463759   -0.0065011227
   -4.1200000000    0.0149051056   -0.0067475421
   -4.1100000000    0.0146619563   -0.0070067280
   -4.1000000000    0.0144172131   -0.0072794610
   -4.0900000000    0.0141712160   -0.0075665693
   -4.0800000000    0.0139243683   -0.0078689299
   -4.0700000000    0.0136771451   -0.0081874700
   -4.0600000000    0.0134301037   -0.0085231678
   -4.0500000000    0.0131838951   -0.0088770522
   -4.0400000000    0.0129392767   -0.0092502023
   -4.0300000000    0.0126971266   -0.0096437447
   -4.0200000000    0.0124584597   -0.0100588506
   -4.0100000000    0.0122244453   -0.0104967302
   -4.0000000000    0.0119964262   -0.0109586250
   -3.9900000000    0.0117759407   -0.0114457970
   -3.9800000000    0.0115647445   -0.0119595152
   -3.9700000000    0.0113648358   -0.0125010368
   -3.9600000000    0.0111784807   -0.0130715843
   -3.9500000000    0.0110082397   -0.0136723155
   -3.9400000000    0.0108569937   -0.0143042874
   -3.9300000000    0.0107279700   -0.0149684116
   -3.9200000000    0.0106247648   -0.0156653998
   -3.9100000000    0.0105513620   -0.0163956996
   -3.9000000000    0.0105121448   -0.0171594186
   -3.8900000000    0.0105118985   -0.0179562371
   -3.8800000000    0.0105557986   -0.0187853075
   -3.8700000000    0.0106493818   -0.0196451443
   -3.8600000000    0.0107984949   -0.0205335030
   -3.8500000000    0.0110092140   -0.0214472540
   -3.8400000000    0.0112877319   -0.0223822548
   -3.8300000000    0.0116402061   -0.0233332295
   -3.8200000000    0.0120725652   -0.0242936641
   -3.8100000000    0.0125902717   -0.0252557306
   -3.8000000000    0.0131980426   -0.0262102555
   -3.7900000000    0.0138995355   -0.0271467466
   -3.7800000000    0.0146970118   -0.0280534956
   -3.7700000000    0.0155909952   -0.0289177709
   -3.7600000000    0.0165799519   -0.0297261070
   -3.7500000000    0.0176600226   -0.0304646955
   -3.7400000000    0.0188248384   -0.0311198664
   -3.7300000000    0.0200654556   -0.0316786389
   -3.7200000000    0.0213704325   -0.0321293102
   -3.7100000000    0.0227260663   -0.0324620356
   -3.7000000000    0.0241167880   -0.0326693529
   -3.6900000000    0.0255256989   -0.0327465986
   -3.6800000000    0.0269352110   -0.0326921760
   -3.6700000000    0.0283277435   -0.0325076450
   -3.6600000000    0.0296864178   -0.0321976238
   -3.6500000000    0.0309956937   -0.0317695160
   -3.6400000000    0.0322418981   -0.0312330892
   -3.6300000000    0.0334136129   -0.0305999507
   -3.6200000000    0.0345019037   -0.0298829686
   -3.6100000000    0.0355003918   -0.0290956888
   -3.6000000000    0.0364051836   -0.0282517899
   -3.5900000000    0.0372146869   -0.0273646090
   -3.5800000000    0.0379293429   -0.0264467585
   -3.5700000000    0.0385513098   -0.0255098410
   -3.5600000000    0.0390841260   -0.0245642620
   -3.5500000000    0.0395323782   -0.0236191296
   -3.5400000000    0.0399013927   -0.0226822282
   -3.5300000000    0.0401969612   -0.0217600507
   -3.5200000000    0.0404251078   -0.0208578721
   -3.5100000000    0.0405918986   -0.0199798517
   -3.5000000000    0.0407032928   -0.0191291520
   -3.4900000000    0.0407650308   -0.0183080624
   -3.4800000000    0.0407825558   -0.0175181234
   -3.4700000000    0.0407609618   -0.0167602439
   -3.4600000000    0.0407049647   -0.0160348103
   -3.4500000000    0.0406188905   -0.0153417836
   -3.4400000000    0.0405066764   -0.0146807858
   -3.4300000000    0.0403718819   -0.0140511738
   -3.4200000000    0.0402177065   -0.0134521035
   -3.4100000000    0.0400470115   -0.0128825823
   -3.4000000000    0.0398623440   -0.0123415137
   -3.3900000000    0.0396659629   -0.0118277332
   -3.3800000000    0.0394598640   -0.0113400378
   -3.3700000000    0.0392458050   -0.0108772088
   -3.3600000000    0.0390253290   -0.0104380305
   -3.3500000000    0.0387997868   -0.0100213042
   -3.3400000000    0.0385703577   -0.0096258587
   -3.3300000000    0.0383380682   -0.0092505585
   -3.3200000000    0.0381038095   -0.0088943092
   -3.3100000000    0.0378683527   -0.0085560610
   -3.3000000000    0.0376323631   -0.0082348115
   -3.2900000000    0.0373964131   -0.0079296064
   -3.2800000000    0.0371609927   -0.0076395397
   -3.2700000000    0.0369265201   -0.0073637536
   -3.2600000000    0.0366933503   -0.0071014371
   -3.2500000000    0.0364617829   -0.0068518251
   -3.2400000000    0.0362320694   -0.0066141963
   -3.2300000000    0.0360044187   -0.0063878715
   -3.2200000000    0.0357790033   -0.0061722120
   -3.2100000000    0.0355559632   -0.0059666172
   -3.2000000000    0.0353354108   -0.0057705230
   -3.1900000000    0.0351174341   -0.0055833994
   -3.1800000000    0.0349021001   -0.0054047486
   -3.1700000000    0.0346894577   -0.0052341036
   -3.1600000000    0.0344795402   -0.0050710258
   -3.1500000000    0.0342723670   -0.0049151035
   -3.1400000000    0.0340679462   -0.0047659502
   -3.1300000000    0.0338662758   -0.0046232029
   -3.1200000000    0.0336673454   -0.0044865210
   -3.1100000000    0.0334711373   -0.0043555843
   -3.1000000000    0.0332776277   -0.0042300922
   -3.0900000000    0.0330867876   -0.0041097620
   -3.0800000000    0.0328985839   -0.0039943281
   -3.0700000000    0.0327129796   -0.0038835407
   -3.0600000000    0.0325299353   -0.0037771647
   -3.0500000000    0.0323494087   -0.0036749791
   -3.0400000000    0.0321713561   -0.0035767757
   -3.0300000000    0.0319957321   -0.0034823584
   -3.0200000000    0.0318224903   -0.0033915424
   -3.0100000000    0.0316515836   -0.0033041537
   -3.0000000000    0.0314829643   -0.0032200281
   -2.9900000000    0.0313165846   -0.0031390106
   -2.9800000000    0.0311523965   -0.0030609552
   -2.9700000000    0.0309903524   -0.0029857237
   -2.9600000000    0.0308304047   -0.0029131857
   -2.9500000000    0.0306725064   -0.0028432181
   -2.9400000000    0.0305166108   -0.0027757043
   -2.9300000000    0.0303626720   -0.0027105341
   -2.9200000000    0.0302106447   -0.0026476032
   -2.9100000000    0.0300604844   -0.0025868129
   -2.9000000000    0.0299121472   -0.0025280696
   -2.8900000000    0.0297655901   -0.0024712847
   -2.8800000000    0.0296207712   -0.0024163742
   -2.8700000000    0.0294776490   -0.0023632585
   -2.8600000000    0.0293361834   -0.0023118618
   -2.8500000000    0.0291963347   -0.0022621124
   -2.8400000000    0.0290580645   -0.0022139421
   -2.8300000000    0.0289213351   -0.0021672862
   -2.8200000000    0.0287861098   -0.0021220831
   -2.8100000000    0.0286523528   -0.0020782743
   -2.8000000000    0.0285200291   -0.0020358042
   -2.7900000000    0.0283891046   -0.0019946196
   -2.7800000000    0.0282595462   -0.0019546702
   -2.7700000000    0.0281313215   -0.0019159079
   -2.7600000000    0.0280043990   -0.0018782869
   -2.7500000000    0.0278787482   -0.0018417636
   -2.7400000000    0.0277543390   -0.0018062963
   -2.7300000000    0.0276311426   -0.0017718455
   -2.7200000000    0.0275091306   -0.0017383731
   -2.7100000000    0.0273882755   -0.0017058431
   -2.7000000000    0.0272685505   -0.0016742208
   -2.6900000000    0.0271499296   -0.0016434734
   -2.6800000000    0.0270323874   -0.0016135692
   -2.6700000000    0.0269158993   -0.0015844781
   -2.6600000000    0.0268004413   -0.0015561712
   -2.6500000000    0.0266859901   -0.0015286211
   -2.6400000000    0.0265725229   -0.0015018012
   -2.6300000000    0.0264600178   -0.0014756864
   -2.6200000000    0.0263484531   -0.0014502523
   -2.6100000000    0.0262378081   -0.0014254759
   -2.6000000000    0.0261280623   -0.0014013348
   -2.5900000000    0.0260191961   -0.0013778079
   -2.5800000000    0.0259111901   -0.0013548745
   -2.5700000000    0.0258040256   -0.0013325152
   -2.5600000000    0.0256976844   -0.0013107112
   -2.5500000000    0.0255921488   -0.0012894443
   -2.5400000000    0.0254874015   -0.0012686974
   -2.5300000000    0.0253834257   -0.0012484536
   -2.5200000000    0.0252802050   -0.0012286970
   -2.5100000000    0.0251777236   -0.0012094123
   -2.5000000000    0.0250759660   -0.0011905847
   -2.4900000000    0.0249749170   -0.0011721999
   -2.4800000000    0.0248745619   -0.0011542444
   -2.4700000000    0.0247748865   -0.0011367049
   -2.4600000000    0.0246758768   -0.0011195688
   -2.4500000000    0.0245775193   -0.0011028240
   -2.4400000000    0.0244798007   -0.0010864587
   -2.4300000000    0.0243827082   -0.0010704616
   -2.4200000000    0.0242862291   -0.0010548218
   -2.4100000000    0.0241903513   -0.0010395289
   -2.4000000000    0.0240950629   -0.0010245728
   -2.3900000000    0.0240003522   -0.0010099436
   -2.3800000000    0.0239062080   -0.0009956321
   -2.3700000000    0.0238126191   -0.0009816291
   -2.3600000000    0.0237195748   -0.0009679259
   -2.3500000000    0.0236270647   -0.0009545141
   -2.3400000000    0.0235350785   -0.0009413855
   -2.3300000000    0.0234436062   -0.0009285323
   -2.3200000000    0.0233526380   -0.0009159468
   -2.3100000000    0.0232621646   -0.0009036217
   -2.3000000000    0.0231721766   -0.0008915500
   -2.2900000000    0.0230826650   -0.0008797248
   -2.2800000000    0.0229936210   -0.0008681394
   -2.2700000000    0.0229050360   -0.0008567875
   -2.2600000000    0.0228169015   -0.0008456628
   -2.2500000000    0.0227292093   -0.0008347595
   -2.2400000000    0.0226419516   -0.0008240716
   -2.2300000000    0.0225551203   -0.0008135936
   -2.2200000000    0.0224687079   -0.0008033201
   -2.2100000000    0.0223827070   -0.0007932457
   -2.2000000000    0.0222971103   -0.0007833655
   -2.1900000000    0.0222119105   -0.0007736745
   -2.1800000000    0.0221271009   -0.0007641679
   -2.1700000000    0.0220426746   -0.0007548411
   -2.1600000000    0.0219586249   -0.0007456897
   -2.1500000000    0.0218749454   -0.0007367092
   -2.1400000000    0.0217916297   -0.0007278955
   -2.1300000000    0.0217086716   -0.0007192445
   -2.1200000000    0.0216260652   -0.0007107522
   -2.1100000000    0.0215438043   -0.0007024149
   -2.1000000000    0.0214618834   -0.0006942288
   -2.0900000000    0.0213802966   -0.0006861902
   -2.0800000000    0.0212990384   -0.0006782957
   -2.0700000000    0.0212181035   -0.0006705419
   -2.0600000000    0.0211374865   -0.0006629255
   -2.0500000000    0.0210571823   -0.0006554432
   -2.0400000000    0.0209771857   -0.0006480920
   -2.0300000000    0.0208974918   -0.0006408688
   -2.0200000000    0.0208180957   -0.0006337707
   -2.0100000000    0.0207389927   -0.0006267949
   -2.0000000000    0.0206601781   -0.0006199386
   -1.9900000000    0.0205816473   -0.0006131990
   -1.9800000000    0.0205033960   -0.0006065736
   -1.9700000000    0.0204254196   -0.0006000599
   -1.9600000000    0.0203477140   -0.0005936552
   -1.9500000000    0.0202702749   -0.0005873573
   -1.9400000000    0.0201930982   -0.0005811639
   -1.9300000000    0.0201161799   -0.0005750725
   -1.9200000000    0.0200395161   -0.0005690810
   -1.9100000000    0.0199631028   -0.0005631873
   -1.9000000000    0.0198869364   -0.0005573893
   -1.8900000000    0.0198110130   -0.0005516849
   -1.8800000000    0.0197353291   -0.0005460721
   -1.8700000000    0.0196598811   -0.0005405490
   -1.8600000000    0.0195846655   -0.0005351137
   -1.8500000000    0.0195096789   -0.0005297643
   -1.8400000000    0.0194349179   -0.0005244992
   -1.8300000000    0.0193603792   -0.0005193165
   -1.8200000000    0.0192860595   -0.0005142146
   -1.8100000000    0.0192119558   -0.0005091917
   -1.8000000000    0.0191380649   -0.0005042464
   -1.7900000000    0.0190643838   -0.0004993770
   -1.7800000000    0.0189909094   -0.0004945819
   -1.7700000000    0.0189176389   -0.0004898598
   -1.7600000000    0.0188445693   -0.0004852091
   -1.7500000000    0.0187716979   -0.0004806284
   -1.7400000000    0.0186990218   -0.0004761164
   -1.7300000000    0.0186265383   -0.0004716717
   -1.7200000000    0.0185542448   -0.0004672930
   -1.7100000000    0.0184821387   -0.0004629789
   -1.7000000000    0.0184102173   -0.0004587283
   -1.6900000000    0.0183384781   -0.0004545400
   -1.6800000000    0.0182669187   -0.0004504126
   -1.6700000000    0.0181955366   -0.0004463452
   -1.6600000000    0.0181243295   -0.0004423364
   -1.6500000000    0.0180532948   -0.0004383853
   -1.6400000000    0.0179824305   -0.0004344908
   -1.6300000000    0.0179117341   -0.0004306517
   -1.6200000000    0.0178412035   -0.0004268670
   -1.6100000000    0.0177708365   -0.0004231358
   -1.6000000000    0.0177006308   -0.0004194571
   -1.5900000000    0.0176305845   -0.0004158299
   -1.5800000000    0.0175606954   -0.0004122532
   -1.5700000000    0.0174909614   -0.0004087261
   -1.5600000000    0.0174213807   -0.0004052478
   -1.5500000000    0.0173519511   -0.0004018174
   -1.5400000000    0.0172826707   -0.0003984339
   -1.5300000000    0.0172135377   -0.0003950966
   -1.5200000000    0.0171445502   -0.0003918047
   -1.5100000000    0.0170757063   -0.0003885573
   -1.5000000000    0.0170070042   -0.0003853537
   -1.4900000000    0.0169384420   -0.0003821930
   -1.4800000000    0.0168700182   -0.0003790746
   -1.4700000000    0.0168017309   -0.0003759978
   -1.4600000000    0.0167335784   -0.0003729617
   -1.4500000000    0.0166655591   -0.0003699657
   -1.4400000000    0.0165976713   -0.0003670091
   -1.4300000000    0.0165299134   -0.0003640912
   -1.4200000000    0.0164622838   -0.0003612115
   -1.4100000000    0.0163947810   -0.0003583691
   -1.4000000000    0.0163274033   -0.0003555636
   -1.3900000000    0.0162601493   -0.0003527943
   -1.3800000000    0.0161930175   -0.0003500605
   -1.3700000000    0.0161260064   -0.0003473618
   -1.3600000000    0.0160591146   -0.0003446975
   -1.3500000000    0.0159923406   -0.0003420670
   -1.3400000000    0.0159256831   -0.0003394698
   -1.3300000000    0.0158591406   -0.0003369054
   -1.3200000000    0.0157927117   -0.0003343733
   -1.3100000000    0.0157263953   -0.0003318728
   -1.3000000000    0.0156601898   -0.0003294035
   -1.2900000000    0.0155940941   -0.0003269650
   -1.2800000000    0.0155281068   -0.0003245566
   -1.2700000000    0.0154622266   -0.0003221780
   -1.2600000000    0.0153964524   -0.0003198286
   -1.2500000000    0.0153307830   -0.0003175081
   -1.2400000000    0.0152652170   -0.0003152158
   -1.2300000000    0.0151997533   -0.0003129515
   -1.2200000000    0.0151343907   -0.0003107147
   -1.2100000000    0.0150691281   -0.0003085049
   -1.2000000000    0.0150039644   -0.0003063218
   -1.1900000000    0.0149388984   -0.0003041649
   -1.1800000000    0.0148739289   -0.0003020338
   -1.1700000000    0.0148090550   -0.0002999281
   -1.1600000000    0.0147442755   -0.0002978475
   -1.1500000000    0.0146795894   -0.0002957916
   -1.1400000000    0.0146149956   -0.0002937600
   -1.1300000000    0.0145504931   -0.0002917523
   -1.1200000000    0.0144860809   -0.0002897682
   -1.1100000000    0.0144217580   -0.0002878073
   -1.1000000000    0.0143575233   -0.0002858694
   -1.0900000000    0.0142933759   -0.0002839540
   -1.0800000000    0.0142293149   -0.0002820608
   -1.0700000000    0.0141653392   -0.0002801895
   -1.0600000000    0.0141014480   -0.0002783398
   -1.0500000000    0.0140376403   -0.0002765114
   -1.0400000000    0.0139739152   -0.0002747039
   -1.0300000000    0.0139102718   -0.0002729172
   -1.0200000000    0.0138467093   -0.0002711508
   -1.0100000000    0.0137832267   -0.0002694045
   -1.0000000000    0.0137198231   -0.0002676780
   -0.9900000000    0.0136564977   -0.0002659710
   -0.9800000000    0.0135932498   -0.0002642832
   -0.9700000000    0.0135300783   -0.0002626145
   -0.9600000000    0.0134669826   -0.0002609645
   -0.9500000000    0.0134039617   -0.0002593329
   -0.9400000000    0.0133410150   -0.0002577196
   -0.9300000000    0.0132781415   -0.0002561242
   -0.9200000000    0.0132153406   -0.0002545465
   -0.9100000000    0.0131526114   -0.0002529864
   -0.9000000000    0.0130899532   -0.0002514434
   -0.8900000000    0.0130273652   -0.0002499175
   -0.8800000000    0.0129648467   -0.0002484083
   -0.8700000000    0.0129023969   -0.0002469157
   -0.8600000000    0.0128400151   -0.0002454394
   -0.8500000000    0.0127777007   -0.0002439793
   -0.8400000000    0.0127154528   -0.0002425350
   -0.8300000000    0.0126532708   -0.0002411065
   -0.8200000000    0.0125911540   -0.0002396934
   -0.8100000000    0.0125291017   -0.0002382957
   -0.8000000000    0.0124671132   -0.0002369130
   -0.7900000000    0.0124051878   -0.0002355453
   -0.7800000000    0.0123433250   -0.0002341922
   -0.7700000000    0.0122815240   -0.0002328537
   -0.7600000000    0.0122197841   -0.0002315295
   -0.7500000000    0.0121581049   -0.0002302195
   -0.7400000000    0.0120964855   -0.0002289235
   -0.7300000000    0.0120349254   -0.0002276413
   -0.7200000000    0.0119734240   -0.0002263727
   -0.7100000000    0.0119119807   -0.0002251176
   -0.7000000000    0.0118505948   -0.0002238757
   -0.6900000000    0.0117892657   -0.0002226470
   -0.6800000000    0.0117279929   -0.0002214313
   -0.6700000000    0.0116667758   -0.0002202284
   -0.6600000000    0.0116056138   -0.0002190382
   -0.6500000000    0.0115445063   -0.0002178605
   -0.6400000000    0.0114834527   -0.0002166951
   -0.6300000000    0.0114224526   -0.0002155420
   -0.6200000000    0.0113615052   -0.0002144009
   -0.6100000000    0.0113006102   -0.0002132718
   -0.6000000000    0.0112397669   -0.0002121544
   -0.5900000000    0.0111789748   -0.0002110487
   -0.5800000000    0.0111182333   -0.0002099545
   -0.5700000000    0.0110575420   -0.0002088717
   -0.5600000000    0.0109969003   -0.0002078001
   -0.5500000000    0.0109363077   -0.0002067397
   -0.5400000000    0.0108757637   -0.0002056902
   -0.5300000000    0.0108152677   -0.0002046516
   -0.5200000000    0.0107548194   -0.0002036238
   -0.5100000000    0.0106944181   -0.0002026066
   -0.5000000000    0.0106340633   -0.0002015999
   -0.4900000000    0.0105737547   -0.0002006036
   -0.4800000000    0.0105134917   -0.0001996175
   -0.4700000000    0.0104532738   -0.0001986417
   -0.4600000000    0.0103931005   -0.0001976759
   -0.4500000000    0.0103329715   -0.0001967200
   -0.4400000000    0.0102728861   -0.0001957740
   -0.4300000000    0.0102128440   -0.0001948377
   -0.4200000000    0.0101528447   -0.0001939110
   -0.4100000000    0.0100928877   -0.0001929939
   -0.4000000000    0.0100329727   -0.0001920861
   -0.3900000000    0.0099730990   -0.0001911878
   -0.3800000000    0.0099132664   -0.0001902986
   -0.3700000000    0.0098534743   -0.0001894186
   -0.3600000000    0.0097937224   -0.0001885476
   -0.3500000000    0.0097340101   -0.0001876856
   -0.3400000000    0.0096743372   -0.0001868325
   -0.3300000000    0.0096147030   -0.0001859881
   -0.3200000000    0.0095551073   -0.0001851524
   -0.3100000000    0.0094955496   -0.0001843253
   -0.3000000000    0.0094360295   -0.0001835067
   -0.2900000000    0.0093765466   -0.0001826965
   -0.2800000000    0.0093171004   -0.0001818947
   -0.2700000000    0.0092576907   -0.0001811012
   -0.2600000000    0.0091983169   -0.0001803158
   -0.2500000000    0.0091389786   -0.0001795386
   -0.2400000000    0.0090796756   -0.0001787694
   -0.2300000000    0.0090204073   -0.0001780081
   -0.2200000000    0.0089611735   -0.0001772548
   -0.2100000000    0.0089019736   -0.0001765092
   -0.2000000000    0.0088428074   -0.0001757714
   -0.1900000000    0.0087836744   -0.0001750413
   -0.1800000000    0.0087245743   -0.0001743188
   -0.1700000000    0.0086655067   -0.0001736038
   -0.1600000000    0.0086064712   -0.0001728963
   -0.1500000000    0.0085474675   -0.0001721962
   -0.1400000000    0.0084884951   -0.0001715034
   -0.1300000000    0.0084295538   -0.0001708179
   -0.1200000000    0.0083706431   -0.0001701396
   -0.1100000000    0.0083117627   -0.0001694685
   -0.1000000000    0.0082529123   -0.0001688044
   -0.0900000000    0.0081940915   -0.0001681474
   -0.0800000000    0.0081352999   -0.0001674974
   -0.0700000000    0.0080765371   -0.0001668543
   -0.0600000000    0.0080178029   -0.0001662181
   -0.0500000000    0.0079590969   -0.0001655887
   -0.0400000000    0.0079004187   -0.0001649660
   -0.0300000000    0.0078417681   -0.0001643501
   -0.0200000000    0.0077831445   -0.0001637408
   -0.0100000000    0.0077245478   -0.0001631381
    0.0000000000    0.0076659776   -0.0001625420
