  -20.0000000000    0.0479977095    0.0133584562
  -19.9900000000    0.0474066095    0.0134367391
  -19.9800000000    0.0468134727    0.0135199592
  -19.9700000000    0.0462182631    0.0136083128
  -19.9600000000    0.0456209442    0.0137020096
  -19.9500000000    0.0450214807    0.0138012738
  -19.9400000000    0.0444198389    0.0139063457
  -19.9300000000    0.0438159878    0.0140174828
  -19.9200000000    0.0432099006    0.0141349610
  -19.9100000000    0.0426015559    0.0142590765
  -19.9000000000    0.0419909387    0.0143901464
  -19.8900000000    0.0413780426    0.0145285111
  -19.8800000000    0.0407628712    0.0146745351
  -19.8700000000    0.0401454404    0.0148286087
  -19.8600000000    0.0395257804    0.0149911503
  -19.8500000000    0.0389039380    0.0151626071
  -19.8400000000    0.0382799804    0.0153434577
  -19.8300000000    0.0376539974    0.0155342135
  -19.8200000000    0.0370261057    0.0157354206
  -19.8100000000    0.0363964531    0.0159476617
  -19.8000000000    0.0357652228    0.0161715578
  -19.7900000000    0.0351326393    0.0164077699
  -19.7800000000    0.0344989743    0.0166570006
  -19.7700000000    0.0338645536    0.0169199955
  -19.7600000000    0.0332297650    0.0171975440
  -19.7500000000    0.0325950670    0.0174904803
  -19.7400000000    0.0319609990    0.0177996830
  -19.7300000000    0.0313281921    0.0181260748
  -19.7200000000    0.0306973819    0.0184706204
  -19.7100000000    0.0300694225    0.0188343236
  -19.7000000000    0.0294453016    0.0192182230
  -19.6900000000    0.0288261576    0.0196233848
  -19.6800000000    0.0282132986    0.0200508945
  -19.6700000000    0.0276082219    0.0205018440
  -19.6600000000    0.0270126360    0.0209773162
  -19.6500000000    0.0264284829    0.0214783645
  -19.6400000000    0.0258579620    0.0220059875
  -19.6300000000    0.0253035529    0.0225610963
  -19.6200000000    0.0247680388    0.0231444761
  -19.6100000000    0.0242545266    0.0237567382
  -19.6000000000    0.0237664642    0.0243982635
  -19.5900000000    0.0233076513    0.0250691348
  -19.5800000000    0.0228822422    0.0257690601
  -19.5700000000    0.0224947363    0.0264972828
  -19.5600000000    0.0221499531    0.0272524835
  -19.5500000000    0.0218529863    0.0280326719
  -19.5400000000    0.0216091338    0.0288350735
  -19.5300000000    0.0214237961    0.0296560147
  -19.5200000000    0.0213023409    0.0304908141
  -19.5100000000    0.0212499292    0.0313336875
  -19.5000000000    0.0212713012    0.0321776802
  -19.4900000000    0.0213705242    0.0330146373
  -19.4800000000    0.0215507087    0.0338352291
  -19.4700000000    0.0218137024    0.0346290461
  -19.4600000000    0.0221597819    0.0353847747
  -19.4500000000    0.0225873630    0.0360904648
  -19.4400000000    0.0230927604    0.0367338885
  -19.4300000000    0.0236700264    0.0373029819
  -19.4200000000    0.0243108991    0.0377863510
  -19.4100000000    0.0250048844    0.0381738084
  -19.4000000000    0.0257394857    0.0384569007
  -19.3900000000    0.0265005794    0.0386293787
  -19.3800000000    0.0272729187    0.0386875643
  -19.3700000000    0.0280407291    0.0386305756
  -19.3600000000    0.0287883508    0.0384603846
  -19.3500000000    0.0295008703    0.0381817010
  -19.3400000000    0.0301646918    0.0378016952
  -19.3300000000    0.0307680010    0.0373295903
  -19.3200000000    0.0313010936    0.0367761652
  -19.3100000000    0.0317565546    0.0361532168
  -19.3000000000    0.0321292924    0.0354730260
  -19.2900000000    0.0324164453    0.0347478686
  -19.2800000000    0.0326171882    0.0339895969
  -19.2700000000    0.0327324684    0.0332093099
  -19.2600000000    0.0327647043    0.0324171169
  -19.2500000000    0.0327174716    0.0316219897
  -19.2400000000    0.0325952004    0.0308316941
  -19.2300000000    0.0324028986    0.0300527861
  -19.2200000000    0.0321459097    0.0292906578
  -19.2100000000    0.0318297114    0.0285496182
  -19.2000000000    0.0314597533    0.0278329959
  -19.1900000000    0.0310413337    0.0271432533
  -19.1800000000    0.0305795089    0.0264821032
  -19.1700000000    0.0300790322    0.0258506233
  -19.1600000000    0.0295443165    0.0252493617
  -19.1500000000    0.0289794154    0.0246784348
  -19.1400000000    0.0283880197    0.0241376126
  -19.1300000000    0.0277734634    0.0236263938
  -19.1200000000    0.0271387383    0.0231440702
  -19.1100000000    0.0264865135    0.0226897801
  -19.1000000000    0.0258191571    0.0222625536
  -19.0900000000    0.0251387605    0.0218613489
  -19.0800000000    0.0244471623    0.0214850825
  -19.0700000000    0.0237459721    0.0211326527
  -19.0600000000    0.0230365936    0.0208029582
  -19.0500000000    0.0223202457    0.0204949124
  -19.0400000000    0.0215979827    0.0202074546
  -19.0300000000    0.0208707126    0.0199395578
  -19.0200000000    0.0201392138    0.0196902344
  -19.0100000000    0.0194041501    0.0194585404
  -19.0000000000    0.0186660848    0.0192435772
  -18.9900000000    0.0179254920    0.0190444934
  -18.9800000000    0.0171827682    0.0188604849
  -18.9700000000    0.0164382418    0.0186907944
  -18.9600000000    0.0156921812    0.0185347109
  -18.9500000000    0.0149448028    0.0183915682
  -18.9400000000    0.0141962775    0.0182607436
  -18.9300000000    0.0134467365    0.0181416561
  -18.9200000000    0.0126962766    0.0180337647
  -18.9100000000    0.0119449648    0.0179365669
  -18.9000000000    0.0111928418    0.0178495963
  -18.8900000000    0.0104399265    0.0177724215
  -18.8800000000    0.0096862179    0.0177046438
  -18.8700000000    0.0089316990    0.0176458960
  -18.8600000000    0.0081763384    0.0175958404
  -18.8500000000    0.0074200927    0.0175541679
  -18.8400000000    0.0066629086    0.0175205959
  -18.8300000000    0.0059047244    0.0174948678
  -18.8200000000    0.0051454715    0.0174767508
  -18.8100000000    0.0043850761    0.0174660360
  -18.8000000000    0.0036234602    0.0174625364
  -18.7900000000    0.0028605428    0.0174660864
  -18.7800000000    0.0020962411    0.0174765410
  -18.7700000000    0.0013304719    0.0174937749
  -18.7600000000    0.0005631520    0.0175176820
  -18.7500000000   -0.0002058001    0.0175481745
  -18.7400000000   -0.0009764637    0.0175851829
  -18.7300000000   -0.0017489144    0.0176286546
  -18.7200000000   -0.0025232229    0.0176785545
  -18.7100000000   -0.0032994544    0.0177348637
  -18.7000000000   -0.0040776664    0.0177975795
  -18.6900000000   -0.0048579081    0.0178667148
  -18.6800000000   -0.0056402184    0.0179422978
  -18.6700000000   -0.0064246242    0.0180243710
  -18.6600000000   -0.0072111388    0.0181129912
  -18.6500000000   -0.0079997596    0.0182082280
  -18.6400000000   -0.0087904661    0.0183101635
  -18.6300000000   -0.0095832170    0.0184188905
  -18.6200000000   -0.0103779481    0.0185345111
  -18.6100000000   -0.0111745690    0.0186571348
  -18.6000000000   -0.0119729602    0.0187868761
  -18.5900000000   -0.0127729695    0.0189238511
  -18.5800000000   -0.0135744094    0.0190681737
  -18.5700000000   -0.0143770528    0.0192199513
  -18.5600000000   -0.0151806304    0.0193792783
  -18.5500000000   -0.0159848275    0.0195462298
  -18.5400000000   -0.0167892817    0.0197208530
  -18.5300000000   -0.0175935812    0.0199031573
  -18.5200000000   -0.0183972644    0.0200931034
  -18.5100000000   -0.0191998216    0.0202905900
  -18.5000000000   -0.0200006986    0.0204954398
  -18.4900000000   -0.0207993031    0.0207073836
  -18.4800000000   -0.0215950159    0.0209260441
  -18.4700000000   -0.0223872046    0.0211509195
  -18.4600000000   -0.0231752447    0.0213813673
  -18.4500000000   -0.0239585442    0.0216165919
  -18.4400000000   -0.0247365755    0.0218556344
  -18.4300000000   -0.0255089116    0.0220973696
  -18.4200000000   -0.0262752680    0.0223405103
  -18.4100000000   -0.0270355464    0.0225836227
  -18.4000000000   -0.0277898787    0.0228251531
  -18.3900000000   -0.0285386682    0.0230634683
  -18.3800000000   -0.0292826224    0.0232969091
  -18.3700000000   -0.0300227736    0.0235238552
  -18.3600000000   -0.0307604837    0.0237427989
  -18.3500000000   -0.0314974280    0.0239524224
  -18.3400000000   -0.0322355588    0.0241516719
  -18.3300000000   -0.0329770473    0.0243398225
  -18.3200000000   -0.0337242089    0.0245165270
  -18.3100000000   -0.0344794152    0.0246818426
  -18.3000000000   -0.0352450030    0.0248362335
  -18.2900000000   -0.0360231851    0.0249805492
  -18.2800000000   -0.0368159724    0.0251159791
  -18.2700000000   -0.0376251126    0.0252439913
  -18.2600000000   -0.0384520493    0.0253662594
  -18.2500000000   -0.0392979022    0.0254845862
  -18.2400000000   -0.0401634681    0.0256008287
  -18.2300000000   -0.0410492384    0.0257168320
  -18.2200000000   -0.0419554309    0.0258343739
  -18.2100000000   -0.0428820286    0.0259551221
  -18.2000000000   -0.0438288238    0.0260806056
  -18.1900000000   -0.0447954625    0.0262121978
  -18.1800000000   -0.0457814858    0.0263511109
  -18.1700000000   -0.0467863679    0.0264983982
  -18.1600000000   -0.0478095479    0.0266549635
  -18.1500000000   -0.0488504560    0.0268215741
  -18.1400000000   -0.0499085346    0.0269988767
  -18.1300000000   -0.0509832533    0.0271874151
  -18.1200000000   -0.0520741193    0.0273876463
  -18.1100000000   -0.0531806850    0.0275999581
  -18.1000000000   -0.0543025506    0.0278246837
  -18.0900000000   -0.0554393660    0.0280621157
  -18.0800000000   -0.0565908293    0.0283125188
  -18.0700000000   -0.0577566849    0.0285761401
  -18.0600000000   -0.0589367194    0.0288532189
  -18.0500000000   -0.0601307583    0.0291439943
  -18.0400000000   -0.0613386605    0.0294487123
  -18.0300000000   -0.0625603137    0.0297676309
  -18.0200000000   -0.0637956288    0.0301010255
  -18.0100000000   -0.0650445345    0.0304491921
  -18.0000000000   -0.0663069719    0.0308124508
  -17.9900000000   -0.0675828882    0.0311911480
  -17.9800000000   -0.0688722310    0.0315856584
  -17.9700000000   -0.0701749421    0.0319963863
  -17.9600000000   -0.0714909512    0.0324237659
  -17.9500000000   -0.0728201687    0.0328682615
  -17.9400000000   -0.0741624792    0.0333303671
  -17.9300000000   -0.0755177338    0.0338106043
  -17.9200000000   -0.0768857420    0.0343095204
  -17.9100000000   -0.0782662640    0.0348276850
  -17.9000000000   -0.0796590011    0.0353656848
  -17.8900000000   -0.0810635875    0.0359241176
  -17.8800000000   -0.0824795803    0.0365035842
  -17.8700000000   -0.0839064504    0.0371046782
  -17.8600000000   -0.0853435728    0.0377279728
  -17.8500000000   -0.0867902186    0.0383740056
  -17.8400000000   -0.0882455468    0.0390432594
  -17.8300000000   -0.0897085986    0.0397361396
  -17.8200000000   -0.0911782943    0.0404529476
  -17.8100000000   -0.0926534340    0.0411938505
  -17.8000000000   -0.0941327032    0.0419588461
  -17.7900000000   -0.0956146856    0.0427477250
  -17.7800000000   -0.0970978838    0.0435600291
  -17.7700000000   -0.0985807511    0.0443950097
  -17.7600000000   -0.1000617346    0.0452515852
  -17.7500000000   -0.1015393332    0.0461283030
  -17.7400000000   -0.1030121693    0.0470233084
  -17.7300000000   -0.1044790762    0.0479343263
  -17.7200000000   -0.1059391989    0.0488586590
  -17.7100000000   -0.1073921053    0.0497932087
  -17.7000000000   -0.1088379025    0.0507345268
  -17.6900000000   -0.1102773515    0.0516788969
  -17.6800000000   -0.1117119690    0.0526224529
  -17.6700000000   -0.1131441063    0.0535613299
  -17.6600000000   -0.1145769922    0.0544918446
  -17.6500000000   -0.1160147309    0.0554106951
  -17.6400000000   -0.1174622453    0.0563151654
  -17.6300000000   -0.1189251644    0.0572033188
  -17.6200000000   -0.1204096569    0.0580741612
  -17.6100000000   -0.1219222224    0.0589277585
  -17.6000000000   -0.1234694542    0.0597652938
  -17.5900000000   -0.1250577949    0.0605890600
  -17.5800000000   -0.1266933054    0.0614023865
  -17.5700000000   -0.1283814658    0.0622095098
  -17.5600000000   -0.1301270234    0.0630154019
  -17.5500000000   -0.1319338964    0.0638255729
  -17.5400000000   -0.1338051335    0.0646458675
  -17.5300000000   -0.1357429278    0.0654822716
  -17.5200000000   -0.1377486731    0.0663407409
  -17.5100000000   -0.1398230538    0.0672270625
  -17.5000000000   -0.1419661544    0.0681467503
  -17.4900000000   -0.1441775784    0.0691049769
  -17.4800000000   -0.1464565671    0.0701065381
  -17.4700000000   -0.1488021110    0.0711558449
  -17.4600000000   -0.1512130487    0.0722569378
  -17.4500000000   -0.1536881517    0.0734135180
  -17.4400000000   -0.1562261936    0.0746289897
  -17.4300000000   -0.1588260037    0.0759065102
  -17.4200000000   -0.1614865062    0.0772490427
  -17.4100000000   -0.1642067470    0.0786594114
  -17.4000000000   -0.1669859083    0.0801403543
  -17.3900000000   -0.1698233131    0.0816945743
  -17.3800000000   -0.1727184207    0.0833247867
  -17.3700000000   -0.1756708154    0.0850337609
  -17.3600000000   -0.1786801875    0.0868243579
  -17.3500000000   -0.1817463104    0.0886995607
  -17.3400000000   -0.1848690136    0.0906624975
  -17.3300000000   -0.1880481536    0.0927164587
  -17.3200000000   -0.1912835844    0.0948649054
  -17.3100000000   -0.1945751294    0.0971114718
  -17.3000000000   -0.1979225554    0.0994599599
  -17.2900000000   -0.2013255511    0.1019143294
  -17.2800000000   -0.2047837101    0.1044786817
  -17.2700000000   -0.2082965213    0.1071572402
  -17.2600000000   -0.2118633663    0.1099543275
  -17.2500000000   -0.2154835257    0.1128743411
  -17.2400000000   -0.2191561955    0.1159217291
  -17.2300000000   -0.2228805155    0.1191009680
  -17.2200000000   -0.2266556092    0.1224165459
  -17.2100000000   -0.2304806383    0.1258729548
  -17.2000000000   -0.2343548694    0.1294746962
  -17.1900000000   -0.2382777527    0.1332263066
  -17.1800000000   -0.2422490087    0.1371324067
  -17.1700000000   -0.2462687179    0.1411977826
  -17.1600000000   -0.2503374044    0.1454275009
  -17.1500000000   -0.2544561049    0.1498270619
  -17.1400000000   -0.2586264084    0.1544025893
  -17.1300000000   -0.2628504563    0.1591610508
  -17.1200000000   -0.2671308907    0.1641105023
  -17.1100000000   -0.2714707408    0.1692603382
  -17.1000000000   -0.2758732461    0.1746215349
  -17.0900000000   -0.2803416164    0.1802068656
  -17.0800000000   -0.2848787386    0.1860310718
  -17.0700000000   -0.2894868430    0.1921109770
  -17.0600000000   -0.2941671498    0.1984655377
  -17.0500000000   -0.2989195113    0.2051158290
  -17.0400000000   -0.3037420689    0.2120849752
  -17.0300000000   -0.3086309352    0.2193980355
  -17.0200000000   -0.3135799083    0.2270818614
  -17.0100000000   -0.3185802155    0.2351649414
  -17.0000000000   -0.3236202794    0.2436772462
  -16.9900000000   -0.3286854950    0.2526500825
  -16.9800000000   -0.3337580026    0.2621159600
  -16.9700000000   -0.3388164415    0.2721084692
  -16.9600000000   -0.3438356700    0.2826621622
  -16.9500000000   -0.3487864389    0.2938124265
  -16.9400000000   -0.3536350104    0.3055953339
  -16.9300000000   -0.3583427144    0.3180474498
  -16.9200000000   -0.3628654402    0.3312055783
  -16.9100000000   -0.3671530638    0.3451064242
  -16.9000000000   -0.3711488155    0.3597861439
  -16.8900000000   -0.3747885966    0.3752797596
  -16.8800000000   -0.3780002589    0.3916204072
  -16.8700000000   -0.3807028693    0.4088383861
  -16.8600000000   -0.3828059871    0.4269599787
  -16.8500000000   -0.3842089950    0.4460060057
  -16.8400000000   -0.3848005344    0.4659900857
  -16.8300000000   -0.3844581129    0.4869165698
  -16.8200000000   -0.3830479685    0.5087781340
  -16.8100000000   -0.3804252923    0.5315530201
  -16.8000000000   -0.3764349324    0.5552019425
  -16.7900000000   -0.3709127202    0.5796647052
  -16.7800000000   -0.3636875705    0.6048566150
  -16.7700000000   -0.3545845157    0.6306648284
  -16.7600000000   -0.3434288204    0.6569448347
  -16.7500000000   -0.3300512959    0.6835173467
  -16.7400000000   -0.3142948738    0.7101659471
  -16.7300000000   -0.2960224076    0.7366359053
  -16.7200000000   -0.2751255406    0.7626346258
  -16.7100000000   -0.2515343189    0.7878342001
  -16.7000000000   -0.2252270348    0.8118764835
  -16.6900000000   -0.1962395996    0.8343809976
  -16.6800000000   -0.1646735723    0.8549557462
  -16.6700000000   -0.1307018779    0.8732107444
  -16.6600000000   -0.0945712511    0.8887737043
  -16.6500000000   -0.0566005949    0.9013069561
  -16.6400000000   -0.0171747445    0.9105243560
  -16.6300000000    0.0232664297    0.9162067311
  -16.6200000000    0.0642431230    0.9182143824
  -16.6100000000    0.1052539159    0.9164953553
  -16.6000000000    0.1457958940    0.9110885820
  -16.5900000000    0.1853848974    0.9021215447
  -16.5800000000    0.2235742113    0.8898027192
  -16.5700000000    0.2599702270    0.8744096186
  -16.5600000000    0.2942440120    0.8562736815
  -16.5500000000    0.3261382490    0.8357634682
  -16.5400000000    0.3554695341    0.8132676363
  -16.5300000000    0.3821264842    0.7891789827
  -16.5200000000    0.4060644306    0.7638805314
  -16.5100000000    0.4272976480    0.7377342793
  -16.5000000000    0.4458900986    0.7110728516
  -16.4900000000    0.4619455816    0.6841940179
  -16.4800000000    0.4755980228    0.6573577940
  -16.4700000000    0.4870024456    0.6307857195
  -16.4600000000    0.4963269757    0.6046618425
  -16.4500000000    0.5037460614    0.5791349440
  -16.4400000000    0.5094349590    0.5543215777
  -16.4300000000    0.5135654339    0.5303095660
  -16.4200000000    0.5163025655    0.5071616679
  -16.4100000000    0.5178025112    0.4849192084
  -16.4000000000    0.5182110699    0.4636055195
  -16.3900000000    0.5176628907    0.4432291048
  -16.3800000000    0.5162811850    0.4237864725
  -16.3700000000    0.5141778150    0.4052646227
  -16.3600000000    0.5114536559    0.3876431904
  -16.3500000000    0.5081991430    0.3708962641
  -16.3400000000    0.5044949378    0.3549939061
  -16.3300000000    0.5004126580    0.3399034082
  -16.3200000000    0.4960156343    0.3255903134
  -16.3100000000    0.4913596627    0.3120192375
  -16.3000000000    0.4864937347    0.2991545199
  -16.2900000000    0.4814607292    0.2869607313
  -16.2800000000    0.4762980612    0.2754030621
  -16.2700000000    0.4710382795    0.2644476127
  -16.2600000000    0.4657096151    0.2540616044
  -16.2500000000    0.4603364779    0.2442135257
  -16.2400000000    0.4549399053    0.2348732269
  -16.2300000000    0.4495379651    0.2260119740
  -16.2200000000    0.4441461149    0.2176024714
  -16.2100000000    0.4387775221    0.2096188588
  -16.2000000000    0.4334433486    0.2020366907
  -16.1900000000    0.4281530019    0.1948329014
  -16.1800000000    0.4229143576    0.1879857600
  -16.1700000000    0.4177339553    0.1814748187
  -16.1600000000    0.4126171711    0.1752808569
  -16.1500000000    0.4075683693    0.1693858217
  -16.1400000000    0.4025910355    0.1637727683
  -16.1300000000    0.3976878939    0.1584257999
  -16.1200000000    0.3928610091    0.1533300087
  -16.1100000000    0.3881118764    0.1484714179
  -16.1000000000    0.3834415001    0.1438369264
  -16.0900000000    0.3788504621    0.1394142549
  -16.0800000000    0.3743389824    0.1351918951
  -16.0700000000    0.3699069711    0.1311590613
  -16.0600000000    0.3655540747    0.1273056440
  -16.0500000000    0.3612797157    0.1236221673
  -16.0400000000    0.3570831276    0.1200997478
  -16.0300000000    0.3529633857    0.1167300565
  -16.0200000000    0.3489194329    0.1135052831
  -16.0100000000    0.3449501034    0.1104181024
  -16.0000000000    0.3410541421    0.1074616431
  -15.9900000000    0.3372302229    0.1046294592
  -15.9800000000    0.3334769629    0.1019155019
  -15.9700000000    0.3297929362    0.0993140954
  -15.9600000000    0.3261766847    0.0968199129
  -15.9500000000    0.3226267286    0.0944279548
  -15.9400000000    0.3191415743    0.0921335287
  -15.9300000000    0.3157197221    0.0899322307
  -15.9200000000    0.3123596723    0.0878199277
  -15.9100000000    0.3090599310    0.0857927419
  -15.9000000000    0.3058190145    0.0838470352
  -15.8900000000    0.3026354536    0.0819793961
  -15.8800000000    0.2995077970    0.0801866268
  -15.8700000000    0.2964346144    0.0784657314
  -15.8600000000    0.2934144992    0.0768139053
  -15.8500000000    0.2904460710    0.0752285253
  -15.8400000000    0.2875279773    0.0737071405
  -15.8300000000    0.2846588960    0.0722474642
  -15.8200000000    0.2818375367    0.0708473660
  -15.8100000000    0.2790626426    0.0695048652
  -15.8000000000    0.2763329923    0.0682181247
  -15.7900000000    0.2736474010    0.0669854448
  -15.7800000000    0.2710047229    0.0658052591
  -15.7700000000    0.2684038524    0.0646761290
  -15.7600000000    0.2658437267    0.0635967405
  -15.7500000000    0.2633233277    0.0625659004
  -15.7400000000    0.2608416846    0.0615825331
  -15.7300000000    0.2583978768    0.0606456781
  -15.7200000000    0.2559910371    0.0597544879
  -15.7100000000    0.2536203557    0.0589082257
  -15.7000000000    0.2512850843    0.0581062641
  -15.6900000000    0.2489845411    0.0573480832
  -15.6800000000    0.2467181166    0.0566332698
  -15.6700000000    0.2444852801    0.0559615160
  -15.6600000000    0.2422855872    0.0553326175
  -15.6500000000    0.2401186885    0.0547464732
  -15.6400000000    0.2379843393    0.0542030824
  -15.6300000000    0.2358824107    0.0537025433
  -15.6200000000    0.2338129026    0.0532450499
  -15.6100000000    0.2317759572    0.0528308878
  -15.6000000000    0.2297718758    0.0524604296
  -15.5900000000    0.2278011360    0.0521341272
  -15.5800000000    0.2258644119    0.0518525028
  -15.5700000000    0.2239625955    0.0516161373
  -15.5600000000    0.2220968205    0.0514256542
  -15.5500000000    0.2202684878    0.0512816999
  -15.5400000000    0.2184792923    0.0511849188
  -15.5300000000    0.2167312511    0.0511359220
  -15.5200000000    0.2150267315    0.0511352481
  -15.5100000000    0.2133684785    0.0511833163
  -15.5000000000    0.2117596405    0.0512803684
  -15.4900000000    0.2102037896    0.0514264006
  -15.4800000000    0.2087049366    0.0516210820
  -15.4700000000    0.2072675346    0.0518636611
  -15.4600000000    0.2058964694    0.0521528576
  -15.4500000000    0.2045970303    0.0524867426
  -15.4400000000    0.2033748573    0.0528626074
  -15.4300000000    0.2022358566    0.0532768252
  -15.4200000000    0.2011860809    0.0537247104
  -15.4100000000    0.2002315659    0.0542003849
  -15.4000000000    0.1993781210    0.0546966617
  -15.3900000000    0.1986310709    0.0552049598
  -15.3800000000    0.1979949499    0.0557152669
  -15.3700000000    0.1974731576    0.0562161687
  -15.3600000000    0.1970675878    0.0566949630
  -15.3500000000    0.1967782542    0.0571378736
  -15.3400000000    0.1966029401    0.0575303753
  -15.3300000000    0.1965369094    0.0578576316
  -15.3200000000    0.1965727149    0.0581050323
  -15.3100000000    0.1967001428    0.0582588079
  -15.3000000000    0.1969063218    0.0583066792
  -15.2900000000    0.1971760117    0.0582384915
  -15.2800000000    0.1974920701    0.0580467752
  -15.2700000000    0.1978360715    0.0577271762
  -15.2600000000    0.1981890345    0.0572787088
  -15.2500000000    0.1985321975    0.0567038042
  -15.2400000000    0.1988477770    0.0560081479
  -15.2300000000    0.1991196417    0.0552003238
  -15.2200000000    0.1993338539    0.0542913065
  -15.2100000000    0.1994790406    0.0532938517
  -15.2000000000    0.1995465837    0.0522218460
  -15.1900000000    0.1995306365    0.0510896696
  -15.1800000000    0.1994279896    0.0499116184
  -15.1700000000    0.1992378215    0.0487014182
  -15.1600000000    0.1989613709    0.0474718464
  -15.1500000000    0.1986015691    0.0462344678
  -15.1400000000    0.1981626641    0.0449994758
  -15.1300000000    0.1976498620    0.0437756262
  -15.1200000000    0.1970690014    0.0425702462
  -15.1100000000    0.1964262737    0.0413892989
  -15.1000000000    0.1957279912    0.0402374869
  -15.0900000000    0.1949804031    0.0391183797
  -15.0800000000    0.1941895570    0.0380345512
  -15.0700000000    0.1933611993    0.0369877195
  -15.0600000000    0.1925007087    0.0359788809
  -15.0500000000    0.1916130582    0.0350084351
  -15.0400000000    0.1907027967    0.0340762974
  -15.0300000000    0.1897740480    0.0331819981
  -15.0200000000    0.1888305216    0.0323247682
  -15.0100000000    0.1878755312    0.0315036128
  -15.0000000000    0.1869120190    0.0307173722
  -14.9900000000    0.1859425826    0.0299647723
  -14.9800000000    0.1849695038    0.0292444660
  -14.9700000000    0.1839947771    0.0285550662
  -14.9600000000    0.1830201379    0.0278951723
  -14.9500000000    0.1820470892    0.0272633905
  -14.9400000000    0.1810769261    0.0266583494
  -14.9300000000    0.1801107597    0.0260787119
  -14.9200000000    0.1791495374    0.0255231838
  -14.9100000000    0.1781940630    0.0249905192
  -14.9000000000    0.1772450133    0.0244795251
  -14.8900000000    0.1763029540    0.0239890631
  -14.8800000000    0.1753683536    0.0235180503
  -14.8700000000    0.1744415953    0.0230654597
  -14.8600000000    0.1735229886    0.0226303190
  -14.8500000000    0.1726127783    0.0222117094
  -14.8400000000    0.1717111533    0.0218087639
  -14.8300000000    0.1708182540    0.0214206654
  -14.8200000000    0.1699341789    0.0210466441
  -14.8100000000    0.1690589905    0.0206859759
  -14.8000000000    0.1681927200    0.0203379793
  -14.7900000000    0.1673353721    0.0200020137
  -14.7800000000    0.1664869286    0.0196774766
  -14.7700000000    0.1656473518    0.0193638018
  -14.7600000000    0.1648165874    0.0190604570
  -14.7500000000    0.1639945674    0.0187669417
  -14.7400000000    0.1631812117    0.0184827852
  -14.7300000000    0.1623764309    0.0182075449
  -14.7200000000    0.1615801270    0.0179408045
  -14.7100000000    0.1607921957    0.0176821720
  -14.7000000000    0.1600125271    0.0174312785
  -14.6900000000    0.1592410072    0.0171877766
  -14.6800000000    0.1584775186    0.0169513389
  -14.6700000000    0.1577219414    0.0167216567
  -14.6600000000    0.1569741540    0.0164984389
  -14.6500000000    0.1562340336    0.0162814111
  -14.6400000000    0.1555014566    0.0160703138
  -14.6300000000    0.1547762995    0.0158649022
  -14.6200000000    0.1540584387    0.0156649448
  -14.6100000000    0.1533477514    0.0154702228
  -14.6000000000    0.1526441152    0.0152805291
  -14.5900000000    0.1519474091    0.0150956677
  -14.5800000000    0.1512575133    0.0149154530
  -14.5700000000    0.1505743091    0.0147397090
  -14.5600000000    0.1498976795    0.0145682689
  -14.5500000000    0.1492275093    0.0144009745
  -14.5400000000    0.1485636847    0.0142376755
  -14.5300000000    0.1479060938    0.0140782292
  -14.5200000000    0.1472546267    0.0139225000
  -14.5100000000    0.1466091752    0.0137703591
  -14.5000000000    0.1459696329    0.0136216837
  -14.4900000000    0.1453358957    0.0134763570
  -14.4800000000    0.1447078611    0.0133342681
  -14.4700000000    0.1440854286    0.0131953108
  -14.4600000000    0.1434684996    0.0130593842
  -14.4500000000    0.1428569776    0.0129263920
  -14.4400000000    0.1422507677    0.0127962423
  -14.4300000000    0.1416497770    0.0126688474
  -14.4200000000    0.1410539144    0.0125441234
  -14.4100000000    0.1404630908    0.0124219902
  -14.4000000000    0.1398772186    0.0123023713
  -14.3900000000    0.1392962121    0.0121851934
  -14.3800000000    0.1387199874    0.0120703865
  -14.3700000000    0.1381484621    0.0119578835
  -14.3600000000    0.1375815555    0.0118476200
  -14.3500000000    0.1370191887    0.0117395347
  -14.3400000000    0.1364612840    0.0116335685
  -14.3300000000    0.1359077656    0.0115296647
  -14.3200000000    0.1353585591    0.0114277693
  -14.3100000000    0.1348135913    0.0113278300
  -14.3000000000    0.1342727910    0.0112297970
  -14.2900000000    0.1337360877    0.0111336223
  -14.2800000000    0.1332034129    0.0110392597
  -14.2700000000    0.1326746989    0.0109466651
  -14.2600000000    0.1321498797    0.0108557959
  -14.2500000000    0.1316288903    0.0107666111
  -14.2400000000    0.1311116669    0.0106790715
  -14.2300000000    0.1305981471    0.0105931393
  -14.2200000000    0.1300882695    0.0105087780
  -14.2100000000    0.1295819738    0.0104259527
  -14.2000000000    0.1290792010    0.0103446296
  -14.1900000000    0.1285798928    0.0102647763
  -14.1800000000    0.1280839923    0.0101863617
  -14.1700000000    0.1275914433    0.0101093556
  -14.1600000000    0.1271021908    0.0100337290
  -14.1500000000    0.1266161806    0.0099594542
  -14.1400000000    0.1261333596    0.0098865042
  -14.1300000000    0.1256536752    0.0098148532
  -14.1200000000    0.1251770762    0.0097444762
  -14.1100000000    0.1247035118    0.0096753492
  -14.1000000000    0.1242329322    0.0096074492
  -14.0900000000    0.1237652883    0.0095407537
  -14.0800000000    0.1233005320    0.0094752415
  -14.0700000000    0.1228386156    0.0094108917
  -14.0600000000    0.1223794924    0.0093476845
  -14.0500000000    0.1219231161    0.0092856008
  -14.0400000000    0.1214694415    0.0092246220
  -14.0300000000    0.1210184237    0.0091647305
  -14.0200000000    0.1205700185    0.0091059090
  -14.0100000000    0.1201241823    0.0090481413
  -14.0000000000    0.1196808723    0.0089914114
  -13.9900000000    0.1192400461    0.0089357042
  -13.9800000000    0.1188016617    0.0088810050
  -13.9700000000    0.1183656779    0.0088273000
  -13.9600000000    0.1179320539    0.0087745756
  -13.9500000000    0.1175007494    0.0087228189
  -13.9400000000    0.1170717246    0.0086720175
  -13.9300000000    0.1166449402    0.0086221597
  -13.9200000000    0.1162203572    0.0085732341
  -13.9100000000    0.1157979371    0.0085252299
  -13.9000000000    0.1153776420    0.0084781368
  -13.8900000000    0.1149594340    0.0084319449
  -13.8800000000    0.1145432759    0.0083866448
  -13.8700000000    0.1141291308    0.0083422278
  -13.8600000000    0.1137169620    0.0082986853
  -13.8500000000    0.1133067333    0.0082560094
  -13.8400000000    0.1128984087    0.0082141925
  -13.8300000000    0.1124919526    0.0081732276
  -13.8200000000    0.1120873295    0.0081331079
  -13.8100000000    0.1116845045    0.0080938274
  -13.8000000000    0.1112834426    0.0080553801
  -13.7900000000    0.1108841092    0.0080177608
  -13.7800000000    0.1104864699    0.0079809645
  -13.7700000000    0.1100904905    0.0079449866
  -13.7600000000    0.1096961371    0.0079098232
  -13.7500000000    0.1093033759    0.0078754705
  -13.7400000000    0.1089121731    0.0078419252
  -13.7300000000    0.1085224953    0.0078091846
  -13.7200000000    0.1081343091    0.0077772463
  -13.7100000000    0.1077475814    0.0077461082
  -13.7000000000    0.1073622789    0.0077157688
  -13.6900000000    0.1069783686    0.0076862270
  -13.6800000000    0.1065958176    0.0076574820
  -13.6700000000    0.1062145929    0.0076295337
  -13.6600000000    0.1058346618    0.0076023821
  -13.6500000000    0.1054559913    0.0075760280
  -13.6400000000    0.1050785487    0.0075504724
  -13.6300000000    0.1047023013    0.0075257168
  -13.6200000000    0.1043272161    0.0075017633
  -13.6100000000    0.1039532604    0.0074786143
  -13.6000000000    0.1035804012    0.0074562727
  -13.5900000000    0.1032086057    0.0074347421
  -13.5800000000    0.1028378407    0.0074140264
  -13.5700000000    0.1024680733    0.0073941300
  -13.5600000000    0.1020992702    0.0073750580
  -13.5500000000    0.1017313981    0.0073568159
  -13.5400000000    0.1013644235    0.0073394098
  -13.5300000000    0.1009983127    0.0073228462
  -13.5200000000    0.1006330319    0.0073071326
  -13.5100000000    0.1002685473    0.0072922766
  -13.5000000000    0.0999048244    0.0072782868
  -13.4900000000    0.0995418290    0.0072651723
  -13.4800000000    0.0991795262    0.0072529428
  -13.4700000000    0.0988178813    0.0072416087
  -13.4600000000    0.0984568588    0.0072311811
  -13.4500000000    0.0980964233    0.0072216720
  -13.4400000000    0.0977365388    0.0072130940
  -13.4300000000    0.0973771692    0.0072054604
  -13.4200000000    0.0970182779    0.0071987854
  -13.4100000000    0.0966598279    0.0071930841
  -13.4000000000    0.0963017817    0.0071883725
  -13.3900000000    0.0959441016    0.0071846673
  -13.3800000000    0.0955867492    0.0071819863
  -13.3700000000    0.0952296858    0.0071803483
  -13.3600000000    0.0948728721    0.0071797731
  -13.3500000000    0.0945162683    0.0071802816
  -13.3400000000    0.0941598339    0.0071818956
  -13.3300000000    0.0938035281    0.0071846384
  -13.3200000000    0.0934473093    0.0071885344
  -13.3100000000    0.0930911353    0.0071936091
  -13.3000000000    0.0927349631    0.0071998895
  -13.2900000000    0.0923787493    0.0072074041
  -13.2800000000    0.0920224494    0.0072161826
  -13.2700000000    0.0916660186    0.0072262564
  -13.2600000000    0.0913094109    0.0072376586
  -13.2500000000    0.0909525798    0.0072504236
  -13.2400000000    0.0905954776    0.0072645881
  -13.2300000000    0.0902380560    0.0072801903
  -13.2200000000    0.0898802659    0.0072972705
  -13.2100000000    0.0895220568    0.0073158709
  -13.2000000000    0.0891633776    0.0073360361
  -13.1900000000    0.0888041762    0.0073578129
  -13.1800000000    0.0884443991    0.0073812503
  -13.1700000000    0.0880839922    0.0074064002
  -13.1600000000    0.0877228998    0.0074333168
  -13.1500000000    0.0873610655    0.0074620574
  -13.1400000000    0.0869984313    0.0074926821
  -13.1300000000    0.0866349383    0.0075252542
  -13.1200000000    0.0862705263    0.0075598404
  -13.1100000000    0.0859051337    0.0075965108
  -13.1000000000    0.0855386975    0.0076353392
  -13.0900000000    0.0851711538    0.0076764035
  -13.0800000000    0.0848024367    0.0077197855
  -13.0700000000    0.0844324795    0.0077655716
  -13.0600000000    0.0840612137    0.0078138527
  -13.0500000000    0.0836885696    0.0078647250
  -13.0400000000    0.0833144757    0.0079182895
  -13.0300000000    0.0829388595    0.0079746531
  -13.0200000000    0.0825616466    0.0080339285
  -13.0100000000    0.0821827615    0.0080962348
  -13.0000000000    0.0818021271    0.0081616975
  -12.9900000000    0.0814196647    0.0082304496
  -12.9800000000    0.0810352944    0.0083026315
  -12.9700000000    0.0806489349    0.0083783915
  -12.9600000000    0.0802605035    0.0084578867
  -12.9500000000    0.0798699163    0.0085412833
  -12.9400000000    0.0794770883    0.0086287572
  -12.9300000000    0.0790819334    0.0087204948
  -12.9200000000    0.0786843647    0.0088166934
  -12.9100000000    0.0782842943    0.0089175623
  -12.9000000000    0.0778816341    0.0090233235
  -12.8900000000    0.0774762953    0.0091342122
  -12.8800000000    0.0770681895    0.0092504785
  -12.8700000000    0.0766572282    0.0093723874
  -12.8600000000    0.0762433237    0.0095002209
  -12.8500000000    0.0758263896    0.0096342782
  -12.8400000000    0.0754063408    0.0097748778
  -12.8300000000    0.0749830948    0.0099223581
  -12.8200000000    0.0745565716    0.0100770792
  -12.8100000000    0.0741266953    0.0102394245
  -12.8000000000    0.0736933945    0.0104098021
  -12.7900000000    0.0732566037    0.0105886466
  -12.7800000000    0.0728162641    0.0107764211
  -12.7700000000    0.0723723255    0.0109736192
  -12.7600000000    0.0719247477    0.0111807670
  -12.7500000000    0.0714735026    0.0113984255
  -12.7400000000    0.0710185760    0.0116271930
  -12.7300000000    0.0705599702    0.0118677079
  -12.7200000000    0.0700977071    0.0121206509
  -12.7100000000    0.0696318313    0.0123867485
  -12.7000000000    0.0691624137    0.0126667757
  -12.6900000000    0.0686895559    0.0129615591
  -12.6800000000    0.0682133950    0.0132719803
  -12.6700000000    0.0677341094    0.0135989795
  -12.6600000000    0.0672519249    0.0139435587
  -12.6500000000    0.0667671221    0.0143067849
  -12.6400000000    0.0662800448    0.0146897941
  -12.6300000000    0.0657911092    0.0150937945
  -12.6200000000    0.0653008148    0.0155200693
  -12.6100000000    0.0648097566    0.0159699796
  -12.6000000000    0.0643186388    0.0164449670
  -12.5900000000    0.0638282909    0.0169465545
  -12.5800000000    0.0633396845    0.0174763480
  -12.5700000000    0.0628539543    0.0180360347
  -12.5600000000    0.0623724194    0.0186273812
  -12.5500000000    0.0618966090    0.0192522291
  -12.5400000000    0.0614282897    0.0199124874
  -12.5300000000    0.0609694961    0.0206101219
  -12.5200000000    0.0605225648    0.0213471399
  -12.5100000000    0.0600901705    0.0221255704
  -12.5000000000    0.0596753655    0.0229474368
  -12.4900000000    0.0592816213    0.0238147220
  -12.4800000000    0.0589128718    0.0247293248
  -12.4700000000    0.0585735574    0.0256930043
  -12.4600000000    0.0582686679    0.0267073119
  -12.4500000000    0.0580037829    0.0277735077
  -12.4400000000    0.0577851056    0.0288924609
  -12.4300000000    0.0576194880    0.0300645313
  -12.4200000000    0.0575144409    0.0312894304
  -12.4100000000    0.0574781247    0.0325660631
  -12.4000000000    0.0575193122    0.0338923486
  -12.3900000000    0.0576473161    0.0352650247
  -12.3800000000    0.0578718729    0.0366794391
  -12.3700000000    0.0582029718    0.0381293355
  -12.3600000000    0.0586506223    0.0396066461
  -12.3500000000    0.0592245508    0.0411013070
  -12.3400000000    0.0599338233    0.0426011146
  -12.3300000000    0.0607863960    0.0440916500
  -12.3200000000    0.0617886013    0.0455562960
  -12.3100000000    0.0629445878    0.0469763770
  -12.3000000000    0.0642557458    0.0483314455
  -12.2900000000    0.0657201560    0.0495997354
  -12.2800000000    0.0673321161    0.0507587859
  -12.2700000000    0.0690818011    0.0517862279
  -12.2600000000    0.0709551147    0.0526606978
  -12.2500000000    0.0729337815    0.0533628257
  -12.2400000000    0.0749957091    0.0538762248
  -12.2300000000    0.0771156268    0.0541883933
  -12.2200000000    0.0792659715    0.0542914436
  -12.2100000000    0.0814179622    0.0541825799
  -12.2000000000    0.0835427798    0.0538642712
  -12.1900000000    0.0856127503    0.0533441019
  -12.1800000000    0.0876024324    0.0526343139
  -12.1700000000    0.0894895211    0.0517510921
  -12.1600000000    0.0912555076    0.0507136684
  -12.1500000000    0.0928860624    0.0495433313
  -12.1400000000    0.0943711460    0.0482624293
  -12.1300000000    0.0957048730    0.0468934437
  -12.1200000000    0.0968851801    0.0454581867
  -12.1100000000    0.0979133531    0.0439771613
  -12.1000000000    0.0987934719    0.0424690936
  -12.0900000000    0.0995318271    0.0409506350
  -12.0800000000    0.1001363491    0.0394362161
  -12.0700000000    0.1006160822    0.0379380266
  -12.0600000000    0.1009807238    0.0364660939
  -12.0500000000    0.1012402371    0.0350284311
  -12.0400000000    0.1014045421    0.0336312310
  -12.0300000000    0.1014832789    0.0322790832
  -12.0200000000    0.1014856377    0.0309751975
  -12.0100000000    0.1014202461    0.0297216229
  -12.0000000000    0.1012951033    0.0285194500
  -11.9900000000    0.1011175515    0.0273689948
  -11.9800000000    0.1008942761    0.0262699590
  -11.9700000000    0.1006313245    0.0252215671
  -11.9600000000    0.1003341395    0.0242226813
  -11.9500000000    0.1000075992    0.0232718951
  -11.9400000000    0.0996560617    0.0223676095
  -11.9300000000    0.0992834094    0.0215080940
  -11.9200000000    0.0988930928    0.0206915341
  -11.9100000000    0.0984881715    0.0199160698
  -11.9000000000    0.0980713524    0.0191798246
  -11.8900000000    0.0976450248    0.0184809286
  -11.8800000000    0.0972112924    0.0178175371
  -11.8700000000    0.0967720027    0.0171878437
  -11.8600000000    0.0963287729    0.0165900916
  -11.8500000000    0.0958830147    0.0160225809
  -11.8400000000    0.0954359555    0.0154836751
  -11.8300000000    0.0949886590    0.0149718045
  -11.8200000000    0.0945420427    0.0144854690
  -11.8100000000    0.0940968943    0.0140232390
  -11.8000000000    0.0936538871    0.0135837561
  -11.7900000000    0.0932135925    0.0131657323
  -11.7800000000    0.0927764925    0.0127679486
  -11.7700000000    0.0923429906    0.0123892534
  -11.7600000000    0.0919134209    0.0120285604
  -11.7500000000    0.0914880574    0.0116848459
  -11.7400000000    0.0910671209    0.0113571465
  -11.7300000000    0.0906507866    0.0110445558
  -11.7200000000    0.0902391893    0.0107462222
  -11.7100000000    0.0898324294    0.0104613456
  -11.7000000000    0.0894305771    0.0101891747
  -11.6900000000    0.0890336770    0.0099290041
  -11.6800000000    0.0886417512    0.0096801720
  -11.6700000000    0.0882548030    0.0094420570
  -11.6600000000    0.0878728193    0.0092140763
  -11.6500000000    0.0874957732    0.0089956825
  -11.6400000000    0.0871236263    0.0087863622
  -11.6300000000    0.0867563301    0.0085856332
  -11.6200000000    0.0863938283    0.0083930427
  -11.6100000000    0.0860360576    0.0082081656
  -11.6000000000    0.0856829492    0.0080306024
  -11.5900000000    0.0853344300    0.0078599776
  -11.5800000000    0.0849904233    0.0076959384
  -11.5700000000    0.0846508495    0.0075381529
  -11.5600000000    0.0843156273    0.0073863087
  -11.5500000000    0.0839846737    0.0072401120
  -11.5400000000    0.0836579050    0.0070992860
  -11.5300000000    0.0833352369    0.0069635700
  -11.5200000000    0.0830165850    0.0068327184
  -11.5100000000    0.0827018651    0.0067064995
  -11.5000000000    0.0823909937    0.0065846949
  -11.4900000000    0.0820838878    0.0064670983
  -11.4800000000    0.0817804654    0.0063535152
  -11.4700000000    0.0814806456    0.0062437616
  -11.4600000000    0.0811843487    0.0061376639
  -11.4500000000    0.0808914963    0.0060350577
  -11.4400000000    0.0806020115    0.0059357876
  -11.4300000000    0.0803158188    0.0058397068
  -11.4200000000    0.0800328442    0.0057466758
  -11.4100000000    0.0797530153    0.0056565630
  -11.4000000000    0.0794762614    0.0055692433
  -11.3900000000    0.0792025133    0.0054845983
  -11.3800000000    0.0789317033    0.0054025157
  -11.3700000000    0.0786637656    0.0053228888
  -11.3600000000    0.0783986359    0.0052456165
  -11.3500000000    0.0781362514    0.0051706026
  -11.3400000000    0.0778765510    0.0050977557
  -11.3300000000    0.0776194751    0.0050269892
  -11.3200000000    0.0773649657    0.0049582204
  -11.3100000000    0.0771129663    0.0048913707
  -11.3000000000    0.0768634219    0.0048263655
  -11.2900000000    0.0766162790    0.0047631335
  -11.2800000000    0.0763714854    0.0047016069
  -11.2700000000    0.0761289904    0.0046417212
  -11.2600000000    0.0758887448    0.0045834146
  -11.2500000000    0.0756507004    0.0045266284
  -11.2400000000    0.0754148107    0.0044713067
  -11.2300000000    0.0751810301    0.0044173958
  -11.2200000000    0.0749493144    0.0043648447
  -11.2100000000    0.0747196208    0.0043136046
  -11.2000000000    0.0744919072    0.0042636288
  -11.1900000000    0.0742661332    0.0042148728
  -11.1800000000    0.0740422590    0.0041672940
  -11.1700000000    0.0738202462    0.0041208515
  -11.1600000000    0.0736000573    0.0040755064
  -11.1500000000    0.0733816559    0.0040312213
  -11.1400000000    0.0731650066    0.0039879603
  -11.1300000000    0.0729500747    0.0039456894
  -11.1200000000    0.0727368268    0.0039043755
  -11.1100000000    0.0725252301    0.0038639873
  -11.1000000000    0.0723152529    0.0038244945
  -11.0900000000    0.0721068642    0.0037858681
  -11.0800000000    0.0719000338    0.0037480805
  -11.0700000000    0.0716947324    0.0037111050
  -11.0600000000    0.0714909315    0.0036749158
  -11.0500000000    0.0712886032    0.0036394885
  -11.0400000000    0.0710877205    0.0036047994
  -11.0300000000    0.0708882569    0.0035708258
  -11.0200000000    0.0706901867    0.0035375459
  -11.0100000000    0.0704934849    0.0035049386
  -11.0000000000    0.0702981271    0.0034729839
  -10.9900000000    0.0701040895    0.0034416622
  -10.9800000000    0.0699113489    0.0034109549
  -10.9700000000    0.0697198828    0.0033808439
  -10.9600000000    0.0695296690    0.0033513120
  -10.9500000000    0.0693406863    0.0033223425
  -10.9400000000    0.0691529135    0.0032939192
  -10.9300000000    0.0689663303    0.0032660266
  -10.9200000000    0.0687809168    0.0032386499
  -10.9100000000    0.0685966536    0.0032117745
  -10.9000000000    0.0684135216    0.0031853867
  -10.8900000000    0.0682315024    0.0031594729
  -10.8800000000    0.0680505780    0.0031340203
  -10.8700000000    0.0678707308    0.0031090164
  -10.8600000000    0.0676919434    0.0030844490
  -10.8500000000    0.0675141993    0.0030603066
  -10.8400000000    0.0673374818    0.0030365779
  -10.8300000000    0.0671617752    0.0030132520
  -10.8200000000    0.0669870636    0.0029903185
  -10.8100000000    0.0668133319    0.0029677671
  -10.8000000000    0.0666405652    0.0029455881
  -10.7900000000    0.0664687487    0.0029237719
  -10.7800000000    0.0662978684    0.0029023094
  -10.7700000000    0.0661279103    0.0028811917
  -10.7600000000    0.0659588607    0.0028604103
  -10.7500000000    0.0657907064    0.0028399566
  -10.7400000000    0.0656234344    0.0028198228
  -10.7300000000    0.0654570319    0.0028000010
  -10.7200000000    0.0652914865    0.0027804837
  -10.7100000000    0.0651267861    0.0027612635
  -10.7000000000    0.0649629186    0.0027423333
  -10.6900000000    0.0647998726    0.0027236864
  -10.6800000000    0.0646376366    0.0027053159
  -10.6700000000    0.0644761993    0.0026872154
  -10.6600000000    0.0643155501    0.0026693787
  -10.6500000000    0.0641556780    0.0026517998
  -10.6400000000    0.0639965727    0.0026344726
  -10.6300000000    0.0638382240    0.0026173915
  -10.6200000000    0.0636806218    0.0026005510
  -10.6100000000    0.0635237563    0.0025839456
  -10.6000000000    0.0633676178    0.0025675701
  -10.5900000000    0.0632121970    0.0025514194
  -10.5800000000    0.0630574846    0.0025354887
  -10.5700000000    0.0629034715    0.0025197731
  -10.5600000000    0.0627501490    0.0025042679
  -10.5500000000    0.0625975082    0.0024889686
  -10.5400000000    0.0624455408    0.0024738709
  -10.5300000000    0.0622942383    0.0024589705
  -10.5200000000    0.0621435925    0.0024442631
  -10.5100000000    0.0619935955    0.0024297448
  -10.5000000000    0.0618442393    0.0024154117
  -10.4900000000    0.0616955162    0.0024012599
  -10.4800000000    0.0615474188    0.0023872857
  -10.4700000000    0.0613999394    0.0023734854
  -10.4600000000    0.0612530709    0.0023598556
  -10.4500000000    0.0611068061    0.0023463929
  -10.4400000000    0.0609611379    0.0023330939
  -10.4300000000    0.0608160596    0.0023199553
  -10.4200000000    0.0606715642    0.0023069740
  -10.4100000000    0.0605276453    0.0022941469
  -10.4000000000    0.0603842962    0.0022814710
  -10.3900000000    0.0602415105    0.0022689434
  -10.3800000000    0.0600992821    0.0022565612
  -10.3700000000    0.0599576047    0.0022443217
  -10.3600000000    0.0598164722    0.0022322221
  -10.3500000000    0.0596758788    0.0022202599
  -10.3400000000    0.0595358185    0.0022084324
  -10.3300000000    0.0593962856    0.0021967372
  -10.3200000000    0.0592572745    0.0021851717
  -10.3100000000    0.0591187795    0.0021737337
  -10.3000000000    0.0589807954    0.0021624207
  -10.2900000000    0.0588433167    0.0021512306
  -10.2800000000    0.0587063381    0.0021401611
  -10.2700000000    0.0585698544    0.0021292100
  -10.2600000000    0.0584338606    0.0021183753
  -10.2500000000    0.0582983517    0.0021076548
  -10.2400000000    0.0581633227    0.0020970466
  -10.2300000000    0.0580287688    0.0020865487
  -10.2200000000    0.0578946853    0.0020761591
  -10.2100000000    0.0577610673    0.0020658761
  -10.2000000000    0.0576279105    0.0020556978
  -10.1900000000    0.0574952101    0.0020456224
  -10.1800000000    0.0573629618    0.0020356481
  -10.1700000000    0.0572311611    0.0020257733
  -10.1600000000    0.0570998038    0.0020159962
  -10.1500000000    0.0569688855    0.0020063154
  -10.1400000000    0.0568384021    0.0019967290
  -10.1300000000    0.0567083496    0.0019872357
  -10.1200000000    0.0565787237    0.0019778339
  -10.1100000000    0.0564495206    0.0019685221
  -10.1000000000    0.0563207363    0.0019592988
  -10.0900000000    0.0561923669    0.0019501626
  -10.0800000000    0.0560644086    0.0019411122
  -10.0700000000    0.0559368577    0.0019321461
  -10.0600000000    0.0558097104    0.0019232630
  -10.0500000000    0.0556829632    0.0019144617
  -10.0400000000    0.0555566124    0.0019057409
  -10.0300000000    0.0554306545    0.0018970992
  -10.0200000000    0.0553050860    0.0018885355
  -10.0100000000    0.0551799035    0.0018800486
  -10.0000000000    0.0550551036    0.0018716373
   -9.9900000000    0.0549306829    0.0018633005
   -9.9800000000    0.0548066383    0.0018550370
   -9.9700000000    0.0546829664    0.0018468457
   -9.9600000000    0.0545596640    0.0018387257
   -9.9500000000    0.0544367280    0.0018306757
   -9.9400000000    0.0543141553    0.0018226948
   -9.9300000000    0.0541919429    0.0018147819
   -9.9200000000    0.0540700877    0.0018069361
   -9.9100000000    0.0539485867    0.0017991564
   -9.9000000000    0.0538274371    0.0017914419
   -9.8900000000    0.0537066358    0.0017837915
   -9.8800000000    0.0535861802    0.0017762045
   -9.8700000000    0.0534660672    0.0017686798
   -9.8600000000    0.0533462943    0.0017612166
   -9.8500000000    0.0532268586    0.0017538141
   -9.8400000000    0.0531077574    0.0017464714
   -9.8300000000    0.0529889881    0.0017391877
   -9.8200000000    0.0528705480    0.0017319621
   -9.8100000000    0.0527524346    0.0017247938
   -9.8000000000    0.0526346452    0.0017176821
   -9.7900000000    0.0525171774    0.0017106262
   -9.7800000000    0.0524000286    0.0017036254
   -9.7700000000    0.0522831964    0.0016966789
   -9.7600000000    0.0521666783    0.0016897859
   -9.7500000000    0.0520504720    0.0016829459
   -9.7400000000    0.0519345750    0.0016761579
   -9.7300000000    0.0518189851    0.0016694215
   -9.7200000000    0.0517036999    0.0016627358
   -9.7100000000    0.0515887171    0.0016561003
   -9.7000000000    0.0514740345    0.0016495143
   -9.6900000000    0.0513596499    0.0016429772
   -9.6800000000    0.0512455610    0.0016364882
   -9.6700000000    0.0511317657    0.0016300469
   -9.6600000000    0.0510182618    0.0016236526
   -9.6500000000    0.0509050473    0.0016173047
   -9.6400000000    0.0507921199    0.0016110026
   -9.6300000000    0.0506794778    0.0016047458
   -9.6200000000    0.0505671187    0.0015985336
   -9.6100000000    0.0504550407    0.0015923656
   -9.6000000000    0.0503432418    0.0015862412
   -9.5900000000    0.0502317200    0.0015801598
   -9.5800000000    0.0501204733    0.0015741210
   -9.5700000000    0.0500095000    0.0015681241
   -9.5600000000    0.0498987979    0.0015621688
   -9.5500000000    0.0497883653    0.0015562545
   -9.5400000000    0.0496782003    0.0015503807
   -9.5300000000    0.0495683010    0.0015445469
   -9.5200000000    0.0494586657    0.0015387527
   -9.5100000000    0.0493492925    0.0015329976
   -9.5000000000    0.0492401797    0.0015272811
   -9.4900000000    0.0491313255    0.0015216028
   -9.4800000000    0.0490227281    0.0015159623
   -9.4700000000    0.0489143859    0.0015103590
   -9.4600000000    0.0488062971    0.0015047926
   -9.4500000000    0.0486984601    0.0014992626
   -9.4400000000    0.0485908732    0.0014937687
   -9.4300000000    0.0484835347    0.0014883104
   -9.4200000000    0.0483764431    0.0014828873
   -9.4100000000    0.0482695967    0.0014774991
   -9.4000000000    0.0481629939    0.0014721453
   -9.3900000000    0.0480566331    0.0014668255
   -9.3800000000    0.0479505129    0.0014615394
   -9.3700000000    0.0478446316    0.0014562866
   -9.3600000000    0.0477389878    0.0014510668
   -9.3500000000    0.0476335798    0.0014458795
   -9.3400000000    0.0475284063    0.0014407244
   -9.3300000000    0.0474234658    0.0014356012
   -9.3200000000    0.0473187567    0.0014305095
   -9.3100000000    0.0472142777    0.0014254490
   -9.3000000000    0.0471100273    0.0014204194
   -9.2900000000    0.0470060040    0.0014154203
   -9.2800000000    0.0469022066    0.0014104514
   -9.2700000000    0.0467986336    0.0014055124
   -9.2600000000    0.0466952836    0.0014006029
   -9.2500000000    0.0465921552    0.0013957227
   -9.2400000000    0.0464892472    0.0013908715
   -9.2300000000    0.0463865581    0.0013860489
   -9.2200000000    0.0462840867    0.0013812547
   -9.2100000000    0.0461818317    0.0013764885
   -9.2000000000    0.0460797917    0.0013717501
   -9.1900000000    0.0459779655    0.0013670392
   -9.1800000000    0.0458763518    0.0013623556
   -9.1700000000    0.0457749494    0.0013576988
   -9.1600000000    0.0456737569    0.0013530688
   -9.1500000000    0.0455727733    0.0013484651
   -9.1400000000    0.0454719971    0.0013438876
   -9.1300000000    0.0453714274    0.0013393360
   -9.1200000000    0.0452710627    0.0013348099
   -9.1100000000    0.0451709020    0.0013303093
   -9.1000000000    0.0450709441    0.0013258338
   -9.0900000000    0.0449711878    0.0013213831
   -9.0800000000    0.0448716320    0.0013169571
   -9.0700000000    0.0447722755    0.0013125555
   -9.0600000000    0.0446731172    0.0013081781
   -9.0500000000    0.0445741559    0.0013038246
   -9.0400000000    0.0444753906    0.0012994948
   -9.0300000000    0.0443768201    0.0012951884
   -9.0200000000    0.0442784434    0.0012909053
   -9.0100000000    0.0441802594    0.0012866453
   -9.0000000000    0.0440822670    0.0012824080
   -8.9900000000    0.0439844651    0.0012781934
   -8.9800000000    0.0438868527    0.0012740011
   -8.9700000000    0.0437894287    0.0012698310
   -8.9600000000    0.0436921922    0.0012656829
   -8.9500000000    0.0435951421    0.0012615566
   -8.9400000000    0.0434982773    0.0012574519
   -8.9300000000    0.0434015969    0.0012533685
   -8.9200000000    0.0433050998    0.0012493063
   -8.9100000000    0.0432087852    0.0012452651
   -8.9000000000    0.0431126519    0.0012412447
   -8.8900000000    0.0430166990    0.0012372448
   -8.8800000000    0.0429209256    0.0012332655
   -8.8700000000    0.0428253308    0.0012293063
   -8.8600000000    0.0427299134    0.0012253672
   -8.8500000000    0.0426346727    0.0012214480
   -8.8400000000    0.0425396077    0.0012175486
   -8.8300000000    0.0424447174    0.0012136686
   -8.8200000000    0.0423500010    0.0012098080
   -8.8100000000    0.0422554575    0.0012059666
   -8.8000000000    0.0421610860    0.0012021442
   -8.7900000000    0.0420668857    0.0011983407
   -8.7800000000    0.0419728557    0.0011945559
   -8.7700000000    0.0418789950    0.0011907896
   -8.7600000000    0.0417853028    0.0011870417
   -8.7500000000    0.0416917783    0.0011833120
   -8.7400000000    0.0415984205    0.0011796004
   -8.7300000000    0.0415052287    0.0011759066
   -8.7200000000    0.0414122020    0.0011722307
   -8.7100000000    0.0413193395    0.0011685723
   -8.7000000000    0.0412266405    0.0011649314
   -8.6900000000    0.0411341040    0.0011613079
   -8.6800000000    0.0410417294    0.0011577015
   -8.6700000000    0.0409495157    0.0011541121
   -8.6600000000    0.0408574621    0.0011505396
   -8.6500000000    0.0407655680    0.0011469838
   -8.6400000000    0.0406738324    0.0011434447
   -8.6300000000    0.0405822546    0.0011399220
   -8.6200000000    0.0404908339    0.0011364157
   -8.6100000000    0.0403995694    0.0011329256
   -8.6000000000    0.0403084603    0.0011294515
   -8.5900000000    0.0402175060    0.0011259934
   -8.5800000000    0.0401267056    0.0011225511
   -8.5700000000    0.0400360584    0.0011191245
   -8.5600000000    0.0399455637    0.0011157135
   -8.5500000000    0.0398552208    0.0011123179
   -8.5400000000    0.0397650288    0.0011089376
   -8.5300000000    0.0396749871    0.0011055725
   -8.5200000000    0.0395850949    0.0011022225
   -8.5100000000    0.0394953516    0.0010988874
   -8.5000000000    0.0394057564    0.0010955672
   -8.4900000000    0.0393163086    0.0010922617
   -8.4800000000    0.0392270075    0.0010889708
   -8.4700000000    0.0391378524    0.0010856944
   -8.4600000000    0.0390488426    0.0010824323
   -8.4500000000    0.0389599775    0.0010791846
   -8.4400000000    0.0388712563    0.0010759510
   -8.4300000000    0.0387826785    0.0010727314
   -8.4200000000    0.0386942432    0.0010695258
   -8.4100000000    0.0386059499    0.0010663341
   -8.4000000000    0.0385177979    0.0010631560
   -8.3900000000    0.0384297865    0.0010599916
   -8.3800000000    0.0383419151    0.0010568408
   -8.3700000000    0.0382541830    0.0010537033
   -8.3600000000    0.0381665896    0.0010505792
   -8.3500000000    0.0380791343    0.0010474683
   -8.3400000000    0.0379918164    0.0010443705
   -8.3300000000    0.0379046352    0.0010412857
   -8.3200000000    0.0378175922    0.0010382139
   -8.3100000000    0.0377310042    0.0010153858
   -8.3000000000    0.0376442283    0.0010123720
   -8.2900000000    0.0375575868    0.0010093708
   -8.2800000000    0.0374710790    0.0010063820
   -8.2700000000    0.0373847043    0.0010034056
   -8.2600000000    0.0372984621    0.0010004414
   -8.2500000000    0.0372123518    0.0009974894
   -8.2400000000    0.0371263729    0.0009945494
   -8.2300000000    0.0370405248    0.0009916214
   -8.2200000000    0.0369548068    0.0009887053
   -8.2100000000    0.0368692183    0.0009858011
   -8.2000000000    0.0367837589    0.0009829085
   -8.1900000000    0.0366984279    0.0009800276
   -8.1800000000    0.0366132248    0.0009771583
   -8.1700000000    0.0365281490    0.0009743005
   -8.1600000000    0.0364432000    0.0009714540
   -8.1500000000    0.0363583771    0.0009686189
   -8.1400000000    0.0362736799    0.0009657950
   -8.1300000000    0.0361891077    0.0009629822
   -8.1200000000    0.0361046601    0.0009601806
   -8.1100000000    0.0360203365    0.0009573900
   -8.1000000000    0.0359361364    0.0009546102
   -8.0900000000    0.0358520592    0.0009518414
   -8.0800000000    0.0357681043    0.0009490833
   -8.0700000000    0.0356842714    0.0009463359
   -8.0600000000    0.0356005598    0.0009435991
   -8.0500000000    0.0355169690    0.0009408729
   -8.0400000000    0.0354334985    0.0009381572
   -8.0300000000    0.0353501478    0.0009354519
   -8.0200000000    0.0352669163    0.0009327570
   -8.0100000000    0.0351838037    0.0009300723
   -8.0000000000    0.0351008093    0.0009273978
   -7.9900000000    0.0350179326    0.0009247335
   -7.9800000000    0.0349351732    0.0009220792
   -7.9700000000    0.0348525306    0.0009194349
   -7.9600000000    0.0347700042    0.0009168005
   -7.9500000000    0.0346875937    0.0009141761
   -7.9400000000    0.0346052984    0.0009115614
   -7.9300000000    0.0345231179    0.0009089564
   -7.9200000000    0.0344410518    0.0009063611
   -7.9100000000    0.0343590995    0.0009037754
   -7.9000000000    0.0342772606    0.0009011993
   -7.8900000000    0.0341955346    0.0008986326
   -7.8800000000    0.0341139210    0.0008960754
   -7.8700000000    0.0340324194    0.0008935275
   -7.8600000000    0.0339510293    0.0008909889
   -7.8500000000    0.0338697503    0.0008884595
   -7.8400000000    0.0337885818    0.0008859393
   -7.8300000000    0.0337075235    0.0008834283
   -7.8200000000    0.0336265748    0.0008809263
   -7.8100000000    0.0335457354    0.0008784332
   -7.8000000000    0.0334650047    0.0008759491
   -7.7900000000    0.0333843824    0.0008734739
   -7.7800000000    0.0333038680    0.0008710076
   -7.7700000000    0.0332234610    0.0008685499
   -7.7600000000    0.0331431611    0.0008661010
   -7.7500000000    0.0330629677    0.0008636608
   -7.7400000000    0.0329828805    0.0008612292
   -7.7300000000    0.0329028990    0.0008588061
   -7.7200000000    0.0328230228    0.0008563915
   -7.7100000000    0.0327432515    0.0008539853
   -7.7000000000    0.0326635846    0.0008515875
   -7.6900000000    0.0325840217    0.0008491981
   -7.6800000000    0.0325045625    0.0008468169
   -7.6700000000    0.0324252064    0.0008444440
   -7.6600000000    0.0323459531    0.0008420792
   -7.6500000000    0.0322668022    0.0008397226
   -7.6400000000    0.0321877533    0.0008373740
   -7.6300000000    0.0321088059    0.0008350335
   -7.6200000000    0.0320299597    0.0008327010
   -7.6100000000    0.0319512142    0.0008303764
   -7.6000000000    0.0318725691    0.0008280596
   -7.5900000000    0.0317940239    0.0008257507
   -7.5800000000    0.0317155783    0.0008234496
   -7.5700000000    0.0316372318    0.0008211562
   -7.5600000000    0.0315589842    0.0008188705
   -7.5500000000    0.0314808349    0.0008165924
   -7.5400000000    0.0314027836    0.0008143220
   -7.5300000000    0.0313248299    0.0008120590
   -7.5200000000    0.0312469735    0.0008098036
   -7.5100000000    0.0311692140    0.0008075557
   -7.5000000000    0.0310915509    0.0008053151
   -7.4900000000    0.0310139839    0.0008030819
   -7.4800000000    0.0309365126    0.0008008561
   -7.4700000000    0.0308591367    0.0007986375
   -7.4600000000    0.0307818558    0.0007964262
   -7.4500000000    0.0307046695    0.0007942220
   -7.4400000000    0.0306275775    0.0007920250
   -7.4300000000    0.0305505793    0.0007898351
   -7.4200000000    0.0304736747    0.0007876523
   -7.3100000000    0.0296504887    0.0000000000
   -7.3000000000    0.0295746071    0.0000000000
   -7.2900000000    0.0294988148    0.0000000000
   -7.2800000000    0.0294231116    0.0000000000
   -7.2700000000    0.0293474971    0.0000000000
   -7.2600000000    0.0292719709    0.0000000000
   -7.2500000000    0.0291965328    0.0000000000
   -7.2400000000    0.0291211823    0.0000000000
   -7.2300000000    0.0290459192    0.0000000000
   -7.2200000000    0.0289707432    0.0000000000
   -7.2100000000    0.0288956538    0.0000000000
   -7.2000000000    0.0288206508    0.0000000000
   -7.1900000000    0.0287457338    0.0000000000
   -7.1800000000    0.0286709026    0.0000000000
   -7.1700000000    0.0285961567    0.0000000000
   -7.1600000000    0.0285214959    0.0000000000
   -7.1500000000    0.0284469199    0.0000000000
   -7.1400000000    0.0283724284    0.0000000000
   -7.1300000000    0.0282980209    0.0000000000
   -7.1200000000    0.0282236973    0.0000000000
   -7.1100000000    0.0281494571    0.0000000000
   -7.1000000000    0.0280753002    0.0000000000
   -7.0900000000    0.0280012261    0.0000000000
   -7.0800000000    0.0279272346    0.0000000000
   -7.0700000000    0.0278533253    0.0000000000
   -7.0600000000    0.0277794980    0.0000000000
   -7.0500000000    0.0277057524    0.0000000000
   -7.0400000000    0.0276320881    0.0000000000
   -7.0300000000    0.0275585048    0.0000000000
   -7.0200000000    0.0274850023    0.0000000000
   -7.0100000000    0.0274115802    0.0000000000
   -7.0000000000    0.0273382383    0.0000000000
   -6.9900000000    0.0272649763    0.0000000000
   -6.9800000000    0.0271917938    0.0000000000
   -6.9700000000    0.0271186905    0.0000000000
   -6.9600000000    0.0270456663    0.0000000000
   -6.9500000000    0.0269727207    0.0000000000
   -6.9400000000    0.0268998535    0.0000000000
   -6.9300000000    0.0268270645    0.0000000000
   -6.9200000000    0.0267543532    0.0000000000
   -6.9100000000    0.0266817195    0.0000000000
   -6.9000000000    0.0266091630    0.0000000000
   -6.8900000000    0.0265366835    0.0000000000
   -6.8800000000    0.0264642807    0.0000000000
   -6.8700000000    0.0263919543    0.0000000000
   -6.8600000000    0.0263197041    0.0000000000
   -6.8500000000    0.0262475297    0.0000000000
   -6.8400000000    0.0261754308    0.0000000000
   -6.8300000000    0.0261034073    0.0000000000
   -6.8200000000    0.0260314588    0.0000000000
   -6.8100000000    0.0259595850    0.0000000000
   -6.8000000000    0.0258877857    0.0000000000
   -6.7900000000    0.0258160606    0.0000000000
   -6.7800000000    0.0257444095    0.0000000000
   -6.7700000000    0.0256728321    0.0000000000
   -6.7600000000    0.0256013280    0.0000000000
   -6.7500000000    0.0255298971    0.0000000000
   -6.7400000000    0.0254585391    0.0000000000
   -6.7300000000    0.0253872537    0.0000000000
   -6.7200000000    0.0253160406    0.0000000000
   -6.7100000000    0.0252448996    0.0000000000
   -6.7000000000    0.0251738305    0.0000000000
   -6.6900000000    0.0251028329    0.0000000000
   -6.6800000000    0.0250319066    0.0000000000
   -6.6700000000    0.0249610514    0.0000000000
   -6.6600000000    0.0248902670    0.0000000000
   -6.6500000000    0.0248195531    0.0000000000
   -6.6400000000    0.0247489095    0.0000000000
   -6.6300000000    0.0246783359    0.0000000000
   -6.6200000000    0.0246078322    0.0000000000
   -6.6100000000    0.0245373980    0.0000000000
   -6.6000000000    0.0244670330    0.0000000000
   -6.5900000000    0.0243967371    0.0000000000
   -6.5800000000    0.0243265100    0.0000000000
   -6.5700000000    0.0242563514    0.0000000000
   -6.5600000000    0.0241862611    0.0000000000
   -6.5500000000    0.0241162389    0.0000000000
   -6.5400000000    0.0240462845    0.0000000000
   -6.5300000000    0.0239763976    0.0000000000
   -6.5200000000    0.0239065781    0.0000000000
   -6.5100000000    0.0238368256    0.0000000000
   -6.5000000000    0.0237671400    0.0000000000
   -6.4900000000    0.0236975210    0.0000000000
   -6.4800000000    0.0236279683    0.0000000000
   -6.4700000000    0.0235584818    0.0000000000
   -6.4600000000    0.0234890612    0.0000000000
   -6.4500000000    0.0234197062    0.0000000000
   -6.4400000000    0.0233504167    0.0000000000
   -6.4300000000    0.0232811923    0.0000000000
   -6.4200000000    0.0232120330    0.0000000000
   -6.4100000000    0.0231429383    0.0000000000
   -6.4000000000    0.0230739081    0.0000000000
   -6.3900000000    0.0230049422    0.0000000000
   -6.3800000000    0.0229360403    0.0000000000
   -6.3700000000    0.0228672022    0.0000000000
   -6.3600000000    0.0227984277    0.0000000000
   -6.3500000000    0.0227297166    0.0000000000
   -6.3400000000    0.0226610686    0.0000000000
   -6.3300000000    0.0225924835    0.0000000000
   -6.3200000000    0.0225239610    0.0000000000
   -6.3100000000    0.0224555011    0.0000000000
   -6.3000000000    0.0223871033    0.0000000000
   -6.2900000000    0.0223187676    0.0000000000
   -6.2800000000    0.0222504936    0.0000000000
   -6.2700000000    0.0221822813    0.0000000000
   -6.2600000000    0.0221141302    0.0000000000
   -6.2500000000    0.0220460403    0.0000000000
   -6.2400000000    0.0219780114    0.0000000000
   -6.2300000000    0.0219100431    0.0000000000
   -6.2200000000    0.0218421353    0.0000000000
   -6.2100000000    0.0217742878    0.0000000000
   -6.2000000000    0.0217065003    0.0000000000
   -6.1900000000    0.0216387727    0.0000000000
   -6.1800000000    0.0215711047    0.0000000000
   -6.1700000000    0.0215034961    0.0000000000
   -6.1600000000    0.0214359467    0.0000000000
   -6.1500000000    0.0213684563    0.0000000000
   -6.1400000000    0.0213010246    0.0000000000
   -6.1300000000    0.0212336516    0.0000000000
   -6.1200000000    0.0211663369    0.0000000000
   -6.1100000000    0.0210990804    0.0000000000
   -6.1000000000    0.0210318818    0.0000000000
   -6.0900000000    0.0209647409    0.0000000000
   -6.0800000000    0.0208976576    0.0000000000
   -6.0700000000    0.0208306316    0.0000000000
   -6.0600000000    0.0207636627    0.0000000000
   -6.0500000000    0.0206967508    0.0000000000
   -6.0400000000    0.0206298956    0.0000000000
   -6.0300000000    0.0205630969    0.0000000000
   -6.0200000000    0.0204963545    0.0000000000
   -6.0100000000    0.0204296682    0.0000000000
   -6.0000000000    0.0203630378    0.0000000000
   -5.9900000000    0.0202964632    0.0000000000
   -5.9800000000    0.0202299440    0.0000000000
   -5.9700000000    0.0201634802    0.0000000000
   -5.9600000000    0.0200970714    0.0000000000
   -5.9500000000    0.0200307176    0.0000000000
   -5.9400000000    0.0199644185    0.0000000000
   -5.9300000000    0.0198981740    0.0000000000
   -5.9200000000    0.0198319837    0.0000000000
   -5.9100000000    0.0197658476    0.0000000000
   -5.9000000000    0.0196997655    0.0000000000
   -5.8900000000    0.0196337371    0.0000000000
   -5.8800000000    0.0195677622    0.0000000000
   -5.8700000000    0.0195018407    0.0000000000
   -5.8600000000    0.0194359724    0.0000000000
   -5.8500000000    0.0193701570    0.0000000000
   -5.8400000000    0.0193043944    0.0000000000
   -5.8300000000    0.0192386844    0.0000000000
   -5.8200000000    0.0191730269    0.0000000000
   -5.8100000000    0.0191074215    0.0000000000
   -5.8000000000    0.0190418682    0.0000000000
   -5.7900000000    0.0189763666    0.0000000000
   -5.7800000000    0.0189109168    0.0000000000
   -5.7700000000    0.0188455184    0.0000000000
   -5.7600000000    0.0187801713    0.0000000000
   -5.7500000000    0.0187148753    0.0000000000
   -5.7400000000    0.0186496302    0.0000000000
   -5.7300000000    0.0185844358    0.0000000000
   -5.7200000000    0.0185192919    0.0000000000
   -5.7100000000    0.0184541984    0.0000000000
   -5.7000000000    0.0183891551    0.0000000000
   -5.6900000000    0.0183241617    0.0000000000
   -5.6800000000    0.0182592181    0.0000000000
   -5.6700000000    0.0181943242    0.0000000000
   -5.6600000000    0.0181294797    0.0000000000
   -5.6500000000    0.0180646845    0.0000000000
   -5.6400000000    0.0179999383    0.0000000000
   -5.6300000000    0.0179352410    0.0000000000
   -5.6200000000    0.0178705925    0.0000000000
   -5.6100000000    0.0178059925    0.0000000000
   -5.6000000000    0.0177414408    0.0000000000
   -5.5900000000    0.0176769374    0.0000000000
   -5.5800000000    0.0176124819    0.0000000000
   -5.5700000000    0.0175480742    0.0000000000
   -5.5600000000    0.0174837143    0.0000000000
   -5.5500000000    0.0174194017    0.0000000000
   -5.5400000000    0.0173551365    0.0000000000
   -5.5300000000    0.0172909184    0.0000000000
   -5.5200000000    0.0172267472    0.0000000000
   -5.5100000000    0.0171626229    0.0000000000
   -5.5000000000    0.0170985451    0.0000000000
   -5.4900000000    0.0170345137    0.0000000000
   -5.4800000000    0.0169705286    0.0000000000
   -5.4700000000    0.0169065895    0.0000000000
   -5.4600000000    0.0168426964    0.0000000000
   -5.4500000000    0.0167788490    0.0000000000
   -5.4400000000    0.0167150471    0.0000000000
   -5.4300000000    0.0166512906    0.0000000000
   -5.4200000000    0.0165875794    0.0000000000
   -5.4100000000    0.0165239132    0.0000000000
   -5.4000000000    0.0164602918    0.0000000000
   -5.3900000000    0.0163967152    0.0000000000
   -5.3800000000    0.0163331831    0.0000000000
   -5.3700000000    0.0162696953    0.0000000000
   -5.3600000000    0.0162062518    0.0000000000
   -5.3500000000    0.0161428523    0.0000000000
   -5.3400000000    0.0160794966    0.0000000000
   -5.3300000000    0.0160161847    0.0000000000
   -5.3200000000    0.0159529162    0.0000000000
   -5.3100000000    0.0158896911    0.0000000000
   -5.3000000000    0.0158265092    0.0000000000
   -5.2900000000    0.0157633704    0.0000000000
   -5.2800000000    0.0157002743    0.0000000000
   -5.2700000000    0.0156372210    0.0000000000
   -5.2600000000    0.0155742102    0.0000000000
   -5.2500000000    0.0155112418    0.0000000000
   -5.2400000000    0.0154483155    0.0000000000
   -5.2300000000    0.0153854313    0.0000000000
   -5.2200000000    0.0153225889    0.0000000000
   -5.2100000000    0.0152597883    0.0000000000
   -5.2000000000    0.0151970291    0.0000000000
   -5.1900000000    0.0151343114    0.0000000000
   -5.1800000000    0.0150716348    0.0000000000
   -5.1700000000    0.0150089993    0.0000000000
   -5.1600000000    0.0149464047    0.0000000000
   -5.1500000000    0.0148838508    0.0000000000
   -5.1400000000    0.0148213375    0.0000000000
   -5.1300000000    0.0147588645    0.0000000000
   -5.1200000000    0.0146964318    0.0000000000
   -5.1100000000    0.0146340392    0.0000000000
   -5.1000000000    0.0145716865    0.0000000000
   -5.0900000000    0.0145093735    0.0000000000
   -5.0800000000    0.0144471001    0.0000000000
   -5.0700000000    0.0143848662    0.0000000000
   -5.0600000000    0.0143226715    0.0000000000
   -5.0500000000    0.0142605160    0.0000000000
   -5.0400000000    0.0141983993    0.0000000000
   -5.0300000000    0.0141363215    0.0000000000
   -5.0200000000    0.0140742823    0.0000000000
   -5.0100000000    0.0140122816    0.0000000000
   -5.0000000000    0.0139503192    0.0000000000
   -4.9900000000    0.0138883949    0.0000000000
   -4.9800000000    0.0138265086    0.0000000000
   -4.9700000000    0.0137646602    0.0000000000
   -4.9600000000    0.0137028495    0.0000000000
   -4.9500000000    0.0136410762    0.0000000000
   -4.9400000000    0.0135793404    0.0000000000
   -4.9300000000    0.0135176417    0.0000000000
   -4.9200000000    0.0134559801    0.0000000000
   -4.9100000000    0.0133943554    0.0000000000
   -4.9000000000    0.0133327674    0.0000000000
   -4.8900000000    0.0132712160    0.0000000000
   -4.8800000000    0.0132097010    0.0000000000
   -4.8700000000    0.0131482222    0.0000000000
   -4.8600000000    0.0130867796    0.0000000000
   -4.8500000000    0.0130253729    0.0000000000
   -4.8400000000    0.0129640021    0.0000000000
   -4.8300000000    0.0129026668    0.0000000000
   -4.8200000000    0.0128413670    0.0000000000
   -4.8100000000    0.0127801026    0.0000000000
   -4.8000000000    0.0127188733    0.0000000000
   -4.7900000000    0.0126576791    0.0000000000
   -4.7800000000    0.0125965197    0.0000000000
   -4.7700000000    0.0125353950    0.0000000000
   -4.7600000000    0.0124743048    0.0000000000
   -4.7500000000    0.0124132490    0.0000000000
   -4.7400000000    0.0123522275    0.0000000000
   -4.7300000000    0.0122912401    0.0000000000
   -4.7200000000    0.0122302866    0.0000000000
   -4.7100000000    0.0121693668    0.0000000000
   -4.7000000000    0.0121084807    0.0000000000
   -4.6900000000    0.0120476280    0.0000000000
   -4.6800000000    0.0119868087    0.0000000000
   -4.6700000000    0.0119260224    0.0000000000
   -4.6600000000    0.0118652692    0.0000000000
   -4.6500000000    0.0118045489    0.0000000000
   -4.6400000000    0.0117438612    0.0000000000
   -4.6300000000    0.0116832060    0.0000000000
   -4.6200000000    0.0116225833    0.0000000000
   -4.6100000000    0.0115619927    0.0000000000
   -4.6000000000    0.0115014342    0.0000000000
   -4.5900000000    0.0114409077    0.0000000000
   -4.5800000000    0.0113804129    0.0000000000
   -4.5700000000    0.0113199497    0.0000000000
   -4.5600000000    0.0112595179    0.0000000000
   -4.5500000000    0.0111991175    0.0000000000
   -4.5400000000    0.0111387482    0.0000000000
   -4.5300000000    0.0110784098    0.0000000000
   -4.5200000000    0.0110181024    0.0000000000
   -4.5100000000    0.0109578256    0.0000000000
   -4.5000000000    0.0108975793    0.0000000000
   -4.4900000000    0.0108373634    0.0000000000
   -4.4800000000    0.0107771777    0.0000000000
   -4.4700000000    0.0107170220    0.0000000000
   -4.4600000000    0.0106568963    0.0000000000
   -4.4500000000    0.0105968003    0.0000000000
   -4.4400000000    0.0105367339    0.0000000000
   -4.4300000000    0.0104766970    0.0000000000
   -4.4200000000    0.0104166893    0.0000000000
   -4.4100000000    0.0103567108    0.0000000000
   -4.4000000000    0.0102967612    0.0000000000
   -4.3900000000    0.0102368405    0.0000000000
   -4.3800000000    0.0101769484    0.0000000000
   -4.3700000000    0.0101170848    0.0000000000
   -4.3600000000    0.0100572496    0.0000000000
   -4.3500000000    0.0099974425    0.0000000000
   -4.3400000000    0.0099376635    0.0000000000
   -4.3300000000    0.0098779124    0.0000000000
   -4.3200000000    0.0098181891    0.0000000000
   -4.3100000000    0.0097584932    0.0000000000
   -4.3000000000    0.0096988249    0.0000000000
   -4.2900000000    0.0096391837    0.0000000000
   -4.2800000000    0.0095795697    0.0000000000
   -4.2700000000    0.0095199826    0.0000000000
   -4.2600000000    0.0094604222    0.0000000000
   -4.2500000000    0.0094008886    0.0000000000
   -4.2400000000    0.0093413813    0.0000000000
   -4.2300000000    0.0092819004    0.0000000000
   -4.2200000000    0.0092224457    0.0000000000
   -4.2100000000    0.0091630169    0.0000000000
   -4.2000000000    0.0091036140    0.0000000000
   -4.1900000000    0.0090442367    0.0000000000
   -4.1800000000    0.0089848850    0.0000000000
   -4.1700000000    0.0089255586    0.0000000000
   -4.1600000000    0.0088662574    0.0000000000
   -4.1500000000    0.0088069813    0.0000000000
   -4.1400000000    0.0087477300    0.0000000000
   -4.1300000000    0.0086885035    0.0000000000
   -4.1200000000    0.0086293015    0.0000000000
   -4.1100000000    0.0085701239    0.0000000000
   -4.1000000000    0.0085109705    0.0000000000
   -4.0900000000    0.0084518412    0.0000000000
   -4.0800000000    0.0083927358    0.0000000000
   -4.0700000000    0.0083336542    0.0000000000
   -4.0600000000    0.0082745961    0.0000000000
   -4.0500000000    0.0082155615    0.0000000000
   -4.0400000000    0.0081565501    0.0000000000
   -4.0300000000    0.0080975618    0.0000000000
   -4.0200000000    0.0080385964    0.0000000000
   -4.0100000000    0.0079796538    0.0000000000
   -4.0000000000    0.0079207338    0.0000000000
   -3.9900000000    0.0077897662    0.0000000000
   -3.9800000000    0.0078047171   -0.0000365282
   -3.9700000000    0.0077458784   -0.0000367134
   -3.9600000000    0.0076870617   -0.0000368999
   -3.9500000000    0.0076282670   -0.0000370878
   -3.9400000000    0.0075694940   -0.0000372770
   -3.9300000000    0.0075107426   -0.0000374676
   -3.9200000000    0.0074520127   -0.0000376596
   -3.9100000000    0.0073933040   -0.0000378530
   -3.9000000000    0.0073346164   -0.0000380479
   -3.8900000000    0.0072759497   -0.0000382441
   -3.8800000000    0.0072173037   -0.0000384418
   -3.8700000000    0.0071586783   -0.0000386410
   -3.8600000000    0.0071000734   -0.0000388417
   -3.8500000000    0.0070414887   -0.0000390439
   -3.8400000000    0.0069829240   -0.0000392476
   -3.8300000000    0.0069243793   -0.0000394528
   -3.8200000000    0.0068658543   -0.0000396596
   -3.8100000000    0.0068073488   -0.0000398680
   -3.8000000000    0.0067488628   -0.0000400779
   -3.7900000000    0.0066903959   -0.0000402895
   -3.7800000000    0.0066319481   -0.0000405027
   -3.7700000000    0.0065735191   -0.0000407175
   -3.7600000000    0.0065151088   -0.0000409341
   -3.7500000000    0.0064567170   -0.0000411523
   -3.7400000000    0.0063983436   -0.0000413722
   -3.7300000000    0.0063399883   -0.0000415938
   -3.7200000000    0.0062816510   -0.0000418172
   -3.7100000000    0.0062233315   -0.0000420423
   -3.7000000000    0.0061650295   -0.0000422692
   -3.6900000000    0.0061067451   -0.0000424979
   -3.6800000000    0.0060484779   -0.0000427285
   -3.6700000000    0.0059902277   -0.0000429609
   -3.6600000000    0.0059319945   -0.0000431952
   -3.6500000000    0.0058737779   -0.0000434314
   -3.6400000000    0.0058155779   -0.0000436695
   -3.6300000000    0.0057573942   -0.0000439095
   -3.6200000000    0.0056992267   -0.0000441515
   -3.6100000000    0.0056410751   -0.0000443955
   -3.6000000000    0.0055829393   -0.0000446415
   -3.5900000000    0.0055248191   -0.0000448895
   -3.5800000000    0.0054667143   -0.0000451396
   -3.5700000000    0.0054086247   -0.0000453918
   -3.5600000000    0.0053505501   -0.0000456461
   -3.5500000000    0.0052924903   -0.0000459025
   -3.5400000000    0.0052344452   -0.0000461611
   -3.5300000000    0.0051764145   -0.0000464219
   -3.5200000000    0.0051183981   -0.0000466849
   -3.5100000000    0.0050603957   -0.0000469501
   -3.5000000000    0.0050024071   -0.0000472176
   -3.4900000000    0.0049444322   -0.0000474874
   -3.4800000000    0.0048864707   -0.0000477596
   -3.4700000000    0.0048285225   -0.0000480341
   -3.4600000000    0.0047705873   -0.0000483110
   -3.4500000000    0.0047126650   -0.0000485903
   -3.4400000000    0.0046547553   -0.0000488720
   -3.4300000000    0.0045968581   -0.0000491563
   -3.4200000000    0.0045389731   -0.0000494430
   -3.4100000000    0.0044811000   -0.0000497323
   -3.4000000000    0.0044232388   -0.0000500242
   -3.3900000000    0.0043653892   -0.0000503186
   -3.3800000000    0.0043075510   -0.0000506157
   -3.3700000000    0.0042497240   -0.0000509155
   -3.3600000000    0.0041919079   -0.0000512180
   -3.3500000000    0.0041341026   -0.0000515233
   -3.3400000000    0.0040763078   -0.0000518313
   -3.3300000000    0.0040185233   -0.0000521421
   -3.3200000000    0.0039607489   -0.0000524558
   -3.3100000000    0.0039029843   -0.0000527724
   -3.3000000000    0.0038452294   -0.0000530920
   -3.2900000000    0.0037874839   -0.0000534145
   -3.2800000000    0.0037297477   -0.0000537400
   -3.2700000000    0.0036720203   -0.0000540685
   -3.2600000000    0.0036143017   -0.0000544002
   -3.2500000000    0.0035565916   -0.0000547349
   -3.2400000000    0.0034988898   -0.0000550729
   -3.2300000000    0.0034411960   -0.0000554140
   -3.2200000000    0.0033835100   -0.0000557585
   -3.2100000000    0.0033258316   -0.0000561062
   -3.2000000000    0.0032681605   -0.0000564573
   -3.1900000000    0.0032104965   -0.0000568118
   -3.1800000000    0.0031528393   -0.0000571697
   -3.1700000000    0.0030951887   -0.0000575311
   -3.1600000000    0.0030375444   -0.0000578960
   -3.1500000000    0.0029799063   -0.0000582645
   -3.1400000000    0.0029222739   -0.0000586367
   -3.1300000000    0.0028646472   -0.0000590126
   -3.1200000000    0.0028070258   -0.0000593922
   -3.1100000000    0.0027494094   -0.0000597755
   -3.1000000000    0.0026917979   -0.0000601628
   -3.0900000000    0.0026341909   -0.0000605539
   -3.0800000000    0.0025765882   -0.0000609490
   -3.0700000000    0.0025189896   -0.0000613481
   -3.0600000000    0.0024613946   -0.0000617512
   -3.0500000000    0.0024038032   -0.0000621585
   -3.0400000000    0.0023462150   -0.0000625700
   -3.0300000000    0.0022886296   -0.0000629857
   -3.0200000000    0.0022310470   -0.0000634058
   -3.0100000000    0.0021734667   -0.0000638302
   -3.0000000000    0.0021158884   -0.0000642590
   -2.9900000000    0.0020583120   -0.0000646923
   -2.9800000000    0.0020007371   -0.0000651303
   -2.9700000000    0.0019431633   -0.0000655728
   -2.9600000000    0.0018855905   -0.0000660200
   -2.9500000000    0.0018280183   -0.0000664721
   -2.9400000000    0.0017704465   -0.0000669289
   -2.9300000000    0.0017128746   -0.0000673907
   -2.9200000000    0.0016553024   -0.0000678575
   -2.9100000000    0.0015977296   -0.0000683293
   -2.9000000000    0.0015401560   -0.0000688063
   -2.8900000000    0.0014825810   -0.0000692885
   -2.8800000000    0.0014250045   -0.0000697760
   -2.8700000000    0.0013674262   -0.0000702689
   -2.8600000000    0.0013098456   -0.0000707673
   -2.8500000000    0.0012522624   -0.0000712712
   -2.8400000000    0.0011946764   -0.0000717807
   -2.8300000000    0.0011370872   -0.0000722960
   -2.8200000000    0.0010794945   -0.0000728171
   -2.8100000000    0.0010218978   -0.0000733441
   -2.8000000000    0.0009642969   -0.0000738770
   -2.7900000000    0.0009066913   -0.0000744161
   -2.7800000000    0.0008490809   -0.0000749614
   -2.7700000000    0.0007914651   -0.0000755130
   -2.7600000000    0.0007338436   -0.0000760709
   -2.7500000000    0.0006762160   -0.0000766354
   -2.7400000000    0.0006185820   -0.0000772064
   -2.7300000000    0.0005609413   -0.0000777841
   -2.7200000000    0.0005032933   -0.0000783687
   -2.7100000000    0.0004456377   -0.0000789602
   -2.7000000000    0.0003879742   -0.0000795587
   -2.6900000000    0.0003303023   -0.0000801644
   -2.6800000000    0.0002726216   -0.0000807774
   -2.6700000000    0.0002149318   -0.0000813977
   -2.6600000000    0.0001572323   -0.0000820256
   -2.6500000000    0.0000995229   -0.0000826611
   -2.6400000000    0.0000418030   -0.0000833044
   -2.6300000000   -0.0000159278   -0.0000839556
   -2.6200000000   -0.0000736698   -0.0000846148
   -2.6100000000   -0.0001314236   -0.0000852822
   -2.6000000000   -0.0001891895   -0.0000859579
   -2.5900000000   -0.0002469681   -0.0000866421
   -2.5800000000   -0.0003047598   -0.0000873349
   -2.5700000000   -0.0003625650   -0.0000880364
   -2.5600000000   -0.0004203843   -0.0000887468
   -2.5500000000   -0.0004782180   -0.0000894663
   -2.5400000000   -0.0005360667   -0.0000901951
   -2.5300000000   -0.0005939309   -0.0000909332
   -2.5200000000   -0.0006518110   -0.0000916808
   -2.5100000000   -0.0007097077   -0.0000924382
   -2.5000000000   -0.0007676212   -0.0000932055
   -2.4900000000   -0.0008255523   -0.0000939828
   -2.4800000000   -0.0008835014   -0.0000947704
   -2.4700000000   -0.0009414691   -0.0000955684
   -2.4600000000   -0.0009994559   -0.0000963771
   -2.4500000000   -0.0010574622   -0.0000971966
   -2.4400000000   -0.0011154888   -0.0000980271
   -2.4300000000   -0.0011735362   -0.0000988688
   -2.4200000000   -0.0012316049   -0.0000997220
   -2.4100000000   -0.0012896955   -0.0001005868
   -2.4000000000   -0.0013478086   -0.0001014634
   -2.3900000000   -0.0014059448   -0.0001023522
   -2.3800000000   -0.0014641048   -0.0001032533
   -2.3700000000   -0.0015222891   -0.0001041669
   -2.3600000000   -0.0015804983   -0.0001050933
   -2.3500000000   -0.0016387331   -0.0001060328
   -2.3400000000   -0.0016969942   -0.0001069855
   -2.3300000000   -0.0017552823   -0.0001079518
   -2.3200000000   -0.0018135978   -0.0001089318
   -2.3100000000   -0.0018719417   -0.0001099260
   -2.3000000000   -0.0019303145   -0.0001109345
   -2.2900000000   -0.0019887169   -0.0001119576
   -2.2800000000   -0.0020471498   -0.0001129957
   -2.2700000000   -0.0021056137   -0.0001140490
   -2.2600000000   -0.0021641094   -0.0001151178
   -2.2500000000   -0.0022226378   -0.0001162024
   -2.2400000000   -0.0022811995   -0.0001173032
   -2.2300000000   -0.0023397953   -0.0001184205
   -2.2200000000   -0.0023984260   -0.0001195546
   -2.2100000000   -0.0024570925   -0.0001207059
   -2.2000000000   -0.0025157955   -0.0001218747
   -2.1900000000   -0.0025745358   -0.0001230614
   -2.1800000000   -0.0026333144   -0.0001242663
   -2.1700000000   -0.0026921321   -0.0001254899
   -2.1600000000   -0.0027509897   -0.0001267325
   -2.1500000000   -0.0028098882   -0.0001279946
   -2.1400000000   -0.0028688285   -0.0001292765
   -2.1300000000   -0.0029278114   -0.0001305786
   -2.1200000000   -0.0029868380   -0.0001319015
   -2.1100000000   -0.0030459092   -0.0001332456
   -2.1000000000   -0.0031050259   -0.0001346112
   -2.0900000000   -0.0031641893   -0.0001359989
   -2.0800000000   -0.0032234002   -0.0001374093
   -2.0700000000   -0.0032826597   -0.0001388427
   -2.0600000000   -0.0033419690   -0.0001402996
   -2.0500000000   -0.0034013290   -0.0001417807
   -2.0400000000   -0.0034607409   -0.0001432865
   -2.0300000000   -0.0035202057   -0.0001448174
   -2.0200000000   -0.0035797247   -0.0001463741
   -2.0100000000   -0.0036392989   -0.0001479572
   -2.0000000000   -0.0036989296   -0.0001495673
   -1.9900000000   -0.0037586180   -0.0001512050
   -1.9800000000   -0.0038183653   -0.0001528709
   -1.9700000000   -0.0038781728   -0.0001545657
   -1.9600000000   -0.0039380418   -0.0001562901
   -1.9500000000   -0.0039979735   -0.0001580448
   -1.9400000000   -0.0040579694   -0.0001598304
   -1.9300000000   -0.0041180307   -0.0001616478
   -1.9200000000   -0.0041781589   -0.0001634977
   -1.9100000000   -0.0042383554   -0.0001653809
   -1.9000000000   -0.0042986217   -0.0001672981
   -1.8900000000   -0.0043589593   -0.0001692503
   -1.8800000000   -0.0044193695   -0.0001712383
   -1.8700000000   -0.0044798542   -0.0001732630
   -1.8600000000   -0.0045404147   -0.0001753252
   -1.8500000000   -0.0046010527   -0.0001774260
   -1.8400000000   -0.0046617699   -0.0001795662
   -1.8300000000   -0.0047225680   -0.0001817470
   -1.8200000000   -0.0047834487   -0.0001839693
   -1.8100000000   -0.0048444138   -0.0001862342
   -1.8000000000   -0.0049054651   -0.0001885428
   -1.7900000000   -0.0049666044   -0.0001908962
   -1.7800000000   -0.0050278336   -0.0001932957
   -1.7700000000   -0.0050891546   -0.0001957423
   -1.7600000000   -0.0051505696   -0.0001982375
   -1.7500000000   -0.0052120803   -0.0002007824
   -1.7400000000   -0.0052736891   -0.0002033784
   -1.7300000000   -0.0053353979   -0.0002060270
   -1.7200000000   -0.0053972089   -0.0002087294
   -1.7100000000   -0.0054591244   -0.0002114872
   -1.7000000000   -0.0055211466   -0.0002143019
   -1.6900000000   -0.0055832779   -0.0002171752
   -1.6800000000   -0.0056455207   -0.0002201085
   -1.6700000000   -0.0057078774   -0.0002231037
   -1.6600000000   -0.0057703505   -0.0002261625
   -1.6500000000   -0.0058329426   -0.0002292866
   -1.6400000000   -0.0058956563   -0.0002324780
   -1.6300000000   -0.0059584944   -0.0002357386
   -1.6200000000   -0.0060214595   -0.0002390705
   -1.6100000000   -0.0060845545   -0.0002424756
   -1.6000000000   -0.0061477824   -0.0002459562
   -1.5900000000   -0.0062111461   -0.0002495145
   -1.5800000000   -0.0062746487   -0.0002531529
   -1.5700000000   -0.0063382932   -0.0002568737
   -1.5600000000   -0.0064020830   -0.0002606794
   -1.5500000000   -0.0064660214   -0.0002645727
   -1.5400000000   -0.0065301116   -0.0002685563
   -1.5300000000   -0.0065943572   -0.0002726329
   -1.5200000000   -0.0066587618   -0.0002768055
   -1.5100000000   -0.0067233290   -0.0002810770
   -1.5000000000   -0.0067880626   -0.0002854507
   -1.4900000000   -0.0068529664   -0.0002899298
   -1.4800000000   -0.0069180445   -0.0002945176
   -1.4700000000   -0.0069833008   -0.0002992178
   -1.4600000000   -0.0070487396   -0.0003040339
   -1.4500000000   -0.0071143652   -0.0003089699
   -1.4400000000   -0.0071801820   -0.0003140296
   -1.4300000000   -0.0072461945   -0.0003192173
   -1.4200000000   -0.0073124073   -0.0003245372
   -1.4100000000   -0.0073788253   -0.0003299939
   -1.4000000000   -0.0074454535   -0.0003355920
   -1.3900000000   -0.0075122968   -0.0003413364
   -1.3800000000   -0.0075793605   -0.0003472323
   -1.3700000000   -0.0076466498   -0.0003532849
   -1.3600000000   -0.0077141705   -0.0003594998
   -1.3500000000   -0.0077819280   -0.0003658827
   -1.3400000000   -0.0078499281   -0.0003724398
   -1.3300000000   -0.0079181770   -0.0003791774
   -1.3200000000   -0.0079866807   -0.0003861020
   -1.3100000000   -0.0080554456   -0.0003932205
   -1.3000000000   -0.0081244781   -0.0004005403
   -1.2900000000   -0.0081937851   -0.0004080687
   -1.2800000000   -0.0082633732   -0.0004158138
   -1.2700000000   -0.0083332498   -0.0004237838
   -1.2600000000   -0.0084034219   -0.0004319874
   -1.2500000000   -0.0084738972   -0.0004404336
   -1.2400000000   -0.0085446833   -0.0004491320
   -1.2300000000   -0.0086157882   -0.0004580925
   -1.2200000000   -0.0086872200   -0.0004673257
   -1.2100000000   -0.0087589872   -0.0004768424
   -1.2000000000   -0.0088310982   -0.0004866542
   -1.1900000000   -0.0089035621   -0.0004967732
   -1.1800000000   -0.0089763878   -0.0005072121
   -1.1700000000   -0.0090495848   -0.0005179843
   -1.1600000000   -0.0091231628   -0.0005291038
   -1.1500000000   -0.0091971315   -0.0005405854
   -1.1400000000   -0.0092715011   -0.0005524447
   -1.1300000000   -0.0093462820   -0.0005646980
   -1.1200000000   -0.0094214850   -0.0005773625
   -1.1100000000   -0.0094971210   -0.0005904565
   -1.1000000000   -0.0095732012   -0.0006039990
   -1.0900000000   -0.0096497371   -0.0006180103
   -1.0800000000   -0.0097267406   -0.0006325117
   -1.0700000000   -0.0098042236   -0.0006475257
   -1.0600000000   -0.0098821986   -0.0006630760
   -1.0500000000   -0.0099606781   -0.0006791877
   -1.0400000000   -0.0100396749   -0.0006958874
   -1.0300000000   -0.0101192021   -0.0007132031
   -1.0200000000   -0.0101992730   -0.0007311645
   -1.0100000000   -0.0102799012   -0.0007498031
   -1.0000000000   -0.0103611004   -0.0007691520
   -0.9900000000   -0.0104428844   -0.0007892467
   -0.9800000000   -0.0105252672   -0.0008101244
   -0.9700000000   -0.0106082629   -0.0008318248
   -0.9600000000   -0.0106918857   -0.0008543899
   -0.9500000000   -0.0107761497   -0.0008778645
   -0.9400000000   -0.0108610690   -0.0009022960
   -0.9300000000   -0.0109466574   -0.0009277347
   -0.9200000000   -0.0110329288   -0.0009542341
   -0.9100000000   -0.0111198964   -0.0009818513
   -0.9000000000   -0.0112075733   -0.0010106469
   -0.8900000000   -0.0112959717   -0.0010406853
   -0.8800000000   -0.0113851033   -0.0010720352
   -0.8700000000   -0.0114749789   -0.0011047698
   -0.8600000000   -0.0115656080   -0.0011389670
   -0.8500000000   -0.0116569990   -0.0011747099
   -0.8400000000   -0.0117491584   -0.0012120871
   -0.8300000000   -0.0118420911   -0.0012511931
   -0.8200000000   -0.0119357993   -0.0012921286
   -0.8100000000   -0.0120302828   -0.0013350012
   -0.8000000000   -0.0121255382   -0.0013799256
   -0.7900000000   -0.0122215582   -0.0014270244
   -0.7800000000   -0.0123183312   -0.0014764281
   -0.7700000000   -0.0124158406   -0.0015282763
   -0.7600000000   -0.0125140639   -0.0015827178
   -0.7500000000   -0.0126129716   -0.0016399113
   -0.7400000000   -0.0127125265   -0.0017000260
   -0.7300000000   -0.0128126821   -0.0017632423
   -0.7200000000   -0.0129133815   -0.0018297522
   -0.7100000000   -0.0130145556   -0.0018997602
   -0.7000000000   -0.0131161214   -0.0019734833
   -0.6900000000   -0.0132179799   -0.0020511522
   -0.6800000000   -0.0133200136   -0.0021330110
   -0.6700000000   -0.0134220842   -0.0022193181
   -0.6600000000   -0.0135240292   -0.0023103458
   -0.6500000000   -0.0136256589   -0.0024063806
   -0.6400000000   -0.0137267524   -0.0025077228
   -0.6300000000   -0.0138270531   -0.0026146854
   -0.6200000000   -0.0139262647   -0.0027275933
   -0.6100000000   -0.0140240452   -0.0028467814
   -0.6000000000   -0.0141200016   -0.0029725921
   -0.5900000000   -0.0142136836   -0.0031053715
   -0.5800000000   -0.0143045768   -0.0032454656
   -0.5700000000   -0.0143920955   -0.0033932138
   -0.5600000000   -0.0144755755   -0.0035489418
   -0.5500000000   -0.0145542666   -0.0037129519
   -0.5400000000   -0.0146273246   -0.0038855116
   -0.5300000000   -0.0146938052   -0.0040668396
   -0.5200000000   -0.0147526577   -0.0042570883
   -0.5100000000   -0.0148027204   -0.0044563241
   -0.5000000000   -0.0148427195   -0.0046645033
   -0.4900000000   -0.0148712698   -0.0048814451
   -0.4800000000   -0.0148868818   -0.0051068012
   -0.4700000000   -0.0148879734   -0.0053400222
   -0.4600000000   -0.0148728905   -0.0055803217
   -0.4500000000   -0.0148399354   -0.0058266399
   -0.4400000000   -0.0147874075   -0.0060776082
   -0.4300000000   -0.0147136548   -0.0063315177
   -0.4200000000   -0.0146171389   -0.0065862949
   -0.4100000000   -0.0144965117   -0.0068394887
   -0.4000000000   -0.0143507038   -0.0070882747
   -0.3900000000   -0.0141790199   -0.0073294790
   -0.3800000000   -0.0139812368   -0.0075596284
   -0.3700000000   -0.0137576972   -0.0077750288
   -0.3600000000   -0.0135093892   -0.0079718730
   -0.3500000000   -0.0132380032   -0.0081463753
   -0.3400000000   -0.0129459550   -0.0082949285
   -0.3300000000   -0.0126363679   -0.0084142718
   -0.3200000000   -0.0123130082   -0.0085016592
   -0.3100000000   -0.0119801744   -0.0085550108
   -0.3000000000   -0.0116425439   -0.0085730348
   -0.2900000000   -0.0113049893   -0.0085553055
   -0.2800000000   -0.0109723776   -0.0085022886
   -0.2700000000   -0.0106493702   -0.0084153126
   -0.2600000000   -0.0103402402   -0.0082964874
   -0.2500000000   -0.0100487226   -0.0081485814
   -0.2400000000   -0.0097779055   -0.0079748676
   -0.2300000000   -0.0095301688   -0.0077789561
   -0.2200000000   -0.0093071691   -0.0075646263
   -0.2100000000   -0.0091098649   -0.0073356719
   -0.2000000000   -0.0089385748   -0.0070957675
   -0.1900000000   -0.0087930579   -0.0068483635
   -0.1800000000   -0.0086726076   -0.0065966089
   -0.1700000000   -0.0085761492   -0.0063433037
   -0.1600000000   -0.0085023348   -0.0060908753
   -0.1500000000   -0.0084496305   -0.0058413759
   -0.1400000000   -0.0084163921   -0.0055964961
   -0.1300000000   -0.0084009292   -0.0053575892
   -0.1200000000   -0.0084015562   -0.0051257027
   -0.1100000000   -0.0084166314   -0.0049016140
   -0.1000000000   -0.0084445854   -0.0046858661
   -0.0900000000   -0.0084839410   -0.0044788033
   -0.0800000000   -0.0085333252   -0.0042806045
   -0.0700000000   -0.0085914749   -0.0040913133
   -0.0600000000   -0.0086572383   -0.0039108645
   -0.0500000000   -0.0087295735   -0.0037391079
   -0.0400000000   -0.0088075440   -0.0035758281
   -0.0300000000   -0.0088903125   -0.0034207609
   -0.0200000000   -0.0089771344   -0.0032736082
   -0.0100000000   -0.0090673502   -0.0031340485
    0.0000000000   -0.0091603784   -0.0030017465
