      -20.0000000000            1.0313417767
      -19.9900000000            1.0012617307
      -19.9800000000            0.9725563306
      -19.9700000000            0.9452828536
      -19.9600000000            0.9194749533
      -19.9500000000            0.8951467107
      -19.9400000000            0.8722964157
      -19.9300000000            0.8509099797
      -19.9200000000            0.8309639321
      -19.9100000000            0.8124279890
      -19.9000000000            0.7952672096
      -19.8900000000            0.7794437731
      -19.8800000000            0.7649184196
      -19.8700000000            0.7516516001
      -19.8600000000            0.7396043837
      -19.8500000000            0.7287391634
      -19.8400000000            0.7190201995
      -19.8300000000            0.7104140328
      -19.8200000000            0.7028897934
      -19.8100000000            0.6964194273
      -19.8000000000            0.6909778581
      -19.7900000000            0.6865430948
      -19.7800000000            0.6830962965
      -19.7700000000            0.6806218013
      -19.7600000000            0.6791071221
      -19.7500000000            0.6785429134
      -19.7400000000            0.6789229084
      -19.7300000000            0.6802438254
      -19.7200000000            0.6825052405
      -19.7100000000            0.6857094211
      -19.7000000000            0.6898611127
      -19.6900000000            0.6949672704
      -19.6800000000            0.7010367226
      -19.6700000000            0.7080797533
      -19.6600000000            0.7161075860
      -19.6500000000            0.7251317513
      -19.6400000000            0.7351633156
      -19.6300000000            0.7462119499
      -19.6200000000            0.7582848150
      -19.6100000000            0.7713852413
      -19.6000000000            0.7855111850
      -19.5900000000            0.8006534490
      -19.5800000000            0.8167936671
      -19.5700000000            0.8339020687
      -19.5600000000            0.8519350615
      -19.5500000000            0.8708327025
      -19.5400000000            0.8905161651
      -19.5300000000            0.9108853525
      -19.5200000000            0.9318168589
      -19.5100000000            0.9531625218
      -19.5000000000            0.9747488472
      -19.4900000000            0.9963776041
      -19.4800000000            1.0178278677
      -19.4700000000            1.0388597266
      -19.4600000000            1.0592197595
      -19.4500000000            1.0786482135
      -19.4400000000            1.0968876122
      -19.4300000000            1.1136922927
      -19.4200000000            1.1288381720
      -19.4100000000            1.1421319028
      -19.4000000000            1.1534185547
      -19.3900000000            1.1625870610
      -19.3800000000            1.1695729132
      -19.3700000000            1.1743579199
      -19.3600000000            1.1769672323
      -19.3500000000            1.1774641842
      -19.3400000000            1.1759437429
      -19.3300000000            1.1725254751
      -19.3200000000            1.1673468711
      -19.3100000000            1.1605576798
      -19.3000000000            1.1523156249
      -19.2900000000            1.1427835622
      -19.2800000000            1.1321278661
      -19.2700000000            1.1205176466
      -19.2600000000            1.1081243213
      -19.2500000000            1.0951211013
      -19.2400000000            1.0816820682
      -19.2300000000            1.0679806910
      -19.2200000000            1.0541877992
      -19.2100000000            1.0404691751
      -19.2000000000            1.0269830057
      -19.1900000000            1.0138774648
      -19.1800000000            1.0012886593
      -19.1700000000            0.9893391136
      -19.1600000000            0.9781368791
      -19.1500000000            0.9677752803
      -19.1400000000            0.9583332448
      -19.1300000000            0.9498761195
      -19.1200000000            0.9424568555
      -19.1100000000            0.9361174407
      -19.1000000000            0.9308904670
      -19.0900000000            0.9268007384
      -19.0800000000            0.9238668467
      -19.0700000000            0.9221026611
      -19.0600000000            0.9215186983
      -19.0500000000            0.9221233551
      -19.0400000000            0.9239239963
      -19.0300000000            0.9269279000
      -19.0200000000            0.9311430684
      -19.0100000000            0.9365789144
      -19.0000000000            0.9432468359
      -18.9900000000            0.9511606903
      -18.9800000000            0.9603371786
      -18.9700000000            0.9707961493
      -18.9600000000            0.9825608259
      -18.9500000000            0.9956579649
      -18.9400000000            1.0101179405
      -18.9300000000            1.0259747563
      -18.9200000000            1.0432659745
      -18.9100000000            1.0620325533
      -18.9000000000            1.0823185778
      -18.8900000000            1.1041708626
      -18.8800000000            1.1276384051
      -18.8700000000            1.1527716586
      -18.8600000000            1.1796215931
      -18.8500000000            1.2082385062
      -18.8400000000            1.2386705454
      -18.8300000000            1.2709619019
      -18.8200000000            1.3051506392
      -18.8100000000            1.3412661282
      -18.8000000000            1.3793260740
      -18.7900000000            1.4193331462
      -18.7800000000            1.4612712572
      -18.7700000000            1.5051015824
      -18.7600000000            1.5507584817
      -18.7500000000            1.5981455557
      -18.7400000000            1.6471321616
      -18.7300000000            1.6975508033
      -18.7200000000            1.7491958941
      -18.7100000000            1.8018244432
      -18.7000000000            1.8551592243
      -18.6900000000            1.9088949118
      -18.6800000000            1.9627075052
      -18.6700000000            2.0162670898
      -18.6600000000            2.0692536133
      -18.6500000000            2.1213749283
      -18.6400000000            2.1723859270
      -18.6300000000            2.2221072481
      -18.6200000000            2.2704418646
      -18.6100000000            2.3173879210
      -18.6000000000            2.3630464988
      -18.5900000000            2.4076235226
      -18.5800000000            2.4514256792
      -18.5700000000            2.4948508959
      -18.5600000000            2.5383744832
      -18.5500000000            2.5825324046
      -18.5400000000            2.6279032495
      -18.5300000000            2.6750903677
      -18.5200000000            2.7247053281
      -18.5100000000            2.7773534731
      -18.5000000000            2.8336219241
      -18.4900000000            2.8940700211
      -18.4800000000            2.9592218821
      -18.4700000000            3.0295605630
      -18.4600000000            3.1055231866
      -18.4500000000            3.1874963637
      -18.4400000000            3.2758112462
      -18.4300000000            3.3707375990
      -18.4200000000            3.4724763524
      -18.4100000000            3.5811501811
      -18.4000000000            3.6967917602
      -18.3900000000            3.8193294683
      -18.3800000000            3.9485704634
      -18.3700000000            4.0841812611
      -18.3600000000            4.2256662237
      -18.3500000000            4.3723447387
      -18.3400000000            4.5233283371
      -18.3300000000            4.6774995743
      -18.3200000000            4.8334951258
      -18.3100000000            4.9896961667
      -18.3000000000            5.1442295781
      -18.2900000000            5.2949837029
      -18.2800000000            5.4396420723
      -18.2700000000            5.5757375832
      -18.2600000000            5.7007279378
      -18.2500000000            5.8120908043
      -18.2400000000            5.9074343323
      -18.2300000000            5.9846157669
      -18.2200000000            6.0418584909
      -18.2100000000            6.0778564571
      -18.2000000000            6.0918551246
      -18.1900000000            6.0836998745
      -18.1800000000            6.0538462846
      -18.1700000000            6.0033310558
      -18.1600000000            5.9337070155
      -18.1500000000            5.8469496288
      -18.1400000000            5.7453451373
      -18.1300000000            5.6313714704
      -18.1200000000            5.5075824388
      -18.1100000000            5.3765037942
      -18.1000000000            5.2405470500
      -18.0900000000            5.1019440842
      -18.0800000000            4.9627029574
      -18.0700000000            4.8245833724
      -18.0600000000            4.6890889000
      -18.0500000000            4.5574724546
      -18.0400000000            4.4307514136
      -18.0300000000            4.3097290556
      -18.0200000000            4.1950194995
      -18.0100000000            4.0870739188
      -18.0000000000            3.9862063896
      -17.9900000000            3.8926182590
      -17.9800000000            3.8064203461
      -17.9700000000            3.7276526278
      -17.9600000000            3.6563013001
      -17.9500000000            3.5923132728
      -17.9400000000            3.5356082574
      -17.9300000000            3.4860886617
      -17.9200000000            3.4436475273
      -17.9100000000            3.4081747424
      -17.9000000000            3.3795617468
      -17.8900000000            3.3577049187
      -17.8800000000            3.3425078056
      -17.8700000000            3.3338823293
      -17.8600000000            3.3317490720
      -17.8500000000            3.3360367201
      -17.8400000000            3.3466807321
      -17.8300000000            3.3636212814
      -17.8200000000            3.3868005289
      -17.8100000000            3.4161592888
      -17.8000000000            3.4516331800
      -17.7900000000            3.4931483965
      -17.7800000000            3.5406172890
      -17.7700000000            3.5939340262
      -17.7600000000            3.6529706930
      -17.7500000000            3.7175742756
      -17.7400000000            3.7875650712
      -17.7300000000            3.8627371174
      -17.7200000000            3.9428612517
      -17.7100000000            4.0276913434
      -17.7000000000            4.1169740837
      -17.6900000000            4.2104624453
      -17.6800000000            4.3079325516
      -17.6700000000            4.4092032433
      -17.6600000000            4.5141571671
      -17.6500000000            4.6227618064
      -17.6400000000            4.7350886202
      -17.6300000000            4.8513284198
      -17.6200000000            4.9718013317
      -17.6100000000            5.0969601428
      -17.6000000000            5.2273864401
      -17.5900000000            5.3637796121
      -17.5800000000            5.5069393696
      -17.5700000000            5.6577428537
      -17.5600000000            5.8171175776
      -17.5500000000            5.9860113888
      -17.5400000000            6.1653603822
      -17.5300000000            6.3560553146
      -17.5200000000            6.5589066497
      -17.5100000000            6.7746079784
      -17.5000000000            7.0036972819
      -17.4900000000            7.2465153752
      -17.4800000000            7.5031609261
      -17.4700000000            7.7734417153
      -17.4600000000            8.0568222987
      -17.4500000000            8.3523689694
      -17.4400000000            8.6586938901
      -17.4300000000            8.9739014533
      -17.4200000000            9.2955412736
      -17.4100000000            9.6205736022
      -17.4000000000            9.9453542084
      -17.3900000000           10.2656466275
      -17.3800000000           10.5766697984
      -17.3700000000           10.8731881392
      -17.3600000000           11.1496486969
      -17.3500000000           11.4003659708
      -17.3400000000           11.6197494548
      -17.3300000000           11.8025623696
      -17.3200000000           11.9441934425
      -17.3100000000           12.0409182664
      -17.3000000000           12.0901241589
      -17.2900000000           12.0904736765
      -17.2800000000           12.0419873933
      -17.2700000000           11.9460356271
      -17.2600000000           11.8052399099
      -17.2500000000           11.6232960083
      -17.2400000000           11.4047390731
      -17.2300000000           11.1546765159
      -17.2200000000           10.8785149506
      -17.2100000000           10.5817044627
      -17.2000000000           10.2695177794
      -17.1900000000            9.9468750785
      -17.1800000000            9.6182185489
      -17.1700000000            9.2874353413
      -17.1600000000            8.9578236901
      -17.1500000000            8.6320947799
      -17.1400000000            8.3124021196
      -17.1300000000            8.0003903841
      -17.1200000000            7.6972564969
      -17.1100000000            7.4038168214
      -17.1000000000            7.1205754871
      -17.0900000000            6.8477899754
      -17.0800000000            6.5855310851
      -17.0700000000            6.3337352984
      -17.0600000000            6.0922483944
      -17.0500000000            5.8608599075
      -17.0400000000            5.6393287069
      -17.0300000000            5.4274005307
      -17.0200000000            5.2248187214
      -17.0100000000            5.0313296390
      -17.0000000000            4.8466842827
      -16.9900000000            4.6706375382
      -16.9800000000            4.5029462424
      -16.9700000000            4.3433669655
      -16.9600000000            4.1916541067
      -16.9500000000            4.0475586290
      -16.9400000000            3.9108275365
      -16.9300000000            3.7812040465
      -16.9200000000            3.6584283116
      -16.9100000000            3.5422385091
      -16.9000000000            3.4323721060
      -16.8900000000            3.3285671289
      -16.8800000000            3.2305632984
      -16.8700000000            3.1381029237
      -16.8600000000            3.0509314883
      -16.8500000000            2.9687978884
      -16.8400000000            2.8914543161
      -16.8300000000            2.8186557994
      -16.8200000000            2.7501594370
      -16.8100000000            2.6857233850
      -16.8000000000            2.6251056710
      -16.7900000000            2.5680629361
      -16.7800000000            2.5143492220
      -16.7700000000            2.4637149437
      -16.7600000000            2.4159062031
      -16.7500000000            2.3706646095
      -16.7400000000            2.3277277722
      -16.7300000000            2.2868306140
      -16.7200000000            2.2477076136
      -16.7100000000            2.2100960259
      -16.7000000000            2.1737400396
      -16.6900000000            2.1383957232
      -16.6800000000            2.1038364939
      -16.6700000000            2.0698587329
      -16.6600000000            2.0362870862
      -16.6500000000            2.0029789557
      -16.6400000000            1.9698277143
      -16.6300000000            1.9367642754
      -16.6200000000            1.9037568023
      -16.6100000000            1.8708085344
      -16.6000000000            1.8379539049
      -16.5900000000            1.8052532903
      -16.5800000000            1.7727868507
      -16.5700000000            1.7406479648
      -16.5600000000            1.7089367473
      -16.5500000000            1.6777540622
      -16.5400000000            1.6471963421
      -16.5300000000            1.6173514016
      -16.5200000000            1.5882953250
      -16.5100000000            1.5600904188
      -16.5000000000            1.5327841512
      -16.4900000000            1.5064089697
      -16.4800000000            1.4809828653
      -16.4700000000            1.4565105563
      -16.4600000000            1.4329851660
      -16.4500000000            1.4103902734
      -16.4400000000            1.3887022197
      -16.4300000000            1.3678925446
      -16.4200000000            1.3479304209
      -16.4100000000            1.3287849439
      -16.4000000000            1.3104271354
      -16.3900000000            1.2928315286
      -16.3800000000            1.2759772273
      -16.3700000000            1.2598483719
      -16.3600000000            1.2444339946
      -16.3500000000            1.2297272974
      -16.3400000000            1.2157244323
      -16.3300000000            1.2024228977
      -16.3200000000            1.1898196797
      -16.3100000000            1.1779092685
      -16.3000000000            1.1666816682
      -16.2900000000            1.1561204996
      -16.2800000000            1.1462012761
      -16.2700000000            1.1368899213
      -16.2600000000            1.1281415876
      -16.2500000000            1.1198998401
      -16.2400000000            1.1120962779
      -16.2300000000            1.1046506739
      -16.2200000000            1.0974717217
      -16.2100000000            1.0904584698
      -16.2000000000            1.0835025036
      -16.1900000000            1.0764908877
      -16.1800000000            1.0693098165
      -16.1700000000            1.0618488342
      -16.1600000000            1.0540053964
      -16.1500000000            1.0456894628
      -16.1400000000            1.0368277541
      -16.1300000000            1.0273672928
      -16.1200000000            1.0172778896
      -16.1100000000            1.0065533240
      -16.1000000000            0.9952111040
      -16.0900000000            0.9832908365
      -16.0800000000            0.9708513909
      -16.0700000000            0.9579671510
      -16.0600000000            0.9447237224
      -16.0500000000            0.9312134771
      -16.0400000000            0.9175312860
      -16.0300000000            0.9037707160
      -16.0200000000            0.8900208831
      -16.0100000000            0.8763640525
      -16.0000000000            0.8628739994
      -15.9900000000            0.8496150723
      -15.9800000000            0.8366418636
      -15.9700000000            0.8239993663
      -15.9600000000            0.8117234923
      -15.9500000000            0.7998418357
      -15.9400000000            0.7883745819
      -15.9300000000            0.7773354786
      -15.9200000000            0.7667328092
      -15.9100000000            0.7565703245
      -15.9000000000            0.7468481035
      -15.8900000000            0.7375633288
      -15.8800000000            0.7287109700
      -15.8700000000            0.7202843735
      -15.8600000000            0.7122757659
      -15.8500000000            0.7046766764
      -15.8400000000            0.6974782869
      -15.8300000000            0.6906717203
      -15.8200000000            0.6842482735
      -15.8100000000            0.6781996068
      -15.8000000000            0.6725178937
      -15.7900000000            0.6671959409
      -15.7800000000            0.6622272823
      -15.7700000000            0.6576062536
      -15.7600000000            0.6533280497
      -15.7500000000            0.6493887715
      -15.7400000000            0.6457854610
      -15.7300000000            0.6425161305
      -15.7200000000            0.6395797855
      -15.7100000000            0.6369764431
      -15.7000000000            0.6347071471
      -15.6900000000            0.6327739789
      -15.6800000000            0.6311800662
      -15.6700000000            0.6299295867
      -15.6600000000            0.6290277675
      -15.6500000000            0.6284808779
      -15.6400000000            0.6282962143
      -15.6300000000            0.6284820730
      -15.6200000000            0.6290477100
      -15.6100000000            0.6300032808
      -15.6000000000            0.6313597573
      -15.5900000000            0.6331288137
      -15.5800000000            0.6353226749
      -15.5700000000            0.6379539179
      -15.5600000000            0.6410352157
      -15.5500000000            0.6445790121
      -15.5400000000            0.6485971127
      -15.5300000000            0.6531001789
      -15.5200000000            0.6580971070
      -15.5100000000            0.6635942789
      -15.5000000000            0.6695946669
      -15.4900000000            0.6760967829
      -15.4800000000            0.6830934634
      -15.4700000000            0.6905704924
      -15.4600000000            0.6985050771
      -15.4500000000            0.7068642070
      -15.4400000000            0.7156029529
      -15.4300000000            0.7246627874
      -15.4200000000            0.7339700465
      -15.4100000000            0.7434346824
      -15.4000000000            0.7529494961
      -15.3900000000            0.7623900612
      -15.3800000000            0.7716155608
      -15.3700000000            0.7804707455
      -15.3600000000            0.7887891664
      -15.3500000000            0.7963977501
      -15.3400000000            0.8031226493
      -15.3300000000            0.8087961425
      -15.3200000000            0.8132641826
      -15.3100000000            0.8163940403
      -15.3000000000            0.8180813839
      -15.2900000000            0.8182561166
      -15.2800000000            0.8168863668
      -15.2700000000            0.8139802056
      -15.2600000000            0.8095849063
      -15.2500000000            0.8037838435
      -15.2400000000            0.7966913862
      -15.2300000000            0.7884463353
      -15.2200000000            0.7792045620
      -15.2100000000            0.7691315084
      -15.2000000000            0.7583951326
      -15.1900000000            0.7471597418
      -15.1800000000            0.7355809918
      -15.1700000000            0.7238021695
      -15.1600000000            0.7119517386
      -15.1500000000            0.7001420279
      -15.1400000000            0.6884688805
      -15.1300000000            0.6770120553
      -15.1200000000            0.6658361757
      -15.1100000000            0.6549920355
      -15.1000000000            0.6445181053
      -15.0900000000            0.6344421138
      -15.0800000000            0.6247826119
      -15.0700000000            0.6155504544
      -15.0600000000            0.6067501607
      -15.0500000000            0.5983811324
      -15.0400000000            0.5904387195
      -15.0300000000            0.5829151394
      -15.0200000000            0.5758002539
      -15.0100000000            0.5690822202
      -15.0000000000            0.5627480262
      -14.9900000000            0.5567839264
      -14.9800000000            0.5511757930
      -14.9700000000            0.5459093925
      -14.9600000000            0.5409706031
      -14.9500000000            0.5363455798
      -14.9400000000            0.5320208796
      -14.9300000000            0.5279835517
      -14.9200000000            0.5242212009
      -14.9100000000            0.5207220296
      -14.9000000000            0.5174748623
      -14.8900000000            0.5144691566
      -14.8800000000            0.5116950046
      -14.8700000000            0.5091431256
      -14.8600000000            0.5068048542
      -14.8500000000            0.5046721228
      -14.8400000000            0.5027374429
      -14.8300000000            0.5009938832
      -14.8200000000            0.4994350477
      -14.8100000000            0.4980550529
      -14.8000000000            0.4968485051
      -14.7900000000            0.4958104784
      -14.7800000000            0.4949364936
      -14.7700000000            0.4942224970
      -14.7600000000            0.4936648418
      -14.7500000000            0.4932602694
      -14.7400000000            0.4930058925
      -14.7300000000            0.4928991794
      -14.7200000000            0.4929379393
      -14.7100000000            0.4931203093
      -14.7000000000            0.4934447421
      -14.6900000000            0.4939099952
      -14.6800000000            0.4945151217
      -14.6700000000            0.4952594612
      -14.6600000000            0.4961426329
      -14.6500000000            0.4971645292
      -14.6400000000            0.4983253107
      -14.6300000000            0.4996254016
      -14.6200000000            0.5010654875
      -14.6100000000            0.5026465122
      -14.6000000000            0.5043696774
      -14.5900000000            0.5062364425
      -14.5800000000            0.5082485250
      -14.5700000000            0.5104079025
      -14.5600000000            0.5127168157
      -14.5500000000            0.5151777717
      -14.5400000000            0.5177935491
      -14.5300000000            0.5205672033
      -14.5200000000            0.5235020735
      -14.5100000000            0.5266017903
      -14.5000000000            0.5298702847
      -14.4900000000            0.5333117977
      -14.4800000000            0.5369308915
      -14.4700000000            0.5407324621
      -14.4600000000            0.5447217522
      -14.4500000000            0.5489043665
      -14.4400000000            0.5532862878
      -14.4300000000            0.5578738949
      -14.4200000000            0.5626739816
      -14.4100000000            0.5676937776
      -14.4000000000            0.5729409714
      -14.3900000000            0.5784237351
      -14.3800000000            0.5841507504
      -14.3700000000            0.5901312378
      -14.3600000000            0.5963749876
      -14.3500000000            0.6028923935
      -14.3400000000            0.6096944887
      -14.3300000000            0.6167929852
      -14.3200000000            0.6242003163
      -14.3100000000            0.6319296814
      -14.3000000000            0.6399950963
      -14.2900000000            0.6484114457
      -14.2800000000            0.6571945409
      -14.2700000000            0.6663611817
      -14.2600000000            0.6759292237
      -14.2500000000            0.6859176504
      -14.2400000000            0.6963466520
      -14.2300000000            0.7072377096
      -14.2200000000            0.7186136874
      -14.2100000000            0.7304989314
      -14.2000000000            0.7429193772
      -14.1900000000            0.7559026659
      -14.1800000000            0.7694782703
      -14.1700000000            0.7836776314
      -14.1600000000            0.7985343062
      -14.1500000000            0.8140841283
      -14.1400000000            0.8303653817
      -14.1300000000            0.8474189895
      -14.1200000000            0.8652887186
      -14.1100000000            0.8840214020
      -14.1000000000            0.9036671793
      -14.0900000000            0.9242797585
      -14.0800000000            0.9459166993
      -14.0700000000            0.9686397205
      -14.0600000000            0.9925150337
      -14.0500000000            1.0176137040
      -14.0400000000            1.0440120412
      -14.0300000000            1.0717920229
      -14.0200000000            1.1010417514
      -14.0100000000            1.1318559469
      -14.0000000000            1.1643364784
      -13.9900000000            1.1985929352
      -13.9800000000            1.2347432385
      -13.9700000000            1.2729142950
      -13.9600000000            1.3132426935
      -13.9500000000            1.3558754416
      -13.9400000000            1.4009707412
      -13.9300000000            1.4486987991
      -13.9200000000            1.4992426652
      -13.9100000000            1.5527990891
      -13.9000000000            1.6095793801
      -13.8900000000            1.6698102529
      -13.8800000000            1.7337346315
      -13.8700000000            1.8016123768
      -13.8600000000            1.8737208928
      -13.8500000000            1.9503555521
      -13.8400000000            2.0318298643
      -13.8300000000            2.1184752913
      -13.8200000000            2.2106405876
      -13.8100000000            2.3086905142
      -13.8000000000            2.4130037378
      -13.7900000000            2.5239696878
      -13.7800000000            2.6419840927
      -13.7700000000            2.7674428688
      -13.7600000000            2.9007339775
      -13.7500000000            3.0422268115
      -13.7400000000            3.1922586265
      -13.7300000000            3.3511174996
      -13.7200000000            3.5190212952
      -13.7100000000            3.6960921669
      -13.7000000000            3.8823262435
      -13.6900000000            4.0775583700
      -13.6800000000            4.2814221419
      -13.6700000000            4.4933060080
      -13.6600000000            4.7123069595
      -13.6500000000            4.9371842826
      -13.6400000000            5.1663169891
      -13.6300000000            5.3976697814
      -13.6200000000            5.6287735848
      -13.6100000000            5.8567275228
      -13.6000000000            6.0782294000
      -13.5900000000            6.2896408813
      -13.5800000000            6.4870913082
      -13.5700000000            6.6666202952
      -13.5600000000            6.8243541007
      -13.5500000000            6.9567048719
      -13.5400000000            7.0605762894
      -13.5300000000            7.1335552086
      -13.5200000000            7.1740678677
      -13.5100000000            7.1814818562
      -13.5000000000            7.1561412205
      -13.4900000000            7.0993307577
      -13.4800000000            7.0131749706
      -13.4700000000            6.9004853363
      -13.4600000000            6.7645749077
      -13.4500000000            6.6090610521
      -13.4400000000            6.4376754878
      -13.4300000000            6.2540966275
      -13.4200000000            6.0618138158
      -13.4100000000            5.8640275845
      -13.4000000000            5.6635854331
      -13.3900000000            5.4629493469
      -13.3800000000            5.2641893727
      -13.3700000000            5.0689968998
      -13.3600000000            4.8787115129
      -13.3500000000            4.6943560668
      -13.3400000000            4.5166756690
      -13.3300000000            4.3461773493
      -13.3200000000            4.1831681879
      -13.3100000000            4.0277905164
      -13.3000000000            3.8800534605
      -13.2900000000            3.7398605764
      -13.2800000000            3.6070336619
      -13.2700000000            3.4813330291
      -13.2600000000            3.3624746298
      -13.2500000000            3.2501444596
      -13.2400000000            3.1440106438
      -13.2300000000            3.0437335524
      -13.2200000000            2.9489742168
      -13.2100000000            2.8594012420
      -13.2000000000            2.7746963351
      -13.1900000000            2.6945585270
      -13.1800000000            2.6187071375
      -13.1700000000            2.5468835428
      -13.1600000000            2.4788518336
      -13.1500000000            2.4143984947
      -13.1400000000            2.3533312798
      -13.1300000000            2.2954774897
      -13.1200000000            2.2406818737
      -13.1100000000            2.1888043670
      -13.1000000000            2.1397178490
      -13.0900000000            2.0933060646
      -13.0800000000            2.0494618055
      -13.0700000000            2.0080854012
      -13.0600000000            1.9690835298
      -13.0500000000            1.9323683311
      -13.0400000000            1.8978567843
      -13.0300000000            1.8654703033
      -13.0200000000            1.8351345017
      -13.0100000000            1.8067790813
      -13.0000000000            1.7803378055
      -12.9900000000            1.7557485255
      -12.9800000000            1.7329532364
      -12.9700000000            1.7118981445
      -12.9600000000            1.6925337370
      -12.9500000000            1.6748148450
      -12.9400000000            1.6587006995
      -12.9300000000            1.6441549782
      -12.9200000000            1.6311458449
      -12.9100000000            1.6196459840
      -12.9000000000            1.6096326330
      -12.8900000000            1.6010876159
      -12.8800000000            1.5939973808
      -12.8700000000            1.5883530442
      -12.8600000000            1.5841504460
      -12.8500000000            1.5813902166
      -12.8400000000            1.5800778584
      -12.8300000000            1.5802238449
      -12.8200000000            1.5818437374
      -12.8100000000            1.5849583226
      -12.8000000000            1.5895937708
      -12.7900000000            1.5957818165
      -12.7800000000            1.6035599615
      -12.7700000000            1.6129717014
      -12.7600000000            1.6240667747
      -12.7500000000            1.6369014336
      -12.7400000000            1.6515387360
      -12.7300000000            1.6680488544
      -12.7200000000            1.6865094009
      -12.7100000000            1.7070057606
      -12.7000000000            1.7296314286
      -12.6900000000            1.7544883401
      -12.6800000000            1.7816871827
      -12.6700000000            1.8113476752
      -12.6600000000            1.8435987915
      -12.6500000000            1.8785789067
      -12.6400000000            1.9164358303
      -12.6300000000            1.9573266887
      -12.6200000000            2.0014176056
      -12.6100000000            2.0488831182
      -12.6000000000            2.0999052560
      -12.5900000000            2.1546721890
      -12.5800000000            2.2133763379
      -12.5700000000            2.2762118179
      -12.5600000000            2.3433710677
      -12.5500000000            2.4150404928
      -12.5400000000            2.4913949373
      -12.5300000000            2.5725907792
      -12.5200000000            2.6587574431
      -12.5100000000            2.7499871303
      -12.5000000000            2.8463225981
      -12.4900000000            2.9477428830
      -12.4800000000            3.0541469633
      -12.4700000000            3.1653355200
      -12.4600000000            3.2809911723
      -12.4500000000            3.4006578671
      -12.4400000000            3.5237204669
      -12.4300000000            3.6493860144
      -12.4200000000            3.7766686088
      -12.4100000000            3.9043802582
      -12.4000000000            4.0311303835
      -12.3900000000            4.1553367330
      -12.3800000000            4.2752501933
      -12.3700000000            4.3889952451
      -12.3600000000            4.4946265438
      -12.3500000000            4.5902003449
      -12.3400000000            4.6738573945
      -12.3300000000            4.7439117850
      -12.3200000000            4.7989385222
      -12.3100000000            4.8378516231
      -12.3000000000            4.8599647697
      -12.2900000000            4.8650280377
      -12.2800000000            4.8532368106
      -12.2700000000            4.8252122644
      -12.2600000000            4.7819561449
      -12.2500000000            4.7247853408
      -12.2400000000            4.6552535294
      -12.2300000000            4.5750677192
      -12.2200000000            4.4860069263
      -12.2100000000            4.3898487853
      -12.2000000000            4.2883080159
      -12.1900000000            4.1829887272
      -12.1800000000            4.0753508451
      -12.1700000000            3.9666896670
      -12.1600000000            3.8581267261
      -12.1500000000            3.7506097588
      -12.1400000000            3.6449195061
      -12.1300000000            3.5416812560
      -12.1200000000            3.4413793343
      -12.1100000000            3.3443731095
      -12.1000000000            3.2509134286
      -12.0900000000            3.1611587187
      -12.0800000000            3.0751902500
      -12.0700000000            2.9930262567
      -12.0600000000            2.9146347571
      -12.0500000000            2.8399450060
      -12.0400000000            2.7688575674
      -12.0300000000            2.7012530238
      -12.0200000000            2.6369993494
      -12.0100000000            2.5759579848
      -12.0000000000            2.5179886647
      -11.9900000000            2.4629530699
      -11.9800000000            2.4107174010
      -11.9700000000            2.3611540057
      -11.9600000000            2.3141422117
      -11.9500000000            2.2695685398
      -11.9400000000            2.2273264692
      -11.9300000000            2.1873159210
      -11.9200000000            2.1494426005
      -11.9100000000            2.1136173081
      -11.9000000000            2.0797552985
      -11.8900000000            2.0477757332
      -11.8800000000            2.0176012474
      -11.8700000000            1.9891576325
      -11.8600000000            1.9623736220
      -11.8500000000            1.9371807611
      -11.8400000000            1.9135133391
      -11.8300000000            1.8913083651
      -11.8200000000            1.8705055674
      -11.8100000000            1.8510474039
      -11.8000000000            1.8328790738
      -11.7900000000            1.8159485211
      -11.7800000000            1.8002064291
      -11.7700000000            1.7856062016
      -11.7600000000            1.7721039318
      -11.7500000000            1.7596583595
      -11.7400000000            1.7482308180
      -11.7300000000            1.7377851728
      -11.7200000000            1.7282877540
      -11.7100000000            1.7197072847
      -11.7000000000            1.7120148066
      -11.6900000000            1.7051836050
      -11.6800000000            1.6991891351
      -11.6700000000            1.6940089493
      -11.6600000000            1.6896226279
      -11.6500000000            1.6860117142
      -11.6400000000            1.6831596532
      -11.6300000000            1.6810517361
      -11.6200000000            1.6796750498
      -11.6100000000            1.6790184327
      -11.6000000000            1.6790724365
      -11.5900000000            1.6798292942
      -11.5800000000            1.6812828946
      -11.5700000000            1.6834287638
      -11.5600000000            1.6862640533
      -11.5500000000            1.6897875345
      -11.5400000000            1.6939996012
      -11.5300000000            1.6989022776
      -11.5200000000            1.7044992351
      -11.5100000000            1.7107958146
      -11.5000000000            1.7177990565
      -11.4900000000            1.7255177381
      -11.4800000000            1.7339624171
      -11.4700000000            1.7431454819
      -11.4600000000            1.7530812084
      -11.4500000000            1.7637858220
      -11.4400000000            1.7752775654
      -11.4300000000            1.7875767690
      -11.4200000000            1.8007059249
      -11.4100000000            1.8146897606
      -11.4000000000            1.8295553112
      -11.3900000000            1.8453319856
      -11.3800000000            1.8620516240
      -11.3700000000            1.8797485397
      -11.3600000000            1.8984595393
      -11.3500000000            1.9182239127
      -11.3400000000            1.9390833829
      -11.3300000000            1.9610820020
      -11.3200000000            1.9842659782
      -11.3100000000            2.0086834173
      -11.3000000000            2.0343839556
      -11.2900000000            2.0614182605
      -11.2800000000            2.0898373740
      -11.2700000000            2.1196918674
      -11.2600000000            2.1510307809
      -11.2500000000            2.1839003181
      -11.2400000000            2.2183422748
      -11.2300000000            2.2543921876
      -11.2200000000            2.2920772047
      -11.2100000000            2.3314137060
      -11.2000000000            2.3724047284
      -11.1900000000            2.4150372986
      -11.1800000000            2.4592798217
      -11.1700000000            2.5050797345
      -11.1600000000            2.5523616889
      -11.1500000000            2.6010265814
      -11.1400000000            2.6509517724
      -11.1300000000            2.7019928397
      -11.1200000000            2.7539871502
      -11.1100000000            2.8067594270
      -11.1000000000            2.8601293097
      -11.0900000000            2.9139206803
      -11.0800000000            2.9679722779
      -11.0700000000            3.0221488863
      -11.0600000000            3.0763522111
      -11.0500000000            3.1305304978
      -11.0400000000            3.1846860172
      -11.0300000000            3.2388797572
      -11.0200000000            3.2932329743
      -11.0100000000            3.3479256294
      -11.0000000000            3.4031920862
      -10.9900000000            3.4593147269
      -10.9800000000            3.5166163024
      -10.9700000000            3.5754518737
      -10.9600000000            3.6362011175
      -10.9500000000            3.6992616222
      -10.9400000000            3.7650435982
      -10.9300000000            3.8339662389
      -10.9200000000            3.9064557948
      -10.9100000000            3.9829452991
      -10.9000000000            4.0638758036
      -10.8900000000            4.1496989468
      -10.8800000000            4.2408806720
      -10.8700000000            4.3379059389
      -10.8600000000            4.4412843089
      -10.8500000000            4.5515563323
      -10.8400000000            4.6693007168
      -10.8300000000            4.7951423073
      -10.8200000000            4.9297609593
      -10.8100000000            5.0739014390
      -10.8000000000            5.2283845338
      -10.7900000000            5.3941196155
      -10.7800000000            5.5721189573
      -10.7700000000            5.7635141800
      -10.7600000000            5.9695752838
      -10.7500000000            6.1917328312
      -10.7400000000            6.4316039699
      -10.7300000000            6.6910231499
      -10.7200000000            6.9720785923
      -10.7100000000            7.2771558294
      -10.7000000000            7.6089899711
      -10.6900000000            7.9707287871
      -10.6800000000            8.3660092600
      -10.6700000000            8.7990510019
      -10.6600000000            9.2747709013
      -10.6500000000            9.7989246578
      -10.6400000000           10.3782825826
      -10.6300000000           11.0208493603
      -10.6200000000           11.7361406002
      -10.6100000000           12.5355332859
      -10.6000000000           13.4327131080
      -10.5900000000           14.4442498132
      -10.5800000000           15.5903430593
      -10.5700000000           16.8957972308
      -10.5600000000           18.3913062285
      -10.5500000000           20.1151612856
      -10.5400000000           22.1155404873
      -10.5300000000           24.4536035427
      -10.5200000000           27.2077069103
      -10.5100000000           30.4791810747
      -10.5000000000           34.4002797876
      -10.4900000000           39.1451133658
      -10.4800000000           44.9445631988
      -10.4700000000           52.1061631941
      -10.4600000000           61.0392046027
      -10.4500000000           72.2824841763
      -10.4400000000           86.5237191807
      -10.4300000000          104.5779038446
      -10.4200000000          127.2424357581
      -10.4100000000          154.8575247122
      -10.4000000000          186.3257781386
      -10.3900000000          217.6052577617
      -10.3800000000          240.9388300547
      -10.3700000000          247.6541401443
      -10.3600000000          234.6031642089
      -10.3500000000          207.1540155945
      -10.3400000000          174.4157241129
      -10.3300000000          143.2709965993
      -10.3200000000          116.7824929089
      -10.3100000000           95.4494157027
      -10.3000000000           78.6643545838
      -10.2900000000           65.5426542533
      -10.2800000000           55.2598789195
      -10.2700000000           47.1463307881
      -10.2600000000           40.6875386972
      -10.2500000000           35.4971168829
      -10.2400000000           31.2868232137
      -10.2300000000           27.8413258796
      -10.2200000000           24.9988462509
      -10.2100000000           22.6368856904
      -10.2000000000           20.6618699079
      -10.1900000000           19.0016696142
      -10.1800000000           17.6001894837
      -10.1700000000           16.4134334859
      -10.1600000000           15.4066238760
      -10.1500000000           14.5520751090
      -10.1400000000           13.8276120379
      -10.1300000000           13.2153835514
      -10.1200000000           12.7009659676
      -10.1100000000           12.2726806826
      -10.1000000000           11.9210717668
      -10.0900000000           11.6385041816
      -10.0800000000           11.4188539501
      -10.0700000000           11.2572692770
      -10.0600000000           11.1499871742
      -10.0500000000           11.0941942267
      -10.0400000000           11.0879231796
      -10.0300000000           11.1299793353
      -10.0200000000           11.2198925478
      -10.0100000000           11.3578920542
      -10.0000000000           11.5449026060
       -9.9900000000           11.7825614627
       -9.9800000000           12.0732568677
       -9.9700000000           12.4201897202
       -9.9600000000           12.8274613779
       -9.9500000000           13.3001919633
       -9.9400000000           13.8446753273
       -9.9300000000           14.4685791040
       -9.9200000000           15.1812012895
       -9.9100000000           15.9937987997
       -9.9000000000           16.9200089439
       -9.8900000000           17.9763923304
       -9.8800000000           19.1831363304
       -9.8700000000           20.5649732784
       -9.8600000000           22.1523891924
       -9.8500000000           23.9832302364
       -9.8400000000           26.1048604920
       -9.8300000000           28.5770939006
       -9.8200000000           31.4762283725
       -9.8100000000           34.9006720183
       -9.8000000000           38.9789049086
       -9.7900000000           43.8809227857
       -9.7800000000           49.8349601624
       -9.7700000000           57.1523573654
       -9.7600000000           66.2652061979
       -9.7500000000           77.7843624910
       -9.7400000000           92.5903079095
       -9.7300000000          111.9771623979
       -9.7200000000          137.8812564670
       -9.7100000000          173.2353942683
       -9.7000000000          222.4698245847
       -9.6900000000          292.0077586022
       -9.6800000000          389.8336942773
       -9.6700000000          520.7152907451
       -9.6600000000          669.5882920006
       -9.6500000000          776.9489843512
       -9.6400000000          766.9580259648
       -9.6300000000          646.8273183063
       -9.6200000000          496.1390670992
       -9.6100000000          368.4164079221
       -9.6000000000          274.4322328803
       -9.5900000000          208.0857615269
       -9.5800000000          161.2618662644
       -9.5700000000          127.6941365395
       -9.5600000000          103.1232295617
       -9.5500000000           84.7469278069
       -9.5400000000           70.7202942906
       -9.5300000000           59.8118757203
       -9.5200000000           51.1843201765
       -9.5100000000           44.2568508221
       -9.5000000000           38.6187048988
       -9.4900000000           33.9739291070
       -9.4800000000           30.1055729038
       -9.4700000000           26.8520393626
       -9.4600000000           24.0911805152
       -9.4500000000           21.7294123377
       -9.4400000000           19.6941403519
       -9.4300000000           17.9284059232
       -9.4200000000           16.3870464288
       -9.4100000000           15.0339033652
       -9.4000000000           13.8397663923
       -9.3900000000           12.7808412480
       -9.3800000000           11.8375953382
       -9.3700000000           10.9938788614
       -9.3600000000           10.2362492072
       -9.3500000000            9.5534468940
       -9.3400000000            8.9359855937
       -9.3300000000            8.3758288436
       -9.3200000000            7.8661332016
       -9.3100000000            7.4010427455
       -9.3000000000            6.9755235571
       -9.2900000000            6.5852295722
       -9.2800000000            6.2263932060
       -9.2700000000            5.8957356760
       -9.2600000000            5.5903930822
       -9.2500000000            5.3078551690
       -9.2400000000            5.0459143462
       -9.2300000000            4.8026230593
       -9.2200000000            4.5762579837
       -9.2100000000            4.3652898268
       -9.2000000000            4.1683577586
       -9.1900000000            3.9842476788
       -9.1800000000            3.8118736785
       -9.1700000000            3.6502621715
       -9.1600000000            3.4985382659
       -9.1500000000            3.3559140230
       -9.1400000000            3.2216783096
       -9.1300000000            3.0951880037
       -9.1200000000            2.9758603505
       -9.1100000000            2.8631663001
       -9.1000000000            2.7566246861
       -9.0900000000            2.6557971261
       -9.0800000000            2.5602835435
       -9.0700000000            2.4697182262
       -9.0600000000            2.3837663490
       -9.0500000000            2.3021209003
       -9.0400000000            2.2244999577
       -9.0300000000            2.1506442707
       -9.0200000000            2.0803151102
       -9.0100000000            2.0132923514
       -9.0000000000            1.9493727627
       -8.9900000000            1.8883684750
       -8.9800000000            1.8301056107
       -8.9700000000            1.7744230520
       -8.9600000000            1.7211713353
       -8.9500000000            1.6702116542
       -8.9400000000            1.6214149616
       -8.9300000000            1.5746611580
       -8.9200000000            1.5298383581
       -8.9100000000            1.4868422257
       -8.9000000000            1.4455753713
       -8.8900000000            1.4059468045
       -8.8800000000            1.3678714366
       -8.8700000000            1.3312696269
       -8.8600000000            1.2960667698
       -8.8500000000            1.2621929179
       -8.8400000000            1.2295824372
       -8.8300000000            1.1981736918
       -8.8200000000            1.1679087559
       -8.8100000000            1.1387331482
       -8.8000000000            1.1105955897
       -8.7900000000            1.0834477803
       -8.7800000000            1.0572441936
       -8.7700000000            1.0319418880
       -8.7600000000            1.0075003327
       -8.7500000000            0.9838812467
       -8.7400000000            0.9610484512
       -8.7300000000            0.9389677323
       -8.7200000000            0.9176067142
       -8.7100000000            0.8969347424
       -8.7000000000            0.8769227746
       -8.6900000000            0.8575432802
       -8.6800000000            0.8387701472
       -8.6700000000            0.8205785947
       -8.6600000000            0.8029450929
       -8.6500000000            0.7858472878
       -8.6400000000            0.7692639316
       -8.6300000000            0.7531748173
       -8.6200000000            0.7375607185
       -8.6100000000            0.7224033327
       -8.6000000000            0.7076852285
       -8.5900000000            0.6933897964
       -8.5800000000            0.6795012028
       -8.5700000000            0.6660043466
       -8.5600000000            0.6528848194
       -8.5500000000            0.6401288674
       -8.5400000000            0.6277233561
       -8.5300000000            0.6156557370
       -8.5200000000            0.6039140170
       -8.5100000000            0.5924867287
       -8.5000000000            0.5813629030
       -8.4900000000            0.5705320436
       -8.4800000000            0.5599841028
       -8.4700000000            0.5497094583
       -8.4600000000            0.5396988923
       -8.4500000000            0.5299435707
       -8.4400000000            0.5204350246
       -8.4300000000            0.5111651321
       -8.4200000000            0.5021261015
       -8.4100000000            0.4933104552
       -8.4000000000            0.4847110147
       -8.3900000000            0.4763208863
       -8.3800000000            0.4681334479
       -8.3700000000            0.4601423359
       -8.3600000000            0.4523414334
       -8.3500000000            0.4447248591
       -8.3400000000            0.4372869558
       -8.3300000000            0.4300222808
       -8.3100000000            0.3411980700
       -8.3000000000            0.3353589757
       -8.2900000000            0.3296574691
       -8.2800000000            0.3240893890
       -8.2700000000            0.3186507283
       -8.2600000000            0.3133376272
       -8.2500000000            0.3081463664
       -8.2400000000            0.3030733619
       -8.2300000000            0.2981151582
       -8.2200000000            0.2932684235
       -8.2100000000            0.2885299444
       -8.2000000000            0.2838966206
       -8.1900000000            0.2793654605
       -8.1800000000            0.2749335765
       -8.1700000000            0.2705981809
       -8.1600000000            0.2663565818
       -8.1500000000            0.2622061790
       -8.1400000000            0.2581444605
       -8.1300000000            0.2541689988
       -8.1200000000            0.2502774479
       -8.1100000000            0.2464675395
       -8.1000000000            0.2427370805
       -8.0900000000            0.2390839498
       -8.0800000000            0.2355060954
       -8.0700000000            0.2320015320
       -8.0600000000            0.2285683381
       -8.0500000000            0.2252046540
       -8.0400000000            0.2219086792
       -8.0300000000            0.2186786700
       -8.0200000000            0.2155129379
       -8.0100000000            0.2124098468
       -8.0000000000            0.2093678120
       -7.9900000000            0.2063852973
       -7.9800000000            0.2034608140
       -7.9700000000            0.2005929190
       -7.9600000000            0.1977802126
       -7.9500000000            0.1950213379
       -7.9400000000            0.1923149785
       -7.9300000000            0.1896598573
       -7.9200000000            0.1870547352
       -7.9100000000            0.1844984097
       -7.9000000000            0.1819897137
       -7.8900000000            0.1795275140
       -7.8800000000            0.1771107106
       -7.8700000000            0.1747382349
       -7.8600000000            0.1724090494
       -7.8500000000            0.1701221461
       -7.8400000000            0.1678765456
       -7.8300000000            0.1656712961
       -7.8200000000            0.1635054730
       -7.8100000000            0.1613781771
       -7.8000000000            0.1592885344
       -7.7900000000            0.1572356953
       -7.7800000000            0.1552188333
       -7.7700000000            0.1532371446
       -7.7600000000            0.1512898476
       -7.7500000000            0.1493761815
       -7.7400000000            0.1474954064
       -7.7300000000            0.1456468019
       -7.7200000000            0.1438296672
       -7.7100000000            0.1420433199
       -7.7000000000            0.1402870958
       -7.6900000000            0.1385603481
       -7.6800000000            0.1368624469
       -7.6700000000            0.1351927787
       -7.6600000000            0.1335507462
       -7.6500000000            0.1319357671
       -7.6400000000            0.1303472744
       -7.6300000000            0.1287847154
       -7.6200000000            0.1272475515
       -7.6100000000            0.1257352578
       -7.6000000000            0.1242473226
       -7.5900000000            0.1227832470
       -7.5800000000            0.1213425446
       -7.5700000000            0.1199247411
       -7.5600000000            0.1185293739
       -7.5500000000            0.1171559919
       -7.5400000000            0.1158041548
       -7.5300000000            0.1144734332
       -7.5200000000            0.1131634083
       -7.5100000000            0.1118736712
       -7.5000000000            0.1106038228
       -7.4900000000            0.1093534738
       -7.4800000000            0.1081222441
       -7.4700000000            0.1069097624
       -7.4600000000            0.1057156665
       -7.4500000000            0.1045396026
       -7.4400000000            0.1033812252
       -7.4300000000            0.1022401969
       -7.4200000000            0.1011161879
       -7.4100000000            0.1000088764
       -7.4000000000            0.0989179479
       -7.3900000000            0.0978430949
       -7.3800000000            0.0967840172
       -7.3700000000            0.0957404213
       -7.3500000000            0.0000000000
       -7.3400000000            0.0000000000
       -7.3300000000            0.0000000000
       -7.3200000000            0.0000000000
       -7.3100000000            0.0000000000
       -7.3000000000            0.0000000000
       -7.2900000000            0.0000000000
       -7.2800000000            0.0000000000
       -7.2700000000            0.0000000000
       -7.2600000000            0.0000000000
       -7.2500000000            0.0000000000
       -7.2400000000            0.0000000000
       -7.2300000000            0.0000000000
       -7.2200000000            0.0000000000
       -7.2100000000            0.0000000000
       -7.2000000000            0.0000000000
       -7.1900000000            0.0000000000
       -7.1800000000            0.0000000000
       -7.1700000000            0.0000000000
       -7.1600000000            0.0000000000
       -7.1500000000            0.0000000000
       -7.1400000000            0.0000000000
       -7.1300000000            0.0000000000
       -7.1200000000            0.0000000000
       -7.1100000000            0.0000000000
       -7.1000000000            0.0000000000
       -7.0900000000            0.0000000000
       -7.0800000000            0.0000000000
       -7.0700000000            0.0000000000
       -7.0600000000            0.0000000000
       -7.0500000000            0.0000000000
       -7.0400000000            0.0000000000
       -7.0300000000            0.0000000000
       -7.0200000000            0.0000000000
       -7.0100000000            0.0000000000
       -7.0000000000            0.0000000000
       -6.9900000000            0.0000000000
       -6.9800000000            0.0000000000
       -6.9700000000            0.0000000000
       -6.9600000000            0.0000000000
       -6.9500000000            0.0000000000
       -6.9400000000            0.0000000000
       -6.9300000000            0.0000000000
       -6.9200000000            0.0000000000
       -6.9100000000            0.0000000000
       -6.9000000000            0.0000000000
       -6.8900000000            0.0000000000
       -6.8800000000            0.0000000000
       -6.8700000000            0.0000000000
       -6.8600000000            0.0000000000
       -6.8500000000            0.0000000000
       -6.8400000000            0.0000000000
       -6.8300000000            0.0000000000
       -6.8200000000            0.0000000000
       -6.8100000000            0.0000000000
       -6.8000000000            0.0000000000
       -6.7900000000            0.0000000000
       -6.7800000000            0.0000000000
       -6.7700000000            0.0000000000
       -6.7600000000            0.0000000000
       -6.7500000000            0.0000000000
       -6.7400000000            0.0000000000
       -6.7300000000            0.0000000000
       -6.7200000000            0.0000000000
       -6.7100000000            0.0000000000
       -6.7000000000            0.0000000000
       -6.6900000000            0.0000000000
       -6.6800000000            0.0000000000
       -6.6700000000            0.0000000000
       -6.6600000000            0.0000000000
       -6.6500000000            0.0000000000
       -6.6400000000            0.0000000000
       -6.6300000000            0.0000000000
       -6.6200000000            0.0000000000
       -6.6100000000            0.0000000000
       -6.6000000000            0.0000000000
       -6.5900000000            0.0000000000
       -6.5800000000            0.0000000000
       -6.5700000000            0.0000000000
       -6.5600000000            0.0000000000
       -6.5500000000            0.0000000000
       -6.5400000000            0.0000000000
       -6.5300000000            0.0000000000
       -6.5200000000            0.0000000000
       -6.5100000000            0.0000000000
       -6.5000000000            0.0000000000
       -6.4900000000            0.0000000000
       -6.4800000000            0.0000000000
       -6.4700000000            0.0000000000
       -6.4600000000            0.0000000000
       -6.4500000000            0.0000000000
       -6.4400000000            0.0000000000
       -6.4300000000            0.0000000000
       -6.4200000000            0.0000000000
       -6.4100000000            0.0000000000
       -6.4000000000            0.0000000000
       -6.3900000000            0.0000000000
       -6.3800000000            0.0000000000
       -6.3700000000            0.0000000000
       -6.3600000000            0.0000000000
       -6.3500000000            0.0000000000
       -6.3400000000            0.0000000000
       -6.3300000000            0.0000000000
       -6.3200000000            0.0000000000
       -6.3100000000            0.0000000000
       -6.3000000000            0.0000000000
       -6.2900000000            0.0000000000
       -6.2800000000            0.0000000000
       -6.2700000000            0.0000000000
       -6.2600000000            0.0000000000
       -6.2500000000            0.0000000000
       -6.2400000000            0.0000000000
       -6.2300000000            0.0000000000
       -6.2200000000            0.0000000000
       -6.2100000000            0.0000000000
       -6.2000000000            0.0000000000
       -6.1900000000            0.0000000000
       -6.1800000000            0.0000000000
       -6.1700000000            0.0000000000
       -6.1600000000            0.0000000000
       -6.1500000000            0.0000000000
       -6.1400000000            0.0000000000
       -6.1300000000            0.0000000000
       -6.1200000000            0.0000000000
       -6.1100000000            0.0000000000
       -6.1000000000            0.0000000000
       -6.0900000000            0.0000000000
       -6.0800000000            0.0000000000
       -6.0700000000            0.0000000000
       -6.0600000000            0.0000000000
       -6.0500000000            0.0000000000
       -6.0400000000            0.0000000000
       -6.0300000000            0.0000000000
       -6.0200000000            0.0000000000
       -6.0100000000            0.0000000000
       -6.0000000000            0.0000000000
       -5.9900000000            0.0000000000
       -5.9800000000            0.0000000000
       -5.9700000000            0.0000000000
       -5.9600000000            0.0000000000
       -5.9500000000            0.0000000000
       -5.9400000000            0.0000000000
       -5.9300000000            0.0000000000
       -5.9200000000            0.0000000000
       -5.9100000000            0.0000000000
       -5.9000000000            0.0000000000
       -5.8900000000            0.0000000000
       -5.8800000000            0.0000000000
       -5.8700000000            0.0000000000
       -5.8600000000            0.0000000000
       -5.8500000000            0.0000000000
       -5.8400000000            0.0000000000
       -5.8300000000            0.0000000000
       -5.8200000000            0.0000000000
       -5.8100000000            0.0000000000
       -5.8000000000            0.0000000000
       -5.7900000000            0.0000000000
       -5.7800000000            0.0000000000
       -5.7700000000            0.0000000000
       -5.7600000000            0.0000000000
       -5.7500000000            0.0000000000
       -5.7400000000            0.0000000000
       -5.7300000000            0.0000000000
       -5.7200000000            0.0000000000
       -5.7100000000            0.0000000000
       -5.7000000000            0.0000000000
       -5.6900000000            0.0000000000
       -5.6800000000            0.0000000000
       -5.6700000000            0.0000000000
       -5.6600000000            0.0000000000
       -5.6500000000            0.0000000000
       -5.6400000000            0.0000000000
       -5.6300000000            0.0000000000
       -5.6200000000            0.0000000000
       -5.6100000000            0.0000000000
       -5.6000000000            0.0000000000
       -5.5900000000            0.0000000000
       -5.5800000000            0.0000000000
       -5.5700000000            0.0000000000
       -5.5600000000            0.0000000000
       -5.5500000000            0.0000000000
       -5.5400000000            0.0000000000
       -5.5300000000            0.0000000000
       -5.5200000000            0.0000000000
       -5.5100000000            0.0000000000
       -5.5000000000            0.0000000000
       -5.4900000000            0.0000000000
       -5.4800000000            0.0000000000
       -5.4700000000            0.0000000000
       -5.4600000000            0.0000000000
       -5.4500000000            0.0000000000
       -5.4400000000            0.0000000000
       -5.4300000000            0.0000000000
       -5.4200000000            0.0000000000
       -5.4100000000            0.0000000000
       -5.4000000000            0.0000000000
       -5.3900000000            0.0000000000
       -5.3800000000            0.0000000000
       -5.3700000000            0.0000000000
       -5.3600000000            0.0000000000
       -5.3500000000            0.0000000000
       -5.3400000000            0.0000000000
       -5.3300000000            0.0000000000
       -5.3200000000            0.0000000000
       -5.3100000000            0.0000000000
       -5.3000000000            0.0000000000
       -5.2900000000            0.0000000000
       -5.2800000000            0.0000000000
       -5.2700000000            0.0000000000
       -5.2600000000            0.0000000000
       -5.2500000000            0.0000000000
       -5.2400000000            0.0000000000
       -5.2300000000            0.0000000000
       -5.2200000000            0.0000000000
       -5.2100000000            0.0000000000
       -5.2000000000            0.0000000000
       -5.1900000000            0.0000000000
       -5.1800000000            0.0000000000
       -5.1700000000            0.0000000000
       -5.1600000000            0.0000000000
       -5.1500000000            0.0000000000
       -5.1400000000            0.0000000000
       -5.1300000000            0.0000000000
       -5.1200000000            0.0000000000
       -5.1100000000            0.0000000000
       -5.1000000000            0.0000000000
       -5.0900000000            0.0000000000
       -5.0800000000            0.0000000000
       -5.0700000000            0.0000000000
       -5.0600000000            0.0000000000
       -5.0500000000            0.0000000000
       -5.0400000000            0.0000000000
       -5.0300000000            0.0000000000
       -5.0200000000            0.0000000000
       -5.0100000000            0.0000000000
       -5.0000000000            0.0000000000
       -4.9900000000            0.0000000000
       -4.9800000000            0.0000000000
       -4.9700000000            0.0000000000
       -4.9600000000            0.0000000000
       -4.9500000000            0.0000000000
       -4.9400000000            0.0000000000
       -4.9300000000            0.0000000000
       -4.9200000000            0.0000000000
       -4.9100000000            0.0000000000
       -4.9000000000            0.0000000000
       -4.8900000000            0.0000000000
       -4.8800000000            0.0000000000
       -4.8700000000            0.0000000000
       -4.8600000000            0.0000000000
       -4.8500000000            0.0000000000
       -4.8400000000            0.0000000000
       -4.8300000000            0.0000000000
       -4.8200000000            0.0000000000
       -4.8100000000            0.0000000000
       -4.8000000000            0.0000000000
       -4.7900000000            0.0000000000
       -4.7800000000            0.0000000000
       -4.7700000000            0.0000000000
       -4.7600000000            0.0000000000
       -4.7500000000            0.0000000000
       -4.7400000000            0.0000000000
       -4.7300000000            0.0000000000
       -4.7200000000            0.0000000000
       -4.7100000000            0.0000000000
       -4.7000000000            0.0000000000
       -4.6900000000            0.0000000000
       -4.6800000000            0.0000000000
       -4.6700000000            0.0000000000
       -4.6600000000            0.0000000000
       -4.6500000000            0.0000000000
       -4.6400000000            0.0000000000
       -4.6300000000            0.0000000000
       -4.6200000000            0.0000000000
       -4.6100000000            0.0000000000
       -4.6000000000            0.0000000000
       -4.5900000000            0.0000000000
       -4.5800000000            0.0000000000
       -4.5700000000            0.0000000000
       -4.5600000000            0.0000000000
       -4.5500000000            0.0000000000
       -4.5400000000            0.0000000000
       -4.5300000000            0.0000000000
       -4.5200000000            0.0000000000
       -4.5100000000            0.0000000000
       -4.5000000000            0.0000000000
       -4.4900000000            0.0000000000
       -4.4800000000            0.0000000000
       -4.4700000000            0.0000000000
       -4.4600000000            0.0000000000
       -4.4500000000            0.0000000000
       -4.4400000000            0.0000000000
       -4.4300000000            0.0000000000
       -4.4200000000            0.0000000000
       -4.4100000000            0.0000000000
       -4.4000000000            0.0000000000
       -4.3900000000            0.0000000000
       -4.3800000000            0.0000000000
       -4.3700000000            0.0000000000
       -4.3600000000            0.0000000000
       -4.3500000000            0.0000000000
       -4.3400000000            0.0000000000
       -4.3300000000            0.0000000000
       -4.3200000000            0.0000000000
       -4.3100000000            0.0000000000
       -4.3000000000            0.0000000000
       -4.2900000000            0.0000000000
       -4.2800000000            0.0000000000
       -4.2700000000            0.0000000000
       -4.2600000000            0.0000000000
       -4.2500000000            0.0000000000
       -4.2400000000            0.0000000000
       -4.2300000000            0.0000000000
       -4.2200000000            0.0000000000
       -4.2100000000            0.0000000000
       -4.2000000000            0.0000000000
       -4.1900000000            0.0000000000
       -4.1800000000            0.0000000000
       -4.1700000000            0.0000000000
       -4.1600000000            0.0000000000
       -4.1500000000            0.0000000000
       -4.1400000000            0.0000000000
       -4.1300000000            0.0000000000
       -4.1200000000            0.0000000000
       -4.1100000000            0.0000000000
       -4.1000000000            0.0000000000
       -4.0900000000            0.0000000000
       -4.0800000000            0.0000000000
       -4.0700000000            0.0000000000
       -4.0600000000            0.0000000000
       -4.0500000000            0.0000000000
       -4.0400000000            0.0000000000
       -4.0300000000            0.0000000000
       -4.0200000000            0.0000000000
       -4.0100000000            0.0000000000
       -4.0000000000            0.0000000000
       -3.9800000000            0.0327247243
       -3.9700000000            0.0331221629
       -3.9600000000            0.0335265657
       -3.9500000000            0.0339380929
       -3.9400000000            0.0343569095
       -3.9300000000            0.0347831850
       -3.9200000000            0.0352170939
       -3.9100000000            0.0356588159
       -3.9000000000            0.0361085357
       -3.8900000000            0.0365664438
       -3.8800000000            0.0370327361
       -3.8700000000            0.0375076144
       -3.8600000000            0.0379912868
       -3.8500000000            0.0384839673
       -3.8400000000            0.0389858767
       -3.8300000000            0.0394972424
       -3.8200000000            0.0400182989
       -3.8100000000            0.0405492880
       -3.8000000000            0.0410904587
       -3.7900000000            0.0416420683
       -3.7800000000            0.0422043818
       -3.7700000000            0.0427776728
       -3.7600000000            0.0433622237
       -3.7500000000            0.0439583257
       -3.7400000000            0.0445662797
       -3.7300000000            0.0451863962
       -3.7200000000            0.0458189960
       -3.7100000000            0.0464644103
       -3.7000000000            0.0471229816
       -3.6900000000            0.0477950634
       -3.6800000000            0.0484810214
       -3.6700000000            0.0491812336
       -3.6600000000            0.0498960907
       -3.6500000000            0.0506259971
       -3.6400000000            0.0513713709
       -3.6300000000            0.0521326449
       -3.6200000000            0.0529102667
       -3.6100000000            0.0537047002
       -3.6000000000            0.0545164252
       -3.5900000000            0.0553459391
       -3.5800000000            0.0561937569
       -3.5700000000            0.0570604122
       -3.5600000000            0.0579464584
       -3.5500000000            0.0588524690
       -3.5400000000            0.0597790386
       -3.5300000000            0.0607267842
       -3.5200000000            0.0616963458
       -3.5100000000            0.0626883878
       -3.5000000000            0.0637035996
       -3.4900000000            0.0647426975
       -3.4800000000            0.0658064250
       -3.4700000000            0.0668955550
       -3.4600000000            0.0680108905
       -3.4500000000            0.0691532664
       -3.4400000000            0.0703235509
       -3.4300000000            0.0715226471
       -3.4200000000            0.0727514946
       -3.4100000000            0.0740110714
       -3.4000000000            0.0753023960
       -3.3900000000            0.0766265287
       -3.3800000000            0.0779845746
       -3.3700000000            0.0793776853
       -3.3600000000            0.0808070613
       -3.3500000000            0.0822739545
       -3.3400000000            0.0837796714
       -3.3300000000            0.0853255749
       -3.3200000000            0.0869130884
       -3.3100000000            0.0885436982
       -3.3000000000            0.0902189571
       -3.2900000000            0.0919404882
       -3.2800000000            0.0937099885
       -3.2700000000            0.0955292330
       -3.2600000000            0.0974000792
       -3.2500000000            0.0993244713
       -3.2400000000            0.1013044456
       -3.2300000000            0.1033421356
       -3.2200000000            0.1054397771
       -3.2100000000            0.1075997150
       -3.2000000000            0.1098244091
       -3.1900000000            0.1121164410
       -3.1800000000            0.1144785216
       -3.1700000000            0.1169134986
       -3.1600000000            0.1194243651
       -3.1500000000            0.1220142685
       -3.1400000000            0.1246865201
       -3.1300000000            0.1274446051
       -3.1200000000            0.1302921943
       -3.1100000000            0.1332331555
       -3.1000000000            0.1362715663
       -3.0900000000            0.1394117282
       -3.0800000000            0.1426581811
       -3.0700000000            0.1460157195
       -3.0600000000            0.1494894096
       -3.0500000000            0.1530846081
       -3.0400000000            0.1568069820
       -3.0300000000            0.1606625308
       -3.0200000000            0.1646576099
       -3.0100000000            0.1687989558
       -3.0000000000            0.1730937144
       -2.9900000000            0.1775494705
       -2.9800000000            0.1821742809
       -2.9700000000            0.1869767096
       -2.9600000000            0.1919658666
       -2.9500000000            0.1971514501
       -2.9400000000            0.2025437925
       -2.9300000000            0.2081539105
       -2.9200000000            0.2139935600
       -2.9100000000            0.2200752965
       -2.9000000000            0.2264125406
       -2.8900000000            0.2330196507
       -2.8800000000            0.2399120019
       -2.8700000000            0.2471060739
       -2.8600000000            0.2546195470
       -2.8500000000            0.2624714079
       -2.8400000000            0.2706820674
       -2.8300000000            0.2792734899
       -2.8200000000            0.2882693366
       -2.8100000000            0.2976951252
       -2.8000000000            0.3075784067
       -2.7900000000            0.3179489620
       -2.7800000000            0.3288390216
       -2.7700000000            0.3402835103
       -2.7600000000            0.3523203216
       -2.7500000000            0.3649906240
       -2.7400000000            0.3783392058
       -2.7300000000            0.3924148629
       -2.7200000000            0.4072708347
       -2.7100000000            0.4229652977
       -2.7000000000            0.4395619229
       -2.6900000000            0.4571305089
       -2.6800000000            0.4757477008
       -2.6700000000            0.4954978095
       -2.6600000000            0.5164737477
       -2.6500000000            0.5387781013
       -2.6400000000            0.5625243599
       -2.6300000000            0.5878383334
       -2.6200000000            0.6148597872
       -2.6100000000            0.6437443362
       -2.6000000000            0.6746656453
       -2.5900000000            0.7078179933
       -2.5800000000            0.7434192722
       -2.5700000000            0.7817145058
       -2.5600000000            0.8229799961
       -2.5500000000            0.8675282257
       -2.5400000000            0.9157136794
       -2.5300000000            0.9679397865
       -2.5200000000            1.0246672376
       -2.5100000000            1.0864239949
       -2.5000000000            1.1538174014
       -2.4900000000            1.2275489077
       -2.4800000000            1.3084320816
       -2.4700000000            1.3974147640
       -2.4600000000            1.4956064977
       -2.4500000000            1.6043127112
       -2.4400000000            1.7250776262
       -2.4300000000            1.8597385255
       -2.4200000000            2.0104949490
       -2.4100000000            2.1799976959
       -2.4000000000            2.3714643800
       -2.3900000000            2.5888309790
       -2.3800000000            2.8369527694
       -2.3700000000            3.1218739059
       -2.3600000000            3.4511937756
       -2.3500000000            3.8345719035
       -2.3400000000            4.2844345983
       -2.3300000000            4.8169808443
       -2.3200000000            5.4536412626
       -2.3100000000            6.2232388202
       -2.3000000000            7.1652644317
       -2.2900000000            8.3349751588
       -2.2800000000            9.8115699056
       -2.2700000000           11.7117571117
       -2.2600000000           14.2131807329
       -2.2500000000           17.5967880052
       -2.2400000000           22.3277901696
       -2.2300000000           29.2209808192
       -2.2200000000           39.8069573949
       -2.2100000000           57.2307280883
       -2.2000000000           88.7664992987
       -2.1900000000          154.1804073580
       -2.1800000000          320.3559531659
       -2.1700000000          862.6359727221
       -2.1600000000         1707.7797516870
       -2.1500000000          721.1696964868
       -2.1400000000          281.8285706173
       -2.1300000000          141.7273385758
       -2.1200000000           84.0742175980
       -2.1100000000           55.4072798492
       -2.1000000000           39.2131054259
       -2.0900000000           29.2069267941
       -2.0800000000           22.6031073542
       -2.0700000000           18.0199139398
       -2.0600000000           14.7106302968
       -2.0500000000           12.2436339131
       -2.0400000000           10.3555597153
       -2.0300000000            8.8784041359
       -2.0200000000            7.7009395636
       -2.0100000000            6.7471705494
       -2.0000000000            5.9637502451
       -1.9900000000            5.3123411463
       -1.9800000000            4.7648198047
       -1.9700000000            4.3001774908
       -1.9600000000            3.9024647153
       -1.9500000000            3.5593964750
       -1.9400000000            3.2613862637
       -1.9300000000            3.0008646055
       -1.9200000000            2.7717902332
       -1.9100000000            2.5692941044
       -1.9000000000            2.3894165496
       -1.8900000000            2.2289107131
       -1.8800000000            2.0850938466
       -1.8700000000            1.9557335878
       -1.8600000000            1.8389601246
       -1.8500000000            1.7331977227
       -1.8400000000            1.6371108864
       -1.8300000000            1.5495616846
       -1.8200000000            1.4695756708
       -1.8100000000            1.3963144749
       -1.8000000000            1.3290536143
       -1.7900000000            1.2671644177
       -1.7800000000            1.2100992134
       -1.7700000000            1.1573791246
       -1.7600000000            1.1085839601
       -1.7500000000            1.0633437994
       -1.7400000000            1.0213319548
       -1.7300000000            0.9822590587
       -1.7200000000            0.9458680754
       -1.7100000000            0.9119300754
       -1.7000000000            0.8802406425
       -1.6900000000            0.8506168070
       -1.6800000000            0.8228944187
       -1.6700000000            0.7969258901
       -1.6600000000            0.7725782501
       -1.6500000000            0.7497314614
       -1.6400000000            0.7282769608
       -1.6300000000            0.7081163899
       -1.6200000000            0.6891604882
       -1.6100000000            0.6713281253
       -1.6000000000            0.6545454527
       -1.5900000000            0.6387451585
       -1.5800000000            0.6238658113
       -1.5700000000            0.6098512816
       -1.5600000000            0.5966502297
       -1.5500000000            0.5842156522
       -1.5400000000            0.5725044801
       -1.5300000000            0.5614772207
       -1.5200000000            0.5510976393
       -1.5100000000            0.5413324749
       -1.5000000000            0.5321511872
       -1.4900000000            0.5235257292
       -1.4800000000            0.5154303447
       -1.4700000000            0.5078413862
       -1.4600000000            0.5007371522
       -1.4500000000            0.4940977405
       -1.4400000000            0.4879049171
       -1.4300000000            0.4821419987
       -1.4200000000            0.4767937463
       -1.4100000000            0.4718462709
       -1.4000000000            0.4672869478
       -1.3900000000            0.4631043410
       -1.3800000000            0.4592881348
       -1.3700000000            0.4558290730
       -1.3600000000            0.4527189052
       -1.3500000000            0.4499503389
       -1.3400000000            0.4475169973
       -1.3300000000            0.4454133831
       -1.3200000000            0.4436348461
       -1.3100000000            0.4421775563
       -1.3000000000            0.4410384815
       -1.2900000000            0.4402153678
       -1.2800000000            0.4397067257
       -1.2700000000            0.4395118189
       -1.2600000000            0.4396306567
       -1.2500000000            0.4400639909
       -1.2400000000            0.4408133152
       -1.2300000000            0.4418808684
       -1.2200000000            0.4432696414
       -1.2100000000            0.4449833872
       -1.2000000000            0.4470266347
       -1.1900000000            0.4494047057
       -1.1800000000            0.4521237361
       -1.1700000000            0.4551907001
       -1.1600000000            0.4586134394
       -1.1500000000            0.4624006953
       -1.1400000000            0.4665621458
       -1.1300000000            0.4711084473
       -1.1200000000            0.4760512803
       -1.1100000000            0.4814034011
       -1.1000000000            0.4871786983
       -1.0900000000            0.4933922551
       -1.0800000000            0.5000604179
       -1.0700000000            0.5072008715
       -1.0600000000            0.5148327216
       -1.0500000000            0.5229765843
       -1.0400000000            0.5316546846
       -1.0300000000            0.5408909633
       -1.0200000000            0.5507111938
       -1.0100000000            0.5611431094
       -1.0000000000            0.5722165413
       -0.9900000000            0.5839635696
       -0.9800000000            0.5964186867
       -0.9700000000            0.6096189756
       -0.9600000000            0.6236043031
       -0.9500000000            0.6384175300
       -0.9400000000            0.6541047395
       -0.9300000000            0.6707154844
       -0.9200000000            0.6883030554
       -0.9100000000            0.7069247726
       -0.9000000000            0.7266423000
       -0.8900000000            0.7475219858
       -0.8800000000            0.7696352314
       -0.8700000000            0.7930588872
       -0.8600000000            0.8178756806
       -0.8500000000            0.8441746751
       -0.8400000000            0.8720517625
       -0.8300000000            0.9016101880
       -0.8200000000            0.9329611105
       -0.8100000000            0.9662241950
       -0.8000000000            1.0015282367
       -0.7900000000            1.0390118144
       -0.7800000000            1.0788239679
       -0.7700000000            1.1211248914
       -0.7600000000            1.1660866358
       -0.7500000000            1.2138938027
       -0.7400000000            1.2647442151
       -0.7300000000            1.3188495374
       -0.7200000000            1.3764358145
       -0.7100000000            1.4377438886
       -0.7000000000            1.5030296404
       -0.6900000000            1.5725639878
       -0.6800000000            1.6466325597
       -0.6700000000            1.7255349399
       -0.6600000000            1.8095833541
       -0.6500000000            1.8991006452
       -0.6400000000            1.9944173492
       -0.6300000000            2.0958676545
       -0.6200000000            2.2037839837
       -0.6100000000            2.3184899092
       -0.6000000000            2.4402910760
       -0.5900000000            2.5694637849
       -0.5800000000            2.7062408822
       -0.5700000000            2.8507946265
       -0.5600000000            3.0032162621
       -0.5500000000            3.1634921561
       -0.5400000000            3.3314765547
       -0.5300000000            3.5068613157
       -0.5200000000            3.6891433917
       -0.5100000000            3.8775913825
       -0.5000000000            4.0712131322
       -0.4900000000            4.2687270882
       -0.4800000000            4.4685408823
       -0.4700000000            4.6687412196
       -0.4600000000            4.8670994983
       -0.4500000000            5.0610974347
       -0.4400000000            5.2479761259
       -0.4300000000            5.4248103184
       -0.4200000000            5.5886071490
       -0.4100000000            5.7364254782
       -0.4000000000            5.8655085581
       -0.3900000000            5.9734197899
       -0.3800000000            6.0581693995
       -0.3700000000            6.1183196042
       -0.3600000000            6.1530575219
       -0.3500000000            6.1622285492
       -0.3400000000            6.1463276166
       -0.3300000000            6.1064507202
       -0.3200000000            6.0442134975
       -0.3100000000            5.9616466119
       -0.3000000000            5.8610789814
       -0.2900000000            5.7450194813
       -0.2800000000            5.6160460600
       -0.2700000000            5.4767087709
       -0.2600000000            5.3294505942
       -0.2500000000            5.1765475148
       -0.2400000000            5.0200674031
       -0.2300000000            4.8618459031
       -0.2200000000            4.7034767435
       -0.2100000000            4.5463135583
       -0.2000000000            4.3914803270
       -0.1900000000            4.2398877821
       -0.1800000000            4.0922535083
       -0.1700000000            3.9491238799
       -0.1600000000            3.8108964069
       -0.1500000000            3.6778414481
       -0.1400000000            3.5501225818
       -0.1300000000            3.4278152022
       -0.1200000000            3.3109231181
       -0.1100000000            3.1993930928
       -0.1000000000            3.0931273734
       -0.0900000000            2.9919943309
       -0.0800000000            2.8958373770
       -0.0700000000            2.8044823432
       -0.0600000000            2.7177435122
       -0.0500000000            2.6354284884
       -0.0400000000            2.5573420784
       -0.0300000000            2.4832893406
       -0.0200000000            2.4130779414
       -0.0100000000            2.3465199397
