      -20.0000000000            0.0595569299
      -19.9900000000            0.0602099595
      -19.9800000000            0.0608916923
      -19.9700000000            0.0616034550
      -19.9600000000            0.0623466611
      -19.9500000000            0.0631228197
      -19.9400000000            0.0639335424
      -19.9300000000            0.0647805524
      -19.9200000000            0.0656656922
      -19.9100000000            0.0665909333
      -19.9000000000            0.0675583847
      -19.8900000000            0.0685703030
      -19.8800000000            0.0696291022
      -19.8700000000            0.0707373644
      -19.8600000000            0.0718978506
      -19.8500000000            0.0731135119
      -19.8400000000            0.0743875011
      -19.8300000000            0.0757231842
      -19.8200000000            0.0771241520
      -19.8100000000            0.0785942319
      -19.8000000000            0.0801374983
      -19.7900000000            0.0817582829
      -19.7800000000            0.0834611831
      -19.7700000000            0.0852510689
      -19.7600000000            0.0871330864
      -19.7500000000            0.0891126582
      -19.7400000000            0.0911954781
      -19.7300000000            0.0933875002
      -19.7200000000            0.0956949191
      -19.7100000000            0.0981241399
      -19.7000000000            0.1006817350
      -19.6900000000            0.1033743851
      -19.6800000000            0.1062087995
      -19.6700000000            0.1091916133
      -19.6600000000            0.1123292542
      -19.6500000000            0.1156277763
      -19.6400000000            0.1190926522
      -19.6300000000            0.1227285192
      -19.6200000000            0.1265388725
      -19.6100000000            0.1305256992
      -19.6000000000            0.1346890505
      -19.5900000000            0.1390265472
      -19.5800000000            0.1435328223
      -19.5700000000            0.1481989057
      -19.5600000000            0.1530115652
      -19.5500000000            0.1579526269
      -19.5400000000            0.1629983098
      -19.5300000000            0.1681186217
      -19.5200000000            0.1732768790
      -19.5100000000            0.1784294254
      -19.5000000000            0.1835256343
      -19.4900000000            0.1885082824
      -19.4800000000            0.1933143769
      -19.4700000000            0.1978764954
      -19.4600000000            0.2021246626
      -19.4500000000            0.2059887345
      -19.4400000000            0.2094011964
      -19.4300000000            0.2123002133
      -19.4200000000            0.2146327079
      -19.4100000000            0.2163572042
      -19.4000000000            0.2174461625
      -19.3900000000            0.2178875683
      -19.3800000000            0.2176856024
      -19.3700000000            0.2168603222
      -19.3600000000            0.2154463945
      -19.3500000000            0.2134910223
      -19.3400000000            0.2110512884
      -19.3300000000            0.2081911799
      -19.3200000000            0.2049785575
      -19.3100000000            0.2014823056
      -19.3000000000            0.1977698396
      -19.2900000000            0.1939050823
      -19.2800000000            0.1899469567
      -19.2700000000            0.1859483872
      -19.2600000000            0.1819557613
      -19.2500000000            0.1780087778
      -19.2400000000            0.1741406014
      -19.2300000000            0.1703782370
      -19.2200000000            0.1667430516
      -19.2100000000            0.1632513777
      -19.2000000000            0.1599151501
      -19.1900000000            0.1567425363
      -19.1800000000            0.1537385363
      -19.1700000000            0.1509055348
      -19.1600000000            0.1482437956
      -19.1500000000            0.1457518973
      -19.1400000000            0.1434271083
      -19.1300000000            0.1412657063
      -19.1200000000            0.1392632457
      -19.1100000000            0.1374147787
      -19.1000000000            0.1357150363
      -19.0900000000            0.1341585743
      -19.0800000000            0.1327398890
      -19.0700000000            0.1314535090
      -19.0600000000            0.1302940651
      -19.0500000000            0.1292563438
      -19.0400000000            0.1283353269
      -19.0300000000            0.1275262191
      -19.0200000000            0.1268244675
      -19.0100000000            0.1262257735
      -19.0000000000            0.1257260990
      -18.9900000000            0.1253216684
      -18.9800000000            0.1250089677
      -18.9700000000            0.1247847407
      -18.9600000000            0.1246459836
      -18.9500000000            0.1245899386
      -18.9400000000            0.1246140864
      -18.9300000000            0.1247161386
      -18.9200000000            0.1248940300
      -18.9100000000            0.1251459106
      -18.9000000000            0.1254701381
      -18.8900000000            0.1258652706
      -18.8800000000            0.1263300603
      -18.8700000000            0.1268634466
      -18.8600000000            0.1274645510
      -18.8500000000            0.1281326716
      -18.8400000000            0.1288672790
      -18.8300000000            0.1296680122
      -18.8200000000            0.1305346752
      -18.8100000000            0.1314672349
      -18.8000000000            0.1324658188
      -18.7900000000            0.1335307136
      -18.7800000000            0.1346623643
      -18.7700000000            0.1358613739
      -18.7600000000            0.1371285040
      -18.7500000000            0.1384646745
      -18.7400000000            0.1398709655
      -18.7300000000            0.1413486179
      -18.7200000000            0.1428990353
      -18.7100000000            0.1445237849
      -18.7000000000            0.1462245993
      -18.6900000000            0.1480033773
      -18.6800000000            0.1498621843
      -18.6700000000            0.1518032516
      -18.6600000000            0.1538289749
      -18.6500000000            0.1559419101
      -18.6400000000            0.1581447675
      -18.6300000000            0.1604404028
      -18.6200000000            0.1628318032
      -18.6100000000            0.1653220699
      -18.6000000000            0.1679143930
      -18.5900000000            0.1706120201
      -18.5800000000            0.1734182144
      -18.5700000000            0.1763362031
      -18.5600000000            0.1793691120
      -18.5500000000            0.1825198864
      -18.5400000000            0.1857911943
      -18.5300000000            0.1891853123
      -18.5200000000            0.1927039916
      -18.5100000000            0.1963483047
      -18.5000000000            0.2001184734
      -18.4900000000            0.2040136817
      -18.4800000000            0.2080318780
      -18.4700000000            0.2121695769
      -18.4600000000            0.2164216722
      -18.4500000000            0.2207812779
      -18.4400000000            0.2252396195
      -18.4300000000            0.2297859991
      -18.4200000000            0.2344078618
      -18.4100000000            0.2390909894
      -18.4000000000            0.2438198421
      -18.3900000000            0.2485780614
      -18.3800000000            0.2533491311
      -18.3700000000            0.2581171762
      -18.3600000000            0.2628678577
      -18.3500000000            0.2675893020
      -18.3400000000            0.2722729893
      -18.3300000000            0.2769145179
      -18.3200000000            0.2815141679
      -18.3100000000            0.2860772077
      -18.3000000000            0.2906139093
      -18.2900000000            0.2951392782
      -18.2800000000            0.2996725300
      -18.2700000000            0.3042363767
      -18.2600000000            0.3088561972
      -18.2500000000            0.3135591745
      -18.2400000000            0.3183734706
      -18.2300000000            0.3233274967
      -18.2200000000            0.3284493181
      -18.2100000000            0.3337662105
      -18.2000000000            0.3393043693
      -18.1900000000            0.3450887616
      -18.1800000000            0.3511430976
      -18.1700000000            0.3574899014
      -18.1600000000            0.3641506533
      -18.1500000000            0.3711459834
      -18.1400000000            0.3784958960
      -18.1300000000            0.3862200104
      -18.1200000000            0.3943378056
      -18.1100000000            0.4028688619
      -18.1000000000            0.4118330936
      -18.0900000000            0.4212509700
      -18.0800000000            0.4311437244
      -18.0700000000            0.4415335495
      -18.0600000000            0.4524437812
      -18.0500000000            0.4638990723
      -18.0400000000            0.4759255551
      -18.0300000000            0.4885509970
      -18.0200000000            0.5018049476
      -18.0100000000            0.5157188784
      -18.0000000000            0.5303263156
      -17.9900000000            0.5456629649
      -17.9800000000            0.5617668258
      -17.9700000000            0.5786782948
      -17.9600000000            0.5964402529
      -17.9500000000            0.6150981323
      -17.9400000000            0.6346999581
      -17.9300000000            0.6552963552
      -17.9200000000            0.6769405133
      -17.9100000000            0.6996880969
      -17.9000000000            0.7235970879
      -17.8900000000            0.7487275455
      -17.8800000000            0.7751412655
      -17.8700000000            0.8029013202
      -17.8600000000            0.8320714579
      -17.8500000000            0.8627153438
      -17.8400000000            0.8948956206
      -17.8300000000            0.9286727787
      -17.8200000000            0.9641038269
      -17.8100000000            1.0012407707
      -17.8000000000            1.0401289235
      -17.7900000000            1.0808050997
      -17.7800000000            1.1232957719
      -17.7700000000            1.1676153130
      -17.7600000000            1.2137644906
      -17.7500000000            1.2617294233
      -17.7400000000            1.3114812535
      -17.7300000000            1.3629768157
      -17.7200000000            1.4161605818
      -17.7100000000            1.4709681295
      -17.7000000000            1.5273312945
      -17.6900000000            1.5851850317
      -17.6800000000            1.6444758215
      -17.6700000000            1.7051712391
      -17.6600000000            1.7672700791
      -17.6500000000            1.8308122435
      -17.6400000000            1.8958874933
      -17.6300000000            1.9626421691
      -17.6200000000            2.0312831213
      -17.6100000000            2.1020783356
      -17.6000000000            2.1753540581
      -17.5900000000            2.2514885559
      -17.5800000000            2.3309029272
      -17.5700000000            2.4140495564
      -17.5600000000            2.5013988589
      -17.5500000000            2.5934248929
      -17.5400000000            2.6905902475
      -17.5300000000            2.7933303981
      -17.5200000000            2.9020374961
      -17.5100000000            3.0170433638
      -17.5000000000            3.1386013392
      -17.4900000000            3.2668665700
      -17.4800000000            3.4018744068
      -17.4700000000            3.5435167064
      -17.4600000000            3.6915161207
      -17.4500000000            3.8453988320
      -17.4400000000            4.0044666910
      -17.4300000000            4.1677703106
      -17.4200000000            4.3340853465
      -17.4100000000            4.5018948863
      -17.4000000000            4.6693814978
      -17.3900000000            4.8344329121
      -17.3800000000            4.9946653827
      -17.3700000000            5.1474682703
      -17.3600000000            5.2900722003
      -17.3500000000            5.4196411163
      -17.3400000000            5.5333857722
      -17.3300000000            5.6286929113
      -17.3200000000            5.7032610655
      -17.3100000000            5.7552312344
      -17.3000000000            5.7832993931
      -17.2900000000            5.7867983873
      -17.2800000000            5.7657395005
      -17.2700000000            5.7208085146
      -17.2600000000            5.6533166464
      -17.2500000000            5.5651122504
      -17.2400000000            5.4584635694
      -17.2300000000            5.3359253278
      -17.2200000000            5.2002023311
      -17.2100000000            5.0540217031
      -17.2000000000            4.9000225398
      -17.1900000000            4.7406683459
      -17.1800000000            4.5781843014
      -17.1700000000            4.4145186726
      -17.1600000000            4.2513257505
      -17.1500000000            4.0899666027
      -17.1400000000            3.9315235221
      -17.1300000000            3.7768241612
      -17.1200000000            3.6264717550
      -17.1100000000            3.4808783879
      -17.1000000000            3.3402988447
      -17.0900000000            3.2048631358
      -17.0800000000            3.0746062807
      -17.0700000000            2.9494943806
      -17.0600000000            2.8294464116
      -17.0500000000            2.7143515361
      -17.0400000000            2.6040820576
      -17.0300000000            2.4985024167
      -17.0200000000            2.3974748253
      -17.0100000000            2.3008622540
      -17.0000000000            2.2085295136
      -16.9900000000            2.1203431244
      -16.9800000000            2.0361705585
      -16.9700000000            1.9558793016
      -16.9600000000            1.8793360358
      -16.9500000000            1.8064061137
      -16.9400000000            1.7369533841
      -16.9300000000            1.6708403598
      -16.9200000000            1.6079286651
      -16.9100000000            1.5480796865
      -16.9000000000            1.4911553399
      -16.8900000000            1.4370188812
      -16.8800000000            1.3855356983
      -16.8700000000            1.3365740408
      -16.8600000000            1.2900056585
      -16.8500000000            1.2457063320
      -16.8400000000            1.2035562925
      -16.8300000000            1.1634405312
      -16.8200000000            1.1252490087
      -16.8100000000            1.0888767727
      -16.8000000000            1.0542239987
      -16.7900000000            1.0211959645
      -16.7800000000            0.9897029722
      -16.7700000000            0.9596602278
      -16.7600000000            0.9309876884
      -16.7500000000            0.9036098865
      -16.7400000000            0.8774557378
      -16.7300000000            0.8524583386
      -16.7200000000            0.8285547583
      -16.7100000000            0.8056858306
      -16.7000000000            0.7837959463
      -16.6900000000            0.7628328502
      -16.6800000000            0.7427474445
      -16.6700000000            0.7234935984
      -16.6600000000            0.7050279670
      -16.6500000000            0.6873098173
      -16.6400000000            0.6703008644
      -16.6300000000            0.6539651159
      -16.6200000000            0.6382687256
      -16.6100000000            0.6231798553
      -16.6000000000            0.6086685462
      -16.5900000000            0.5947065969
      -16.5800000000            0.5812674507
      -16.5700000000            0.5683260894
      -16.5600000000            0.5558589340
      -16.5500000000            0.5438437529
      -16.5400000000            0.5322595753
      -16.5300000000            0.5210866109
      -16.5200000000            0.5103061755
      -16.5100000000            0.4999006207
      -16.5000000000            0.4898532691
      -16.4900000000            0.4801483537
      -16.4800000000            0.4707709618
      -16.4700000000            0.4617069817
      -16.4600000000            0.4529430545
      -16.4500000000            0.4444665281
      -16.4400000000            0.4362654143
      -16.4300000000            0.4283283497
      -16.4200000000            0.4206445583
      -16.4100000000            0.4132038169
      -16.4000000000            0.4059964233
      -16.3900000000            0.3990131655
      -16.3800000000            0.3922452944
      -16.3700000000            0.3856844968
      -16.3600000000            0.3793228714
      -16.3500000000            0.3731529058
      -16.3400000000            0.3671674548
      -16.3300000000            0.3613597206
      -16.3200000000            0.3557232340
      -16.3100000000            0.3502518367
      -16.3000000000            0.3449396653
      -16.2900000000            0.3397811354
      -16.2800000000            0.3347709278
      -16.2700000000            0.3299039744
      -16.2600000000            0.3251754461
      -16.2500000000            0.3205807409
      -16.2400000000            0.3161154726
      -16.2300000000            0.3117754608
      -16.2200000000            0.3075567210
      -16.2100000000            0.3034554554
      -16.2000000000            0.2994680450
      -16.1900000000            0.2955910411
      -16.1800000000            0.2918211580
      -16.1700000000            0.2881552665
      -16.1600000000            0.2845903870
      -16.1500000000            0.2811236839
      -16.1400000000            0.2777524597
      -16.1300000000            0.2744741500
      -16.1200000000            0.2712863188
      -16.1100000000            0.2681866539
      -16.1000000000            0.2651729632
      -16.0900000000            0.2622431707
      -16.0800000000            0.2593953130
      -16.0700000000            0.2566275368
      -16.0600000000            0.2539380956
      -16.0500000000            0.2513253478
      -16.0400000000            0.2487877541
      -16.0300000000            0.2463238761
      -16.0200000000            0.2439323744
      -16.0100000000            0.2416120078
      -16.0000000000            0.2393616323
      -15.9900000000            0.2371802002
      -15.9800000000            0.2350667600
      -15.9700000000            0.2330204568
      -15.9600000000            0.2310405319
      -15.9500000000            0.2291263240
      -15.9400000000            0.2272772701
      -15.9300000000            0.2254929068
      -15.9200000000            0.2237728720
      -15.9100000000            0.2221169071
      -15.9000000000            0.2205248594
      -15.8900000000            0.2189966851
      -15.8800000000            0.2175324524
      -15.8700000000            0.2161323457
      -15.8600000000            0.2147966693
      -15.8500000000            0.2135258528
      -15.8400000000            0.2123204555
      -15.8300000000            0.2111811732
      -15.8200000000            0.2101088436
      -15.8100000000            0.2091044538
      -15.8000000000            0.2081691477
      -15.7900000000            0.2073042337
      -15.7800000000            0.2065111940
      -15.7700000000            0.2057916934
      -15.7600000000            0.2051475891
      -15.7500000000            0.2045809417
      -15.7400000000            0.2040940253
      -15.7300000000            0.2036893390
      -15.7200000000            0.2033696186
      -15.7100000000            0.2031378478
      -15.7000000000            0.2029972701
      -15.6900000000            0.2029513994
      -15.6800000000            0.2030040303
      -15.6700000000            0.2031592472
      -15.6600000000            0.2034214309
      -15.6500000000            0.2037952628
      -15.6400000000            0.2042857255
      -15.6300000000            0.2048980977
      -15.6200000000            0.2056379433
      -15.6100000000            0.2065110916
      -15.6000000000            0.2075236068
      -15.5900000000            0.2086817440
      -15.5800000000            0.2099918881
      -15.5700000000            0.2114604724
      -15.5600000000            0.2130938718
      -15.5500000000            0.2148982653
      -15.5400000000            0.2168794621
      -15.5300000000            0.2190426860
      -15.5200000000            0.2213923096
      -15.5100000000            0.2239315331
      -15.5000000000            0.2266620007
      -15.4900000000            0.2295833508
      -15.4800000000            0.2326926968
      -15.4700000000            0.2359840401
      -15.4600000000            0.2394476234
      -15.4500000000            0.2430692380
      -15.4400000000            0.2468295117
      -15.4300000000            0.2507032148
      -15.4200000000            0.2546586351
      -15.4100000000            0.2586570918
      -15.4000000000            0.2626526672
      -15.3900000000            0.2665922489
      -15.3800000000            0.2704159757
      -15.3700000000            0.2740581709
      -15.3600000000            0.2774488241
      -15.3500000000            0.2805156372
      -15.3400000000            0.2831865945
      -15.3300000000            0.2853929445
      -15.3200000000            0.2870724072
      -15.3100000000            0.2881723607
      -15.3000000000            0.2886527204
      -15.2900000000            0.2884882255
      -15.2800000000            0.2876698926
      -15.2700000000            0.2862054747
      -15.2600000000            0.2841188808
      -15.2500000000            0.2814486252
      -15.2400000000            0.2782454852
      -15.2300000000            0.2745696165
      -15.2200000000            0.2704874132
      -15.2100000000            0.2660683855
      -15.2000000000            0.2613822884
      -15.1900000000            0.2564966690
      -15.1800000000            0.2514749289
      -15.1700000000            0.2463749309
      -15.1600000000            0.2412481260
      -15.1500000000            0.2361391400
      -15.1400000000            0.2310857363
      -15.1300000000            0.2261190661
      -15.1200000000            0.2212641218
      -15.1100000000            0.2165403156
      -15.1000000000            0.2119621249
      -15.0900000000            0.2075397528
      -15.0800000000            0.2032797720
      -15.0700000000            0.1991857273
      -15.0600000000            0.1952586840
      -15.0500000000            0.1914977138
      -15.0400000000            0.1879003191
      -15.0300000000            0.1844627950
      -15.0200000000            0.1811805351
      -15.0100000000            0.1780482853
      -15.0000000000            0.1750603526
      -14.9900000000            0.1722107740
      -14.9800000000            0.1694934514
      -14.9700000000            0.1669022582
      -14.9600000000            0.1644311215
      -14.9500000000            0.1620740856
      -14.9400000000            0.1598253577
      -14.9300000000            0.1576793420
      -14.9200000000            0.1556306625
      -14.9100000000            0.1536741774
      -14.9000000000            0.1518049873
      -14.8900000000            0.1500184375
      -14.8800000000            0.1483101176
      -14.8700000000            0.1466758564
      -14.8600000000            0.1451117164
      -14.8500000000            0.1436139855
      -14.8400000000            0.1421791679
      -14.8300000000            0.1408039749
      -14.8200000000            0.1394853142
      -14.8100000000            0.1382202802
      -14.8000000000            0.1370061437
      -14.7900000000            0.1358403418
      -14.7800000000            0.1347204683
      -14.7700000000            0.1336442643
      -14.7600000000            0.1326096091
      -14.7500000000            0.1316145117
      -14.7400000000            0.1306571027
      -14.7300000000            0.1297356266
      -14.7200000000            0.1288484344
      -14.7100000000            0.1279939767
      -14.7000000000            0.1271707977
      -14.6900000000            0.1263775285
      -14.6800000000            0.1256128822
      -14.6700000000            0.1248756481
      -14.6600000000            0.1241646871
      -14.6500000000            0.1234789268
      -14.6400000000            0.1228173574
      -14.6300000000            0.1221790279
      -14.6200000000            0.1215630421
      -14.6100000000            0.1209685551
      -14.6000000000            0.1203947702
      -14.5900000000            0.1198409361
      -14.5800000000            0.1193063437
      -14.5700000000            0.1187903238
      -14.5600000000            0.1182922444
      -14.5500000000            0.1178115088
      -14.5400000000            0.1173475531
      -14.5300000000            0.1168998447
      -14.5200000000            0.1164678801
      -14.5100000000            0.1160511831
      -14.5000000000            0.1156493039
      -14.4900000000            0.1152618166
      -14.4800000000            0.1148883189
      -14.4700000000            0.1145284300
      -14.4600000000            0.1141817897
      -14.4500000000            0.1138480574
      -14.4400000000            0.1135269108
      -14.4300000000            0.1132180453
      -14.4200000000            0.1129211726
      -14.4100000000            0.1126360202
      -14.4000000000            0.1123623305
      -14.3900000000            0.1120998603
      -14.3800000000            0.1118483794
      -14.3700000000            0.1116076710
      -14.3600000000            0.1113775301
      -14.3500000000            0.1111577636
      -14.3400000000            0.1109481896
      -14.3300000000            0.1107486365
      -14.3200000000            0.1105589434
      -14.3100000000            0.1103789588
      -14.3000000000            0.1102085407
      -14.2900000000            0.1100475561
      -14.2800000000            0.1098958808
      -14.2700000000            0.1097533986
      -14.2600000000            0.1096200016
      -14.2500000000            0.1094955896
      -14.2400000000            0.1093800698
      -14.2300000000            0.1092733567
      -14.2200000000            0.1091753719
      -14.2100000000            0.1090860437
      -14.2000000000            0.1090053071
      -14.1900000000            0.1089331036
      -14.1800000000            0.1088693807
      -14.1700000000            0.1088140925
      -14.1600000000            0.1087671987
      -14.1500000000            0.1087286652
      -14.1400000000            0.1086984634
      -14.1300000000            0.1086765706
      -14.1200000000            0.1086629695
      -14.1100000000            0.1086576486
      -14.1000000000            0.1086606016
      -14.0900000000            0.1086718275
      -14.0800000000            0.1086913310
      -14.0700000000            0.1087191218
      -14.0600000000            0.1087552150
      -14.0500000000            0.1087996309
      -14.0400000000            0.1088523953
      -14.0300000000            0.1089135389
      -14.0200000000            0.1089830978
      -14.0100000000            0.1090611135
      -14.0000000000            0.1091476326
      -13.9900000000            0.1092427071
      -13.9800000000            0.1093463945
      -13.9700000000            0.1094587576
      -13.9600000000            0.1095798646
      -13.9500000000            0.1097097895
      -13.9400000000            0.1098486118
      -13.9300000000            0.1099964166
      -13.9200000000            0.1101532949
      -13.9100000000            0.1103193438
      -13.9000000000            0.1104946661
      -13.8900000000            0.1106793709
      -13.8800000000            0.1108735736
      -13.8700000000            0.1110773960
      -13.8600000000            0.1112909665
      -13.8500000000            0.1115144202
      -13.8400000000            0.1117478991
      -13.8300000000            0.1119915522
      -13.8200000000            0.1122455360
      -13.8100000000            0.1125100144
      -13.8000000000            0.1127851590
      -13.7900000000            0.1130711494
      -13.7800000000            0.1133681733
      -13.7700000000            0.1136764269
      -13.7600000000            0.1139961154
      -13.7500000000            0.1143274526
      -13.7400000000            0.1146706621
      -13.7300000000            0.1150259768
      -13.7200000000            0.1153936398
      -13.7100000000            0.1157739045
      -13.7000000000            0.1161670353
      -13.6900000000            0.1165733075
      -13.6800000000            0.1169930082
      -13.6700000000            0.1174264362
      -13.6600000000            0.1178739034
      -13.6500000000            0.1183357341
      -13.6400000000            0.1188122666
      -13.6300000000            0.1193038532
      -13.6200000000            0.1198108606
      -13.6100000000            0.1203336711
      -13.6000000000            0.1208726830
      -13.5900000000            0.1214283109
      -13.5800000000            0.1220009870
      -13.5700000000            0.1225911616
      -13.5600000000            0.1231993037
      -13.5500000000            0.1238259024
      -13.5400000000            0.1244714671
      -13.5300000000            0.1251365291
      -13.5200000000            0.1258216420
      -13.5100000000            0.1265273833
      -13.5000000000            0.1272543550
      -13.4900000000            0.1280031852
      -13.4800000000            0.1287745291
      -13.4700000000            0.1295690704
      -13.4600000000            0.1303875224
      -13.4500000000            0.1312306302
      -13.4400000000            0.1320991714
      -13.4300000000            0.1329939581
      -13.4200000000            0.1339158389
      -13.4100000000            0.1348657004
      -13.4000000000            0.1358444691
      -13.3900000000            0.1368531137
      -13.3800000000            0.1378926473
      -13.3700000000            0.1389641297
      -13.3600000000            0.1400686695
      -13.3500000000            0.1412074274
      -13.3400000000            0.1423816184
      -13.3300000000            0.1435925151
      -13.3200000000            0.1448414507
      -13.3100000000            0.1461298226
      -13.3000000000            0.1474590954
      -13.2900000000            0.1488308054
      -13.2800000000            0.1502465641
      -13.2700000000            0.1517080629
      -13.2600000000            0.1532170775
      -13.2500000000            0.1547754725
      -13.2400000000            0.1563852074
      -13.2300000000            0.1580483413
      -13.2200000000            0.1597670396
      -13.2100000000            0.1615435799
      -13.2000000000            0.1633803589
      -13.1900000000            0.1652798997
      -13.1800000000            0.1672448598
      -13.1700000000            0.1692780389
      -13.1600000000            0.1713823883
      -13.1500000000            0.1735610204
      -13.1400000000            0.1758172187
      -13.1300000000            0.1781544490
      -13.1200000000            0.1805763710
      -13.1100000000            0.1830868512
      -13.1000000000            0.1856899764
      -13.0900000000            0.1883900680
      -13.0800000000            0.1911916983
      -13.0700000000            0.1940997066
      -13.0600000000            0.1971192182
      -13.0500000000            0.2002556634
      -13.0400000000            0.2035147985
      -13.0300000000            0.2069027289
      -13.0200000000            0.2104259331
      -13.0100000000            0.2140912894
      -13.0000000000            0.2179061042
      -12.9900000000            0.2218781424
      -12.9800000000            0.2260156609
      -12.9700000000            0.2303274442
      -12.9600000000            0.2348228428
      -12.9500000000            0.2395118151
      -12.9400000000            0.2444049724
      -12.9300000000            0.2495136273
      -12.9200000000            0.2548498465
      -12.9100000000            0.2604265078
      -12.9000000000            0.2662573609
      -12.8900000000            0.2723570942
      -12.8800000000            0.2787414060
      -12.8700000000            0.2854270823
      -12.8600000000            0.2924320798
      -12.8500000000            0.2997756159
      -12.8400000000            0.3074782659
      -12.8300000000            0.3155620670
      -12.8200000000            0.3240506305
      -12.8100000000            0.3329692625
      -12.8000000000            0.3423450924
      -12.7900000000            0.3522072109
      -12.7800000000            0.3625868169
      -12.7700000000            0.3735173734
      -12.7600000000            0.3850347725
      -12.7500000000            0.3971775087
      -12.7400000000            0.4099868609
      -12.7300000000            0.4235070801
      -12.7200000000            0.4377855831
      -12.7100000000            0.4528731484
      -12.7000000000            0.4688241116
      -12.6900000000            0.4856965556
      -12.6800000000            0.5035524905
      -12.6700000000            0.5224580140
      -12.6600000000            0.5424834437
      -12.6500000000            0.5637034086
      -12.6400000000            0.5861968830
      -12.6300000000            0.6100471433
      -12.6200000000            0.6353416235
      -12.6100000000            0.6621716369
      -12.6000000000            0.6906319287
      -12.5900000000            0.7208200125
      -12.5800000000            0.7528352381
      -12.5700000000            0.7867775248
      -12.5600000000            0.8227456888
      -12.5500000000            0.8608352775
      -12.5400000000            0.9011358192
      -12.5300000000            0.9437273864
      -12.5200000000            0.9886763691
      -12.5100000000            1.0360303602
      -12.5000000000            1.0858120692
      -12.4900000000            1.1380122108
      -12.4800000000            1.1925813708
      -12.4700000000            1.2494209256
      -12.4600000000            1.3083732081
      -12.4500000000            1.3692112588
      -12.4400000000            1.4316286868
      -12.4300000000            1.4952303796
      -12.4200000000            1.5595250319
      -12.4100000000            1.6239206733
      -12.4000000000            1.6877245348
      -12.3900000000            1.7501486303
      -12.3800000000            1.8103222929
      -12.3700000000            1.8673125364
      -12.3600000000            1.9201524732
      -12.3500000000            1.9678771393
      -12.3400000000            2.0095650247
      -12.3300000000            2.0443825415
      -12.3200000000            2.0716277899
      -12.3100000000            2.0907695125
      -12.3000000000            2.1014772366
      -12.2900000000            2.1036393543
      -12.2800000000            2.0973671948
      -12.2700000000            2.0829847928
      -12.2600000000            2.0610057354
      -12.2500000000            2.0320998781
      -12.2400000000            1.9970536141
      -12.2300000000            1.9567276632
      -12.2200000000            1.9120160513
      -12.2100000000            1.8638092232
      -12.2000000000            1.8129632779
      -12.1900000000            1.7602763222
      -12.1800000000            1.7064720695
      -12.1700000000            1.6521901503
      -12.1600000000            1.5979821741
      -12.1500000000            1.5443123842
      -12.1400000000            1.4915617129
      -12.1300000000            1.4400341420
      -12.1200000000            1.3899644329
      -12.1100000000            1.3415264802
      -12.1000000000            1.2948417343
      -12.0900000000            1.2499873039
      -12.0800000000            1.2070034909
      -12.0700000000            1.1659006206
      -12.0600000000            1.1266651063
      -12.0500000000            1.0892647445
      -12.0400000000            1.0536532691
      -12.0300000000            1.0197742112
      -12.0200000000            0.9875641207
      -12.0100000000            0.9569552077
      -12.0000000000            0.9278774614
      -11.9900000000            0.9002603062
      -11.9800000000            0.8740338508
      -11.9700000000            0.8491297904
      -11.9600000000            0.8254820183
      -11.9500000000            0.8030270052
      -11.9400000000            0.7817039994
      -11.9300000000            0.7614550951
      -11.9200000000            0.7422252124
      -11.9100000000            0.7239620207
      -11.9000000000            0.7066158325
      -11.8900000000            0.6901394840
      -11.8800000000            0.6744882156
      -11.8700000000            0.6596195566
      -11.8600000000            0.6454932196
      -11.8500000000            0.6320710018
      -11.8400000000            0.6193166952
      -11.8300000000            0.6071960022
      -11.8200000000            0.5956764558
      -11.8100000000            0.5847273432
      -11.8000000000            0.5743196313
      -11.7900000000            0.5644258937
      -11.7800000000            0.5550202383
      -11.7700000000            0.5460782368
      -11.7600000000            0.5375768540
      -11.7500000000            0.5294943789
      -11.7400000000            0.5218103574
      -11.7300000000            0.5145055257
      -11.7200000000            0.5075617464
      -11.7100000000            0.5009619468
      -11.7000000000            0.4946900587
      -11.6900000000            0.4887309615
      -11.6800000000            0.4830704271
      -11.6700000000            0.4776950681
      -11.6600000000            0.4725922883
      -11.6500000000            0.4677502354
      -11.6400000000            0.4631577573
      -11.6300000000            0.4588043597
      -11.6200000000            0.4546801673
      -11.6100000000            0.4507758863
      -11.6000000000            0.4470827702
      -11.5900000000            0.4435925867
      -11.5800000000            0.4402975878
      -11.5700000000            0.4371904806
      -11.5600000000            0.4342644012
      -11.5500000000            0.4315128891
      -11.5400000000            0.4289298644
      -11.5300000000            0.4265096059
      -11.5200000000            0.4242467304
      -11.5100000000            0.4221361740
      -11.5000000000            0.4201731744
      -11.4900000000            0.4183532543
      -11.4800000000            0.4166722057
      -11.4700000000            0.4151260762
      -11.4600000000            0.4137111546
      -11.4500000000            0.4124239593
      -11.4400000000            0.4112612261
      -11.4300000000            0.4102198975
      -11.4200000000            0.4092971128
      -11.4100000000            0.4084901981
      -11.4000000000            0.4077966580
      -11.3900000000            0.4072141676
      -11.3800000000            0.4067405642
      -11.3700000000            0.4063738409
      -11.3600000000            0.4061121398
      -11.3500000000            0.4059537460
      -11.3400000000            0.4058970817
      -11.3300000000            0.4059407015
      -11.3200000000            0.4060832869
      -11.3100000000            0.4063236426
      -11.3000000000            0.4066606919
      -11.2900000000            0.4070934731
      -11.2800000000            0.4076211358
      -11.2700000000            0.4082429384
      -11.2600000000            0.4089582446
      -11.2500000000            0.4097665211
      -11.2400000000            0.4106673352
      -11.2300000000            0.4116603529
      -11.2200000000            0.4127453369
      -11.2100000000            0.4139221449
      -11.2000000000            0.4151907285
      -11.1900000000            0.4165511319
      -11.1800000000            0.4180034909
      -11.1700000000            0.4195480324
      -11.1600000000            0.4211850735
      -11.1500000000            0.4229150213
      -11.1400000000            0.4247383730
      -11.1300000000            0.4266557156
      -11.1200000000            0.4286677264
      -11.1100000000            0.4307751730
      -11.1000000000            0.4329789145
      -11.0900000000            0.4352799019
      -11.0800000000            0.4376791793
      -11.0700000000            0.4401778847
      -11.0600000000            0.4427772520
      -11.0500000000            0.4454786121
      -11.0400000000            0.4482833947
      -11.0300000000            0.4511931307
      -11.0200000000            0.4542094538
      -11.0100000000            0.4573341035
      -11.0000000000            0.4605689274
      -10.9900000000            0.4639158840
      -10.9800000000            0.4673770461
      -10.9700000000            0.4709546040
      -10.9600000000            0.4746508693
      -10.9500000000            0.4784682783
      -10.9400000000            0.4824093971
      -10.9300000000            0.4864769250
      -10.9200000000            0.4906737001
      -10.9100000000            0.4950027042
      -10.9000000000            0.4994670682
      -10.8900000000            0.5040700780
      -10.8800000000            0.5088151806
      -10.8700000000            0.5137059911
      -10.8600000000            0.5187462991
      -10.8500000000            0.5239400772
      -10.8400000000            0.5292914881
      -10.8300000000            0.5348048935
      -10.8200000000            0.5404848634
      -10.8100000000            0.5463361854
      -10.8000000000            0.5523638751
      -10.7900000000            0.5585731872
      -10.7800000000            0.5649696270
      -10.7700000000            0.5715589629
      -10.7600000000            0.5783472396
      -10.7500000000            0.5853407920
      -10.7400000000            0.5925462609
      -10.7300000000            0.5999706080
      -10.7200000000            0.6076211338
      -10.7100000000            0.6155054956
      -10.7000000000            0.6236317268
      -10.6900000000            0.6320082577
      -10.6800000000            0.6406439381
      -10.6700000000            0.6495480605
      -10.6600000000            0.6587303857
      -10.6500000000            0.6682011701
      -10.6400000000            0.6779711947
      -10.6300000000            0.6880517962
      -10.6200000000            0.6984549005
      -10.6100000000            0.7091930585
      -10.6000000000            0.7202794847
      -10.5900000000            0.7317280983
      -10.5800000000            0.7435535679
      -10.5700000000            0.7557713592
      -10.5600000000            0.7683977863
      -10.5500000000            0.7814500673
      -10.5400000000            0.7949463841
      -10.5300000000            0.8089059468
      -10.5200000000            0.8233490631
      -10.5100000000            0.8382972142
      -10.5000000000            0.8537731353
      -10.4900000000            0.8698009044
      -10.4800000000            0.8864060377
      -10.4700000000            0.9036155928
      -10.4600000000            0.9214582816
      -10.4500000000            0.9399645920
      -10.4400000000            0.9591669213
      -10.4300000000            0.9790997205
      -10.4200000000            0.9997996522
      -10.4100000000            1.0213057630
      -10.4000000000            1.0436596707
      -10.3900000000            1.0669057711
      -10.3800000000            1.0910914621
      -10.3700000000            1.1162673909
      -10.3600000000            1.1424877251
      -10.3500000000            1.1698104499
      -10.3400000000            1.1982976959
      -10.3300000000            1.2280161001
      -10.3200000000            1.2590372034
      -10.3100000000            1.2914378914
      -10.3000000000            1.3253008803
      -10.2900000000            1.3607152568
      -10.2800000000            1.3977770762
      -10.2700000000            1.4365900280
      -10.2600000000            1.4772661767
      -10.2500000000            1.5199267873
      -10.2400000000            1.5647032490
      -10.2300000000            1.6117381073
      -10.2200000000            1.6611862223
      -10.2100000000            1.7132160695
      -10.2000000000            1.7680112038
      -10.1900000000            1.8257719112
      -10.1800000000            1.8867170749
      -10.1700000000            1.9510862892
      -10.1600000000            2.0191422598
      -10.1500000000            2.0911735347
      -10.1400000000            2.1674976188
      -10.1300000000            2.2484645364
      -10.1200000000            2.3344609152
      -10.1100000000            2.4259146816
      -10.1000000000            2.5233004736
      -10.0900000000            2.6271458998
      -10.0800000000            2.7380387987
      -10.0700000000            2.8566356854
      -10.0600000000            2.9836716111
      -10.0500000000            3.1199717143
      -10.0400000000            3.2664648010
      -10.0300000000            3.4241993718
      -10.0200000000            3.5943626116
      -10.0100000000            3.7783029843
      -10.0000000000            3.9775572332
       -9.9900000000            4.1938827951
       -9.9800000000            4.4292969013
       -9.9700000000            4.6861239848
       -9.9600000000            4.9670534659
       -9.9500000000            5.2752105863
       -9.9400000000            5.6142437578
       -9.9300000000            5.9884329547
       -9.9200000000            6.4028251212
       -9.9100000000            6.8634045287
       -9.9000000000            7.3773087196
       -9.8900000000            7.9531044355
       -9.8800000000            8.6011432080
       -9.8700000000            9.3340237946
       -9.8600000000           10.1671994321
       -9.8500000000           11.1197835835
       -9.8400000000           12.2156310161
       -9.8300000000           13.4848056902
       -9.8200000000           14.9655994924
       -9.8100000000           16.7073468267
       -9.8000000000           18.7744067921
       -9.7900000000           21.2518861843
       -9.7800000000           24.2540020573
       -9.7700000000           27.9365161427
       -9.7600000000           32.5155584766
       -9.7500000000           38.2966343840
       -9.7400000000           45.7200560128
       -9.7300000000           55.4329491196
       -9.7200000000           68.4035397174
       -9.7100000000           86.0982860637
       -9.7000000000          110.7323645608
       -9.6900000000          145.5174290054
       -9.6800000000          194.4457731006
       -9.6700000000          259.9012679557
       -9.6600000000          334.3518241963
       -9.6500000000          388.0456209291
       -9.6400000000          383.0630207209
       -9.6300000000          323.0100055156
       -9.6200000000          247.6777073185
       -9.6100000000          183.8277211546
       -9.6000000000          136.8465185399
       -9.5900000000          103.6837330768
       -9.5800000000           80.2818232808
       -9.5700000000           63.5076047915
       -9.5600000000           51.2314258351
       -9.5500000000           42.0521960709
       -9.5400000000           35.0474643142
       -9.5300000000           29.6015201917
       -9.5200000000           25.2957030552
       -9.5100000000           21.8396389027
       -9.5000000000           19.0279599385
       -9.4900000000           16.7127023201
       -9.4800000000           14.7854028589
       -9.4700000000           13.1652744989
       -9.4600000000           11.7912540318
       -9.4500000000           10.6165596313
       -9.4400000000            9.6049036921
       -9.4300000000            8.7278160137
       -9.4200000000            7.9627239177
       -9.4100000000            7.2915563312
       -9.4000000000            6.6997158377
       -9.3900000000            6.1753126598
       -9.3800000000            5.7085874792
       -9.3700000000            5.2914720209
       -9.3600000000            4.9172512740
       -9.3500000000            4.5803014799
       -9.3400000000            4.2758851626
       -9.3300000000            3.9999895025
       -9.3200000000            3.7491979289
       -9.3100000000            3.5205873853
       -9.3000000000            3.3116455848
       -9.2900000000            3.1202039484
       -9.2800000000            2.9443829294
       -9.2700000000            2.7825471868
       -9.2600000000            2.6332686357
       -9.2500000000            2.4952958380
       -9.2400000000            2.3675285230
       -9.2300000000            2.2489962805
       -9.2200000000            2.1388406667
       -9.2100000000            2.0363001127
       -9.2000000000            1.9406971473
       -9.1900000000            1.8514275374
       -9.1800000000            1.7679510250
       -9.1700000000            1.6897833992
       -9.1600000000            1.6164896879
       -9.1500000000            1.5476782918
       -9.1400000000            1.4829959170
       -9.1300000000            1.4221231812
       -9.1200000000            1.3647707972
       -9.1100000000            1.3106762457
       -9.1000000000            1.2596008686
       -9.0900000000            1.2113273230
       -9.0800000000            1.1656573461
       -9.0700000000            1.1224097873
       -9.0600000000            1.0814188733
       -9.0500000000            1.0425326741
       -9.0400000000            1.0056117437
       -9.0300000000            0.9705279146
       -9.0200000000            0.9371632244
       -9.0100000000            0.9054089603
       -9.0000000000            0.8751648061
       -8.9900000000            0.8463380782
       -8.9800000000            0.8188430430
       -8.9700000000            0.7926003027
       -8.9600000000            0.7675362444
       -8.9500000000            0.7435825435
       -8.9400000000            0.7206757165
       -8.9300000000            0.6987567166
       -8.9200000000            0.6777705686
       -8.9100000000            0.6576660382
       -8.9000000000            0.6383953316
       -8.8900000000            0.6199138235
       -8.8800000000            0.6021798094
       -8.8700000000            0.5851542800
       -8.8600000000            0.5688007163
       -8.8500000000            0.5530849017
       -8.8400000000            0.5379747509
       -8.8300000000            0.5234401535
       -8.8200000000            0.5094528302
       -8.8100000000            0.4959862019
       -8.8000000000            0.4830152689
       -8.7900000000            0.4705165000
       -8.7800000000            0.4584677310
       -8.7700000000            0.4468480708
       -8.7600000000            0.4356378149
       -8.7500000000            0.4248183665
       -8.7400000000            0.4143721621
       -8.7300000000            0.4042826045
       -8.7200000000            0.3945339997
       -8.7100000000            0.3851114987
       -8.7000000000            0.3760010441
       -8.6900000000            0.3671893201
       -8.6800000000            0.3586637064
       -8.6700000000            0.3504122352
       -8.6600000000            0.3424235514
       -8.6500000000            0.3346868755
       -8.6400000000            0.3271919692
       -8.6300000000            0.3199291032
       -8.6200000000            0.3128890277
       -8.6100000000            0.3060629439
       -8.6000000000            0.2994424783
       -8.5900000000            0.2930196586
       -8.5800000000            0.2867868906
       -8.5700000000            0.2807369373
       -8.5600000000            0.2748628991
       -8.5500000000            0.2691581949
       -8.5400000000            0.2636165450
       -8.5300000000            0.2582319547
       -8.5200000000            0.2529986988
       -8.5100000000            0.2479113079
       -8.5000000000            0.2429645542
       -8.4900000000            0.2381534393
       -8.4800000000            0.2334731820
       -8.4700000000            0.2289192076
       -8.4600000000            0.2244871369
       -8.4500000000            0.2201727766
       -8.4400000000            0.2159721098
       -8.4300000000            0.2118812874
       -8.4200000000            0.2078966197
       -8.4100000000            0.2040145687
       -8.4000000000            0.2002317405
       -8.3900000000            0.1965448787
       -8.3800000000            0.1929508576
       -8.3700000000            0.1894466758
       -8.3600000000            0.1860294510
       -8.3500000000            0.1826964137
       -8.3400000000            0.1794449024
       -8.3300000000            0.1762723585
       -8.3100000000            0.1669083379
       -8.3000000000            0.1640103745
       -8.2900000000            0.1611808942
       -8.2800000000            0.1584178225
       -8.2700000000            0.1557191617
       -8.2600000000            0.1530829875
       -8.2500000000            0.1505074461
       -8.2400000000            0.1479907507
       -8.2300000000            0.1455311790
       -8.2200000000            0.1431270703
       -8.2100000000            0.1407768229
       -8.2000000000            0.1384788916
       -8.1900000000            0.1362317856
       -8.1800000000            0.1340340656
       -8.1700000000            0.1318843426
       -8.1600000000            0.1297812749
       -8.1500000000            0.1277235670
       -8.1400000000            0.1257099670
       -8.1300000000            0.1237392656
       -8.1200000000            0.1218102936
       -8.1100000000            0.1199219212
       -8.1000000000            0.1180730555
       -8.0900000000            0.1162626399
       -8.0800000000            0.1144896522
       -8.0700000000            0.1127531032
       -8.0600000000            0.1110520360
       -8.0500000000            0.1093855241
       -8.0400000000            0.1077526706
       -8.0300000000            0.1061526072
       -8.0200000000            0.1045844928
       -8.0100000000            0.1030475126
       -8.0000000000            0.1015408773
       -7.9900000000            0.1000638220
       -7.9800000000            0.0986156053
       -7.9700000000            0.0971955086
       -7.9600000000            0.0958028349
       -7.9500000000            0.0944369085
       -7.9400000000            0.0930970741
       -7.9300000000            0.0917826957
       -7.9200000000            0.0904931566
       -7.9100000000            0.0892278579
       -7.9000000000            0.0879862187
       -7.8900000000            0.0867676750
       -7.8800000000            0.0855716790
       -7.8700000000            0.0843976989
       -7.8600000000            0.0832452183
       -7.8500000000            0.0821137355
       -7.8400000000            0.0810027629
       -7.8300000000            0.0799118270
       -7.8200000000            0.0788404675
       -7.8100000000            0.0777882369
       -7.8000000000            0.0767547004
       -7.7900000000            0.0757394351
       -7.7800000000            0.0747420298
       -7.7700000000            0.0737620846
       -7.7600000000            0.0727992104
       -7.7500000000            0.0718530289
       -7.7400000000            0.0709231719
       -7.7300000000            0.0700092810
       -7.7200000000            0.0691110075
       -7.7100000000            0.0682280120
       -7.7000000000            0.0673599641
       -7.6900000000            0.0665065421
       -7.6800000000            0.0656674326
       -7.6700000000            0.0648423305
       -7.6600000000            0.0640309387
       -7.6500000000            0.0632329676
       -7.6400000000            0.0624481353
       -7.6300000000            0.0616761668
       -7.6200000000            0.0609167944
       -7.6100000000            0.0601697570
       -7.6000000000            0.0594348001
       -7.5900000000            0.0587116758
       -7.5800000000            0.0580001421
       -7.5700000000            0.0572999632
       -7.5600000000            0.0566109092
       -7.5500000000            0.0559327557
       -7.5400000000            0.0552652840
       -7.5300000000            0.0546082805
       -7.5200000000            0.0539615371
       -7.5100000000            0.0533248504
       -7.5000000000            0.0526980221
       -7.4900000000            0.0520808588
       -7.4800000000            0.0514731715
       -7.4700000000            0.0508747756
       -7.4600000000            0.0502854913
       -7.4500000000            0.0497051425
       -7.4400000000            0.0491335577
       -7.4300000000            0.0485705691
       -7.4200000000            0.0480160131
       -7.4100000000            0.0474697295
       -7.4000000000            0.0469315621
       -7.3900000000            0.0464013582
       -7.3800000000            0.0458789686
       -7.3700000000            0.0453642475
       -7.3500000000            0.0000000000
       -7.3400000000            0.0000000000
       -7.3300000000            0.0000000000
       -7.3200000000            0.0000000000
       -7.3100000000            0.0000000000
       -7.3000000000            0.0000000000
       -7.2900000000            0.0000000000
       -7.2800000000            0.0000000000
       -7.2700000000            0.0000000000
       -7.2600000000            0.0000000000
       -7.2500000000            0.0000000000
       -7.2400000000            0.0000000000
       -7.2300000000            0.0000000000
       -7.2200000000            0.0000000000
       -7.2100000000            0.0000000000
       -7.2000000000            0.0000000000
       -7.1900000000            0.0000000000
       -7.1800000000            0.0000000000
       -7.1700000000            0.0000000000
       -7.1600000000            0.0000000000
       -7.1500000000            0.0000000000
       -7.1400000000            0.0000000000
       -7.1300000000            0.0000000000
       -7.1200000000            0.0000000000
       -7.1100000000            0.0000000000
       -7.1000000000            0.0000000000
       -7.0900000000            0.0000000000
       -7.0800000000            0.0000000000
       -7.0700000000            0.0000000000
       -7.0600000000            0.0000000000
       -7.0500000000            0.0000000000
       -7.0400000000            0.0000000000
       -7.0300000000            0.0000000000
       -7.0200000000            0.0000000000
       -7.0100000000            0.0000000000
       -7.0000000000            0.0000000000
       -6.9900000000            0.0000000000
       -6.9800000000            0.0000000000
       -6.9700000000            0.0000000000
       -6.9600000000            0.0000000000
       -6.9500000000            0.0000000000
       -6.9400000000            0.0000000000
       -6.9300000000            0.0000000000
       -6.9200000000            0.0000000000
       -6.9100000000            0.0000000000
       -6.9000000000            0.0000000000
       -6.8900000000            0.0000000000
       -6.8800000000            0.0000000000
       -6.8700000000            0.0000000000
       -6.8600000000            0.0000000000
       -6.8500000000            0.0000000000
       -6.8400000000            0.0000000000
       -6.8300000000            0.0000000000
       -6.8200000000            0.0000000000
       -6.8100000000            0.0000000000
       -6.8000000000            0.0000000000
       -6.7900000000            0.0000000000
       -6.7800000000            0.0000000000
       -6.7700000000            0.0000000000
       -6.7600000000            0.0000000000
       -6.7500000000            0.0000000000
       -6.7400000000            0.0000000000
       -6.7300000000            0.0000000000
       -6.7200000000            0.0000000000
       -6.7100000000            0.0000000000
       -6.7000000000            0.0000000000
       -6.6900000000            0.0000000000
       -6.6800000000            0.0000000000
       -6.6700000000            0.0000000000
       -6.6600000000            0.0000000000
       -6.6500000000            0.0000000000
       -6.6400000000            0.0000000000
       -6.6300000000            0.0000000000
       -6.6200000000            0.0000000000
       -6.6100000000            0.0000000000
       -6.6000000000            0.0000000000
       -6.5900000000            0.0000000000
       -6.5800000000            0.0000000000
       -6.5700000000            0.0000000000
       -6.5600000000            0.0000000000
       -6.5500000000            0.0000000000
       -6.5400000000            0.0000000000
       -6.5300000000            0.0000000000
       -6.5200000000            0.0000000000
       -6.5100000000            0.0000000000
       -6.5000000000            0.0000000000
       -6.4900000000            0.0000000000
       -6.4800000000            0.0000000000
       -6.4700000000            0.0000000000
       -6.4600000000            0.0000000000
       -6.4500000000            0.0000000000
       -6.4400000000            0.0000000000
       -6.4300000000            0.0000000000
       -6.4200000000            0.0000000000
       -6.4100000000            0.0000000000
       -6.4000000000            0.0000000000
       -6.3900000000            0.0000000000
       -6.3800000000            0.0000000000
       -6.3700000000            0.0000000000
       -6.3600000000            0.0000000000
       -6.3500000000            0.0000000000
       -6.3400000000            0.0000000000
       -6.3300000000            0.0000000000
       -6.3200000000            0.0000000000
       -6.3100000000            0.0000000000
       -6.3000000000            0.0000000000
       -6.2900000000            0.0000000000
       -6.2800000000            0.0000000000
       -6.2700000000            0.0000000000
       -6.2600000000            0.0000000000
       -6.2500000000            0.0000000000
       -6.2400000000            0.0000000000
       -6.2300000000            0.0000000000
       -6.2200000000            0.0000000000
       -6.2100000000            0.0000000000
       -6.2000000000            0.0000000000
       -6.1900000000            0.0000000000
       -6.1800000000            0.0000000000
       -6.1700000000            0.0000000000
       -6.1600000000            0.0000000000
       -6.1500000000            0.0000000000
       -6.1400000000            0.0000000000
       -6.1300000000            0.0000000000
       -6.1200000000            0.0000000000
       -6.1100000000            0.0000000000
       -6.1000000000            0.0000000000
       -6.0900000000            0.0000000000
       -6.0800000000            0.0000000000
       -6.0700000000            0.0000000000
       -6.0600000000            0.0000000000
       -6.0500000000            0.0000000000
       -6.0400000000            0.0000000000
       -6.0300000000            0.0000000000
       -6.0200000000            0.0000000000
       -6.0100000000            0.0000000000
       -6.0000000000            0.0000000000
       -5.9900000000            0.0000000000
       -5.9800000000            0.0000000000
       -5.9700000000            0.0000000000
       -5.9600000000            0.0000000000
       -5.9500000000            0.0000000000
       -5.9400000000            0.0000000000
       -5.9300000000            0.0000000000
       -5.9200000000            0.0000000000
       -5.9100000000            0.0000000000
       -5.9000000000            0.0000000000
       -5.8900000000            0.0000000000
       -5.8800000000            0.0000000000
       -5.8700000000            0.0000000000
       -5.8600000000            0.0000000000
       -5.8500000000            0.0000000000
       -5.8400000000            0.0000000000
       -5.8300000000            0.0000000000
       -5.8200000000            0.0000000000
       -5.8100000000            0.0000000000
       -5.8000000000            0.0000000000
       -5.7900000000            0.0000000000
       -5.7800000000            0.0000000000
       -5.7700000000            0.0000000000
       -5.7600000000            0.0000000000
       -5.7500000000            0.0000000000
       -5.7400000000            0.0000000000
       -5.7300000000            0.0000000000
       -5.7200000000            0.0000000000
       -5.7100000000            0.0000000000
       -5.7000000000            0.0000000000
       -5.6900000000            0.0000000000
       -5.6800000000            0.0000000000
       -5.6700000000            0.0000000000
       -5.6600000000            0.0000000000
       -5.6500000000            0.0000000000
       -5.6400000000            0.0000000000
       -5.6300000000            0.0000000000
       -5.6200000000            0.0000000000
       -5.6100000000            0.0000000000
       -5.6000000000            0.0000000000
       -5.5900000000            0.0000000000
       -5.5800000000            0.0000000000
       -5.5700000000            0.0000000000
       -5.5600000000            0.0000000000
       -5.5500000000            0.0000000000
       -5.5400000000            0.0000000000
       -5.5300000000            0.0000000000
       -5.5200000000            0.0000000000
       -5.5100000000            0.0000000000
       -5.5000000000            0.0000000000
       -5.4900000000            0.0000000000
       -5.4800000000            0.0000000000
       -5.4700000000            0.0000000000
       -5.4600000000            0.0000000000
       -5.4500000000            0.0000000000
       -5.4400000000            0.0000000000
       -5.4300000000            0.0000000000
       -5.4200000000            0.0000000000
       -5.4100000000            0.0000000000
       -5.4000000000            0.0000000000
       -5.3900000000            0.0000000000
       -5.3800000000            0.0000000000
       -5.3700000000            0.0000000000
       -5.3600000000            0.0000000000
       -5.3500000000            0.0000000000
       -5.3400000000            0.0000000000
       -5.3300000000            0.0000000000
       -5.3200000000            0.0000000000
       -5.3100000000            0.0000000000
       -5.3000000000            0.0000000000
       -5.2900000000            0.0000000000
       -5.2800000000            0.0000000000
       -5.2700000000            0.0000000000
       -5.2600000000            0.0000000000
       -5.2500000000            0.0000000000
       -5.2400000000            0.0000000000
       -5.2300000000            0.0000000000
       -5.2200000000            0.0000000000
       -5.2100000000            0.0000000000
       -5.2000000000            0.0000000000
       -5.1900000000            0.0000000000
       -5.1800000000            0.0000000000
       -5.1700000000            0.0000000000
       -5.1600000000            0.0000000000
       -5.1500000000            0.0000000000
       -5.1400000000            0.0000000000
       -5.1300000000            0.0000000000
       -5.1200000000            0.0000000000
       -5.1100000000            0.0000000000
       -5.1000000000            0.0000000000
       -5.0900000000            0.0000000000
       -5.0800000000            0.0000000000
       -5.0700000000            0.0000000000
       -5.0600000000            0.0000000000
       -5.0500000000            0.0000000000
       -5.0400000000            0.0000000000
       -5.0300000000            0.0000000000
       -5.0200000000            0.0000000000
       -5.0100000000            0.0000000000
       -5.0000000000            0.0000000000
       -4.9900000000            0.0000000000
       -4.9800000000            0.0000000000
       -4.9700000000            0.0000000000
       -4.9600000000            0.0000000000
       -4.9500000000            0.0000000000
       -4.9400000000            0.0000000000
       -4.9300000000            0.0000000000
       -4.9200000000            0.0000000000
       -4.9100000000            0.0000000000
       -4.9000000000            0.0000000000
       -4.8900000000            0.0000000000
       -4.8800000000            0.0000000000
       -4.8700000000            0.0000000000
       -4.8600000000            0.0000000000
       -4.8500000000            0.0000000000
       -4.8400000000            0.0000000000
       -4.8300000000            0.0000000000
       -4.8200000000            0.0000000000
       -4.8100000000            0.0000000000
       -4.8000000000            0.0000000000
       -4.7900000000            0.0000000000
       -4.7800000000            0.0000000000
       -4.7700000000            0.0000000000
       -4.7600000000            0.0000000000
       -4.7500000000            0.0000000000
       -4.7400000000            0.0000000000
       -4.7300000000            0.0000000000
       -4.7200000000            0.0000000000
       -4.7100000000            0.0000000000
       -4.7000000000            0.0000000000
       -4.6900000000            0.0000000000
       -4.6800000000            0.0000000000
       -4.6700000000            0.0000000000
       -4.6600000000            0.0000000000
       -4.6500000000            0.0000000000
       -4.6400000000            0.0000000000
       -4.6300000000            0.0000000000
       -4.6200000000            0.0000000000
       -4.6100000000            0.0000000000
       -4.6000000000            0.0000000000
       -4.5900000000            0.0000000000
       -4.5800000000            0.0000000000
       -4.5700000000            0.0000000000
       -4.5600000000            0.0000000000
       -4.5500000000            0.0000000000
       -4.5400000000            0.0000000000
       -4.5300000000            0.0000000000
       -4.5200000000            0.0000000000
       -4.5100000000            0.0000000000
       -4.5000000000            0.0000000000
       -4.4900000000            0.0000000000
       -4.4800000000            0.0000000000
       -4.4700000000            0.0000000000
       -4.4600000000            0.0000000000
       -4.4500000000            0.0000000000
       -4.4400000000            0.0000000000
       -4.4300000000            0.0000000000
       -4.4200000000            0.0000000000
       -4.4100000000            0.0000000000
       -4.4000000000            0.0000000000
       -4.3900000000            0.0000000000
       -4.3800000000            0.0000000000
       -4.3700000000            0.0000000000
       -4.3600000000            0.0000000000
       -4.3500000000            0.0000000000
       -4.3400000000            0.0000000000
       -4.3300000000            0.0000000000
       -4.3200000000            0.0000000000
       -4.3100000000            0.0000000000
       -4.3000000000            0.0000000000
       -4.2900000000            0.0000000000
       -4.2800000000            0.0000000000
       -4.2700000000            0.0000000000
       -4.2600000000            0.0000000000
       -4.2500000000            0.0000000000
       -4.2400000000            0.0000000000
       -4.2300000000            0.0000000000
       -4.2200000000            0.0000000000
       -4.2100000000            0.0000000000
       -4.2000000000            0.0000000000
       -4.1900000000            0.0000000000
       -4.1800000000            0.0000000000
       -4.1700000000            0.0000000000
       -4.1600000000            0.0000000000
       -4.1500000000            0.0000000000
       -4.1400000000            0.0000000000
       -4.1300000000            0.0000000000
       -4.1200000000            0.0000000000
       -4.1100000000            0.0000000000
       -4.1000000000            0.0000000000
       -4.0900000000            0.0000000000
       -4.0800000000            0.0000000000
       -4.0700000000            0.0000000000
       -4.0600000000            0.0000000000
       -4.0500000000            0.0000000000
       -4.0400000000            0.0000000000
       -4.0300000000            0.0000000000
       -4.0200000000            0.0000000000
       -4.0100000000            0.0000000000
       -4.0000000000            0.0000000000
       -3.9800000000            0.0003683070
       -3.9700000000            0.0003689213
       -3.9600000000            0.0003695428
       -3.9500000000            0.0003701715
       -3.9400000000            0.0003708074
       -3.9300000000            0.0003714507
       -3.9200000000            0.0003721013
       -3.9100000000            0.0003727595
       -3.9000000000            0.0003734251
       -3.8900000000            0.0003740984
       -3.8800000000            0.0003747793
       -3.8700000000            0.0003754680
       -3.8600000000            0.0003761645
       -3.8500000000            0.0003768688
       -3.8400000000            0.0003775812
       -3.8300000000            0.0003783016
       -3.8200000000            0.0003790301
       -3.8100000000            0.0003797668
       -3.8000000000            0.0003805117
       -3.7900000000            0.0003812650
       -3.7800000000            0.0003820268
       -3.7700000000            0.0003827970
       -3.7600000000            0.0003835759
       -3.7500000000            0.0003843635
       -3.7400000000            0.0003851598
       -3.7300000000            0.0003859649
       -3.7200000000            0.0003867790
       -3.7100000000            0.0003876022
       -3.7000000000            0.0003884344
       -3.6900000000            0.0003892759
       -3.6800000000            0.0003901267
       -3.6700000000            0.0003909869
       -3.6600000000            0.0003918566
       -3.6500000000            0.0003927358
       -3.6400000000            0.0003936248
       -3.6300000000            0.0003945236
       -3.6200000000            0.0003954322
       -3.6100000000            0.0003963509
       -3.6000000000            0.0003972796
       -3.5900000000            0.0003982185
       -3.5800000000            0.0003991678
       -3.5700000000            0.0004001275
       -3.5600000000            0.0004010977
       -3.5500000000            0.0004020786
       -3.5400000000            0.0004030702
       -3.5300000000            0.0004040727
       -3.5200000000            0.0004050862
       -3.5100000000            0.0004061108
       -3.5000000000            0.0004071466
       -3.4900000000            0.0004081938
       -3.4800000000            0.0004092525
       -3.4700000000            0.0004103227
       -3.4600000000            0.0004114047
       -3.4500000000            0.0004124986
       -3.4400000000            0.0004136045
       -3.4300000000            0.0004147225
       -3.4200000000            0.0004158528
       -3.4100000000            0.0004169954
       -3.4000000000            0.0004181507
       -3.3900000000            0.0004193186
       -3.3800000000            0.0004204993
       -3.3700000000            0.0004216931
       -3.3600000000            0.0004228999
       -3.3500000000            0.0004241201
       -3.3400000000            0.0004253537
       -3.3300000000            0.0004266009
       -3.3200000000            0.0004278619
       -3.3100000000            0.0004291368
       -3.3000000000            0.0004304257
       -3.2900000000            0.0004317290
       -3.2800000000            0.0004330466
       -3.2700000000            0.0004343789
       -3.2600000000            0.0004357259
       -3.2500000000            0.0004370879
       -3.2400000000            0.0004384650
       -3.2300000000            0.0004398574
       -3.2200000000            0.0004412654
       -3.2100000000            0.0004426891
       -3.2000000000            0.0004441286
       -3.1900000000            0.0004455842
       -3.1800000000            0.0004470562
       -3.1700000000            0.0004485446
       -3.1600000000            0.0004500498
       -3.1500000000            0.0004515718
       -3.1400000000            0.0004531110
       -3.1300000000            0.0004546676
       -3.1200000000            0.0004562417
       -3.1100000000            0.0004578336
       -3.1000000000            0.0004594436
       -3.0900000000            0.0004610718
       -3.0800000000            0.0004627185
       -3.0700000000            0.0004643840
       -3.0600000000            0.0004660685
       -3.0500000000            0.0004677722
       -3.0400000000            0.0004694954
       -3.0300000000            0.0004712384
       -3.0200000000            0.0004730014
       -3.0100000000            0.0004747847
       -3.0000000000            0.0004765886
       -2.9900000000            0.0004784133
       -2.9800000000            0.0004802592
       -2.9700000000            0.0004821265
       -2.9600000000            0.0004840155
       -2.9500000000            0.0004859265
       -2.9400000000            0.0004878598
       -2.9300000000            0.0004898158
       -2.9200000000            0.0004917948
       -2.9100000000            0.0004937970
       -2.9000000000            0.0004958228
       -2.8900000000            0.0004978726
       -2.8800000000            0.0004999466
       -2.8700000000            0.0005020453
       -2.8600000000            0.0005041690
       -2.8500000000            0.0005063180
       -2.8400000000            0.0005084927
       -2.8300000000            0.0005106935
       -2.8200000000            0.0005129208
       -2.8100000000            0.0005151749
       -2.8000000000            0.0005174563
       -2.7900000000            0.0005197654
       -2.7800000000            0.0005221026
       -2.7700000000            0.0005244682
       -2.7600000000            0.0005268628
       -2.7500000000            0.0005292867
       -2.7400000000            0.0005317405
       -2.7300000000            0.0005342245
       -2.7200000000            0.0005367392
       -2.7100000000            0.0005392852
       -2.7000000000            0.0005418628
       -2.6900000000            0.0005444726
       -2.6800000000            0.0005471151
       -2.6700000000            0.0005497908
       -2.6600000000            0.0005525002
       -2.6500000000            0.0005552439
       -2.6400000000            0.0005580224
       -2.6300000000            0.0005608362
       -2.6200000000            0.0005636859
       -2.6100000000            0.0005665722
       -2.6000000000            0.0005694955
       -2.5900000000            0.0005724566
       -2.5800000000            0.0005754559
       -2.5700000000            0.0005784943
       -2.5600000000            0.0005815722
       -2.5500000000            0.0005846903
       -2.5400000000            0.0005878494
       -2.5300000000            0.0005910501
       -2.5200000000            0.0005942931
       -2.5100000000            0.0005975792
       -2.5000000000            0.0006009090
       -2.4900000000            0.0006042833
       -2.4800000000            0.0006077028
       -2.4700000000            0.0006111685
       -2.4600000000            0.0006146809
       -2.4500000000            0.0006182411
       -2.4400000000            0.0006218498
       -2.4300000000            0.0006255078
       -2.4200000000            0.0006292160
       -2.4100000000            0.0006329754
       -2.4000000000            0.0006367869
       -2.3900000000            0.0006406513
       -2.3800000000            0.0006445696
       -2.3700000000            0.0006485429
       -2.3600000000            0.0006525721
       -2.3500000000            0.0006566582
       -2.3400000000            0.0006608023
       -2.3300000000            0.0006650054
       -2.3200000000            0.0006692688
       -2.3100000000            0.0006735934
       -2.3000000000            0.0006779805
       -2.2900000000            0.0006824312
       -2.2800000000            0.0006869467
       -2.2700000000            0.0006915283
       -2.2600000000            0.0006961772
       -2.2500000000            0.0007008948
       -2.2400000000            0.0007056823
       -2.2300000000            0.0007105412
       -2.2200000000            0.0007154729
       -2.2100000000            0.0007204787
       -2.2000000000            0.0007255601
       -2.1900000000            0.0007307187
       -2.1800000000            0.0007359560
       -2.1700000000            0.0007412736
       -2.1600000000            0.0007466731
       -2.1500000000            0.0007521561
       -2.1400000000            0.0007577245
       -2.1300000000            0.0007633799
       -2.1200000000            0.0007691241
       -2.1100000000            0.0007749591
       -2.1000000000            0.0007808866
       -2.0900000000            0.0007869087
       -2.0800000000            0.0007930274
       -2.0700000000            0.0007992447
       -2.0600000000            0.0008055626
       -2.0500000000            0.0008119835
       -2.0400000000            0.0008185095
       -2.0300000000            0.0008251429
       -2.0200000000            0.0008318861
       -2.0100000000            0.0008387414
       -2.0000000000            0.0008457114
       -1.9900000000            0.0008527987
       -1.9800000000            0.0008600058
       -1.9700000000            0.0008673354
       -1.9600000000            0.0008747905
       -1.9500000000            0.0008823737
       -1.9400000000            0.0008900880
       -1.9300000000            0.0008979366
       -1.9200000000            0.0009059224
       -1.9100000000            0.0009140488
       -1.9000000000            0.0009223190
       -1.8900000000            0.0009307364
       -1.8800000000            0.0009393045
       -1.8700000000            0.0009480270
       -1.8600000000            0.0009569075
       -1.8500000000            0.0009659500
       -1.8400000000            0.0009751583
       -1.8300000000            0.0009845365
       -1.8200000000            0.0009940889
       -1.8100000000            0.0010038198
       -1.8000000000            0.0010137336
       -1.7900000000            0.0010238350
       -1.7800000000            0.0010341287
       -1.7700000000            0.0010446196
       -1.7600000000            0.0010553128
       -1.7500000000            0.0010662136
       -1.7400000000            0.0010773273
       -1.7300000000            0.0010886595
       -1.7200000000            0.0011002161
       -1.7100000000            0.0011120029
       -1.7000000000            0.0011240262
       -1.6900000000            0.0011362922
       -1.6800000000            0.0011488076
       -1.6700000000            0.0011615793
       -1.6600000000            0.0011746141
       -1.6500000000            0.0011879195
       -1.6400000000            0.0012015030
       -1.6300000000            0.0012153724
       -1.6200000000            0.0012295358
       -1.6100000000            0.0012440015
       -1.6000000000            0.0012587782
       -1.5900000000            0.0012738750
       -1.5800000000            0.0012893011
       -1.5700000000            0.0013050662
       -1.5600000000            0.0013211802
       -1.5500000000            0.0013376537
       -1.5400000000            0.0013544974
       -1.5300000000            0.0013717223
       -1.5200000000            0.0013893403
       -1.5100000000            0.0014073632
       -1.5000000000            0.0014258036
       -1.4900000000            0.0014446745
       -1.4800000000            0.0014639894
       -1.4700000000            0.0014837623
       -1.4600000000            0.0015040079
       -1.4500000000            0.0015247413
       -1.4400000000            0.0015459782
       -1.4300000000            0.0015677352
       -1.4200000000            0.0015900292
       -1.4100000000            0.0016128782
       -1.4000000000            0.0016363006
       -1.3900000000            0.0016603158
       -1.3800000000            0.0016849438
       -1.3700000000            0.0017102058
       -1.3600000000            0.0017361234
       -1.3500000000            0.0017627197
       -1.3400000000            0.0017900183
       -1.3300000000            0.0018180442
       -1.3200000000            0.0018468234
       -1.3100000000            0.0018763828
       -1.3000000000            0.0019067510
       -1.2900000000            0.0019379574
       -1.2800000000            0.0019700331
       -1.2700000000            0.0020030104
       -1.2600000000            0.0020369233
       -1.2500000000            0.0020718073
       -1.2400000000            0.0021076995
       -1.2300000000            0.0021446388
       -1.2200000000            0.0021826661
       -1.2100000000            0.0022218240
       -1.2000000000            0.0022621576
       -1.1900000000            0.0023037138
       -1.1800000000            0.0023465420
       -1.1700000000            0.0023906942
       -1.1600000000            0.0024362249
       -1.1500000000            0.0024831912
       -1.1400000000            0.0025316535
       -1.1300000000            0.0025816750
       -1.1200000000            0.0026333225
       -1.1100000000            0.0026866662
       -1.1000000000            0.0027417798
       -1.0900000000            0.0027987413
       -1.0800000000            0.0028576327
       -1.0700000000            0.0029185407
       -1.0600000000            0.0029815566
       -1.0500000000            0.0030467767
       -1.0400000000            0.0031143029
       -1.0300000000            0.0031842428
       -1.0200000000            0.0032567100
       -1.0100000000            0.0033318249
       -1.0000000000            0.0034097145
       -0.9900000000            0.0034905135
       -0.9800000000            0.0035743646
       -0.9700000000            0.0036614188
       -0.9600000000            0.0037518362
       -0.9500000000            0.0038457866
       -0.9400000000            0.0039434501
       -0.9300000000            0.0040450179
       -0.9200000000            0.0041506930
       -0.9100000000            0.0042606911
       -0.9000000000            0.0043752412
       -0.8900000000            0.0044945871
       -0.8800000000            0.0046189878
       -0.8700000000            0.0047487190
       -0.8600000000            0.0048840742
       -0.8500000000            0.0050253656
       -0.8400000000            0.0051729260
       -0.8300000000            0.0053271097
       -0.8200000000            0.0054882943
       -0.8100000000            0.0056568821
       -0.8000000000            0.0058333019
       -0.7900000000            0.0060180108
       -0.7800000000            0.0062114959
       -0.7700000000            0.0064142763
       -0.7600000000            0.0066269053
       -0.7500000000            0.0068499720
       -0.7400000000            0.0070841041
       -0.7300000000            0.0073299692
       -0.7200000000            0.0075882776
       -0.7100000000            0.0078597839
       -0.7000000000            0.0081452889
       -0.6900000000            0.0084456415
       -0.6800000000            0.0087617398
       -0.6700000000            0.0090945322
       -0.6600000000            0.0094450177
       -0.6500000000            0.0098142452
       -0.6400000000            0.0102033123
       -0.6300000000            0.0106133624
       -0.6200000000            0.0110455799
       -0.6100000000            0.0115011841
       -0.6000000000            0.0119814194
       -0.5900000000            0.0124875430
       -0.5800000000            0.0130208086
       -0.5700000000            0.0135824446
       -0.5600000000            0.0141736276
       -0.5500000000            0.0147954478
       -0.5400000000            0.0154488678
       -0.5300000000            0.0161346711
       -0.5200000000            0.0168534005
       -0.5100000000            0.0176052850
       -0.5000000000            0.0183901543
       -0.4900000000            0.0192073404
       -0.4800000000            0.0200555661
       -0.4700000000            0.0209328222
       -0.4600000000            0.0218362362
       -0.4500000000            0.0227619359
       -0.4400000000            0.0237049156
       -0.4300000000            0.0246589139
       -0.4200000000            0.0256163155
       -0.4100000000            0.0265680915
       -0.4000000000            0.0275037965
       -0.3900000000            0.0284116391
       -0.3800000000            0.0292786448
       -0.3700000000            0.0300909233
       -0.3600000000            0.0308340473
       -0.3500000000            0.0314935389
       -0.3400000000            0.0320554456
       -0.3300000000            0.0325069758
       -0.3200000000            0.0328371470
       -0.3100000000            0.0330373920
       -0.3000000000            0.0331020663
       -0.2900000000            0.0330288013
       -0.2800000000            0.0328186659
       -0.2700000000            0.0324761161
       -0.2600000000            0.0320087374
       -0.2500000000            0.0314268090
       -0.2400000000            0.0307427355
       -0.2300000000            0.0299704028
       -0.2200000000            0.0291245172
       -0.2100000000            0.0282199808
       -0.2000000000            0.0272713424
       -0.1900000000            0.0262923523
       -0.1800000000            0.0252956310
       -0.1700000000            0.0242924511
       -0.1600000000            0.0232926223
       -0.1500000000            0.0223044635
       -0.1400000000            0.0213348428
       -0.1300000000            0.0203892663
       -0.1200000000            0.0194719996
       -0.1100000000            0.0185862070
       -0.1000000000            0.0177340960
       -0.0900000000            0.0169170613
       -0.0800000000            0.0161358191
       -0.0700000000            0.0153905309
       -0.0600000000            0.0146809136
       -0.0500000000            0.0140063356
       -0.0400000000            0.0133658991
       -0.0300000000            0.0127585093
       -0.0200000000            0.0121829321
       -0.0100000000            0.0116378412
