  -20.0000000000    0.0600745164    0.1245854276
  -19.9900000000    0.0514667023    0.1382485153
  -19.9800000000    0.0425240927    0.1549503775
  -19.9700000000    0.0338160349    0.1757857291
  -19.9600000000    0.0265593512    0.2019313068
  -19.9500000000    0.0228062403    0.2344203723
  -19.9400000000    0.0257278769    0.2737105573
  -19.9300000000    0.0397305671    0.3187285655
  -19.9200000000    0.0696936198    0.3654076709
  -19.9100000000    0.1185049752    0.4056541290
  -19.9000000000    0.1832990980    0.4289090175
  -19.8900000000    0.2538259486    0.4275784474
  -19.8800000000    0.3167726494    0.4025187681
  -19.8700000000    0.3631819871    0.3623381169
  -19.8600000000    0.3916377421    0.3173293139
  -19.8500000000    0.4057991221    0.2745502334
  -19.8400000000    0.4105233788    0.2368948757
  -19.8300000000    0.4095364913    0.2045319124
  -19.8200000000    0.4049343341    0.1766933410
  -19.8100000000    0.3977718457    0.1527515550
  -19.8000000000    0.3887824910    0.1323846537
  -19.7900000000    0.3786613626    0.1153308010
  -19.7800000000    0.3680203670    0.1012371126
  -19.7700000000    0.3573099940    0.0896789986
  -19.7600000000    0.3468120346    0.0802305974
  -19.7500000000    0.3366766079    0.0725132411
  -19.7400000000    0.3269659839    0.0662133187
  -19.7300000000    0.3176891788    0.0610817460
  -19.7200000000    0.3088252383    0.0569260488
  -19.7100000000    0.3003377784    0.0536010628
  -19.7000000000    0.2921838326    0.0510007886
  -19.6900000000    0.2843193972    0.0490522040
  -19.6800000000    0.2767034086    0.0477111141
  -19.6700000000    0.2693014994    0.0469598375
  -19.6600000000    0.2620908092    0.0468063542
  -19.6500000000    0.2550673511    0.0472841834
  -19.6400000000    0.2482578685    0.0484513624
  -19.6300000000    0.2417384198    0.0503848276
  -19.6200000000    0.2356608015    0.0531623602
  -19.6100000000    0.2302817717    0.0568178258
  -19.6000000000    0.2259716909    0.0612514765
  -19.5900000000    0.2231441856    0.0660959896
  -19.5800000000    0.2220286709    0.0706194619
  -19.5700000000    0.2223173344    0.0738693850
  -19.5600000000    0.2230085509    0.0751840089
  -19.5500000000    0.2228125243    0.0747133363
  -19.5400000000    0.2208496807    0.0733582345
  -19.5300000000    0.2169490873    0.0722102325
  -19.5200000000    0.2114255997    0.0721102554
  -19.5100000000    0.2047467293    0.0735795129
  -19.5000000000    0.1973579640    0.0769492849
  -19.4900000000    0.1896664514    0.0825022495
  -19.4800000000    0.1821106675    0.0905595229
  -19.4700000000    0.1752745041    0.1015064816
  -19.4600000000    0.1700355972    0.1157470788
  -19.4500000000    0.1677385987    0.1335422695
  -19.4400000000    0.1703282577    0.1546427367
  -19.4300000000    0.1802166859    0.1776400236
  -19.4200000000    0.1994509263    0.1992374789
  -19.4100000000    0.2279554574    0.2143135042
  -19.4000000000    0.2619163049    0.2179231953
  -19.3900000000    0.2946425400    0.2085401106
  -19.3800000000    0.3201744503    0.1892492912
  -19.3700000000    0.3361429810    0.1654094038
  -19.3600000000    0.3434925957    0.1415764973
  -19.3500000000    0.3445789856    0.1202770499
  -19.3400000000    0.3417145353    0.1023662141
  -19.3300000000    0.3366295086    0.0877816583
  -19.3200000000    0.3304638665    0.0760965873
  -19.3100000000    0.3239243080    0.0668056289
  -19.3000000000    0.3174411102    0.0594355384
  -19.2900000000    0.3112767014    0.0535653337
  -19.2800000000    0.3055782376    0.0488107629
  -19.2700000000    0.3003822995    0.0448166492
  -19.2600000000    0.2956079577    0.0412903443
  -19.2500000000    0.2910953813    0.0380601761
  -19.2400000000    0.2866950854    0.0350880671
  -19.2300000000    0.2823337232    0.0324088223
  -19.2200000000    0.2780095011    0.0300573485
  -19.2100000000    0.2737517266    0.0280379229
  -19.2000000000    0.2695895581    0.0263290896
  -19.1900000000    0.2655404565    0.0248981056
  -19.1800000000    0.2616101607    0.0237116325
  -19.1700000000    0.2577962648    0.0227410521
  -19.1600000000    0.2540918658    0.0219643780
  -19.1500000000    0.2504884538    0.0213665877
  -19.1400000000    0.2469782439    0.0209393612
  -19.1300000000    0.2435564153    0.0206805369
  -19.1200000000    0.2402237139    0.0205930502
  -19.1100000000    0.2369896085    0.0206825217
  -19.1000000000    0.2338752890    0.0209519886
  -19.0900000000    0.2309135268    0.0213922890
  -19.0800000000    0.2281390225    0.0219699409
  -19.0700000000    0.2255638520    0.0226241755
  -19.0600000000    0.2231500603    0.0232931514
  -19.0500000000    0.2208178374    0.0239673195
  -19.0400000000    0.2185085300    0.0247181973
  -19.0300000000    0.2162526594    0.0256582738
  -19.0200000000    0.2141843627    0.0268610566
  -19.0100000000    0.2125010896    0.0282899820
  -19.0000000000    0.2113816734    0.0297552798
  -18.9900000000    0.2108662206    0.0309305464
  -18.9800000000    0.2107548602    0.0314787807
  -18.9700000000    0.2106440532    0.0312488004
  -18.9600000000    0.2101226447    0.0303767638
  -18.9500000000    0.2089686689    0.0291936422
  -18.9400000000    0.2071947858    0.0280376570
  -18.9300000000    0.2049586782    0.0271256408
  -18.9200000000    0.2024452830    0.0265302541
  -18.9100000000    0.1997852116    0.0262233981
  -18.9000000000    0.1970216471    0.0261472875
  -18.8900000000    0.1941315049    0.0262841704
  -18.8800000000    0.1910861438    0.0266842110
  -18.8700000000    0.1879008910    0.0274409680
  -18.8600000000    0.1846457612    0.0286545976
  -18.8500000000    0.1814403133    0.0304132913
  -18.8400000000    0.1784593988    0.0327829057
  -18.8300000000    0.1759505150    0.0357789818
  -18.8200000000    0.1742380344    0.0393009252
  -18.8100000000    0.1736631201    0.0430325652
  -18.8000000000    0.1744020931    0.0463817305
  -18.7900000000    0.1762075310    0.0486176089
  -18.7800000000    0.1783358325    0.0492706124
  -18.7700000000    0.1799025394    0.0484804610
  -18.7600000000    0.1803978703    0.0468727845
  -18.7500000000    0.1798478331    0.0450915540
  -18.7400000000    0.1785686632    0.0434626106
  -18.7300000000    0.1768315953    0.0419836847
  -18.7200000000    0.1746863693    0.0405331495
  -18.7100000000    0.1720178680    0.0390899434
  -18.7000000000    0.1687235353    0.0377854526
  -18.6900000000    0.1648132019    0.0368015167
  -18.6800000000    0.1603793051    0.0362710049
  -18.6700000000    0.1555280774    0.0362573594
  -18.6600000000    0.1503393898    0.0367811286
  -18.6500000000    0.1448586096    0.0378509510
  -18.6400000000    0.1391033271    0.0394842084
  -18.6300000000    0.1330734787    0.0417187146
  -18.6200000000    0.1267610972    0.0446200006
  -18.6100000000    0.1201599425    0.0482875438
  -18.6000000000    0.1132769968    0.0528616664
  -18.5900000000    0.1061489174    0.0585313938
  -18.5800000000    0.0988678575    0.0655417050
  -18.5700000000    0.0916226492    0.0741949971
  -18.5600000000    0.0847618785    0.0848340765
  -18.5500000000    0.0788799938    0.0977799191
  -18.5400000000    0.0749033637    0.1131778855
  -18.5300000000    0.0740876583    0.1307025168
  -18.5200000000    0.0777303612    0.1491588165
  -18.5100000000    0.0863963813    0.1663051549
  -18.5000000000    0.0989215095    0.1795367579
  -18.4900000000    0.1123219850    0.1875576191
  -18.4800000000    0.1234286989    0.1916260988
  -18.4700000000    0.1309634677    0.1948355752
  -18.4600000000    0.1361484616    0.2001572218
  -18.4500000000    0.1418711720    0.2089357923
  -18.4400000000    0.1513895177    0.2202413359
  -18.4300000000    0.1668192060    0.2308587143
  -18.4200000000    0.1874886154    0.2363666009
  -18.4100000000    0.2094265019    0.2336708490
  -18.4000000000    0.2273907790    0.2233068728
  -18.3900000000    0.2380068319    0.2090152360
  -18.3800000000    0.2409861614    0.1952140657
  -18.3700000000    0.2381054647    0.1851166339
  -18.3600000000    0.2318098157    0.1804558704
  -18.3500000000    0.2245448081    0.1819733200
  -18.3400000000    0.2187500180    0.1898268968
  -18.3300000000    0.2171078371    0.2035809539
  -18.3200000000    0.2226329777    0.2217149197
  -18.3100000000    0.2380996745    0.2408380648
  -18.3000000000    0.2643989546    0.2554073692
  -18.2900000000    0.2985186809    0.2593166989
  -18.2800000000    0.3335897846    0.2494071789
  -18.2700000000    0.3623669665    0.2277429094
  -18.2600000000    0.3810699282    0.1998739771
  -18.2500000000    0.3899646071    0.1712232172
  -18.2400000000    0.3914390761    0.1451020586
  -18.2300000000    0.3881371892    0.1227872465
  -18.2200000000    0.3821259849    0.1043423046
  -18.2100000000    0.3747830798    0.0893102701
  -18.2000000000    0.3669471334    0.0771001370
  -18.1900000000    0.3590973566    0.0671549061
  -18.1800000000    0.3514911357    0.0590060140
  -18.1700000000    0.3442548409    0.0522787061
  -18.1600000000    0.3374398203    0.0466800502
  -18.1500000000    0.3310557955    0.0419831307
  -18.1400000000    0.3250904556    0.0380124271
  -18.1300000000    0.3195208695    0.0346317356
  -18.1200000000    0.3143201019    0.0317345707
  -18.1100000000    0.3094609362    0.0292364961
  -18.1000000000    0.3049175380    0.0270688184
  -18.0900000000    0.3006651384    0.0251735570
  -18.0800000000    0.2966778833    0.0235006443
  -18.0700000000    0.2929267377    0.0220086850
  -18.0600000000    0.2893809241    0.0206678657
  -18.0500000000    0.2860130604    0.0194600870
  -18.0400000000    0.2828028776    0.0183744234
  -18.0300000000    0.2797364153    0.0174020539
  -18.0200000000    0.2768030965    0.0165341192
  -18.0100000000    0.2739935746    0.0157619126
  -18.0000000000    0.2712989151    0.0150776845
  -17.9900000000    0.2687105526    0.0144752503
  -17.9800000000    0.2662205396    0.0139503249
  -17.9700000000    0.2638219089    0.0135007093
  -17.9600000000    0.2615091631    0.0131264255
  -17.9500000000    0.2592789894    0.0128297969
  -17.9400000000    0.2571313270    0.0126153572
  -17.9300000000    0.2550708650    0.0124893120
  -17.9200000000    0.2531088688    0.0124581514
  -17.9100000000    0.2512649998    0.0125260554
  -17.9000000000    0.2495688954    0.0126907840
  -17.8900000000    0.2480613055    0.0129365718
  -17.8800000000    0.2467908143    0.0132205981
  -17.8700000000    0.2457936633    0.0134561646
  -17.8600000000    0.2450496917    0.0135172604
  -17.8500000000    0.2444471361    0.0132939692
  -17.8400000000    0.2438160719    0.0127702778
  -17.8300000000    0.2430213034    0.0120385391
  -17.8200000000    0.2420208338    0.0112320210
  -17.8100000000    0.2408472828    0.0104542876
  -17.8000000000    0.2395598251    0.0097579233
  -17.7900000000    0.2382123097    0.0091573148
  -17.7800000000    0.2368431502    0.0086471759
  -17.7700000000    0.2354763999    0.0082150766
  -17.7600000000    0.2341258115    0.0078476795
  -17.7500000000    0.2327985457    0.0075331784
  -17.7400000000    0.2314977904    0.0072619274
  -17.7300000000    0.2302244275    0.0070263459
  -17.7200000000    0.2289780406    0.0068206017
  -17.7100000000    0.2277575090    0.0066402764
  -17.7000000000    0.2265613540    0.0064820809
  -17.6900000000    0.2253879382    0.0063436397
  -17.6800000000    0.2242355837    0.0062233389
  -17.6700000000    0.2231026473    0.0061202320
  -17.6600000000    0.2219875796    0.0060339959
  -17.6500000000    0.2208889904    0.0059649341
  -17.6400000000    0.2198057429    0.0059140247
  -17.6300000000    0.2187371107    0.0058830106
  -17.6200000000    0.2176830432    0.0058745214
  -17.6100000000    0.2166446180    0.0058921948
  -17.6000000000    0.2156247899    0.0059407044
  -17.5900000000    0.2146295732    0.0060254684
  -17.5800000000    0.2136697246    0.0061515501
  -17.5700000000    0.2127626107    0.0063208468
  -17.5600000000    0.2119327779    0.0065264107
  -17.5500000000    0.2112075182    0.0067439367
  -17.5400000000    0.2106024646    0.0069255812
  -17.5300000000    0.2100992738    0.0070090773
  -17.5200000000    0.2096359342    0.0069500312
  -17.5100000000    0.2091327090    0.0067543853
  -17.5000000000    0.2085360454    0.0064736939
  -17.4900000000    0.2078365904    0.0061691673
  -17.4800000000    0.2070543196    0.0058836865
  -17.4700000000    0.2062168834    0.0056371933
  -17.4600000000    0.2053476074    0.0054342413
  -17.4500000000    0.2044625723    0.0052721095
  -17.4400000000    0.2035717134    0.0051458239
  -17.4300000000    0.2026807673    0.0050505463
  -17.4200000000    0.2017929404    0.0049824889
  -17.4100000000    0.2009101308    0.0049391558
  -17.4000000000    0.2000338384    0.0049193098
  -17.3900000000    0.1991659475    0.0049227969
  -17.3800000000    0.1983095340    0.0049501739
  -17.3700000000    0.1974697508    0.0050019025
  -17.3600000000    0.1966545623    0.0050766858
  -17.3500000000    0.1958744366    0.0051685557
  -17.3400000000    0.1951391604    0.0052633101
  -17.3300000000    0.1944503016    0.0053376683
  -17.3200000000    0.1937927545    0.0053666948
  -17.3100000000    0.1931357898    0.0053387936
  -17.3000000000    0.1924482774    0.0052644442
  -17.2900000000    0.1917143141    0.0051680569
  -17.2800000000    0.1909348843    0.0050728565
  -17.2700000000    0.1901195502    0.0049930008
  -17.2600000000    0.1892787296    0.0049341493
  -17.2500000000    0.1884203130    0.0048969539
  -17.2400000000    0.1875492299    0.0048799560
  -17.2300000000    0.1866680810    0.0048812048
  -17.2200000000    0.1857778824    0.0048989728
  -17.2100000000    0.1848786343    0.0049320032
  -17.2000000000    0.1839696925    0.0049795556
  -17.1900000000    0.1830499948    0.0050413856
  -17.1800000000    0.1821181919    0.0051177143
  -17.1700000000    0.1811727205    0.0052092134
  -17.1600000000    0.1802118431    0.0053170135
  -17.1500000000    0.1792336718    0.0054427419
  -17.1400000000    0.1782361867    0.0055885935
  -17.1300000000    0.1772172620    0.0057574410
  -17.1200000000    0.1761747126    0.0059529947
  -17.1100000000    0.1751063825    0.0061800234
  -17.1000000000    0.1740103073    0.0064446541
  -17.0900000000    0.1728850068    0.0067547680
  -17.0800000000    0.1717300004    0.0071205063
  -17.0700000000    0.1705467023    0.0075548731
  -17.0600000000    0.1693399506    0.0080743525
  -17.0500000000    0.1681205605    0.0086992719
  -17.0400000000    0.1669094141    0.0094532214
  -17.0300000000    0.1657434894    0.0103599734
  -17.0200000000    0.1646832051    0.0114348764
  -17.0100000000    0.1638169777    0.0126662648
  -17.0000000000    0.1632512322    0.0139847037
  -16.9900000000    0.1630663412    0.0152327555
  -16.9800000000    0.1632338325    0.0161784457
  -16.9700000000    0.1635537462    0.0166186080
  -16.9600000000    0.1637151046    0.0165211285
  -16.9500000000    0.1634645902    0.0160543662
  -16.9400000000    0.1627160690    0.0154669980
  -16.9300000000    0.1615201274    0.0149584452
  -16.9200000000    0.1599772615    0.0146378875
  -16.9100000000    0.1581789166    0.0145464881
  -16.9000000000    0.1561881348    0.0146912969
  -16.8900000000    0.1540409842    0.0150687989
  -16.8800000000    0.1517537509    0.0156772219
  -16.8700000000    0.1493296901    0.0165220798
  -16.8600000000    0.1467639053    0.0176186201
  -16.8500000000    0.1440465296    0.0189933061
  -16.8400000000    0.1411647376    0.0206856235
  -16.8300000000    0.1381044286    0.0227512376
  -16.8200000000    0.1348530645    0.0252670502
  -16.8100000000    0.1314052432    0.0283375943
  -16.8000000000    0.1277716406    0.0321019079
  -16.7900000000    0.1239922294    0.0367412493
  -16.7800000000    0.1201573745    0.0424879471
  -16.7700000000    0.1164432896    0.0496324840
  -16.7600000000    0.1131700974    0.0585197370
  -16.7500000000    0.1108901129    0.0695138337
  -16.7400000000    0.1105032350    0.0828904782
  -16.7300000000    0.1133549547    0.0985900238
  -16.7200000000    0.1211698330    0.1157739416
  -16.7100000000    0.1355305458    0.1322913921
  -16.7000000000    0.1566918308    0.1446006858
  -16.6900000000    0.1823180940    0.1489926333
  -16.6800000000    0.2077709169    0.1439034657
  -16.6700000000    0.2285195386    0.1311187867
  -16.6600000000    0.2424351353    0.1143979782
  -16.6500000000    0.2499072839    0.0971947657
  -16.6400000000    0.2525482944    0.0815541720
  -16.6300000000    0.2520598784    0.0682484827
  -16.6200000000    0.2497559233    0.0573078464
  -16.6100000000    0.2465116089    0.0484469369
  -16.6000000000    0.2428628533    0.0413002538
  -16.5900000000    0.2391194814    0.0355242719
  -16.5800000000    0.2354513639    0.0308304690
  -16.5700000000    0.2319452551    0.0269884291
  -16.5600000000    0.2286399080    0.0238183283
  -16.5500000000    0.2255470583    0.0211810964
  -16.5400000000    0.2226637401    0.0189693403
  -16.5300000000    0.2199794269    0.0170998970
  -16.5200000000    0.2174801230    0.0155080296
  -16.5100000000    0.2151506686    0.0141430147
  -16.5000000000    0.2129760031    0.0129648210
  -16.4900000000    0.2109418216    0.0119416187
  -16.4800000000    0.2090348832    0.0110479090
  -16.4700000000    0.2072431196    0.0102631132
  -16.4600000000    0.2055556353    0.0095705050
  -16.4500000000    0.2039626491    0.0089563947
  -16.4400000000    0.2024554084    0.0084095044
  -16.4300000000    0.2010260935    0.0079204845
  -16.4200000000    0.1996677212    0.0074815374
  -16.4100000000    0.1983740531    0.0070861229
  -16.4000000000    0.1971395114    0.0067287259
  -16.3900000000    0.1959591025    0.0064046717
  -16.3800000000    0.1948283488    0.0061099789
  -16.3700000000    0.1937432287    0.0058412408
  -16.3600000000    0.1927001230    0.0055955296
  -16.3500000000    0.1916957689    0.0053703188
  -16.3400000000    0.1907272185    0.0051634196
  -16.3300000000    0.1897918033    0.0049729284
  -16.3200000000    0.1888871029    0.0047971840
  -16.3100000000    0.1880109173    0.0046347318
  -16.3000000000    0.1871612430    0.0044842938
  -16.2900000000    0.1863362515    0.0043447440
  -16.2800000000    0.1855342713    0.0042150873
  -16.2700000000    0.1847537708    0.0040944417
  -16.2600000000    0.1839933443    0.0039820238
  -16.2500000000    0.1832516993    0.0038771356
  -16.2400000000    0.1825276447    0.0037791539
  -16.2300000000    0.1818200813    0.0036875213
  -16.2200000000    0.1811279924    0.0036017377
  -16.2100000000    0.1804504364    0.0035213539
  -16.2000000000    0.1797865392    0.0034459655
  -16.1900000000    0.1791354885    0.0033752079
  -16.1800000000    0.1784965273    0.0033087517
  -16.1700000000    0.1778689495    0.0032462989
  -16.1600000000    0.1772520951    0.0031875799
  -16.1500000000    0.1766453461    0.0031323498
  -16.1400000000    0.1760481228    0.0030803867
  -16.1300000000    0.1754598803    0.0030314888
  -16.1200000000    0.1748801056    0.0029854725
  -16.1100000000    0.1743083147    0.0029421711
  -16.1000000000    0.1737440504    0.0029014327
  -16.0900000000    0.1731868795    0.0028631195
  -16.0800000000    0.1726363910    0.0028271057
  -16.0700000000    0.1720921942    0.0027932776
  -16.0600000000    0.1715539167    0.0027615316
  -16.0500000000    0.1710212028    0.0027317743
  -16.0400000000    0.1704937122    0.0027039213
  -16.0300000000    0.1699711181    0.0026778966
  -16.0200000000    0.1694531063    0.0026536324
  -16.0100000000    0.1689393739    0.0026310688
  -16.0000000000    0.1684296278    0.0026101529
  -15.9900000000    0.1679235839    0.0025908392
  -15.9800000000    0.1674209659    0.0025730893
  -15.9700000000    0.1669215044    0.0025568716
  -15.9600000000    0.1664249361    0.0025421619
  -15.9500000000    0.1659310027    0.0025289434
  -15.9400000000    0.1654394507    0.0025172069
  -15.9300000000    0.1649500310    0.0025069518
  -15.9200000000    0.1644624990    0.0024981858
  -15.9100000000    0.1639766152    0.0024909254
  -15.9000000000    0.1634921473    0.0024851948
  -15.8900000000    0.1630088715    0.0024810225
  -15.8800000000    0.1625265723    0.0024784331
  -15.8700000000    0.1620450345    0.0024774367
  -15.8600000000    0.1615640199    0.0024780198
  -15.8500000000    0.1610832314    0.0024801626
  -15.8400000000    0.1606022963    0.0024838910
  -15.8300000000    0.1601208042    0.0024893312
  -15.8200000000    0.1596383742    0.0024967084
  -15.8100000000    0.1591546822    0.0025062976
  -15.8000000000    0.1586694384    0.0025183885
  -15.7900000000    0.1581823533    0.0025332880
  -15.7800000000    0.1576931206    0.0025513467
  -15.7700000000    0.1572014173    0.0025729907
  -15.7600000000    0.1567069136    0.0025987545
  -15.7500000000    0.1562092940    0.0026293186
  -15.7400000000    0.1557082904    0.0026655538
  -15.7300000000    0.1552030092    0.0027103855
  -15.7200000000    0.1546956741    0.0027598116
  -15.7100000000    0.1541844915    0.0028210602
  -15.7000000000    0.1536712099    0.0028945341
  -15.6900000000    0.1531578899    0.0029827960
  -15.6800000000    0.1526482379    0.0030884425
  -15.6700000000    0.1521483187    0.0032132368
  -15.6600000000    0.1516669464    0.0033562834
  -15.6500000000    0.1512146022    0.0035111255
  -15.6400000000    0.1507991329    0.0036631534
  -15.6300000000    0.1504182283    0.0037914379
  -15.6200000000    0.1500546830    0.0038786591
  -15.6100000000    0.1496834495    0.0039232183
  -15.6000000000    0.1492874142    0.0039394778
  -15.5900000000    0.1488654929    0.0039441898
  -15.5800000000    0.1484256214    0.0039437156
  -15.5700000000    0.1479716745    0.0039334833
  -15.5600000000    0.1474970414    0.0039080633
  -15.5500000000    0.1469900814    0.0038707261
  -15.5400000000    0.1464439119    0.0038328617
  -15.5300000000    0.1458597300    0.0038065662
  -15.5200000000    0.1452433391    0.0037995659
  -15.5100000000    0.1446008747    0.0038149920
  -15.5000000000    0.1439367435    0.0038532697
  -15.4900000000    0.1432533383    0.0039138578
  -15.4800000000    0.1425514399    0.0039962671
  -15.4700000000    0.1418307017    0.0041005416
  -15.4600000000    0.1410900243    0.0042274674
  -15.4500000000    0.1403278099    0.0043786824
  -15.4400000000    0.1395421351    0.0045567827
  -15.4300000000    0.1387308877    0.0047654697
  -15.4200000000    0.1378919105    0.0050097709
  -15.4100000000    0.1370232025    0.0052963570
  -15.4000000000    0.1361232449    0.0056339779
  -15.3900000000    0.1351915551    0.0060340404
  -15.3800000000    0.1342296391    0.0065113236
  -15.3700000000    0.1332426179    0.0070847709
  -15.3600000000    0.1322419612    0.0077781206
  -15.3500000000    0.1312499394    0.0086197391
  -15.3400000000    0.1303064266    0.0096401484
  -15.3300000000    0.1294779594    0.0108641390
  -15.3200000000    0.1288659393    0.0122922689
  -15.3100000000    0.1286031013    0.0138667965
  -15.3000000000    0.1288157761    0.0154287184
  -15.2900000000    0.1295328755    0.0167061884
  -15.2800000000    0.1305814167    0.0174029307
  -15.2700000000    0.1315959367    0.0173813790
  -15.2600000000    0.1322027434    0.0167724382
  -15.2500000000    0.1322121494    0.0158782294
  -15.2400000000    0.1316399799    0.0149874926
  -15.2300000000    0.1306060782    0.0142792980
  -15.2200000000    0.1292399814    0.0138305825
  -15.2100000000    0.1276399165    0.0136594372
  -15.2000000000    0.1258678476    0.0137610452
  -15.1900000000    0.1239574791    0.0141281302
  -15.1800000000    0.1219236655    0.0147606859
  -15.1700000000    0.1197698693    0.0156704177
  -15.1600000000    0.1174936450    0.0168832913
  -15.1500000000    0.1150910673    0.0184419592
  -15.1400000000    0.1125612357    0.0204089472
  -15.1300000000    0.1099121617    0.0228710308
  -15.1200000000    0.1071697804    0.0259448668
  -15.1100000000    0.1043926522    0.0297833032
  -15.1000000000    0.1016962183    0.0345802621
  -15.0900000000    0.0992919466    0.0405685338
  -15.0800000000    0.0975467966    0.0479972296
  -15.0700000000    0.0970618603    0.0570617160
  -15.0600000000    0.0987424330    0.0677409812
  -15.0500000000    0.1037640901    0.0795005549
  -15.0400000000    0.1132399405    0.0909219655
  -15.0300000000    0.1274287932    0.0996113905
  -15.0200000000    0.1448390927    0.1029771243
  -15.0100000000    0.1623301508    0.0998128778
  -15.0000000000    0.1767153296    0.0912272323
  -14.9900000000    0.1864133702    0.0797868744
  -14.9800000000    0.1916222108    0.0679215256
  -14.9700000000    0.1934401762    0.0570961998
  -14.9600000000    0.1930536806    0.0478755213
  -14.9500000000    0.1913847334    0.0402930014
  -14.9400000000    0.1890484539    0.0341549362
  -14.9300000000    0.1864215577    0.0292087128
  -14.9200000000    0.1837218215    0.0252158909
  -14.9100000000    0.1810686804    0.0219759318
  -14.9000000000    0.1785231872    0.0193286180
  -14.8900000000    0.1761126779    0.0171489117
  -14.8800000000    0.1738455035    0.0153401336
  -14.8700000000    0.1717196713    0.0138276533
  -14.8600000000    0.1697278557    0.0125537060
  -14.8500000000    0.1678602682    0.0114733526
  -14.8400000000    0.1661062758    0.0105514072
  -14.8300000000    0.1644552870    0.0097601259
  -14.8200000000    0.1628972141    0.0090774732
  -14.8100000000    0.1614226894    0.0084858215
  -14.8000000000    0.1600231424    0.0079709702
  -14.7900000000    0.1586908002    0.0075214039
  -14.7800000000    0.1574186462    0.0071277268
  -14.7700000000    0.1562003605    0.0067822297
  -14.7600000000    0.1550302512    0.0064785554
  -14.7500000000    0.1539031869    0.0062114403
  -14.7400000000    0.1528145304    0.0059765115
  -14.7300000000    0.1517600787    0.0057701294
  -14.7200000000    0.1507360070    0.0055892628
  -14.7100000000    0.1497388187    0.0054313923
  -14.7000000000    0.1487653003    0.0052944333
  -14.6900000000    0.1478124811    0.0051766774
  -14.6800000000    0.1468775968    0.0050767477
  -14.6700000000    0.1459580566    0.0049935668
  -14.6600000000    0.1450514143    0.0049263348
  -14.6500000000    0.1441553412    0.0048745193
  -14.6400000000    0.1432676034    0.0048378550
  -14.6300000000    0.1423860418    0.0048163552
  -14.6200000000    0.1415085559    0.0048103367
  -14.6100000000    0.1406330942    0.0048204603
  -14.6000000000    0.1397576539    0.0048477921
  -14.5900000000    0.1388802948    0.0048938905
  -14.5800000000    0.1379991788    0.0049609269
  -14.5700000000    0.1371126501    0.0050518504
  -14.5600000000    0.1362193869    0.0051706074
  -14.5500000000    0.1353186725    0.0053224262
  -14.5400000000    0.1344108697    0.0055141642
  -14.5300000000    0.1334982352    0.0057546855
  -14.5200000000    0.1325862885    0.0060551433
  -14.5100000000    0.1316860340    0.0064288410
  -14.5000000000    0.1308173340    0.0068899023
  -14.4900000000    0.1300133325    0.0074491825
  -14.4800000000    0.1293242540    0.0081048600
  -14.4700000000    0.1288149809    0.0088254586
  -14.4600000000    0.1285452741    0.0095292633
  -14.4500000000    0.1285243209    0.0100808989
  -14.4400000000    0.1286617905    0.0103378665
  -14.4300000000    0.1287780578    0.0102396968
  -14.4200000000    0.1286968245    0.0098552315
  -14.4100000000    0.1283342765    0.0093300379
  -14.4000000000    0.1277040110    0.0087980022
  -14.3900000000    0.1268666990    0.0083384024
  -14.3800000000    0.1258860022    0.0079813746
  -14.3700000000    0.1248102047    0.0077286997
  -14.3600000000    0.1236704373    0.0075703547
  -14.3500000000    0.1224846209    0.0074935380
  -14.3400000000    0.1212618410    0.0074865470
  -14.3300000000    0.1200056326    0.0075400231
  -14.3200000000    0.1187161216    0.0076470767
  -14.3100000000    0.1173913283    0.0078030247
  -14.3000000000    0.1160279277    0.0080050529
  -14.2900000000    0.1146216744    0.0082519199
  -14.2800000000    0.1131676268    0.0085437346
  -14.2700000000    0.1116602484    0.0088818110
  -14.2600000000    0.1100934343    0.0092685914
  -14.2500000000    0.1084604902    0.0097076328
  -14.2400000000    0.1067540787    0.0102036494
  -14.2300000000    0.1049661421    0.0107626114
  -14.2200000000    0.1030878062    0.0113919017
  -14.2100000000    0.1011092674    0.0121005376
  -14.2000000000    0.0990196662    0.0128994685
  -14.1900000000    0.0968069466    0.0138019671
  -14.1800000000    0.0944577080    0.0148241382
  -14.1700000000    0.0919570530    0.0159855779
  -14.1600000000    0.0892884449    0.0173102291
  -14.1500000000    0.0864335941    0.0188274960
  -14.1400000000    0.0833724112    0.0205737010
  -14.1300000000    0.0800830874    0.0225940017
  -14.1200000000    0.0765424088    0.0249449218
  -14.1100000000    0.0727264831    0.0276977102
  -14.1000000000    0.0686121795    0.0309428068
  -14.0900000000    0.0641797945    0.0347957751
  -14.0800000000    0.0594178061    0.0394051369
  -14.0700000000    0.0543311837    0.0449625555
  -14.0600000000    0.0489557180    0.0517156316
  -14.0500000000    0.0433824764    0.0599828671
  -14.0400000000    0.0377989895    0.0701683397
  -14.0300000000    0.0325571102    0.0827686832
  -14.0200000000    0.0282802057    0.0983538423
  -14.0100000000    0.0260184599    0.1174807145
  -14.0000000000    0.0274328353    0.1404621282
  -13.9900000000    0.0348973081    0.1668812482
  -13.9800000000    0.0512170629    0.1948085427
  -13.9700000000    0.0784815094    0.2200626735
  -13.9600000000    0.1159747720    0.2366039243
  -13.9500000000    0.1586464543    0.2391676737
  -13.9400000000    0.1986688517    0.2268196235
  -13.9300000000    0.2296714296    0.2036880348
  -13.9200000000    0.2495224250    0.1759654426
  -13.9100000000    0.2596215040    0.1486207098
  -13.9000000000    0.2627259402    0.1242966349
  -13.8900000000    0.2614302490    0.1038229426
  -13.8800000000    0.2576424655    0.0870594641
  -13.8700000000    0.2526024996    0.0734907689
  -13.8600000000    0.2470593719    0.0625321828
  -13.8500000000    0.2414422192    0.0536546587
  -13.8400000000    0.2359841122    0.0464205151
  -13.8300000000    0.2308021408    0.0404822089
  -13.8200000000    0.2259465186    0.0355688379
  -13.8100000000    0.2214298806    0.0314706710
  -13.8000000000    0.2172444964    0.0280253859
  -13.7900000000    0.2133722712    0.0251069284
  -13.7800000000    0.2097904876    0.0226168734
  -13.7700000000    0.2064750419    0.0204778609
  -13.7600000000    0.2034022149    0.0186286512
  -13.7500000000    0.2005495856    0.0170204075
  -13.7400000000    0.1978964515    0.0156138969
  -13.7300000000    0.1954239662    0.0143773732
  -13.7200000000    0.1931151226    0.0132849685
  -13.7100000000    0.1909546537    0.0123154622
  -13.7000000000    0.1889288956    0.0114513340
  -13.6900000000    0.1870256367    0.0106780293
  -13.6800000000    0.1852339682    0.0099833864
  -13.6700000000    0.1835441413    0.0093571867
  -13.6600000000    0.1819474367    0.0087907984
  -13.6500000000    0.1804360465    0.0082768936
  -13.6400000000    0.1790029684    0.0078092218
  -13.6300000000    0.1776419126    0.0073824269
  -13.6200000000    0.1763472192    0.0069919000
  -13.6100000000    0.1751137861    0.0066336582
  -13.6000000000    0.1739370051    0.0063042469
  -13.5900000000    0.1728127067    0.0060006579
  -13.5800000000    0.1717371108    0.0057202630
  -13.5700000000    0.1707067845    0.0054607578
  -13.5600000000    0.1697186042    0.0052201157
  -13.5500000000    0.1687697223    0.0049965487
  -13.5400000000    0.1678575389    0.0047884746
  -13.5300000000    0.1669796757    0.0045944896
  -13.5200000000    0.1661339534    0.0044133446
  -13.5100000000    0.1653183720    0.0042439255
  -13.5000000000    0.1645310930    0.0040852360
  -13.4900000000    0.1637704238    0.0039363831
  -13.4800000000    0.1630348036    0.0037965645
  -13.4700000000    0.1623227910    0.0036650579
  -13.4600000000    0.1616330534    0.0035412116
  -13.4500000000    0.1609643564    0.0034244363
  -13.4400000000    0.1603155556    0.0033141985
  -13.4300000000    0.1596855883    0.0032100136
  -13.4200000000    0.1590734667    0.0031114414
  -13.4100000000    0.1584782711    0.0030180807
  -13.4000000000    0.1578991445    0.0029295657
  -13.3900000000    0.1573352874    0.0028455620
  -13.3800000000    0.1567859528    0.0027657636
  -13.3700000000    0.1562504424    0.0026898899
  -13.3600000000    0.1557281022    0.0026176836
  -13.3500000000    0.1552183198    0.0025489078
  -13.3400000000    0.1547205203    0.0024833448
  -13.3300000000    0.1542341641    0.0024207937
  -13.3200000000    0.1537587441    0.0023610690
  -13.3100000000    0.1532937833    0.0023039995
  -13.3000000000    0.1528388324    0.0022494268
  -13.2900000000    0.1523934682    0.0021972039
  -13.2800000000    0.1519572912    0.0021471947
  -13.2700000000    0.1515299246    0.0020992728
  -13.2600000000    0.1511110124    0.0020533207
  -13.2500000000    0.1507002178    0.0020092291
  -13.2400000000    0.1502972222    0.0019668961
  -13.2300000000    0.1499017240    0.0019262269
  -13.2200000000    0.1495134372    0.0018871328
  -13.2100000000    0.1491320908    0.0018495312
  -13.2000000000    0.1487574274    0.0018133447
  -13.1900000000    0.1483892028    0.0017785008
  -13.1800000000    0.1480271847    0.0017449318
  -13.1700000000    0.1476711525    0.0017125742
  -13.1600000000    0.1473208960    0.0016813683
  -13.1500000000    0.1469762152    0.0016512581
  -13.1400000000    0.1466369196    0.0016221911
  -13.1300000000    0.1463028277    0.0015941177
  -13.1200000000    0.1459737662    0.0015669915
  -13.1100000000    0.1456495697    0.0015407686
  -13.1000000000    0.1453300805    0.0015154077
  -13.0900000000    0.1450151478    0.0014908699
  -13.0800000000    0.1447046274    0.0014671183
  -13.0700000000    0.1443983815    0.0014441182
  -13.0600000000    0.1440962782    0.0014218369
  -13.0500000000    0.1437981913    0.0014002433
  -13.0400000000    0.1435039997    0.0013793080
  -13.0300000000    0.1432135876    0.0013590032
  -13.0200000000    0.1429268439    0.0013393027
  -13.0100000000    0.1426436621    0.0013201814
  -13.0000000000    0.1423639398    0.0013016157
  -12.9900000000    0.1420875790    0.0012835831
  -12.9800000000    0.1418144853    0.0012660623
  -12.9700000000    0.1415445682    0.0012490330
  -12.9600000000    0.1412777406    0.0012324760
  -12.9500000000    0.1410139187    0.0012163729
  -12.9400000000    0.1407530221    0.0012007064
  -12.9300000000    0.1404949732    0.0011854598
  -12.9200000000    0.1402396974    0.0011706173
  -12.9100000000    0.1399871228    0.0011561639
  -12.9000000000    0.1397371803    0.0011420852
  -12.8900000000    0.1394898029    0.0011283676
  -12.8800000000    0.1392449265    0.0011149979
  -12.8700000000    0.1390024890    0.0011019637
  -12.8600000000    0.1387624304    0.0010892532
  -12.8500000000    0.1385246929    0.0010768548
  -12.8400000000    0.1382892209    0.0010647578
  -12.8300000000    0.1380559604    0.0010529517
  -12.8200000000    0.1378248593    0.0010414267
  -12.8100000000    0.1375958673    0.0010301731
  -12.8000000000    0.1373689358    0.0010191818
  -12.7900000000    0.1371440177    0.0010084442
  -12.7800000000    0.1369210676    0.0009979519
  -12.7700000000    0.1367000415    0.0009876968
  -12.7600000000    0.1364808966    0.0009776712
  -12.7500000000    0.1362635919    0.0009678679
  -12.7400000000    0.1360480872    0.0009582796
  -12.7300000000    0.1358343440    0.0009488997
  -12.7200000000    0.1356223247    0.0009397216
  -12.7100000000    0.1354119930    0.0009307390
  -12.7000000000    0.1352033137    0.0009219459
  -12.6900000000    0.1349962525    0.0009133366
  -12.6800000000    0.1347907764    0.0009049055
  -12.6700000000    0.1345868532    0.0008966472
  -12.6600000000    0.1343844516    0.0008885565
  -12.6500000000    0.1341835415    0.0008806286
  -12.6400000000    0.1339840933    0.0008728587
  -12.6300000000    0.1337860785    0.0008652422
  -12.6200000000    0.1335894694    0.0008577746
  -12.6100000000    0.1333942389    0.0008504517
  -12.6000000000    0.1332003610    0.0008432694
  -12.5900000000    0.1330078101    0.0008362237
  -12.5800000000    0.1328165614    0.0008293109
  -12.5700000000    0.1326265909    0.0008225272
  -12.5600000000    0.1324378751    0.0008158691
  -12.5500000000    0.1322503913    0.0008093332
  -12.5400000000    0.1320641173    0.0008029161
  -12.5300000000    0.1318790314    0.0007966147
  -12.5200000000    0.1316951126    0.0007904258
  -12.5100000000    0.1315123406    0.0007843466
  -12.5000000000    0.1313306952    0.0007783740
  -12.4900000000    0.1311501572    0.0007725054
  -12.4800000000    0.1309707076    0.0007667381
  -12.4700000000    0.1307923280    0.0007610693
  -12.4600000000    0.1306150003    0.0007554967
  -12.4500000000    0.1304387072    0.0007500178
  -12.4400000000    0.1302634314    0.0007446302
  -12.4300000000    0.1300891563    0.0007393316
  -12.4200000000    0.1299158658    0.0007341199
  -12.4100000000    0.1297435438    0.0007289929
  -12.4000000000    0.1295721750    0.0007239485
  -12.3900000000    0.1294017443    0.0007189847
  -12.3800000000    0.1292322368    0.0007140996
  -12.3700000000    0.1290621146    0.0007131126
  -12.3600000000    0.1288959348    0.0007045580
  -12.3500000000    0.1287291123    0.0006998979
  -12.3400000000    0.1285631577    0.0006953093
  -12.3300000000    0.1283980577    0.0006907904
  -12.3200000000    0.1282337996    0.0006863398
  -12.3100000000    0.1280703709    0.0006819558
  -12.3000000000    0.1279077594    0.0006776369
  -12.2900000000    0.1277459531    0.0006733817
  -12.2800000000    0.1275849404    0.0006691886
  -12.2700000000    0.1274247099    0.0006650564
  -12.2600000000    0.1272652503    0.0006609836
  -12.2500000000    0.1271065508    0.0006569689
  -12.2400000000    0.1269486007    0.0006530111
  -12.2300000000    0.1267913895    0.0006491090
  -12.2200000000    0.1266349070    0.0006452613
  -12.2100000000    0.1264791432    0.0006414668
  -12.2000000000    0.1263240884    0.0006377244
  -12.1900000000    0.1261697328    0.0006340330
  -12.1800000000    0.1260160672    0.0006303916
  -12.1700000000    0.1258630823    0.0006267990
  -12.1600000000    0.1257107691    0.0006232543
  -12.1500000000    0.1255591189    0.0006197564
  -12.1400000000    0.1254081229    0.0006163045
  -12.1300000000    0.1252577727    0.0006128975
  -12.1200000000    0.1251080601    0.0006095345
  -12.1100000000    0.1249589768    0.0006062148
  -12.1000000000    0.1248105150    0.0006029372
  -12.0900000000    0.1246626667    0.0005997012
  -12.0800000000    0.1245154245    0.0005965057
  -12.0700000000    0.1243687807    0.0005933501
  -12.0600000000    0.1242227280    0.0005902335
  -12.0500000000    0.1240772592    0.0005871552
  -12.0400000000    0.1239323671    0.0005841144
  -12.0300000000    0.1237880450    0.0005811104
  -12.0200000000    0.1236442859    0.0005781426
  -12.0100000000    0.1235010832    0.0005752101
  -12.0000000000    0.1233584302    0.0005723124
  -11.9900000000    0.1232163207    0.0005694488
  -11.9800000000    0.1230747482    0.0005666186
  -11.9700000000    0.1229337066    0.0005638213
  -11.9600000000    0.1227931897    0.0005610562
  -11.9500000000    0.1226531917    0.0005583227
  -11.9400000000    0.1225137066    0.0005556202
  -11.9300000000    0.1223747286    0.0005529483
  -11.9200000000    0.1222362522    0.0005503063
  -11.9100000000    0.1220982717    0.0005476937
  -11.9000000000    0.1219607817    0.0005451100
  -11.8900000000    0.1218237768    0.0005425546
  -11.8800000000    0.1216872518    0.0005400271
  -11.8700000000    0.1215512015    0.0005375269
  -11.8600000000    0.1214156207    0.0005350536
  -11.8500000000    0.1212805046    0.0005326068
  -11.8400000000    0.1211458481    0.0005301859
  -11.8300000000    0.1210116465    0.0005277906
  -11.8200000000    0.1208778950    0.0005254203
  -11.8100000000    0.1207445888    0.0005230747
  -11.8000000000    0.1206117236    0.0005207533
  -11.7900000000    0.1204792946    0.0005184557
  -11.7800000000    0.1203472975    0.0005161816
  -11.7700000000    0.1202157279    0.0005139305
  -11.7600000000    0.1200845815    0.0005117021
  -11.7500000000    0.1199538541    0.0005094960
  -11.7400000000    0.1198235415    0.0005073118
  -11.7300000000    0.1196936396    0.0005051491
  -11.7200000000    0.1195641445    0.0005030077
  -11.7100000000    0.1194350521    0.0005008871
  -11.7000000000    0.1193063585    0.0004987871
  -11.6900000000    0.1191780599    0.0004967073
  -11.6800000000    0.1190501526    0.0004946474
  -11.6700000000    0.1189226328    0.0004926071
  -11.6600000000    0.1187954968    0.0004905860
  -11.6500000000    0.1186687411    0.0004885839
  -11.6400000000    0.1185423620    0.0004866004
  -11.6300000000    0.1184163562    0.0004846354
  -11.6200000000    0.1182907201    0.0004826884
  -11.6100000000    0.1181654504    0.0004807593
  -11.6000000000    0.1180405437    0.0004788477
  -11.5900000000    0.1179159967    0.0004769534
  -11.5800000000    0.1177918063    0.0004750762
  -11.5700000000    0.1176679691    0.0004732157
  -11.5600000000    0.1175444821    0.0004713717
  -11.5500000000    0.1174213422    0.0004695440
  -11.5400000000    0.1172985463    0.0004677323
  -11.5300000000    0.1171760914    0.0004659365
  -11.5200000000    0.1170539745    0.0004641562
  -11.5100000000    0.1169321928    0.0004623912
  -11.5000000000    0.1168107432    0.0004606414
  -11.4900000000    0.1166896231    0.0004589064
  -11.4800000000    0.1165688295    0.0004571862
  -11.4700000000    0.1164483598    0.0004554804
  -11.4600000000    0.1163282112    0.0004537889
  -11.4500000000    0.1162083810    0.0004521114
  -11.4400000000    0.1160888665    0.0004504479
  -11.4300000000    0.1159696652    0.0004487980
  -11.4200000000    0.1158507746    0.0004471616
  -11.4100000000    0.1157321919    0.0004455385
  -11.4000000000    0.1156139148    0.0004439285
  -11.3900000000    0.1154959408    0.0004423314
  -11.3800000000    0.1153782674    0.0004407471
  -11.3700000000    0.1152608922    0.0004391754
  -11.3600000000    0.1151438129    0.0004376161
  -11.3500000000    0.1150270270    0.0004360691
  -11.3400000000    0.1149105324    0.0004345341
  -11.3300000000    0.1147943267    0.0004330111
  -11.3200000000    0.1146784077    0.0004314998
  -11.3100000000    0.1145627731    0.0004300001
  -11.3000000000    0.1144474208    0.0004285119
  -11.2900000000    0.1143323486    0.0004270350
  -11.2800000000    0.1142175543    0.0004255692
  -11.2700000000    0.1141030358    0.0004241145
  -11.2600000000    0.1139887912    0.0004226706
  -11.2500000000    0.1138748182    0.0004212375
  -11.2400000000    0.1137611149    0.0004198149
  -11.2300000000    0.1136476793    0.0004184028
  -11.2200000000    0.1135345093    0.0004170011
  -11.2100000000    0.1134216031    0.0004156095
  -11.2000000000    0.1133089588    0.0004142280
  -11.1900000000    0.1131965721    0.0004128642
  -11.1800000000    0.1130844478    0.0004114947
  -11.1700000000    0.1129725775    0.0004101426
  -11.1600000000    0.1128609614    0.0004088001
  -11.1500000000    0.1127495979    0.0004074671
  -11.1400000000    0.1126384851    0.0004061434
  -11.1300000000    0.1125276212    0.0004048290
  -11.1200000000    0.1124170045    0.0004035236
  -11.1100000000    0.1123066333    0.0004022273
  -11.1000000000    0.1121965058    0.0004009399
  -11.0900000000    0.1120866203    0.0003996612
  -11.0800000000    0.1119769752    0.0003983912
  -11.0700000000    0.1118675689    0.0003971299
  -11.0600000000    0.1117583996    0.0003958769
  -11.0500000000    0.1116494658    0.0003946324
  -11.0400000000    0.1115407659    0.0003933962
  -11.0300000000    0.1114322984    0.0003921681
  -11.0200000000    0.1113240615    0.0003909482
  -11.0100000000    0.1112160539    0.0003897362
  -11.0000000000    0.1111082740    0.0003885321
  -10.9900000000    0.1110007202    0.0003873359
  -10.9800000000    0.1108933912    0.0003861474
  -10.9700000000    0.1107862854    0.0003849665
  -10.9600000000    0.1106794013    0.0003837932
  -10.9500000000    0.1105727376    0.0003826273
  -10.9400000000    0.1104662927    0.0003814688
  -10.9300000000    0.1103600654    0.0003803176
  -10.9200000000    0.1102540541    0.0003791736
  -10.9100000000    0.1101482576    0.0003780368
  -10.9000000000    0.1100426744    0.0003769070
  -10.8900000000    0.1099373033    0.0003757842
  -10.8800000000    0.1098321428    0.0003746683
  -10.8700000000    0.1097271916    0.0003735593
  -10.8600000000    0.1096224486    0.0003724570
  -10.8500000000    0.1095179122    0.0003713613
  -10.8400000000    0.1094135814    0.0003702723
  -10.8300000000    0.1093094547    0.0003691898
  -10.8200000000    0.1092055310    0.0003681138
  -10.8100000000    0.1091018091    0.0003670442
  -10.8000000000    0.1089982876    0.0003659809
  -10.7900000000    0.1088949654    0.0003649239
  -10.7800000000    0.1087918413    0.0003638731
  -10.7700000000    0.1086889141    0.0003628284
  -10.7600000000    0.1085861827    0.0003617898
  -10.7500000000    0.1084836457    0.0003607572
  -10.7400000000    0.1083813022    0.0003597306
  -10.7300000000    0.1082791509    0.0003587098
  -10.7200000000    0.1081771907    0.0003576949
  -10.7100000000    0.1080754206    0.0003566857
  -10.6900000000    0.1078724459    0.0003546843
  -10.6800000000    0.1077712392    0.0003536921
  -10.6700000000    0.1076702182    0.0003527054
  -10.6600000000    0.1075693817    0.0003517242
  -10.6500000000    0.1074687287    0.0003507484
  -10.6400000000    0.1073682583    0.0003497779
  -10.6300000000    0.1072679692    0.0003488128
  -10.6200000000    0.1071678606    0.0003478529
  -10.6100000000    0.1070679315    0.0003468983
  -10.6000000000    0.1069681807    0.0003459488
  -10.5900000000    0.1068686073    0.0003450044
  -10.5800000000    0.1067692104    0.0003440651
  -10.5700000000    0.1066699889    0.0003431308
  -10.5600000000    0.1065709419    0.0003422014
  -10.5500000000    0.1064720684    0.0003412770
  -10.5400000000    0.1063733676    0.0003403574
  -10.5300000000    0.1062748383    0.0003394427
  -10.5200000000    0.1061764798    0.0003385327
  -10.5100000000    0.1060782910    0.0003376275
  -10.5000000000    0.1059802711    0.0003367270
  -10.4900000000    0.1058824192    0.0003358311
  -10.4800000000    0.1057847343    0.0003349398
  -10.4700000000    0.1056872156    0.0003340530
  -10.4600000000    0.1055898622    0.0003331708
  -10.4500000000    0.1054926733    0.0003322930
  -10.4400000000    0.1053956479    0.0003314197
  -10.4300000000    0.1052987851    0.0003305507
  -10.4200000000    0.1052020843    0.0003296861
  -10.4100000000    0.1051055444    0.0003288258
  -10.4000000000    0.1050091647    0.0003279698
  -10.3900000000    0.1049129444    0.0003271180
  -10.3800000000    0.1048168825    0.0003262704
  -10.3700000000    0.1047209784    0.0003254270
  -10.3600000000    0.1046252311    0.0003245877
  -10.3500000000    0.1045296400    0.0003237524
  -10.3400000000    0.1044342042    0.0003229212
  -10.3300000000    0.1043389229    0.0003220940
  -10.3200000000    0.1042437953    0.0003212708
  -10.3100000000    0.1041488207    0.0003204515
  -10.3000000000    0.1040539983    0.0003196362
  -10.2900000000    0.1039593273    0.0003188247
  -10.2800000000    0.1038648070    0.0003180170
  -10.2700000000    0.1037704367    0.0003172131
  -10.2600000000    0.1036762156    0.0003164130
  -10.2500000000    0.1035821429    0.0003156167
  -10.2400000000    0.1034882180    0.0003148240
  -10.2300000000    0.1033944401    0.0003140351
  -10.2200000000    0.1033008085    0.0003132497
  -10.2100000000    0.1032073224    0.0003124680
  -10.2000000000    0.1031139813    0.0003116898
  -10.1900000000    0.1030207844    0.0003109152
  -10.1800000000    0.1029277309    0.0003101442
  -10.1700000000    0.1028348202    0.0003093766
  -10.1600000000    0.1027420517    0.0003086125
  -10.1500000000    0.1026494246    0.0003078518
  -10.1400000000    0.1025569383    0.0003070945
  -10.1300000000    0.1024645921    0.0003063406
  -10.1200000000    0.1023723853    0.0003055900
  -10.1100000000    0.1022803173    0.0003048428
  -10.1000000000    0.1021883875    0.0003040988
  -10.0900000000    0.1020965951    0.0003033581
  -10.0800000000    0.1020049397    0.0003026207
  -10.0700000000    0.1019134204    0.0003018865
  -10.0600000000    0.1018220367    0.0003011554
  -10.0500000000    0.1017307880    0.0003004275
  -10.0400000000    0.1016396736    0.0002997028
  -10.0300000000    0.1015486930    0.0002989811
  -10.0200000000    0.1014578455    0.0002982626
  -10.0100000000    0.1013671305    0.0002975471
  -10.0000000000    0.1012765474    0.0002968347
   -9.9900000000    0.1011860956    0.0002961252
   -9.9800000000    0.1010957745    0.0002954188
   -9.9700000000    0.1010055836    0.0002947153
   -9.9600000000    0.1009155222    0.0002940148
   -9.9500000000    0.1008255897    0.0002933171
   -9.9400000000    0.1007357857    0.0002926224
   -9.9300000000    0.1006461095    0.0002919306
   -9.9200000000    0.1005565605    0.0002912416
   -9.9100000000    0.1004671383    0.0002905554
   -9.9000000000    0.1003778421    0.0002898721
   -9.8900000000    0.1002886716    0.0002891915
   -9.8800000000    0.1001996261    0.0002885137
   -9.8700000000    0.1001107050    0.0002878386
   -9.8600000000    0.1000219079    0.0002871663
   -9.8500000000    0.0999332342    0.0002864967
   -9.8400000000    0.0998446834    0.0002858297
   -9.8300000000    0.0997562549    0.0002851654
   -9.8200000000    0.0996679482    0.0002845038
   -9.8100000000    0.0995797628    0.0002838448
   -9.8000000000    0.0994916981    0.0002831883
   -9.7900000000    0.0994037537    0.0002825345
   -9.7800000000    0.0993159291    0.0002818832
   -9.7700000000    0.0992282237    0.0002812345
   -9.7600000000    0.0991406370    0.0002805883
   -9.7500000000    0.0990531685    0.0002799446
   -9.7400000000    0.0989658178    0.0002793035
   -9.7300000000    0.0988785842    0.0002786647
   -9.7200000000    0.0987914675    0.0002780285
   -9.7100000000    0.0987044669    0.0002773946
   -9.7000000000    0.0986175822    0.0002767632
   -9.6900000000    0.0985308127    0.0002761342
   -9.6800000000    0.0984441580    0.0002755076
   -9.6700000000    0.0983576177    0.0002748833
   -9.6600000000    0.0982711912    0.0002742614
   -9.6500000000    0.0981848782    0.0002736418
   -9.6400000000    0.0980986780    0.0002730246
   -9.6300000000    0.0980125903    0.0002724096
   -9.6200000000    0.0979266146    0.0002717969
   -9.6100000000    0.0978407505    0.0002711865
   -9.6000000000    0.0977549975    0.0002705784
   -9.5900000000    0.0976693551    0.0002699725
   -9.5800000000    0.0975838229    0.0002693688
   -9.5700000000    0.0974984005    0.0002687673
   -9.5600000000    0.0974130874    0.0002681680
   -9.5500000000    0.0973278831    0.0002675708
   -9.5400000000    0.0972427873    0.0002669759
   -9.5300000000    0.0971577995    0.0002663830
   -9.5200000000    0.0970729193    0.0002657923
   -9.5100000000    0.0969881463    0.0002652038
   -9.5000000000    0.0969034800    0.0002646173
   -9.4900000000    0.0968189199    0.0002640329
   -9.4800000000    0.0967344658    0.0002634506
   -9.4700000000    0.0966501171    0.0002628703
   -9.4600000000    0.0965658735    0.0002622921
   -9.4500000000    0.0964817346    0.0002617159
   -9.4400000000    0.0963976999    0.0002611418
   -9.4300000000    0.0963137690    0.0002605696
   -9.4200000000    0.0962299415    0.0002599994
   -9.4100000000    0.0961462171    0.0002594312
   -9.4000000000    0.0960625953    0.0002588650
   -9.3900000000    0.0959790757    0.0002583007
   -9.3800000000    0.0958956580    0.0002577384
   -9.3700000000    0.0958123417    0.0002571780
   -9.3600000000    0.0957291265    0.0002566195
   -9.3500000000    0.0956460119    0.0002560628
   -9.3400000000    0.0955629976    0.0002555081
   -9.3300000000    0.0954800833    0.0002549553
   -9.3200000000    0.0953972684    0.0002544043
   -9.3100000000    0.0953145528    0.0002538552
   -9.3000000000    0.0952319359    0.0002533079
   -9.2900000000    0.0951494174    0.0002527624
   -9.2800000000    0.0950669969    0.0002522188
   -9.2700000000    0.0949846741    0.0002516769
   -9.2600000000    0.0949024486    0.0002511369
   -9.2500000000    0.0948203200    0.0002505986
   -9.2400000000    0.0947382880    0.0002500621
   -9.2300000000    0.0946563523    0.0002495274
   -9.2200000000    0.0945745123    0.0002489944
   -9.2100000000    0.0944927679    0.0002484631
   -9.2000000000    0.0944111186    0.0002479336
   -9.1900000000    0.0943295642    0.0002474058
   -9.1800000000    0.0942481041    0.0002468796
   -9.1700000000    0.0941667382    0.0002463552
   -9.1600000000    0.0940854660    0.0002458325
   -9.1500000000    0.0940042873    0.0002453114
   -9.1400000000    0.0939232016    0.0002447920
   -9.1300000000    0.0938422086    0.0002442742
   -9.1200000000    0.0937613080    0.0002437581
   -9.1100000000    0.0936804995    0.0002432436
   -9.1000000000    0.0935997827    0.0002427308
   -9.0900000000    0.0935191573    0.0002422195
   -9.0800000000    0.0934386230    0.0002417099
   -9.0700000000    0.0933581794    0.0002412018
   -9.0600000000    0.0932778262    0.0002406953
   -9.0500000000    0.0931975631    0.0002401904
   -9.0400000000    0.0931173897    0.0002396870
   -9.0300000000    0.0930373058    0.0002391852
   -9.0200000000    0.0929573110    0.0002386850
   -9.0100000000    0.0928774051    0.0002381863
   -9.0000000000    0.0927975876    0.0002376891
   -8.9900000000    0.0927178582    0.0002371934
   -8.9800000000    0.0926382168    0.0002366992
   -8.9700000000    0.0925586629    0.0002362065
   -8.9600000000    0.0924791962    0.0002357153
   -8.9500000000    0.0923998165    0.0002352256
   -8.9400000000    0.0923205234    0.0002347374
   -8.9300000000    0.0922413166    0.0002342506
   -8.9200000000    0.0921621958    0.0002337653
   -8.9100000000    0.0920831608    0.0002332814
   -8.9000000000    0.0920042112    0.0002327990
   -8.8900000000    0.0919253467    0.0002323180
   -8.8800000000    0.0918465671    0.0002318384
   -8.8700000000    0.0917678720    0.0002313602
   -8.8600000000    0.0916892611    0.0002308834
   -8.8500000000    0.0916107342    0.0002304080
   -8.8400000000    0.0915322909    0.0002299340
   -8.8300000000    0.0914539310    0.0002294614
   -8.8200000000    0.0913756542    0.0002289902
   -8.8100000000    0.0912974602    0.0002285203
   -8.8000000000    0.0912193487    0.0002280518
   -8.7900000000    0.0911413195    0.0002275846
   -8.7800000000    0.0910633722    0.0002271187
   -8.7700000000    0.0909855066    0.0002266542
   -8.7600000000    0.0909077224    0.0002261910
   -8.7500000000    0.0908300193    0.0002257292
   -8.7400000000    0.0907523970    0.0002252686
   -8.7300000000    0.0906748553    0.0002248093
   -8.7200000000    0.0905973939    0.0002243514
   -8.7100000000    0.0905200126    0.0002238947
   -8.7000000000    0.0904427110    0.0002234393
   -8.6900000000    0.0903654889    0.0002229852
   -8.6800000000    0.0902883460    0.0002225323
   -8.6700000000    0.0902112820    0.0002220807
   -8.6600000000    0.0901342968    0.0002216304
   -8.6500000000    0.0900573899    0.0002211813
   -8.6400000000    0.0899805613    0.0002207334
   -8.6300000000    0.0899038105    0.0002202868
   -8.6200000000    0.0898271374    0.0002198414
   -8.6100000000    0.0897505417    0.0002193972
   -8.6000000000    0.0896740231    0.0002189542
   -8.5900000000    0.0895975814    0.0002185124
   -8.5800000000    0.0895212163    0.0002180718
   -8.5700000000    0.0894449275    0.0002176324
   -8.5600000000    0.0893687149    0.0002171942
   -8.5500000000    0.0892925781    0.0002167572
   -8.5400000000    0.0892165170    0.0002163213
   -8.5300000000    0.0891405312    0.0002158866
   -8.5200000000    0.0890646205    0.0002154531
   -8.5100000000    0.0889887848    0.0002150207
   -8.5000000000    0.0889130236    0.0002145895
   -8.4900000000    0.0888373368    0.0002141594
   -8.4800000000    0.0887617242    0.0002137304
   -8.4700000000    0.0886861854    0.0002133026
   -8.4600000000    0.0886107203    0.0002128759
   -8.4500000000    0.0885353287    0.0002124502
   -8.4400000000    0.0884600102    0.0002120258
   -8.4300000000    0.0883847646    0.0002116024
   -8.4200000000    0.0883095918    0.0002111801
   -8.4100000000    0.0882344914    0.0002107589
   -8.4000000000    0.0881594633    0.0002103388
   -8.3900000000    0.0880845072    0.0002099197
   -8.3800000000    0.0880096228    0.0002095018
   -8.3700000000    0.0879348100    0.0002090849
   -8.3600000000    0.0878600685    0.0002086690
   -8.3500000000    0.0877853981    0.0002082543
   -8.3400000000    0.0877107986    0.0002078405
   -8.3300000000    0.0876362697    0.0002074279
   -8.3200000000    0.0875618112    0.0002070162
   -8.3100000000    0.0874874228    0.0002066056
   -8.3000000000    0.0874131044    0.0002061961
   -8.2900000000    0.0873388558    0.0002057875
   -8.2800000000    0.0872646767    0.0002053800
   -8.2700000000    0.0871905668    0.0002049735
   -8.2600000000    0.0871165261    0.0002045680
   -8.2500000000    0.0870425541    0.0002041635
   -8.2400000000    0.0869686508    0.0002037600
   -8.2300000000    0.0868948160    0.0002033574
   -8.2200000000    0.0868210493    0.0002029559
   -8.2100000000    0.0867473506    0.0002025554
   -8.2000000000    0.0866737197    0.0002021558
   -8.1900000000    0.0866001564    0.0002017572
   -8.1800000000    0.0865266604    0.0002013596
   -8.1700000000    0.0864532315    0.0002009629
   -8.1600000000    0.0863798696    0.0002005672
   -8.1500000000    0.0863065744    0.0002001725
   -8.1400000000    0.0862333457    0.0001997787
   -8.1300000000    0.0861601832    0.0001993858
   -8.1200000000    0.0860870869    0.0001989939
   -8.1100000000    0.0860140565    0.0001986029
   -8.1000000000    0.0859410917    0.0001982128
   -8.0900000000    0.0858681925    0.0001978237
   -8.0800000000    0.0857953584    0.0001974355
   -8.0700000000    0.0857225895    0.0001970482
   -8.0600000000    0.0856498854    0.0001966618
   -8.0500000000    0.0855772460    0.0001962763
   -8.0400000000    0.0855046711    0.0001958917
   -8.0300000000    0.0854321604    0.0001955080
   -8.0200000000    0.0853597138    0.0001951252
   -8.0100000000    0.0852873311    0.0001947433
   -8.0000000000    0.0852150121    0.0001943623
   -7.9900000000    0.0851427565    0.0001939821
   -7.9800000000    0.0850705642    0.0001936028
   -7.9700000000    0.0849984350    0.0001932244
   -7.9600000000    0.0849263687    0.0001928469
   -7.9500000000    0.0848543651    0.0001924702
   -7.9400000000    0.0847824240    0.0001920944
   -7.9300000000    0.0847105452    0.0001917194
   -7.9200000000    0.0846387285    0.0001913453
   -7.9100000000    0.0845669738    0.0001909720
   -7.9000000000    0.0844952808    0.0001905995
   -7.8900000000    0.0844236494    0.0001902279
   -7.8800000000    0.0843520794    0.0001898571
   -7.8700000000    0.0842805705    0.0001894872
   -7.8600000000    0.0842091226    0.0001891181
   -7.8500000000    0.0841377356    0.0001887498
   -7.8400000000    0.0840664091    0.0001883823
   -7.8300000000    0.0839951432    0.0001880156
   -7.8200000000    0.0839239374    0.0001876497
   -7.8100000000    0.0838527918    0.0001872846
   -7.8000000000    0.0837817060    0.0001869204
   -7.7900000000    0.0837106800    0.0001865569
   -7.7800000000    0.0836397134    0.0001861942
   -7.7700000000    0.0835688063    0.0001858323
   -7.7600000000    0.0834979583    0.0001854712
   -7.7500000000    0.0834271693    0.0001851109
   -7.7400000000    0.0833564391    0.0001847513
   -7.7300000000    0.0832857675    0.0001843925
   -7.7200000000    0.0832151544    0.0001840345
   -7.7100000000    0.0831445996    0.0001836772
   -7.7000000000    0.0830741029    0.0001833208
   -7.6900000000    0.0830036642    0.0001829650
   -7.6800000000    0.0829332832    0.0001826100
   -7.6700000000    0.0828629598    0.0001822558
   -7.6600000000    0.0827926938    0.0001819023
   -7.6500000000    0.0827224850    0.0001815496
   -7.6400000000    0.0826523333    0.0001811976
   -7.6300000000    0.0825822385    0.0001808463
   -7.6200000000    0.0825122004    0.0001804958
   -7.6100000000    0.0824422189    0.0001801460
   -7.6000000000    0.0823722938    0.0001797969
   -7.5900000000    0.0823024249    0.0001794485
   -7.5800000000    0.0822326121    0.0001791009
   -7.5700000000    0.0821628551    0.0001787540
   -7.5600000000    0.0820931539    0.0001784077
   -7.5500000000    0.0820235082    0.0001780622
   -7.5400000000    0.0819539179    0.0001777174
   -7.5300000000    0.0818843828    0.0001773733
   -7.5200000000    0.0818149028    0.0001770299
   -7.5100000000    0.0817454776    0.0001766872
   -7.5000000000    0.0816761072    0.0001763452
   -7.4900000000    0.0816067914    0.0001760038
   -7.4800000000    0.0815375300    0.0001756632
   -7.4700000000    0.0814683228    0.0001753232
   -7.4600000000    0.0813991697    0.0001749839
   -7.4500000000    0.0813300705    0.0001746453
   -7.4400000000    0.0812610250    0.0001743074
   -7.4300000000    0.0811920332    0.0001739701
   -7.4200000000    0.0811230948    0.0001736335
   -7.4100000000    0.0810542097    0.0001732975
   -7.4000000000    0.0809853778    0.0001729623
   -7.3900000000    0.0809165988    0.0001726276
   -7.3800000000    0.0808478726    0.0001722936
   -7.3700000000    0.0807791990    0.0001719603
   -7.3600000000    0.0807105780    0.0001716276
   -7.3500000000    0.0806420093    0.0001712956
   -7.3400000000    0.0805734928    0.0001709642
   -7.3300000000    0.0805050283    0.0001706334
   -7.3200000000    0.0804366157    0.0001703033
   -7.3100000000    0.0803682549    0.0001699738
   -7.3000000000    0.0802999456    0.0001696449
   -7.2900000000    0.0802316877    0.0001693167
   -7.2800000000    0.0801634811    0.0001689890
   -7.2700000000    0.0800953257    0.0001686620
   -7.2600000000    0.0800272212    0.0001683356
   -7.2500000000    0.0799591675    0.0001680099
   -7.2400000000    0.0798911645    0.0001676847
   -7.2300000000    0.0798232120    0.0001673601
   -7.2200000000    0.0797553099    0.0001670362
   -7.2100000000    0.0796874580    0.0001667128
   -7.2000000000    0.0796196561    0.0001663901
   -7.1900000000    0.0795519042    0.0001660679
   -7.1800000000    0.0794842021    0.0001657464
   -7.1700000000    0.0794165496    0.0001654254
   -7.1600000000    0.0793489466    0.0001651050
   -7.1500000000    0.0792813930    0.0001647852
   -7.1400000000    0.0792138885    0.0001644660
   -7.1300000000    0.0791464331    0.0001641473
   -7.1200000000    0.0790790266    0.0001638293
   -7.1100000000    0.0790116688    0.0001635118
   -7.1000000000    0.0789443597    0.0001631949
   -7.0900000000    0.0788770991    0.0001628785
   -7.0800000000    0.0788098867    0.0001625627
   -7.0700000000    0.0787427226    0.0001622475
   -7.0600000000    0.0786756065    0.0001619329
   -7.0500000000    0.0786085384    0.0001616188
   -7.0400000000    0.0785415180    0.0001613052
   -7.0300000000    0.0784745452    0.0001609922
   -7.0200000000    0.0784076199    0.0001606798
   -7.0100000000    0.0783407419    0.0001603679
   -7.0000000000    0.0782739112    0.0001600565
   -6.9900000000    0.0782071275    0.0001597457
   -6.9800000000    0.0781403908    0.0001594354
   -6.9700000000    0.0780737008    0.0001591257
   -6.9600000000    0.0780070575    0.0001588165
   -6.9500000000    0.0779404608    0.0001585079
   -6.9400000000    0.0778739103    0.0001581997
   -6.9300000000    0.0778074062    0.0001578921
   -6.9200000000    0.0777409481    0.0001575850
   -6.9100000000    0.0776745360    0.0001572785
   -6.9000000000    0.0776081698    0.0001569724
   -6.8900000000    0.0775418492    0.0001566669
   -6.8800000000    0.0774755743    0.0001563619
   -6.8700000000    0.0774093447    0.0001560574
   -6.8600000000    0.0773431605    0.0001557534
   -6.8500000000    0.0772770214    0.0001554499
   -6.8400000000    0.0772109273    0.0001551469
   -6.8300000000    0.0771448781    0.0001548445
   -6.8200000000    0.0770788737    0.0001545425
   -6.8100000000    0.0770129140    0.0001542410
   -6.8000000000    0.0769469987    0.0001539400
   -6.7900000000    0.0768811278    0.0001536395
   -6.7800000000    0.0768153011    0.0001533395
   -6.7700000000    0.0767495186    0.0001530400
   -6.7600000000    0.0766837800    0.0001527410
   -6.7500000000    0.0766180853    0.0001524425
   -6.7400000000    0.0765524343    0.0001521444
   -6.7300000000    0.0764868269    0.0001518468
   -6.7200000000    0.0764212629    0.0001515497
   -6.7100000000    0.0763557423    0.0001512531
   -6.7000000000    0.0762902649    0.0001509569
   -6.6900000000    0.0762248305    0.0001506612
   -6.6800000000    0.0761594391    0.0001503660
   -6.6700000000    0.0760940905    0.0001500713
   -6.6600000000    0.0760287846    0.0001497770
   -6.6500000000    0.0759635213    0.0001494831
   -6.6400000000    0.0758983004    0.0001491898
   -6.6300000000    0.0758331218    0.0001488968
   -6.6200000000    0.0757679855    0.0001486044
   -6.6100000000    0.0757028911    0.0001483124
   -6.6000000000    0.0756378388    0.0001480208
   -6.5900000000    0.0755728282    0.0001477297
   -6.5800000000    0.0755078593    0.0001474390
   -6.5700000000    0.0754429320    0.0001471488
   -6.5600000000    0.0753780461    0.0001468590
   -6.5500000000    0.0753132015    0.0001465697
   -6.5400000000    0.0752483981    0.0001462808
   -6.5300000000    0.0751836358    0.0001459923
   -6.5200000000    0.0751189145    0.0001457043
   -6.5100000000    0.0750542339    0.0001454166
   -6.5000000000    0.0749895941    0.0001451295
   -6.4900000000    0.0749249949    0.0001448427
   -6.4800000000    0.0748604361    0.0001445564
   -6.4700000000    0.0747959176    0.0001442705
   -6.4600000000    0.0747314394    0.0001439850
   -6.4500000000    0.0746670012    0.0001436999
   -6.4400000000    0.0746026031    0.0001434152
   -6.4300000000    0.0745382448    0.0001431310
   -6.4200000000    0.0744739262    0.0001428472
   -6.4100000000    0.0744096472    0.0001425637
   -6.4000000000    0.0743454078    0.0001422807
   -6.3900000000    0.0742812077    0.0001419981
   -6.3800000000    0.0742170468    0.0001417159
   -6.3700000000    0.0741529252    0.0001414341
   -6.3600000000    0.0740888425    0.0001411527
   -6.3500000000    0.0740247987    0.0001408717
   -6.3400000000    0.0739607937    0.0001405911
   -6.3300000000    0.0738968274    0.0001403109
   -6.3200000000    0.0738328997    0.0001400310
   -6.3100000000    0.0737690103    0.0001397516
   -6.3000000000    0.0737051593    0.0001394725
   -6.2900000000    0.0736413465    0.0001391939
   -6.2800000000    0.0735775718    0.0001389156
   -6.2700000000    0.0735138351    0.0001386377
   -6.2600000000    0.0734501361    0.0001383602
   -6.2500000000    0.0733864750    0.0001380830
   -6.2400000000    0.0733228514    0.0001378062
   -6.2300000000    0.0732592654    0.0001375298
   -6.2200000000    0.0731957167    0.0001372538
   -6.2100000000    0.0731322054    0.0001369782
   -6.2000000000    0.0730687312    0.0001367029
   -6.1900000000    0.0730052940    0.0001364280
   -6.1800000000    0.0729418938    0.0001361534
   -6.1700000000    0.0728785304    0.0001358792
   -6.1600000000    0.0728152037    0.0001356054
   -6.1500000000    0.0727519136    0.0001353319
   -6.1400000000    0.0726886599    0.0001350588
   -6.1300000000    0.0726254427    0.0001347860
   -6.1200000000    0.0725622617    0.0001345136
   -6.1100000000    0.0724991168    0.0001342415
   -6.1000000000    0.0724360080    0.0001339698
   -6.0900000000    0.0723729351    0.0001336984
   -6.0800000000    0.0723098980    0.0001334274
   -6.0700000000    0.0722468966    0.0001331568
   -6.0600000000    0.0721839308    0.0001328864
   -6.0500000000    0.0721210004    0.0001326164
   -6.0400000000    0.0720581054    0.0001323468
   -6.0300000000    0.0719952457    0.0001320774
   -6.0200000000    0.0719324211    0.0001318084
   -6.0100000000    0.0718696316    0.0001315398
   -6.0000000000    0.0718068769    0.0001312715
   -5.9900000000    0.0717441571    0.0001310035
   -5.9800000000    0.0716814720    0.0001307358
   -5.9700000000    0.0716188214    0.0001304684
   -5.9600000000    0.0715562054    0.0001302014
   -5.9500000000    0.0714936237    0.0001299347
   -5.9400000000    0.0714310763    0.0001296683
   -5.9300000000    0.0713685630    0.0001294023
   -5.9200000000    0.0713060838    0.0001291365
   -5.9100000000    0.0712436385    0.0001288711
   -5.9000000000    0.0711812270    0.0001286060
   -5.8900000000    0.0711188493    0.0001283412
   -5.8800000000    0.0710565052    0.0001280767
   -5.8700000000    0.0709941946    0.0001278125
   -5.8600000000    0.0709319174    0.0001275486
   -5.8500000000    0.0708696735    0.0001272850
   -5.8400000000    0.0708074627    0.0001270217
   -5.8300000000    0.0707452851    0.0001267587
   -5.8200000000    0.0706831404    0.0001264960
   -5.8100000000    0.0706210286    0.0001262336
   -5.8000000000    0.0705589495    0.0001259715
   -5.7900000000    0.0704969031    0.0001257097
   -5.7800000000    0.0704348892    0.0001254482
   -5.7700000000    0.0703729078    0.0001251870
   -5.7600000000    0.0703109586    0.0001249261
   -5.7500000000    0.0702490418    0.0001246654
   -5.7400000000    0.0701871570    0.0001244051
   -5.7300000000    0.0701253043    0.0001241450
   -5.7200000000    0.0700634834    0.0001238852
   -5.7100000000    0.0700016944    0.0001236257
   -5.7000000000    0.0699399371    0.0001233664
   -5.6900000000    0.0698782113    0.0001231075
   -5.6800000000    0.0698165171    0.0001228488
   -5.6700000000    0.0697548542    0.0001225904
   -5.6600000000    0.0696932227    0.0001223322
   -5.6500000000    0.0696316223    0.0001220743
   -5.6400000000    0.0695700529    0.0001218167
   -5.6300000000    0.0695085146    0.0001215594
   -5.6200000000    0.0694470071    0.0001213023
   -5.6100000000    0.0693855303    0.0001210455
   -5.6000000000    0.0693240843    0.0001207889
   -5.5900000000    0.0692626687    0.0001205326
   -5.5800000000    0.0692012837    0.0001202766
   -5.5700000000    0.0691399290    0.0001200208
   -5.5600000000    0.0690786045    0.0001197652
   -5.5500000000    0.0690173101    0.0001195099
   -5.5400000000    0.0689560458    0.0001192549
   -5.5300000000    0.0688948115    0.0001190001
   -5.5200000000    0.0688336069    0.0001187456
   -5.5100000000    0.0687724321    0.0001184913
   -5.5000000000    0.0687112870    0.0001182372
   -5.4900000000    0.0686501713    0.0001179834
   -5.4800000000    0.0685890851    0.0001177299
   -5.4700000000    0.0685280282    0.0001174765
   -5.4600000000    0.0684670005    0.0001172235
   -5.4500000000    0.0684060020    0.0001169706
   -5.4400000000    0.0683450324    0.0001167180
   -5.4300000000    0.0682840918    0.0001164656
   -5.4200000000    0.0682231800    0.0001162134
   -5.4100000000    0.0681622969    0.0001159615
   -5.4000000000    0.0681014424    0.0001157098
   -5.3900000000    0.0680406164    0.0001154583
   -5.3800000000    0.0679798188    0.0001152071
   -5.3700000000    0.0679190495    0.0001149560
   -5.3600000000    0.0678583085    0.0001147052
   -5.3500000000    0.0677975955    0.0001144546
   -5.3400000000    0.0677369106    0.0001142042
   -5.3300000000    0.0676762535    0.0001139541
   -5.3200000000    0.0676156243    0.0001137041
   -5.3100000000    0.0675550227    0.0001134544
   -5.3000000000    0.0674944488    0.0001132049
   -5.2900000000    0.0674339023    0.0001129556
   -5.2800000000    0.0673733833    0.0001127064
   -5.2700000000    0.0673128916    0.0001124575
   -5.2600000000    0.0672524270    0.0001122088
   -5.2500000000    0.0671919896    0.0001119603
   -5.2400000000    0.0671315792    0.0001117121
   -5.2300000000    0.0670711957    0.0001114640
   -5.2200000000    0.0670108389    0.0001112161
   -5.2100000000    0.0669505089    0.0001109684
   -5.2000000000    0.0668902055    0.0001107208
   -5.1900000000    0.0668299286    0.0001104735
   -5.1800000000    0.0667696781    0.0001102264
   -5.1700000000    0.0667094539    0.0001099795
   -5.1600000000    0.0666492559    0.0001097327
   -5.1500000000    0.0665890840    0.0001094861
   -5.1400000000    0.0665289381    0.0001092398
   -5.1300000000    0.0664688181    0.0001089936
   -5.1200000000    0.0664087240    0.0001087476
   -5.1100000000    0.0663486555    0.0001085017
   -5.1000000000    0.0662886127    0.0001082561
   -5.0900000000    0.0662285953    0.0001080106
   -5.0800000000    0.0661686034    0.0001077653
   -5.0700000000    0.0661086368    0.0001075201
   -5.0600000000    0.0660486954    0.0001072752
   -5.0500000000    0.0659887791    0.0001070304
   -5.0400000000    0.0659288879    0.0001067857
   -5.0300000000    0.0658690215    0.0001065413
   -5.0200000000    0.0658091800    0.0001062970
   -5.0100000000    0.0657493632    0.0001060528
   -5.0000000000    0.0656895710    0.0001058089
   -4.9900000000    0.0656298034    0.0001055651
   -4.9800000000    0.0655700602    0.0001053214
   -4.9700000000    0.0655103413    0.0001050779
   -4.9600000000    0.0654506466    0.0001048346
   -4.9500000000    0.0653909761    0.0001045914
   -4.9400000000    0.0653313296    0.0001043483
   -4.9300000000    0.0652717070    0.0001041054
   -4.9200000000    0.0652121083    0.0001038627
   -4.9100000000    0.0651525333    0.0001036201
   -4.9000000000    0.0650929820    0.0001033776
   -4.8900000000    0.0650334542    0.0001031353
   -4.8800000000    0.0649739498    0.0001028932
   -4.8700000000    0.0649144688    0.0001026511
   -4.8600000000    0.0648550110    0.0001024092
   -4.8500000000    0.0647955764    0.0001021675
   -4.8400000000    0.0647361648    0.0001019259
   -4.8300000000    0.0646767762    0.0001016844
   -4.8200000000    0.0646174104    0.0001014430
   -4.8100000000    0.0645580674    0.0001012018
   -4.8000000000    0.0644987471    0.0001009607
   -4.7900000000    0.0644394493    0.0001007197
   -4.7800000000    0.0643801740    0.0001004789
   -4.7700000000    0.0643209210    0.0001002382
   -4.7600000000    0.0642616903    0.0000999976
   -4.7500000000    0.0642024818    0.0000997571
   -4.7400000000    0.0641432954    0.0000995167
   -4.7300000000    0.0640841309    0.0000992765
   -4.7200000000    0.0640249883    0.0000990363
   -4.7100000000    0.0639658674    0.0000987963
   -4.7000000000    0.0639067683    0.0000985564
   -4.6900000000    0.0638476907    0.0000983166
   -4.6800000000    0.0637886346    0.0000980769
   -4.6700000000    0.0637295999    0.0000978373
   -4.6600000000    0.0636705865    0.0000975978
   -4.6500000000    0.0636115942    0.0000973584
   -4.6400000000    0.0635526231    0.0000971191
   -4.6300000000    0.0634936729    0.0000968800
   -4.6200000000    0.0634347436    0.0000966409
   -4.6100000000    0.0633758352    0.0000964019
   -4.6000000000    0.0633169474    0.0000961630
   -4.5900000000    0.0632580802    0.0000959242
   -4.5800000000    0.0631992335    0.0000956855
   -4.5700000000    0.0631404072    0.0000954469
   -4.5600000000    0.0630816013    0.0000952083
   -4.5500000000    0.0630228155    0.0000949699
   -4.5400000000    0.0629640498    0.0000947315
   -4.5300000000    0.0629053041    0.0000944932
   -4.5200000000    0.0628465784    0.0000942550
   -4.5100000000    0.0627878724    0.0000940169
   -4.5000000000    0.0627291862    0.0000937788
   -4.4900000000    0.0626705196    0.0000935408
   -4.4800000000    0.0626118724    0.0000933029
   -4.4700000000    0.0625532447    0.0000930651
   -4.4600000000    0.0624946363    0.0000928273
   -4.4500000000    0.0624360472    0.0000925896
   -4.4400000000    0.0623774771    0.0000923520
   -4.4300000000    0.0623189261    0.0000921144
   -4.4200000000    0.0622603939    0.0000918769
   -4.4100000000    0.0622018806    0.0000916395
   -4.4000000000    0.0621433861    0.0000914021
   -4.3900000000    0.0620849101    0.0000911647
   -4.3800000000    0.0620264526    0.0000909275
   -4.3700000000    0.0619680136    0.0000906902
   -4.3600000000    0.0619095929    0.0000904531
   -4.3500000000    0.0618511905    0.0000902159
   -4.3400000000    0.0617928061    0.0000899789
   -4.3300000000    0.0617344398    0.0000897418
   -4.3200000000    0.0616760914    0.0000895048
   -4.3100000000    0.0616177608    0.0000892679
   -4.3000000000    0.0615594479    0.0000890310
   -4.2900000000    0.0615011527    0.0000887941
   -4.2800000000    0.0614428749    0.0000885573
   -4.2700000000    0.0613846147    0.0000883205
   -4.2600000000    0.0613263717    0.0000880837
   -4.2500000000    0.0612681459    0.0000878470
   -4.2400000000    0.0612099373    0.0000876103
   -4.2300000000    0.0611517457    0.0000873736
   -4.2200000000    0.0610935710    0.0000871369
   -4.2100000000    0.0610354131    0.0000869003
   -4.2000000000    0.0609772719    0.0000866637
   -4.1900000000    0.0609191474    0.0000864271
   -4.1800000000    0.0608610394    0.0000861905
   -4.1700000000    0.0608029477    0.0000859539
   -4.1600000000    0.0607448724    0.0000857174
   -4.1500000000    0.0606868133    0.0000854809
   -4.1400000000    0.0606287703    0.0000852443
   -4.1300000000    0.0605707434    0.0000850078
   -4.1200000000    0.0605127323    0.0000847713
   -4.1100000000    0.0604547370    0.0000845348
   -4.1000000000    0.0603967574    0.0000842983
   -4.0900000000    0.0603387934    0.0000840617
   -4.0800000000    0.0602808450    0.0000838252
   -4.0700000000    0.0602229119    0.0000835887
   -4.0600000000    0.0601649940    0.0000833522
   -4.0500000000    0.0601070914    0.0000831156
   -4.0400000000    0.0600492039    0.0000828791
   -4.0300000000    0.0599913313    0.0000826425
   -4.0200000000    0.0599334737    0.0000824060
   -4.0100000000    0.0598756307    0.0000821694
   -4.0000000000    0.0598178025    0.0000819327
   -3.9900000000    0.0597599888    0.0000816961
   -3.9800000000    0.0597021896    0.0000814594
   -3.9700000000    0.0596444048    0.0000812228
   -3.9600000000    0.0595866342    0.0000809861
   -3.9500000000    0.0595288777    0.0000807493
   -3.9400000000    0.0594711353    0.0000805125
   -3.9300000000    0.0594134068    0.0000802757
   -3.9200000000    0.0593556922    0.0000800389
   -3.9100000000    0.0592979913    0.0000798020
   -3.9000000000    0.0592403040    0.0000795651
   -3.8900000000    0.0591826302    0.0000793281
   -3.8800000000    0.0591249698    0.0000790911
   -3.8700000000    0.0590673228    0.0000788540
   -3.8600000000    0.0590096889    0.0000786169
   -3.8500000000    0.0589520681    0.0000783798
   -3.8400000000    0.0588944604    0.0000781425
   -3.8300000000    0.0588368655    0.0000779053
   -3.8200000000    0.0587792833    0.0000776679
   -3.8100000000    0.0587217139    0.0000774305
   -3.8000000000    0.0586641570    0.0000771931
   -3.7900000000    0.0586066125    0.0000769556
   -3.7800000000    0.0585490804    0.0000767180
   -3.7700000000    0.0584915605    0.0000764803
   -3.7600000000    0.0584340528    0.0000762426
   -3.7500000000    0.0583765570    0.0000760048
   -3.7400000000    0.0583190732    0.0000757669
   -3.7300000000    0.0582616012    0.0000755289
   -3.7200000000    0.0582041409    0.0000752909
   -3.7100000000    0.0581466921    0.0000750528
   -3.7000000000    0.0580892548    0.0000748145
   -3.6900000000    0.0580318289    0.0000745762
   -3.6800000000    0.0579744142    0.0000743378
   -3.6700000000    0.0579170107    0.0000740993
   -3.6600000000    0.0578596182    0.0000738608
   -3.6500000000    0.0578022366    0.0000736221
   -3.6400000000    0.0577448658    0.0000733833
   -3.6300000000    0.0576875058    0.0000731444
   -3.6200000000    0.0576301563    0.0000729054
   -3.6100000000    0.0575728173    0.0000726663
   -3.6000000000    0.0575154886    0.0000724271
   -3.5900000000    0.0574581702    0.0000721877
   -3.5800000000    0.0574008619    0.0000719483
   -3.5700000000    0.0573435637    0.0000717087
   -3.5600000000    0.0572862753    0.0000714690
   -3.5500000000    0.0572289968    0.0000712292
   -3.5400000000    0.0571717279    0.0000709892
   -3.5300000000    0.0571144686    0.0000707492
   -3.5200000000    0.0570572187    0.0000705090
   -3.5100000000    0.0569999782    0.0000702686
   -3.5000000000    0.0569427469    0.0000700281
   -3.4900000000    0.0568855248    0.0000697875
   -3.4800000000    0.0568283116    0.0000695468
   -3.4700000000    0.0567711073    0.0000693058
   -3.4600000000    0.0567139117    0.0000690648
   -3.4500000000    0.0566567248    0.0000688236
   -3.4400000000    0.0565995464    0.0000685822
   -3.4300000000    0.0565423764    0.0000683407
   -3.4200000000    0.0564852147    0.0000680990
   -3.4100000000    0.0564280611    0.0000678572
   -3.4000000000    0.0563709157    0.0000676151
   -3.3900000000    0.0563137781    0.0000673730
   -3.3800000000    0.0562566484    0.0000671306
   -3.3700000000    0.0561995263    0.0000668881
   -3.3600000000    0.0561424119    0.0000666454
   -3.3500000000    0.0560853049    0.0000664025
   -3.3400000000    0.0560282052    0.0000661594
   -3.3300000000    0.0559711127    0.0000659161
   -3.3200000000    0.0559140273    0.0000656727
   -3.3100000000    0.0558569489    0.0000654291
   -3.3000000000    0.0557998774    0.0000651852
   -3.2900000000    0.0557428125    0.0000649412
   -3.2800000000    0.0556857543    0.0000646969
   -3.2700000000    0.0556287025    0.0000644525
   -3.2600000000    0.0555716571    0.0000642078
   -3.2500000000    0.0555146179    0.0000639630
   -3.2400000000    0.0554575848    0.0000637179
   -3.2300000000    0.0554005577    0.0000634726
   -3.2200000000    0.0553435365    0.0000632271
   -3.2100000000    0.0552865209    0.0000629813
   -3.2000000000    0.0552295110    0.0000627354
   -3.1900000000    0.0551725066    0.0000624892
   -3.1800000000    0.0551155074    0.0000622427
   -3.1700000000    0.0550585135    0.0000619960
   -3.1600000000    0.0550015247    0.0000617491
   -3.1500000000    0.0549445409    0.0000615020
   -3.1400000000    0.0548875619    0.0000612546
   -3.1300000000    0.0548305876    0.0000610069
   -3.1200000000    0.0547736178    0.0000607590
   -3.1100000000    0.0547166525    0.0000605108
   -3.1000000000    0.0546596915    0.0000602623
   -3.0900000000    0.0546027347    0.0000600136
   -3.0800000000    0.0545457819    0.0000597647
   -3.0700000000    0.0544888331    0.0000595154
   -3.0600000000    0.0544318880    0.0000592659
   -3.0500000000    0.0543749466    0.0000590161
   -3.0400000000    0.0543180086    0.0000587660
   -3.0300000000    0.0542610741    0.0000585156
   -3.0200000000    0.0542041428    0.0000582649
   -3.0100000000    0.0541472146    0.0000580140
   -3.0000000000    0.0540902893    0.0000577627
   -2.9900000000    0.0540333669    0.0000575111
   -2.9800000000    0.0539764472    0.0000572592
   -2.9700000000    0.0539195300    0.0000570070
   -2.9600000000    0.0538626153    0.0000567545
   -2.9500000000    0.0538057028    0.0000565017
   -2.9400000000    0.0537487924    0.0000562485
   -2.9300000000    0.0536918841    0.0000559951
   -2.9200000000    0.0536349776    0.0000557412
   -2.9100000000    0.0535780728    0.0000554871
   -2.9000000000    0.0535211696    0.0000552326
   -2.8900000000    0.0534642678    0.0000549778
   -2.8800000000    0.0534073673    0.0000547226
   -2.8700000000    0.0533504679    0.0000544671
   -2.8600000000    0.0532935695    0.0000542112
   -2.8500000000    0.0532366720    0.0000539549
   -2.8400000000    0.0531797752    0.0000536983
   -2.8300000000    0.0531228789    0.0000534413
   -2.8200000000    0.0530659830    0.0000531839
   -2.8100000000    0.0530090874    0.0000529262
   -2.8000000000    0.0529521919    0.0000526680
   -2.7900000000    0.0528952963    0.0000524095
   -2.7800000000    0.0528384006    0.0000521506
   -2.7700000000    0.0527815045    0.0000518913
   -2.7600000000    0.0527246079    0.0000516316
   -2.7500000000    0.0526677106    0.0000513715
   -2.7400000000    0.0526108126    0.0000511109
   -2.7300000000    0.0525539136    0.0000508500
   -2.7200000000    0.0524970135    0.0000505886
   -2.7100000000    0.0524401121    0.0000503268
   -2.7000000000    0.0523832093    0.0000500646
   -2.6900000000    0.0523263049    0.0000498019
   -2.6800000000    0.0522693987    0.0000495388
   -2.6700000000    0.0522124907    0.0000492752
   -2.6600000000    0.0521555806    0.0000490112
   -2.6500000000    0.0520986683    0.0000487467
   -2.6400000000    0.0520417536    0.0000484818
   -2.6300000000    0.0519848363    0.0000482164
   -2.6200000000    0.0519279163    0.0000479505
   -2.6100000000    0.0518709935    0.0000476841
   -2.6000000000    0.0518140676    0.0000474173
   -2.5900000000    0.0517571386    0.0000471500
   -2.5800000000    0.0517002061    0.0000468821
   -2.5700000000    0.0516432701    0.0000466138
   -2.5600000000    0.0515863304    0.0000463450
   -2.5500000000    0.0515293868    0.0000460756
   -2.5400000000    0.0514724392    0.0000458057
   -2.5300000000    0.0514154874    0.0000455354
   -2.5200000000    0.0513585311    0.0000452644
   -2.5100000000    0.0513015703    0.0000449930
   -2.5000000000    0.0512446048    0.0000447210
   -2.4900000000    0.0511876343    0.0000444484
   -2.4800000000    0.0511306588    0.0000441753
   -2.4700000000    0.0510736780    0.0000439016
   -2.4600000000    0.0510166917    0.0000436274
   -2.4500000000    0.0509596998    0.0000433526
   -2.4400000000    0.0509027021    0.0000430772
   -2.4300000000    0.0508456984    0.0000428012
   -2.4200000000    0.0507886885    0.0000425246
   -2.4100000000    0.0507316723    0.0000422475
   -2.4000000000    0.0506746495    0.0000419697
   -2.3900000000    0.0506176200    0.0000416913
   -2.3800000000    0.0505605836    0.0000414123
   -2.3700000000    0.0505035401    0.0000411326
   -2.3600000000    0.0504464893    0.0000408524
   -2.3500000000    0.0503894309    0.0000405714
   -2.3400000000    0.0503323650    0.0000402899
   -2.3300000000    0.0502752911    0.0000400077
   -2.3200000000    0.0502182092    0.0000397248
   -2.3100000000    0.0501611190    0.0000394412
   -2.3000000000    0.0501040204    0.0000391570
   -2.2900000000    0.0500469131    0.0000388721
   -2.2800000000    0.0499897969    0.0000385865
   -2.2700000000    0.0499326717    0.0000383002
   -2.2600000000    0.0498755372    0.0000380132
   -2.2500000000    0.0498183933    0.0000377254
   -2.2400000000    0.0497612397    0.0000374370
   -2.2300000000    0.0497040762    0.0000371478
   -2.2200000000    0.0496469026    0.0000368579
   -2.2100000000    0.0495897188    0.0000365672
   -2.2000000000    0.0495325244    0.0000362758
   -2.1900000000    0.0494753193    0.0000359836
   -2.1800000000    0.0494181033    0.0000356906
   -2.1700000000    0.0493608762    0.0000353968
   -2.1600000000    0.0493036377    0.0000351023
   -2.1500000000    0.0492463876    0.0000348070
   -2.1400000000    0.0491891257    0.0000345108
   -2.1300000000    0.0491318518    0.0000342139
   -2.1200000000    0.0490745657    0.0000339161
   -2.1100000000    0.0490172671    0.0000336174
   -2.1000000000    0.0489599558    0.0000333180
   -2.0900000000    0.0489026316    0.0000330177
   -2.0800000000    0.0488452943    0.0000327165
   -2.0700000000    0.0487879436    0.0000324144
   -2.0600000000    0.0487305792    0.0000321115
   -2.0500000000    0.0486732011    0.0000318076
   -2.0400000000    0.0486158088    0.0000315029
   -2.0300000000    0.0485584023    0.0000311972
   -2.0200000000    0.0485009811    0.0000308907
   -2.0100000000    0.0484435452    0.0000305832
   -2.0000000000    0.0483860943    0.0000302747
   -1.9900000000    0.0483286280    0.0000299653
   -1.9800000000    0.0482711462    0.0000296550
   -1.9700000000    0.0482136487    0.0000293436
   -1.9600000000    0.0481561351    0.0000290313
   -1.9500000000    0.0480986052    0.0000287180
   -1.9400000000    0.0480410588    0.0000284036
   -1.9300000000    0.0479834956    0.0000280883
   -1.9200000000    0.0479259154    0.0000277719
   -1.9100000000    0.0478683178    0.0000274545
   -1.9000000000    0.0478107027    0.0000271360
   -1.8900000000    0.0477530697    0.0000268165
   -1.8800000000    0.0476954186    0.0000264958
   -1.8700000000    0.0476377492    0.0000261741
   -1.8600000000    0.0475800611    0.0000258513
   -1.8500000000    0.0475223540    0.0000255274
   -1.8400000000    0.0474646278    0.0000252023
   -1.8300000000    0.0474068821    0.0000248761
   -1.8200000000    0.0473491167    0.0000245488
   -1.8100000000    0.0472913312    0.0000242202
   -1.8000000000    0.0472335254    0.0000238905
   -1.7900000000    0.0471756990    0.0000235597
   -1.7800000000    0.0471178517    0.0000232275
   -1.7700000000    0.0470599832    0.0000228942
   -1.7600000000    0.0470020932    0.0000225597
   -1.7500000000    0.0469441814    0.0000222239
   -1.7400000000    0.0468862476    0.0000218868
   -1.7300000000    0.0468282914    0.0000215484
   -1.7200000000    0.0467703124    0.0000212088
   -1.7100000000    0.0467123105    0.0000208678
   -1.7000000000    0.0466542853    0.0000205256
   -1.6900000000    0.0465962365    0.0000201819
   -1.6800000000    0.0465381637    0.0000198370
   -1.6700000000    0.0464800666    0.0000194906
   -1.6600000000    0.0464219450    0.0000191429
   -1.6500000000    0.0463637985    0.0000187938
   -1.6400000000    0.0463056268    0.0000184432
   -1.6300000000    0.0462474295    0.0000180913
   -1.6200000000    0.0461892063    0.0000177378
   -1.6100000000    0.0461309568    0.0000173829
   -1.6000000000    0.0460726808    0.0000170265
   -1.5900000000    0.0460143779    0.0000166687
   -1.5800000000    0.0459560478    0.0000163092
   -1.5700000000    0.0458976900    0.0000159483
   -1.5600000000    0.0458393042    0.0000155858
   -1.5500000000    0.0457808902    0.0000152217
   -1.5400000000    0.0457224475    0.0000148560
   -1.5300000000    0.0456639757    0.0000144887
   -1.5200000000    0.0456054745    0.0000141198
   -1.5100000000    0.0455469436    0.0000137492
   -1.5000000000    0.0454883825    0.0000133769
   -1.4900000000    0.0454297909    0.0000130030
   -1.4800000000    0.0453711683    0.0000126273
   -1.4700000000    0.0453125145    0.0000122499
   -1.4600000000    0.0452538290    0.0000118707
   -1.4500000000    0.0451951114    0.0000114898
   -1.4400000000    0.0451363614    0.0000111071
   -1.4300000000    0.0450775785    0.0000107225
   -1.4200000000    0.0450187623    0.0000103361
   -1.4100000000    0.0449599125    0.0000099479
   -1.4000000000    0.0449010285    0.0000095577
   -1.3900000000    0.0448421101    0.0000091656
   -1.3800000000    0.0447831567    0.0000087716
   -1.3700000000    0.0447241679    0.0000083757
   -1.3600000000    0.0446651434    0.0000079777
   -1.3500000000    0.0446060826    0.0000075777
   -1.3400000000    0.0445469852    0.0000071757
   -1.3300000000    0.0444878507    0.0000067717
   -1.3200000000    0.0444286786    0.0000063656
   -1.3100000000    0.0443694685    0.0000059573
   -1.3000000000    0.0443102200    0.0000055469
   -1.2900000000    0.0442509325    0.0000051343
   -1.2800000000    0.0441916057    0.0000047196
   -1.2700000000    0.0441322389    0.0000043026
   -1.2600000000    0.0440728319    0.0000038834
   -1.2500000000    0.0440133840    0.0000034619
   -1.2400000000    0.0439538948    0.0000030381
   -1.2300000000    0.0438943638    0.0000026119
   -1.2200000000    0.0438347904    0.0000021834
   -1.2100000000    0.0437751743    0.0000017525
   -1.2000000000    0.0437155148    0.0000013192
   -1.1900000000    0.0436558115    0.0000008833
   -1.1800000000    0.0435960638    0.0000004450
   -1.1700000000    0.0435362713    0.0000000042
   -1.1600000000    0.0434764333   -0.0000004392
   -1.1500000000    0.0434165493   -0.0000008852
   -1.1400000000    0.0433566188   -0.0000013338
   -1.1300000000    0.0432966413   -0.0000017850
   -1.1200000000    0.0432366161   -0.0000022390
   -1.1100000000    0.0431765427   -0.0000026957
   -1.1000000000    0.0431164206   -0.0000031552
   -1.0900000000    0.0430562491   -0.0000036175
   -1.0800000000    0.0429960277   -0.0000040826
   -1.0700000000    0.0429357557   -0.0000045506
   -1.0600000000    0.0428754327   -0.0000050216
   -1.0500000000    0.0428150579   -0.0000054955
   -1.0400000000    0.0427546307   -0.0000059724
   -1.0300000000    0.0426941506   -0.0000064523
   -1.0200000000    0.0426336168   -0.0000069354
   -1.0100000000    0.0425730288   -0.0000074215
   -1.0000000000    0.0425123860   -0.0000079109
   -0.9900000000    0.0424516876   -0.0000084034
   -0.9800000000    0.0423909329   -0.0000088992
   -0.9700000000    0.0423301214   -0.0000093984
   -0.9600000000    0.0422692524   -0.0000099008
   -0.9500000000    0.0422083251   -0.0000104067
   -0.9400000000    0.0421473389   -0.0000109160
   -0.9300000000    0.0420862930   -0.0000114289
   -0.9200000000    0.0420251867   -0.0000119452
   -0.9100000000    0.0419640194   -0.0000124652
   -0.9000000000    0.0419027903   -0.0000129888
   -0.8900000000    0.0418414986   -0.0000135161
   -0.8800000000    0.0417801436   -0.0000140472
   -0.8700000000    0.0417187245   -0.0000145821
   -0.8600000000    0.0416572406   -0.0000151208
   -0.8500000000    0.0415956910   -0.0000156635
   -0.8400000000    0.0415340750   -0.0000162101
   -0.8300000000    0.0414723918   -0.0000167608
   -0.8200000000    0.0414106405   -0.0000173156
   -0.8100000000    0.0413488204   -0.0000178745
   -0.8000000000    0.0412869306   -0.0000184376
   -0.7900000000    0.0412249702   -0.0000190050
   -0.7800000000    0.0411629384   -0.0000195768
   -0.7700000000    0.0411008344   -0.0000201530
   -0.7600000000    0.0410386571   -0.0000207336
   -0.7500000000    0.0409764058   -0.0000213188
   -0.7400000000    0.0409140795   -0.0000219086
   -0.7300000000    0.0408516774   -0.0000225031
   -0.7200000000    0.0407891984   -0.0000231024
   -0.7100000000    0.0407266416   -0.0000237064
   -0.7000000000    0.0406640060   -0.0000243154
   -0.6900000000    0.0406012908   -0.0000249293
   -0.6800000000    0.0405384949   -0.0000255483
   -0.6700000000    0.0404756172   -0.0000261725
   -0.6600000000    0.0404126568   -0.0000268018
   -0.6500000000    0.0403496127   -0.0000274364
   -0.6400000000    0.0402864837   -0.0000280764
   -0.6300000000    0.0402232689   -0.0000287219
   -0.6200000000    0.0401599671   -0.0000293730
   -0.6100000000    0.0400965772   -0.0000300296
   -0.6000000000    0.0400330982   -0.0000306920
   -0.5900000000    0.0399695289   -0.0000313602
   -0.5800000000    0.0399058682   -0.0000320344
   -0.5700000000    0.0398421148   -0.0000327145
   -0.5600000000    0.0397782677   -0.0000334008
   -0.5500000000    0.0397143255   -0.0000340932
   -0.5400000000    0.0396502872   -0.0000347920
   -0.5300000000    0.0395861514   -0.0000354972
   -0.5200000000    0.0395219169   -0.0000362089
   -0.5100000000    0.0394575824   -0.0000369272
   -0.5000000000    0.0393931466   -0.0000376523
   -0.4900000000    0.0393286083   -0.0000383843
   -0.4800000000    0.0392639660   -0.0000391232
   -0.4700000000    0.0391992184   -0.0000398692
   -0.4600000000    0.0391343641   -0.0000406224
   -0.4500000000    0.0390694018   -0.0000413829
   -0.4400000000    0.0390043299   -0.0000421509
   -0.4300000000    0.0389391470   -0.0000429265
   -0.4200000000    0.0388738517   -0.0000437098
   -0.4100000000    0.0388084425   -0.0000445010
   -0.4000000000    0.0387429178   -0.0000453001
   -0.3900000000    0.0386772761   -0.0000461074
   -0.3800000000    0.0386115158   -0.0000469229
   -0.3700000000    0.0385456353   -0.0000477469
   -0.3600000000    0.0384796329   -0.0000485794
   -0.3500000000    0.0384135071   -0.0000494207
   -0.3400000000    0.0383472561   -0.0000502708
   -0.3300000000    0.0382808782   -0.0000511300
   -0.3200000000    0.0382143717   -0.0000519984
   -0.3100000000    0.0381477348   -0.0000528761
   -0.3000000000    0.0380809656   -0.0000537634
   -0.2900000000    0.0380140624   -0.0000546605
   -0.2800000000    0.0379470232   -0.0000555674
   -0.2700000000    0.0378798463   -0.0000564844
   -0.2600000000    0.0378125295   -0.0000574116
   -0.2500000000    0.0377450710   -0.0000583494
   -0.2400000000    0.0376774687   -0.0000592978
   -0.2300000000    0.0376097206   -0.0000602570
   -0.2200000000    0.0375418246   -0.0000612274
   -0.2100000000    0.0374737786   -0.0000622090
   -0.2000000000    0.0374055804   -0.0000632021
   -0.1900000000    0.0373372278   -0.0000642069
   -0.1800000000    0.0372687186   -0.0000652237
   -0.1700000000    0.0372000505   -0.0000662526
   -0.1600000000    0.0371312211   -0.0000672940
   -0.1500000000    0.0370622281   -0.0000683480
   -0.1400000000    0.0369930691   -0.0000694150
   -0.1300000000    0.0369237416   -0.0000704951
   -0.1200000000    0.0368542430   -0.0000715887
   -0.1100000000    0.0367845708   -0.0000726960
   -0.1000000000    0.0367147225   -0.0000738173
   -0.0900000000    0.0366446953   -0.0000749528
   -0.0800000000    0.0365744865   -0.0000761029
   -0.0700000000    0.0365040933   -0.0000772679
   -0.0600000000    0.0364335129   -0.0000784480
   -0.0500000000    0.0363627425   -0.0000796436
   -0.0400000000    0.0362917791   -0.0000808551
   -0.0300000000    0.0362206196   -0.0000820826
   -0.0200000000    0.0361492611   -0.0000833267
   -0.0100000000    0.0360777003   -0.0000845876
    0.0000000000    0.0360059342   -0.0000858657
