  -20.0000000000    0.0024092800    0.0218139394
  -19.9900000000    0.0016697321    0.0215785781
  -19.9800000000    0.0009192190    0.0213610916
  -19.9700000000    0.0001589743    0.0211608205
  -19.9600000000   -0.0006099232    0.0209770847
  -19.9500000000   -0.0013865352    0.0208091964
  -19.9400000000   -0.0021700501    0.0206564716
  -19.9300000000   -0.0029597690    0.0205182386
  -19.9200000000   -0.0037550944    0.0203938435
  -19.9100000000   -0.0045555184    0.0202826560
  -19.9000000000   -0.0053606127    0.0201840716
  -19.8900000000   -0.0061700194    0.0200975145
  -19.8800000000   -0.0069834425    0.0200224386
  -19.8700000000   -0.0078006410    0.0199583279
  -19.8600000000   -0.0086214216    0.0199046973
  -19.8500000000   -0.0094456336    0.0198610913
  -19.8400000000   -0.0102731631    0.0198270843
  -19.8300000000   -0.0111039289    0.0198022793
  -19.8200000000   -0.0119378782    0.0197863071
  -19.8100000000   -0.0127749829    0.0197788251
  -19.8000000000   -0.0136152370    0.0197795163
  -19.7900000000   -0.0144586535    0.0197880883
  -19.7800000000   -0.0153052617    0.0198042718
  -19.7700000000   -0.0161551060    0.0198278200
  -19.7600000000   -0.0170082429    0.0198585069
  -19.7500000000   -0.0178647404    0.0198961270
  -19.7400000000   -0.0187246759    0.0199404936
  -19.7300000000   -0.0195881351    0.0199914384
  -19.7200000000   -0.0204552110    0.0200488105
  -19.7100000000   -0.0213260030    0.0201124755
  -19.7000000000   -0.0222006154    0.0201823148
  -19.6900000000   -0.0230791577    0.0202582249
  -19.6800000000   -0.0239617426    0.0203401171
  -19.6700000000   -0.0248484865    0.0204279164
  -19.6600000000   -0.0257395081    0.0205215614
  -19.6500000000   -0.0266349283    0.0206210039
  -19.6400000000   -0.0275348691    0.0207262080
  -19.6300000000   -0.0284394538    0.0208371504
  -19.6200000000   -0.0293488060    0.0209538197
  -19.6100000000   -0.0302630490    0.0210762163
  -19.6000000000   -0.0311823054    0.0212043518
  -19.5900000000   -0.0321066968    0.0213382495
  -19.5800000000   -0.0330363425    0.0214779435
  -19.5700000000   -0.0339713593    0.0216234790
  -19.5600000000   -0.0349118608    0.0217749118
  -19.5500000000   -0.0358579561    0.0219323083
  -19.5400000000   -0.0368097495    0.0220957455
  -19.5300000000   -0.0377673390    0.0222653100
  -19.5200000000   -0.0387308156    0.0224410987
  -19.5100000000   -0.0397002616    0.0226232175
  -19.5000000000   -0.0406757497    0.0228117811
  -19.4900000000   -0.0416573413    0.0230069125
  -19.4800000000   -0.0426450845    0.0232087417
  -19.4700000000   -0.0436390131    0.0234174048
  -19.4600000000   -0.0446391440    0.0236330423
  -19.4500000000   -0.0456454756    0.0238557973
  -19.4400000000   -0.0466579854    0.0240858131
  -19.4300000000   -0.0476766282    0.0243232303
  -19.4200000000   -0.0487013343    0.0245681830
  -19.4100000000   -0.0497320071    0.0248207947
  -19.4000000000   -0.0507685220    0.0250811729
  -19.3900000000   -0.0518107258    0.0253494031
  -19.3800000000   -0.0528584361    0.0256255414
  -19.3700000000   -0.0539114426    0.0259096067
  -19.3600000000   -0.0549695096    0.0262015716
  -19.3500000000   -0.0560323807    0.0265013521
  -19.3400000000   -0.0570997850    0.0268087979
  -19.3300000000   -0.0581714476    0.0271236818
  -19.3200000000   -0.0592471018    0.0274456899
  -19.3100000000   -0.0603265060    0.0277744134
  -19.3000000000   -0.0614094640    0.0281093428
  -19.2900000000   -0.0624958480    0.0284498663
  -19.2800000000   -0.0635856258    0.0287952732
  -19.2700000000   -0.0646788886    0.0291447635
  -19.2600000000   -0.0657758794    0.0294974663
  -19.2500000000   -0.0668770185    0.0298524653
  -19.2400000000   -0.0679829247    0.0302088341
  -19.2300000000   -0.0690944281    0.0305656773
  -19.2200000000   -0.0702125725    0.0309221786
  -19.2100000000   -0.0713386049    0.0312776494
  -19.2000000000   -0.0724739518    0.0316315765
  -19.1900000000   -0.0736201817    0.0319836634
  -19.1800000000   -0.0747789571    0.0323338608
  -19.1700000000   -0.0759519789    0.0326823832
  -19.1600000000   -0.0771409284    0.0330297107
  -19.1500000000   -0.0783474103    0.0333765739
  -19.1400000000   -0.0795729045    0.0337239260
  -19.1300000000   -0.0808187270    0.0340729026
  -19.1200000000   -0.0820860049    0.0344247761
  -19.1100000000   -0.0833756644    0.0347809067
  -19.1000000000   -0.0846884321    0.0351426961
  -19.0900000000   -0.0860248468    0.0355115452
  -19.0800000000   -0.0873852800    0.0358888197
  -19.0700000000   -0.0887699611    0.0362758241
  -19.0600000000   -0.0901790059    0.0366737838
  -19.0500000000   -0.0916124447    0.0370838354
  -19.0400000000   -0.0930702489    0.0375070239
  -19.0300000000   -0.0945523554    0.0379443046
  -19.0200000000   -0.0960586868    0.0383965502
  -19.0100000000   -0.0975891685    0.0388645598
  -19.0000000000   -0.0991437415    0.0393490696
  -18.9900000000   -0.1007223727    0.0398507648
  -18.9800000000   -0.1023250613    0.0403702911
  -18.9700000000   -0.1039518437    0.0409082664
  -18.9600000000   -0.1056027958    0.0414652906
  -18.9500000000   -0.1072780336    0.0420419563
  -18.9400000000   -0.1089777131    0.0426388570
  -18.9300000000   -0.1107020285    0.0432565952
  -18.9200000000   -0.1124512109    0.0438957897
  -18.9100000000   -0.1142255249    0.0445570815
  -18.9000000000   -0.1160252665    0.0452411395
  -18.8900000000   -0.1178507597    0.0459486656
  -18.8800000000   -0.1197023532    0.0466803992
  -18.8700000000   -0.1215804171    0.0474371212
  -18.8600000000   -0.1234853394    0.0482196578
  -18.8500000000   -0.1254175221    0.0490288842
  -18.8400000000   -0.1273773779    0.0498657273
  -18.8300000000   -0.1293653254    0.0507311697
  -18.8200000000   -0.1313817855    0.0516262517
  -18.8100000000   -0.1334271766    0.0525520747
  -18.8000000000   -0.1355019093    0.0535098037
  -18.7900000000   -0.1376063818    0.0545006694
  -18.7800000000   -0.1397409731    0.0555259709
  -18.7700000000   -0.1419060373    0.0565870769
  -18.7600000000   -0.1441018960    0.0576854279
  -18.7500000000   -0.1463288306    0.0588225363
  -18.7400000000   -0.1485870737    0.0599999872
  -18.7300000000   -0.1508767995    0.0612194374
  -18.7200000000   -0.1531981133    0.0624826138
  -18.7100000000   -0.1555510403    0.0637913095
  -18.7000000000   -0.1579355136    0.0651473797
  -18.6900000000   -0.1603513610    0.0665527335
  -18.6800000000   -0.1627982915    0.0680093246
  -18.6700000000   -0.1652758819    0.0695191383
  -18.6600000000   -0.1677835626    0.0710841743
  -18.6500000000   -0.1703206051    0.0727064259
  -18.6400000000   -0.1728861107    0.0743878542
  -18.6300000000   -0.1754790014    0.0761303562
  -18.6200000000   -0.1780980163    0.0779357280
  -18.6100000000   -0.1807417118    0.0798056213
  -18.6000000000   -0.1834084721    0.0817414938
  -18.5900000000   -0.1860965283    0.0837445553
  -18.5800000000   -0.1888039919    0.0858157084
  -18.5700000000   -0.1915289045    0.0879554889
  -18.5600000000   -0.1942693057    0.0901640073
  -18.5500000000   -0.1970233241    0.0924408967
  -18.5400000000   -0.1997892894    0.0947852743
  -18.5300000000   -0.2025658695    0.0971957217
  -18.5200000000   -0.2053522266    0.0996702959
  -18.5100000000   -0.2081481895    0.1022065766
  -18.5000000000   -0.2109544319    0.1048017613
  -18.4900000000   -0.2137726450    0.1074528125
  -18.4800000000   -0.2166056869    0.1101566611
  -18.4700000000   -0.2194576926    0.1129104635
  -18.4600000000   -0.2223341227    0.1157119021
  -18.4500000000   -0.2252417376    0.1185595154
  -18.4400000000   -0.2281884824    0.1214530316
  -18.4300000000   -0.2311832819    0.1243936806
  -18.4200000000   -0.2342357510    0.1273844544
  -18.4100000000   -0.2373558381    0.1304302896
  -18.4000000000   -0.2405534286    0.1335381537
  -18.3900000000   -0.2438379392    0.1367170259
  -18.3800000000   -0.2472179365    0.1399777759
  -18.3700000000   -0.2507008106    0.1433329552
  -18.3600000000   -0.2542925229    0.1467965243
  -18.3500000000   -0.2579974427    0.1503835431
  -18.3400000000   -0.2618182714    0.1541098548
  -18.3300000000   -0.2657560487    0.1579917864
  -18.3200000000   -0.2698102243    0.1620458869
  -18.3100000000   -0.2739787799    0.1662887147
  -18.3000000000   -0.2782583812    0.1707366803
  -18.2900000000   -0.2826445446    0.1754059432
  -18.2800000000   -0.2871318061    0.1803123601
  -18.2700000000   -0.2917138818    0.1854714774
  -18.2600000000   -0.2963838145    0.1908985634
  -18.2500000000   -0.3011341035    0.1966086729
  -18.2400000000   -0.3059568152    0.2026167424
  -18.2300000000   -0.3108436718    0.2089377143
  -18.2200000000   -0.3157861175    0.2155866890
  -18.2100000000   -0.3207753550    0.2225791077
  -18.2000000000   -0.3258023460    0.2299309646
  -18.1900000000   -0.3308577662    0.2376590492
  -18.1800000000   -0.3359319014    0.2457812129
  -18.1700000000   -0.3410144731    0.2543166524
  -18.1600000000   -0.3460943804    0.2632861953
  -18.1500000000   -0.3511593509    0.2727125690
  -18.1400000000   -0.3561954956    0.2826206318
  -18.1300000000   -0.3611867710    0.2930375409
  -18.1200000000   -0.3661143582    0.3039928350
  -18.1100000000   -0.3709559737    0.3155184112
  -18.1000000000   -0.3756851318    0.3276483822
  -18.0900000000   -0.3802703791    0.3404188050
  -18.0800000000   -0.3846745193    0.3538672785
  -18.0700000000   -0.3888538436    0.3680324098
  -18.0600000000   -0.3927573783    0.3829531482
  -18.0500000000   -0.3963261558    0.3986679875
  -18.0400000000   -0.3994925141    0.4152140257
  -18.0300000000   -0.4021794324    0.4326258698
  -18.0200000000   -0.4042999143    0.4509343648
  -18.0100000000   -0.4057564381    0.4701651181
  -18.0000000000   -0.4064405097    0.4903367907
  -17.9900000000   -0.4062323640    0.5114591235
  -17.9800000000   -0.4050008833    0.5335306737
  -17.9700000000   -0.4026038183    0.5565362453
  -17.9600000000   -0.3988884170    0.5804440158
  -17.9500000000   -0.3936925883    0.6052023877
  -17.9400000000   -0.3868467372    0.6307366269
  -17.9300000000   -0.3781764226    0.6569453978
  -17.9200000000   -0.3675059788    0.6836973578
  -17.9100000000   -0.3546632253    0.7108280417
  -17.9000000000   -0.3394853441    0.7381373311
  -17.8900000000   -0.3218259321    0.7653878718
  -17.8800000000   -0.3015631305    0.7923048546
  -17.8700000000   -0.2786085960    0.8185775977
  -17.8600000000   -0.2529169149    0.8438633489
  -17.8500000000   -0.2244948828    0.8677936451
  -17.8400000000   -0.1934099075    0.8899834102
  -17.8300000000   -0.1597966668    0.9100427366
  -17.8200000000   -0.1238611124    0.9275910009
  -17.8100000000   -0.0858809780    0.9422726240
  -17.8000000000   -0.0462021565    0.9537734636
  -17.7900000000   -0.0052306536    0.9618365750
  -17.7800000000    0.0365797298    0.9662759571
  -17.7700000000    0.0787433435    0.9669869605
  -17.7600000000    0.1207611590    0.9639522912
  -17.7500000000    0.1621403305    0.9572429671
  -17.7400000000    0.2024132578    0.9470141211
  -17.7300000000    0.2411546287    0.9334960928
  -17.7200000000    0.2779951900    0.9169817322
  -17.7100000000    0.3126314154    0.8978111656
  -17.7000000000    0.3448307261    0.8763554115
  -17.6900000000    0.3744323955    0.8530001842
  -17.6800000000    0.4013446594    0.8281310143
  -17.6700000000    0.4255388139    0.8021205119
  -17.6600000000    0.4470412106    0.7753182616
  -17.6500000000    0.4659240539    0.7480435125
  -17.6400000000    0.4822958144    0.7205805677
  -17.6300000000    0.4962919157    0.6931765820
  -17.6200000000    0.5080661763    0.6660413669
  -17.6100000000    0.5177833163    0.6393487500
  -17.6000000000    0.5256126814    0.6132390457
  -17.5900000000    0.5317232184    0.5878222311
  -17.5800000000    0.5362796401    0.5631814839
  -17.5700000000    0.5394396604    0.5393768098
  -17.5600000000    0.5413521456    0.5164485571
  -17.5500000000    0.5421560121    0.4944206823
  -17.5400000000    0.5419797092    0.4733036866
  -17.5300000000    0.5409411345    0.4530971874
  -17.5200000000    0.5391478556    0.4337921254
  -17.5100000000    0.5366975335    0.4153726274
  -17.5000000000    0.5336784676    0.3978175607
  -17.4900000000    0.5301702045    0.3811018194
  -17.4800000000    0.5262441710    0.3651973834
  -17.4700000000    0.5219643054    0.3500741880
  -17.4600000000    0.5173876709    0.3357008359
  -17.4500000000    0.5125650435    0.3220451794
  -17.4400000000    0.5075414682    0.3090747943
  -17.4300000000    0.5023567843    0.2967573642
  -17.4200000000    0.4970461155    0.2850609879
  -17.4100000000    0.4916403283    0.2739544230
  -17.4000000000    0.4861664569    0.2634072748
  -17.3900000000    0.4806480964    0.2533901388
  -17.3800000000    0.4751057646    0.2438747042
  -17.3700000000    0.4695572336    0.2348338243
  -17.3600000000    0.4640178325    0.2262415596
  -17.3500000000    0.4585007221    0.2180731984
  -17.3400000000    0.4530171440    0.2103052589
  -17.3300000000    0.4475766446    0.2029154768
  -17.3200000000    0.4421872766    0.1958827815
  -17.3100000000    0.4368557794    0.1891872632
  -17.3000000000    0.4315877403    0.1828101342
  -17.2900000000    0.4263877375    0.1767336846
  -17.2800000000    0.4212594674    0.1709412360
  -17.2700000000    0.4162058578    0.1654170928
  -17.2600000000    0.4112291674    0.1601464928
  -17.2500000000    0.4063310738    0.1551155581
  -17.2400000000    0.4015127517    0.1503112465
  -17.2300000000    0.3967749408    0.1457213043
  -17.2200000000    0.3921180060    0.1413342199
  -17.2100000000    0.3875419907    0.1371391802
  -17.2000000000    0.3830466624    0.1331260279
  -17.1900000000    0.3786315540    0.1292852214
  -17.1800000000    0.3742959991    0.1256077969
  -17.1700000000    0.3700391630    0.1220853316
  -17.1600000000    0.3658600697    0.1187099104
  -17.1500000000    0.3617576263    0.1154740933
  -17.1400000000    0.3577306429    0.1123708855
  -17.1300000000    0.3537778510    0.1093937091
  -17.1200000000    0.3498979191    0.1065363767
  -17.1100000000    0.3460894663    0.1037930667
  -17.1000000000    0.3423510738    0.1011582999
  -17.0900000000    0.3386812955    0.0986269183
  -17.0800000000    0.3350786666    0.0961940648
  -17.0700000000    0.3315417109    0.0938551644
  -17.0600000000    0.3280689479    0.0916059064
  -17.0500000000    0.3246588977    0.0894422288
  -17.0400000000    0.3213100862    0.0873603025
  -17.0300000000    0.3180210490    0.0853565171
  -17.0200000000    0.3147903349    0.0834274684
  -17.0100000000    0.3116165083    0.0815699455
  -17.0000000000    0.3084981522    0.0797809195
  -16.9900000000    0.3054338699    0.0780575333
  -16.9800000000    0.3024222865    0.0763970915
  -16.9700000000    0.2994620502    0.0747970510
  -16.9600000000    0.2965518337    0.0732550130
  -16.9500000000    0.2936903345    0.0717687149
  -16.9400000000    0.2908762759    0.0703360227
  -16.9300000000    0.2881084071    0.0689549248
  -16.9200000000    0.2853855039    0.0676235254
  -16.9100000000    0.2827063684    0.0663400386
  -16.9000000000    0.2800698296    0.0651027831
  -16.8900000000    0.2774747429    0.0639101778
  -16.8800000000    0.2749199907    0.0627607363
  -16.8700000000    0.2724044815    0.0616530637
  -16.8600000000    0.2699271506    0.0605858519
  -16.8500000000    0.2674869594    0.0595578772
  -16.8400000000    0.2650828957    0.0585679960
  -16.8300000000    0.2627139733    0.0576151428
  -16.8200000000    0.2603792322    0.0566983275
  -16.8100000000    0.2580777383    0.0558166328
  -16.8000000000    0.2558085838    0.0549692128
  -16.7900000000    0.2535708871    0.0541552907
  -16.7800000000    0.2513637931    0.0533741579
  -16.7700000000    0.2491864737    0.0526251724
  -16.7600000000    0.2470381279    0.0519077582
  -16.7500000000    0.2449179829    0.0512214045
  -16.7400000000    0.2428252947    0.0505656650
  -16.7300000000    0.2407593488    0.0499401580
  -16.7200000000    0.2387194622    0.0493445664
  -16.7100000000    0.2367049843    0.0487786377
  -16.7000000000    0.2347152990    0.0482421848
  -16.6900000000    0.2327498269    0.0477350861
  -16.6800000000    0.2308080280    0.0472572869
  -16.6700000000    0.2288894043    0.0468088003
  -16.6600000000    0.2269935040    0.0463897081
  -16.6500000000    0.2251199254    0.0460001624
  -16.6400000000    0.2232683217    0.0456403866
  -16.6300000000    0.2214384065    0.0453106776
  -16.6200000000    0.2196299606    0.0450114063
  -16.6100000000    0.2178428392    0.0447430196
  -16.6000000000    0.2160769805    0.0445060413
  -16.5900000000    0.2143324153    0.0443010730
  -16.5800000000    0.2126092782    0.0441287943
  -16.5700000000    0.2109078203    0.0439899629
  -16.5600000000    0.2092284230    0.0438854131
  -16.5500000000    0.2075716147    0.0438160535
  -16.5400000000    0.2059380881    0.0437828634
  -16.5300000000    0.2043287208    0.0437868866
  -16.5200000000    0.2027445973    0.0438292231
  -16.5100000000    0.2011870335    0.0439110180
  -16.5000000000    0.1996576034    0.0440334456
  -16.4900000000    0.1981581677    0.0441976896
  -16.4800000000    0.1966909048    0.0444049173
  -16.4700000000    0.1952583419    0.0446562467
  -16.4600000000    0.1938633881    0.0449527053
  -16.4500000000    0.1925093656    0.0452951803
  -16.4400000000    0.1912000399    0.0456843562
  -16.4300000000    0.1899396449    0.0461206412
  -16.4200000000    0.1887329015    0.0466040794
  -16.4100000000    0.1875850258    0.0471342480
  -16.4000000000    0.1865017220    0.0477101398
  -16.3900000000    0.1854891558    0.0483300304
  -16.3800000000    0.1845539008    0.0489913332
  -16.3700000000    0.1837028529    0.0496904435
  -16.3600000000    0.1829431044    0.0504225806
  -16.3500000000    0.1822817715    0.0511816326
  -16.3400000000    0.1817257693    0.0519600191
  -16.3300000000    0.1812815330    0.0527485846
  -16.3200000000    0.1809546836    0.0535365413
  -16.3100000000    0.1807496464    0.0543114823
  -16.3000000000    0.1806692362    0.0550594852
  -16.2900000000    0.1807142303    0.0557653259
  -16.2800000000    0.1808829605    0.0564128153
  -16.2700000000    0.1811709631    0.0569852644
  -16.2600000000    0.1815707293    0.0574660686
  -16.2500000000    0.1820715988    0.0578393863
  -16.2400000000    0.1826598325    0.0580908724
  -16.2300000000    0.1833188871    0.0582084089
  -16.2200000000    0.1840298938    0.0581827707
  -16.2100000000    0.1847723195    0.0580081591
  -16.2000000000    0.1855247668    0.0576825473
  -16.1900000000    0.1862658478    0.0572077991
  -16.1800000000    0.1869750578    0.0565895479
  -16.1700000000    0.1876335741    0.0558368485
  -16.1600000000    0.1882249165    0.0549616419
  -16.1500000000    0.1887354241    0.0539780879
  -16.1400000000    0.1891545281    0.0529018328
  -16.1300000000    0.1894748232    0.0517492758
  -16.1200000000    0.1896919588    0.0505368896
  -16.1100000000    0.1898043880    0.0492806364
  -16.1000000000    0.1898130160    0.0479955032
  -16.0900000000    0.1897207912    0.0466951658
  -16.0800000000    0.1895322776    0.0453917756
  -16.0700000000    0.1892532390    0.0440958569
  -16.0600000000    0.1888902573    0.0428162947
  -16.0500000000    0.1884503989    0.0415603924
  -16.0400000000    0.1879409350    0.0403339789
  -16.0300000000    0.1873691181    0.0391415469
  -16.0200000000    0.1867420090    0.0379864077
  -16.0100000000    0.1860663524    0.0368708501
  -16.0000000000    0.1853484907    0.0357962956
  -15.9900000000    0.1845943120    0.0347634437
  -15.9800000000    0.1838092235    0.0337724046
  -15.9700000000    0.1829981453    0.0328228163
  -15.9600000000    0.1821655190    0.0319139469
  -15.9500000000    0.1813153263    0.0310447821
  -15.9400000000    0.1804511155    0.0302140988
  -15.9300000000    0.1795760315    0.0294205260
  -15.9200000000    0.1786928476    0.0286625948
  -15.9100000000    0.1778039987    0.0279387791
  -15.9000000000    0.1769116135    0.0272475272
  -15.8900000000    0.1760175453    0.0265872875
  -15.8800000000    0.1751234007    0.0259565278
  -15.8700000000    0.1742305674    0.0253537498
  -15.8600000000    0.1733402383    0.0247775000
  -15.8500000000    0.1724534345    0.0242263774
  -15.8400000000    0.1715710256    0.0236990387
  -15.8300000000    0.1706937478    0.0231942008
  -15.8200000000    0.1698222206    0.0227106430
  -15.8100000000    0.1689569613    0.0222472071
  -15.8000000000    0.1680983978    0.0218027966
  -15.7900000000    0.1672468801    0.0213763754
  -15.7800000000    0.1664026904    0.0209669664
  -15.7700000000    0.1655660522    0.0205736488
  -15.7600000000    0.1647371378    0.0201955561
  -15.7500000000    0.1639160753    0.0198318733
  -15.7400000000    0.1631029547    0.0194818344
  -15.7300000000    0.1622978329    0.0191447198
  -15.7200000000    0.1615007387    0.0188198536
  -15.7100000000    0.1607116765    0.0185066011
  -15.7000000000    0.1599306301    0.0182043662
  -15.6900000000    0.1591575655    0.0179125896
  -15.6800000000    0.1583924336    0.0176307455
  -15.6700000000    0.1576351730    0.0173583404
  -15.6600000000    0.1568857111    0.0170949107
  -15.6500000000    0.1561439670    0.0168400206
  -15.6400000000    0.1554098521    0.0165932605
  -15.6300000000    0.1546832719    0.0163542452
  -15.6200000000    0.1539641271    0.0161226125
  -15.6100000000    0.1532523146    0.0158980212
  -15.6000000000    0.1525477282    0.0156801504
  -15.5900000000    0.1518502595    0.0154686977
  -15.5800000000    0.1511597987    0.0152633780
  -15.5700000000    0.1504762348    0.0150639227
  -15.5600000000    0.1497994563    0.0148700782
  -15.5500000000    0.1491293517    0.0146816052
  -15.5400000000    0.1484658095    0.0144982779
  -15.5300000000    0.1478087190    0.0143198828
  -15.5200000000    0.1471579700    0.0141462179
  -15.5100000000    0.1465134534    0.0139770924
  -15.5000000000    0.1458750614    0.0138123257
  -15.4900000000    0.1452426872    0.0136517467
  -15.4800000000    0.1446162258    0.0134951932
  -15.4700000000    0.1439955733    0.0133425116
  -15.4600000000    0.1433806278    0.0131935563
  -15.4500000000    0.1427712889    0.0130481889
  -15.4400000000    0.1421674580    0.0129062782
  -15.4300000000    0.1415690380    0.0127676993
  -15.4200000000    0.1409759338    0.0126323338
  -15.4100000000    0.1403880521    0.0125000690
  -15.4000000000    0.1398053013    0.0123707975
  -15.3900000000    0.1392275916    0.0122444172
  -15.3800000000    0.1386548350    0.0121208309
  -15.3700000000    0.1380869452    0.0119999459
  -15.3600000000    0.1375238378    0.0118816738
  -15.3500000000    0.1369654300    0.0117659303
  -15.3400000000    0.1364116407    0.0116526351
  -15.3300000000    0.1358623905    0.0115417113
  -15.3200000000    0.1353176017    0.0114330856
  -15.3100000000    0.1347771983    0.0113266878
  -15.3000000000    0.1342411056    0.0112224510
  -15.2900000000    0.1337092507    0.0111203110
  -15.2800000000    0.1331815621    0.0110202065
  -15.2700000000    0.1326579699    0.0109220788
  -15.2600000000    0.1321384056    0.0108258716
  -15.2500000000    0.1316228021    0.0107315310
  -15.2400000000    0.1311110936    0.0106390054
  -15.2300000000    0.1306032159    0.0105482453
  -15.2200000000    0.1300991060    0.0104592031
  -15.2100000000    0.1295987019    0.0103718333
  -15.2000000000    0.1291019434    0.0102860920
  -15.1900000000    0.1286087711    0.0102019374
  -15.1800000000    0.1281191269    0.0101193290
  -15.1700000000    0.1276329539    0.0100382280
  -15.1600000000    0.1271501963    0.0099585971
  -15.1500000000    0.1266707994    0.0098804005
  -15.1400000000    0.1261947096    0.0098036037
  -15.1300000000    0.1257218743    0.0097281735
  -15.1200000000    0.1252522418    0.0096540781
  -15.1100000000    0.1247857616    0.0095812866
  -15.1000000000    0.1243223841    0.0095097694
  -15.0900000000    0.1238620604    0.0094394982
  -15.0800000000    0.1234047427    0.0093704453
  -15.0700000000    0.1229503842    0.0093025844
  -15.0600000000    0.1224989386    0.0092358900
  -15.0500000000    0.1220503608    0.0091703374
  -15.0400000000    0.1216046062    0.0091059031
  -15.0300000000    0.1211616311    0.0090425640
  -15.0200000000    0.1207213926    0.0089802983
  -15.0100000000    0.1202838486    0.0089190846
  -15.0000000000    0.1198489575    0.0088589025
  -14.9900000000    0.1194166785    0.0087997321
  -14.9800000000    0.1189869716    0.0087415544
  -14.9700000000    0.1185597972    0.0086843509
  -14.9600000000    0.1181351166    0.0086281039
  -14.9500000000    0.1177128915    0.0085727963
  -14.9400000000    0.1172930844    0.0085184114
  -14.9300000000    0.1168756582    0.0084649334
  -14.9200000000    0.1164605765    0.0084123467
  -14.9100000000    0.1160478033    0.0083606365
  -14.9000000000    0.1156373033    0.0083097886
  -14.8900000000    0.1152290416    0.0082597889
  -14.8800000000    0.1148229839    0.0082106242
  -14.8700000000    0.1144190963    0.0081622816
  -14.8600000000    0.1140173453    0.0081147487
  -14.8500000000    0.1136176980    0.0080680134
  -14.8400000000    0.1132201219    0.0080220643
  -14.8300000000    0.1128245850    0.0079768902
  -14.8200000000    0.1124310555    0.0079324805
  -14.8100000000    0.1120395021    0.0078888247
  -14.8000000000    0.1116498941    0.0078459130
  -14.7900000000    0.1112622008    0.0078037358
  -14.7800000000    0.1108763922    0.0077622839
  -14.7700000000    0.1104924384    0.0077215486
  -14.7600000000    0.1101103099    0.0076815213
  -14.7500000000    0.1097299777    0.0076421939
  -14.7400000000    0.1093514129    0.0076035587
  -14.7300000000    0.1089745870    0.0075656081
  -14.7200000000    0.1085994717    0.0075283350
  -14.7100000000    0.1082260392    0.0074917327
  -14.7000000000    0.1078542616    0.0074557946
  -14.6900000000    0.1074841117    0.0074205144
  -14.6800000000    0.1071155622    0.0073858863
  -14.6700000000    0.1067485862    0.0073519048
  -14.6600000000    0.1063831569    0.0073185643
  -14.6500000000    0.1060192479    0.0072858601
  -14.6400000000    0.1056568329    0.0072537872
  -14.6300000000    0.1052958858    0.0072223413
  -14.6200000000    0.1049363807    0.0071915182
  -14.6100000000    0.1045782919    0.0071613140
  -14.6000000000    0.1042215938    0.0071317250
  -14.5900000000    0.1038662609    0.0071027480
  -14.5800000000    0.1035122681    0.0070743798
  -14.5700000000    0.1031595902    0.0070466176
  -14.5600000000    0.1028082023    0.0070194589
  -14.5500000000    0.1024580793    0.0069929014
  -14.5400000000    0.1021091967    0.0069669432
  -14.5300000000    0.1017615297    0.0069415826
  -14.5200000000    0.1014150538    0.0069168180
  -14.5100000000    0.1010697444    0.0068926483
  -14.5000000000    0.1007255771    0.0068690726
  -14.4900000000    0.1003825276    0.0068460902
  -14.4800000000    0.1000405716    0.0068237009
  -14.4700000000    0.0996996849    0.0068019045
  -14.4600000000    0.0993598431    0.0067807013
  -14.4500000000    0.0990210220    0.0067600917
  -14.4400000000    0.0986831976    0.0067400766
  -14.4300000000    0.0983463455    0.0067206569
  -14.4200000000    0.0980104417    0.0067018342
  -14.4100000000    0.0976754618    0.0066836099
  -14.4000000000    0.0973413817    0.0066659862
  -14.3900000000    0.0970081770    0.0066489653
  -14.3800000000    0.0966758236    0.0066325498
  -14.3700000000    0.0963442969    0.0066167426
  -14.3600000000    0.0960135725    0.0066015470
  -14.3500000000    0.0956836260    0.0065869666
  -14.3400000000    0.0953544327    0.0065730053
  -14.3300000000    0.0950259680    0.0065596673
  -14.3200000000    0.0946982069    0.0065469574
  -14.3100000000    0.0943711245    0.0065348805
  -14.3000000000    0.0940446959    0.0065234421
  -14.2900000000    0.0937188957    0.0065126479
  -14.2800000000    0.0933936986    0.0065025040
  -14.2700000000    0.0930690790    0.0064930172
  -14.2600000000    0.0927450112    0.0064841944
  -14.2500000000    0.0924214693    0.0064760430
  -14.2400000000    0.0920984271    0.0064685710
  -14.2300000000    0.0917758584    0.0064617867
  -14.2200000000    0.0914537364    0.0064556990
  -14.2100000000    0.0911320344    0.0064503172
  -14.2000000000    0.0908107253    0.0064456512
  -14.1900000000    0.0904897817    0.0064417115
  -14.1800000000    0.0901691759    0.0064385088
  -14.1700000000    0.0898488800    0.0064360548
  -14.1600000000    0.0895288656    0.0064343615
  -14.1500000000    0.0892091042    0.0064334417
  -14.1400000000    0.0888895667    0.0064333087
  -14.1300000000    0.0885702237    0.0064339766
  -14.1200000000    0.0882510456    0.0064354601
  -14.1100000000    0.0879320021    0.0064377746
  -14.1000000000    0.0876130627    0.0064409363
  -14.0900000000    0.0872941963    0.0064449621
  -14.0800000000    0.0869753715    0.0064498698
  -14.0700000000    0.0866565562    0.0064556780
  -14.0600000000    0.0863377181    0.0064624063
  -14.0500000000    0.0860188241    0.0064700750
  -14.0400000000    0.0856998407    0.0064787055
  -14.0300000000    0.0853807338    0.0064883203
  -14.0200000000    0.0850614686    0.0064989426
  -14.0100000000    0.0847420100    0.0065105971
  -14.0000000000    0.0844223219    0.0065233095
  -13.9900000000    0.0841023678    0.0065371066
  -13.9800000000    0.0837821104    0.0065520166
  -13.9700000000    0.0834615118    0.0065680689
  -13.9600000000    0.0831405332    0.0065852944
  -13.9500000000    0.0828191352    0.0066037254
  -13.9400000000    0.0824972775    0.0066233957
  -13.9300000000    0.0821749191    0.0066443408
  -13.9200000000    0.0818520182    0.0066665976
  -13.9100000000    0.0815285318    0.0066902052
  -13.9000000000    0.0812044165    0.0067152042
  -13.8900000000    0.0808796277    0.0067416374
  -13.8800000000    0.0805541197    0.0067695493
  -13.8700000000    0.0802278462    0.0067989870
  -13.8600000000    0.0799007597    0.0068299996
  -13.8500000000    0.0795728115    0.0068626387
  -13.8400000000    0.0792439521    0.0068969584
  -13.8300000000    0.0789141308    0.0069330154
  -13.8200000000    0.0785832957    0.0069708693
  -13.8100000000    0.0782513940    0.0070105828
  -13.8000000000    0.0779183713    0.0070522214
  -13.7900000000    0.0775841724    0.0070958542
  -13.7800000000    0.0772487407    0.0071415537
  -13.7700000000    0.0769120183    0.0071893962
  -13.7600000000    0.0765739461    0.0072394617
  -13.7500000000    0.0762344637    0.0072918346
  -13.7400000000    0.0758935093    0.0073466035
  -13.7300000000    0.0755510199    0.0074038619
  -13.7200000000    0.0752069310    0.0074637080
  -13.7100000000    0.0748611770    0.0075262453
  -13.7000000000    0.0745136908    0.0075915828
  -13.6900000000    0.0741644040    0.0076598357
  -13.6800000000    0.0738132468    0.0077311250
  -13.6700000000    0.0734601482    0.0078055787
  -13.6600000000    0.0731050359    0.0078833316
  -13.6500000000    0.0727478364    0.0079645264
  -13.6400000000    0.0723884751    0.0080493133
  -13.6300000000    0.0720268760    0.0081378514
  -13.6200000000    0.0716629626    0.0082303087
  -13.6100000000    0.0712966569    0.0083268627
  -13.6000000000    0.0709278807    0.0084277015
  -13.5900000000    0.0705565548    0.0085330239
  -13.5800000000    0.0701825997    0.0086430405
  -13.5700000000    0.0698059357    0.0087579742
  -13.5600000000    0.0694264830    0.0088780613
  -13.5500000000    0.0690441624    0.0090035525
  -13.5400000000    0.0686588952    0.0091347132
  -13.5300000000    0.0682706038    0.0092718253
  -13.5200000000    0.0678792122    0.0094151879
  -13.5100000000    0.0674846465    0.0095651186
  -13.5000000000    0.0670868356    0.0097219547
  -13.4900000000    0.0666857117    0.0098860546
  -13.4800000000    0.0662812115    0.0100577993
  -13.4700000000    0.0658732768    0.0102375939
  -13.4600000000    0.0654618558    0.0104258694
  -13.4500000000    0.0650469043    0.0106230840
  -13.4400000000    0.0646283871    0.0108297259
  -13.4300000000    0.0642062798    0.0110463143
  -13.4200000000    0.0637805706    0.0112734024
  -13.4100000000    0.0633512623    0.0115115792
  -13.4000000000    0.0629183752    0.0117614719
  -13.3900000000    0.0624819493    0.0120237487
  -13.3800000000    0.0620420482    0.0122991213
  -13.3700000000    0.0615987623    0.0125883479
  -13.3600000000    0.0611522131    0.0128922356
  -13.3500000000    0.0607025583    0.0132116440
  -13.3400000000    0.0602499966    0.0135474879
  -13.3300000000    0.0597947745    0.0139007405
  -13.3200000000    0.0593371930    0.0142724364
  -13.3100000000    0.0588776159    0.0146636749
  -13.3000000000    0.0584164783    0.0150756225
  -13.2900000000    0.0579542978    0.0155095158
  -13.2800000000    0.0574916851    0.0159666636
  -13.2700000000    0.0570293580    0.0164484489
  -13.2600000000    0.0565681560    0.0169563296
  -13.2500000000    0.0561090566    0.0174918390
  -13.2400000000    0.0556531945    0.0180565842
  -13.2300000000    0.0552018825    0.0186522433
  -13.2200000000    0.0547566342    0.0192805611
  -13.2100000000    0.0543191906    0.0199433406
  -13.2000000000    0.0538915478    0.0206424333
  -13.1900000000    0.0534759882    0.0213797235
  -13.1800000000    0.0530751142    0.0221571091
  -13.1700000000    0.0526918839    0.0229764755
  -13.1600000000    0.0523296491    0.0238396630
  -13.1500000000    0.0519921944    0.0247484250
  -13.1400000000    0.0516837769    0.0257043761
  -13.1300000000    0.0514091649    0.0267089293
  -13.1200000000    0.0511736733    0.0277632188
  -13.1100000000    0.0509831943    0.0288680079
  -13.1000000000    0.0508442186    0.0300235809
  -13.0900000000    0.0507638444    0.0312296170
  -13.0800000000    0.0507497677    0.0324850456
  -13.0700000000    0.0508102487    0.0337878847
  -13.0600000000    0.0509540471    0.0351350636
  -13.0500000000    0.0511903178    0.0365222340
  -13.0400000000    0.0515284596    0.0379435759
  -13.0300000000    0.0519779085    0.0393916086
  -13.0200000000    0.0525478693    0.0408570198
  -13.0100000000    0.0532469811    0.0423285297
  -13.0000000000    0.0540829182    0.0437928113
  -12.9900000000    0.0550619306    0.0452344904
  -12.9800000000    0.0561883414    0.0466362498
  -12.9700000000    0.0574640225    0.0479790612
  -12.9600000000    0.0588878841    0.0492425617
  -12.9500000000    0.0604554204    0.0504055850
  -12.9400000000    0.0621583610    0.0514468407
  -12.9300000000    0.0639844799    0.0523457188
  -12.9200000000    0.0659176076    0.0530831782
  -12.9100000000    0.0679378788    0.0536426587
  -12.9000000000    0.0700222292    0.0540109429
  -12.8900000000    0.0721451273    0.0541788911
  -12.8800000000    0.0742794989    0.0541419744
  -12.8700000000    0.0763977785    0.0539005514
  -12.8600000000    0.0784730031    0.0534598581
  -12.8500000000    0.0804798584    0.0528297099
  -12.8400000000    0.0823955948    0.0520239497
  -12.8300000000    0.0842007453    0.0510596975
  -12.8200000000    0.0858796068    0.0499564766
  -12.8100000000    0.0874204703    0.0487352934
  -12.8000000000    0.0888156155    0.0474177455
  -12.7900000000    0.0900611021    0.0460252180
  -12.7800000000    0.0911564058    0.0445782077
  -12.7700000000    0.0921039510    0.0430957995
  -12.7600000000    0.0929085894    0.0415952980
  -12.7500000000    0.0935770685    0.0400920056
  -12.7400000000    0.0941175234    0.0385991287
  -12.7300000000    0.0945390161    0.0371277869
  -12.7200000000    0.0948511353    0.0356871020
  -12.7100000000    0.0950636638    0.0342843413
  -12.7000000000    0.0951863126    0.0329250943
  -12.6900000000    0.0952285180    0.0316134667
  -12.6800000000    0.0951992932    0.0303522767
  -12.6700000000    0.0951071283    0.0291432459
  -12.6600000000    0.0949599281    0.0279871764
  -12.6500000000    0.0947649810    0.0268841116
  -12.6400000000    0.0945289505    0.0258334790
  -12.6300000000    0.0942578838    0.0248342138
  -12.6200000000    0.0939572322    0.0238848649
  -12.6100000000    0.0936318785    0.0229836848
  -12.6000000000    0.0932861680    0.0221287050
  -12.5900000000    0.0929239422    0.0213177987
  -12.5800000000    0.0925485715    0.0205487346
  -12.5700000000    0.0921629876    0.0198192215
  -12.5600000000    0.0917697144    0.0191269474
  -12.5500000000    0.0913708984    0.0184696137
  -12.5400000000    0.0909683376    0.0178449655
  -12.5300000000    0.0905635115    0.0172508196
  -12.5200000000    0.0901576111    0.0166850886
  -12.5100000000    0.0897515708    0.0161458024
  -12.5000000000    0.0893461009    0.0156311257
  -12.4900000000    0.0889417223    0.0151393713
  -12.4800000000    0.0885388008    0.0146690073
  -12.4700000000    0.0881375814    0.0142186595
  -12.4600000000    0.0877382209    0.0137871080
  -12.4500000000    0.0873408169    0.0133732780
  -12.4400000000    0.0869454332    0.0129762272
  -12.4300000000    0.0865521198    0.0125951296
  -12.4200000000    0.0861609284    0.0122292575
  -12.4100000000    0.0857719216    0.0118779638
  -12.4000000000    0.0853851789    0.0115406645
  -12.3900000000    0.0850007975    0.0112168237
  -12.3800000000    0.0846188912    0.0109059404
  -12.3700000000    0.0842395873    0.0106075381
  -12.3600000000    0.0838630215    0.0103211572
  -12.3500000000    0.0834893335    0.0100463496
  -12.3400000000    0.0831186623    0.0097826753
  -12.3300000000    0.0827511420    0.0095297006
  -12.3200000000    0.0823868981    0.0092869977
  -12.3100000000    0.0820260451    0.0090541452
  -12.3000000000    0.0816686846    0.0088307285
  -12.2900000000    0.0813149039    0.0086163412
  -12.2800000000    0.0809647760    0.0084105864
  -12.2700000000    0.0806183589    0.0082130775
  -12.2600000000    0.0802756967    0.0080234399
  -12.2500000000    0.0799368197    0.0078413111
  -12.2400000000    0.0796017456    0.0076663420
  -12.2300000000    0.0792704807    0.0074981969
  -12.2200000000    0.0789430204    0.0073365540
  -12.2100000000    0.0786193509    0.0071811057
  -12.2000000000    0.0782994499    0.0070315580
  -12.1900000000    0.0779832878    0.0068876309
  -12.1800000000    0.0776708287    0.0067490578
  -12.1700000000    0.0773620312    0.0066155853
  -12.1600000000    0.0770568493    0.0064869725
  -12.1500000000    0.0767552332    0.0063629912
  -12.1400000000    0.0764571300    0.0062434245
  -12.1300000000    0.0761624842    0.0061280671
  -12.1200000000    0.0758712381    0.0060167243
  -12.1100000000    0.0755833329    0.0059092115
  -12.1000000000    0.0752987083    0.0058053542
  -12.0900000000    0.0750173034    0.0057049868
  -12.0800000000    0.0747390570    0.0056079524
  -12.0700000000    0.0744639076    0.0055141026
  -12.0600000000    0.0741917939    0.0054232967
  -12.0500000000    0.0739226547    0.0053354012
  -12.0400000000    0.0736564296    0.0052502898
  -12.0300000000    0.0733930584    0.0051678426
  -12.0200000000    0.0731324819    0.0050879460
  -12.0100000000    0.0728746417    0.0050104921
  -12.0000000000    0.0726194803    0.0049353787
  -11.9900000000    0.0723669411    0.0048625086
  -11.9800000000    0.0721169686    0.0047917897
  -11.9700000000    0.0718695084    0.0047231342
  -11.9600000000    0.0716245071    0.0046564590
  -11.9500000000    0.0713819126    0.0045916848
  -11.9400000000    0.0711416737    0.0045287365
  -11.9300000000    0.0709037406    0.0044675423
  -11.9200000000    0.0706680644    0.0044080342
  -11.9100000000    0.0704345976    0.0043501471
  -11.9000000000    0.0702032937    0.0042938193
  -11.8900000000    0.0699741072    0.0042389918
  -11.8800000000    0.0697469941    0.0041856084
  -11.8700000000    0.0695219110    0.0041336157
  -11.8600000000    0.0692988161    0.0040829624
  -11.8500000000    0.0690776683    0.0040335997
  -11.8400000000    0.0688584276    0.0039854812
  -11.8300000000    0.0686410552    0.0039385622
  -11.8200000000    0.0684255132    0.0038928003
  -11.8100000000    0.0682117646    0.0038481548
  -11.8000000000    0.0679997734    0.0038045869
  -11.7900000000    0.0677895047    0.0037620593
  -11.7800000000    0.0675809243    0.0037205365
  -11.7700000000    0.0673739989    0.0036799844
  -11.7600000000    0.0671686962    0.0036403703
  -11.7500000000    0.0669649847    0.0036016631
  -11.7400000000    0.0667628336    0.0035638328
  -11.7300000000    0.0665622131    0.0035268506
  -11.7200000000    0.0663630939    0.0034906890
  -11.7100000000    0.0661654479    0.0034553217
  -11.7000000000    0.0659692472    0.0034207231
  -11.6900000000    0.0657744650    0.0033868691
  -11.6800000000    0.0655810750    0.0033537362
  -11.6700000000    0.0653890516    0.0033213020
  -11.6600000000    0.0651983700    0.0032895449
  -11.6500000000    0.0650090059    0.0032584441
  -11.6400000000    0.0648209355    0.0032279798
  -11.6300000000    0.0646341359    0.0031981328
  -11.6200000000    0.0644485845    0.0031688846
  -11.6100000000    0.0642642595    0.0031402175
  -11.6000000000    0.0640811393    0.0031121143
  -11.5900000000    0.0638992033    0.0030845587
  -11.5800000000    0.0637184311    0.0030575348
  -11.5700000000    0.0635388028    0.0030310273
  -11.5600000000    0.0633602991    0.0030050215
  -11.5500000000    0.0631829012    0.0029795032
  -11.5400000000    0.0630065906    0.0029544588
  -11.5300000000    0.0628313493    0.0029298751
  -11.5200000000    0.0626571599    0.0029057393
  -11.5100000000    0.0624840052    0.0028820391
  -11.5000000000    0.0623118686    0.0028587628
  -11.4900000000    0.0621407336    0.0028358989
  -11.4800000000    0.0619705844    0.0028134363
  -11.4700000000    0.0618014054    0.0027913644
  -11.4600000000    0.0616331815    0.0027696728
  -11.4500000000    0.0614658978    0.0027483516
  -11.4400000000    0.0612995398    0.0027273911
  -11.4300000000    0.0611340933    0.0027067821
  -11.4200000000    0.0609695445    0.0026865156
  -11.4100000000    0.0608058799    0.0026665828
  -11.4000000000    0.0606430862    0.0026469753
  -11.3900000000    0.0604811506    0.0026276849
  -11.3800000000    0.0603200604    0.0026087038
  -11.3700000000    0.0601598032    0.0025900244
  -11.3600000000    0.0600003670    0.0025716391
  -11.3500000000    0.0598417399    0.0025535409
  -11.3400000000    0.0596839105    0.0025357229
  -11.3300000000    0.0595268673    0.0025181782
  -11.3200000000    0.0593705993    0.0025009004
  -11.3100000000    0.0592150957    0.0024838831
  -11.3000000000    0.0590603459    0.0024671202
  -11.2900000000    0.0589063395    0.0024506058
  -11.2800000000    0.0587530665    0.0024343342
  -11.2700000000    0.0586005167    0.0024182997
  -11.2600000000    0.0584486806    0.0024024968
  -11.2500000000    0.0582975485    0.0023869205
  -11.2400000000    0.0581471112    0.0023715654
  -11.2300000000    0.0579973595    0.0023564267
  -11.2200000000    0.0578482844    0.0023414996
  -11.2100000000    0.0576998772    0.0023267794
  -11.2000000000    0.0575521293    0.0023122615
  -11.1900000000    0.0574050323    0.0022979415
  -11.1800000000    0.0572585778    0.0022838151
  -11.1700000000    0.0571127579    0.0022698783
  -11.1600000000    0.0569675645    0.0022561268
  -11.1500000000    0.0568229899    0.0022425568
  -11.1400000000    0.0566790265    0.0022291645
  -11.1300000000    0.0565356668    0.0022159460
  -11.1200000000    0.0563929034    0.0022028979
  -11.1100000000    0.0562507292    0.0021900165
  -11.1000000000    0.0561091371    0.0021772985
  -11.0900000000    0.0559681202    0.0021647405
  -11.0800000000    0.0558276717    0.0021523393
  -11.0700000000    0.0556877849    0.0021400917
  -11.0600000000    0.0555484533    0.0021279945
  -11.0500000000    0.0554096704    0.0021160450
  -11.0400000000    0.0552714300    0.0021042400
  -11.0300000000    0.0551337259    0.0020925767
  -11.0200000000    0.0549965519    0.0020810525
  -11.0100000000    0.0548599022    0.0020696646
  -11.0000000000    0.0547237709    0.0020584103
  -10.9900000000    0.0545881521    0.0020472871
  -10.9800000000    0.0544530404    0.0020362925
  -10.9700000000    0.0543184300    0.0020254241
  -10.9600000000    0.0541843156    0.0020146795
  -10.9500000000    0.0540506918    0.0020040564
  -10.9400000000    0.0539175534    0.0019935525
  -10.9300000000    0.0537848951    0.0019831656
  -10.9200000000    0.0536527119    0.0019728935
  -10.9100000000    0.0535209988    0.0019627343
  -10.9000000000    0.0533897508    0.0019526857
  -10.8900000000    0.0532589632    0.0019427459
  -10.8800000000    0.0531286312    0.0019329129
  -10.8700000000    0.0529987501    0.0019231847
  -10.8600000000    0.0528693153    0.0019135596
  -10.8500000000    0.0527403223    0.0019040356
  -10.8400000000    0.0526117668    0.0018946111
  -10.8300000000    0.0557301639   -0.0063674152
  -10.8200000000    0.0523559503    0.0018760535
  -10.8100000000    0.0522286809    0.0018669171
  -10.8000000000    0.0521018318    0.0018578734
  -10.7900000000    0.0519753990    0.0018489209
  -10.7800000000    0.0518493783    0.0018400581
  -10.7700000000    0.0517237659    0.0018312833
  -10.7600000000    0.0515985577    0.0018225952
  -10.7500000000    0.0514737501    0.0018139924
  -10.7400000000    0.0513493392    0.0018054733
  -10.7300000000    0.0512253213    0.0017970367
  -10.7200000000    0.0511016927    0.0017886811
  -10.7100000000    0.0509784498    0.0017804053
  -10.7000000000    0.0508555890    0.0017722081
  -10.6900000000    0.0507331069    0.0017640880
  -10.6800000000    0.0506110000    0.0017560439
  -10.6700000000    0.0504892649    0.0017480747
  -10.6600000000    0.0503678983    0.0017401790
  -10.6500000000    0.0502468969    0.0017323558
  -10.6400000000    0.0501262573    0.0017246039
  -10.6300000000    0.0500059765    0.0017169222
  -10.6200000000    0.0498860513    0.0017093097
  -10.6100000000    0.0497664785    0.0017017653
  -10.6000000000    0.0496472551    0.0016942878
  -10.5900000000    0.0495283781    0.0016868764
  -10.5800000000    0.0494098445    0.0016795300
  -10.5700000000    0.0492916514    0.0016722477
  -10.5600000000    0.0491737958    0.0016650285
  -10.5500000000    0.0490562750    0.0016578714
  -10.5400000000    0.0489390861    0.0016507755
  -10.5300000000    0.0488222264    0.0016437400
  -10.5200000000    0.0487056931    0.0016367640
  -10.5100000000    0.0485894835    0.0016298465
  -10.5000000000    0.0484735949    0.0016229868
  -10.4900000000    0.0483580248    0.0016161840
  -10.4800000000    0.0482427706    0.0016094373
  -10.4700000000    0.0481278296    0.0016027459
  -10.4600000000    0.0480131995    0.0015961090
  -10.4500000000    0.0478988776    0.0015895259
  -10.4400000000    0.0477848616    0.0015829958
  -10.4300000000    0.0476711490    0.0015765179
  -10.4200000000    0.0475577375    0.0015700916
  -10.4100000000    0.0474446247    0.0015637162
  -10.4000000000    0.0473318082    0.0015573908
  -10.3900000000    0.0472192858    0.0015511149
  -10.3800000000    0.0471070552    0.0015448878
  -10.3700000000    0.0469951141    0.0015387088
  -10.3600000000    0.0468834604    0.0015325773
  -10.3500000000    0.0467720919    0.0015264927
  -10.3400000000    0.0466610065    0.0015204542
  -10.3300000000    0.0465502019    0.0015144614
  -10.3200000000    0.0464396762    0.0015085135
  -10.3100000000    0.0463294272    0.0015026101
  -10.3000000000    0.0462194528    0.0014967505
  -10.2900000000    0.0461097512    0.0014909342
  -10.2800000000    0.0460003202    0.0014851607
  -10.2700000000    0.0458911579    0.0014794292
  -10.2600000000    0.0457822624    0.0014737394
  -10.2500000000    0.0456736317    0.0014680908
  -10.2400000000    0.0455652639    0.0014624826
  -10.2300000000    0.0454571572    0.0014569146
  -10.2200000000    0.0453493097    0.0014513861
  -10.2100000000    0.0452417195    0.0014458967
  -10.2000000000    0.0451343849    0.0014404459
  -10.1900000000    0.0450273040    0.0014350333
  -10.1800000000    0.0449204751    0.0014296582
  -10.1700000000    0.0448138965    0.0014243204
  -10.1600000000    0.0447075663    0.0014190193
  -10.1500000000    0.0446014829    0.0014137544
  -10.1300000000    0.0443900499    0.0014033319
  -10.1200000000    0.0442846969    0.0013981734
  -10.1100000000    0.0441795840    0.0013930494
  -10.1000000000    0.0440747096    0.0013879597
  -10.0900000000    0.0439700722    0.0013829037
  -10.0800000000    0.0438656702    0.0013778811
  -10.0700000000    0.0437615020    0.0013728915
  -10.0600000000    0.0436575660    0.0013679345
  -10.0500000000    0.0435538607    0.0013630097
  -10.0400000000    0.0434503847    0.0013581168
  -10.0300000000    0.0433471363    0.0013532554
  -10.0200000000    0.0432441143    0.0013484251
  -10.0100000000    0.0431413170    0.0013436257
  -10.0000000000    0.0430387430    0.0013388566
   -9.9900000000    0.0429363910    0.0013341177
   -9.9800000000    0.0428342595    0.0013294085
   -9.9700000000    0.0427323470    0.0013247288
   -9.9600000000    0.0426306523    0.0013200782
   -9.9500000000    0.0425291739    0.0013154564
   -9.9400000000    0.0424279104    0.0013108630
   -9.9300000000    0.0423268606    0.0013062978
   -9.9200000000    0.0422260231    0.0013017605
   -9.9100000000    0.0421253966    0.0012972507
   -9.9000000000    0.0420249798    0.0012927682
   -9.8900000000    0.0419247714    0.0012883126
   -9.8800000000    0.0418247702    0.0012838837
   -9.8700000000    0.0417249748    0.0012794812
   -9.8600000000    0.0416253840    0.0012751049
   -9.8500000000    0.0415259965    0.0012707543
   -9.8400000000    0.0414268113    0.0012664293
   -9.8300000000    0.0413278270    0.0012621297
   -9.8200000000    0.0412290424    0.0012578550
   -9.8100000000    0.0411304563    0.0012536052
   -9.8000000000    0.0410320677    0.0012493798
   -9.7900000000    0.0409338752    0.0012451788
   -9.7800000000    0.0408358779    0.0012410017
   -9.7700000000    0.0407380744    0.0012368484
   -9.7600000000    0.0406404637    0.0012327187
   -9.7500000000    0.0405430447    0.0012286123
   -9.7400000000    0.0404458162    0.0012245289
   -9.7300000000    0.0403487771    0.0012204684
   -9.7200000000    0.0402519264    0.0012164304
   -9.7100000000    0.0401552630    0.0012124149
   -9.7000000000    0.0400587859    0.0012084215
   -9.6900000000    0.0399624938    0.0012044500
   -9.6800000000    0.0398663859    0.0012005003
   -9.6700000000    0.0397704610    0.0011965721
   -9.6600000000    0.0396747182    0.0011926652
   -9.6500000000    0.0395791564    0.0011887794
   -9.6400000000    0.0394837746    0.0011849145
   -9.6300000000    0.0393885718    0.0011810703
   -9.6200000000    0.0392935470    0.0011772466
   -9.6100000000    0.0391986992    0.0011734432
   -9.6000000000    0.0391040274    0.0011696599
   -9.5900000000    0.0390095308    0.0011658965
   -9.5800000000    0.0389152083    0.0011621528
   -9.5700000000    0.0388210590    0.0011584287
   -9.5600000000    0.0387270819    0.0011547240
   -9.5500000000    0.0386332761    0.0011510384
   -9.5400000000    0.0385396406    0.0011473719
   -9.5300000000    0.0384461747    0.0011437241
   -9.5200000000    0.0383528773    0.0011400951
   -9.5100000000    0.0382597476    0.0011364845
   -9.5000000000    0.0381667846    0.0011328922
   -9.4900000000    0.0380739875    0.0011293181
   -9.4800000000    0.0379813555    0.0011257620
   -9.4700000000    0.0378888875    0.0011222237
   -9.4600000000    0.0377965828    0.0011187030
   -9.4500000000    0.0377044406    0.0011151999
   -9.4400000000    0.0376124599    0.0011117141
   -9.4300000000    0.0375206400    0.0011082455
   -9.4200000000    0.0374289799    0.0011047939
   -9.4100000000    0.0373374789    0.0011013593
   -9.4000000000    0.0372461362    0.0010979414
   -9.3900000000    0.0371549509    0.0010945401
   -9.3800000000    0.0370639222    0.0010911552
   -9.3700000000    0.0369730494    0.0010877867
   -9.3600000000    0.0368823316    0.0010844343
   -9.3500000000    0.0367917680    0.0010810979
   -9.3400000000    0.0367013579    0.0010777775
   -9.3300000000    0.0366111006    0.0010744728
   -9.3200000000    0.0365209951    0.0010711837
   -9.3100000000    0.0364310409    0.0010679101
   -9.3000000000    0.0363412370    0.0010646519
   -9.2900000000    0.0362515828    0.0010614089
   -9.2800000000    0.0361620775    0.0010581810
   -9.2700000000    0.0360727204    0.0010549681
   -9.2600000000    0.0359835108    0.0010517700
   -9.2500000000    0.0358944479    0.0010485866
   -9.2400000000    0.0358055310    0.0010454179
   -9.2300000000    0.0357167594    0.0010422636
   -9.2200000000    0.0356281323    0.0010391237
   -9.2100000000    0.0355396492    0.0010359980
   -9.2000000000    0.0354513092    0.0010328865
   -9.1900000000    0.0353631117    0.0010297890
   -9.1800000000    0.0352750560    0.0010267053
   -9.1700000000    0.0351871414    0.0010236355
   -9.1600000000    0.0350993673    0.0010205794
   -9.1500000000    0.0350117329    0.0010175368
   -9.1400000000    0.0349242377    0.0010145076
   -9.1300000000    0.0348368808    0.0010114919
   -9.1200000000    0.0347496618    0.0010084893
   -9.1100000000    0.0346625798    0.0010054999
   -9.1000000000    0.0345756344    0.0010025236
   -9.0900000000    0.0344888248    0.0009995601
   -9.0800000000    0.0344021504    0.0009966095
   -9.0700000000    0.0343156105    0.0009936717
   -9.0600000000    0.0342292046    0.0009907464
   -9.0500000000    0.0341429321    0.0009878337
   -9.0400000000    0.0340567922    0.0009849334
   -9.0300000000    0.0339707843    0.0009820455
   -9.0200000000    0.0338849080    0.0009791698
   -9.0100000000    0.0337991625    0.0009763063
   -9.0000000000    0.0337135473    0.0009734548
   -8.9900000000    0.0336280617    0.0009706153
   -8.9800000000    0.0335427052    0.0009677877
   -8.9700000000    0.0334574772    0.0009649718
   -8.9600000000    0.0333723771    0.0009621677
   -8.9500000000    0.0332874043    0.0009593751
   -8.9400000000    0.0332025582    0.0009565941
   -8.9300000000    0.0331178383    0.0009538245
   -8.9200000000    0.0330332440    0.0009510663
   -8.9100000000    0.0329487747    0.0009483193
   -8.9000000000    0.0328644299    0.0009455835
   -8.8900000000    0.0327802090    0.0009428588
   -8.8800000000    0.0326961114    0.0009401451
   -8.8700000000    0.0326121367    0.0009374424
   -8.8600000000    0.0325282842    0.0009347505
   -8.8500000000    0.0324445534    0.0009320694
   -8.8400000000    0.0323609438    0.0009293990
   -8.8300000000    0.0322774549    0.0009267392
   -8.8200000000    0.0321940860    0.0009240900
   -8.8100000000    0.0321108368    0.0009214512
   -8.8000000000    0.0320277066    0.0009188228
   -8.7900000000    0.0319446950    0.0009162047
   -8.7800000000    0.0318618014    0.0009135969
   -8.7700000000    0.0317790253    0.0009109993
   -8.7600000000    0.0316963662    0.0009084117
   -8.7500000000    0.0316138235    0.0009058342
   -8.7400000000    0.0315313969    0.0009032666
   -8.7300000000    0.0314490858    0.0009007089
   -8.7200000000    0.0313668896    0.0008981611
   -8.7100000000    0.0312848080    0.0008956230
   -8.7000000000    0.0312028403    0.0008930945
   -8.6900000000    0.0311209862    0.0008905757
   -8.6800000000    0.0310392450    0.0008880664
   -8.6700000000    0.0309576165    0.0008855666
   -8.6600000000    0.0308761000    0.0008830762
   -8.6500000000    0.0307946951    0.0008805952
   -8.6400000000    0.0307134013    0.0008781234
   -8.6300000000    0.0306322182    0.0008756609
   -8.6200000000    0.0305511452    0.0008732075
   -8.6100000000    0.0304701820    0.0008707632
   -8.6000000000    0.0303893280    0.0008683280
   -8.5900000000    0.0303085829    0.0008659017
   -8.5800000000    0.0302279461    0.0008634843
   -8.5700000000    0.0301474171    0.0008610758
   -8.5600000000    0.0300669957    0.0008586761
   -8.5500000000    0.0299866812    0.0008562851
   -8.5400000000    0.0299064733    0.0008539028
   -8.5300000000    0.0298263715    0.0008515291
   -8.5200000000    0.0297463753    0.0008491640
   -8.5100000000    0.0296664844    0.0008468073
   -8.5000000000    0.0295866983    0.0008444591
   -8.4900000000    0.0295070166    0.0008421193
   -8.4800000000    0.0294274388    0.0008397879
   -8.4700000000    0.0293479645    0.0008374647
   -8.4600000000    0.0292685933    0.0008351497
   -8.4500000000    0.0291893248    0.0008328429
   -8.4400000000    0.0291101586    0.0008305442
   -8.4300000000    0.0290310941    0.0008282536
   -8.4200000000    0.0289521312    0.0008259710
   -8.4100000000    0.0288732692    0.0008236964
   -8.4000000000    0.0287945078    0.0008214297
   -8.3900000000    0.0287158466    0.0008191708
   -8.3800000000    0.0286372853    0.0008169198
   -8.3700000000    0.0285588233    0.0008146765
   -8.3600000000    0.0284804603    0.0008124409
   -8.3500000000    0.0284021959    0.0008102129
   -8.3400000000    0.0283240297    0.0008079926
   -8.3300000000    0.0282459613    0.0008057798
   -8.3200000000    0.0281679904    0.0008035746
   -8.3100000000    0.0280901164    0.0008013768
   -8.3000000000    0.0280123391    0.0007991865
   -8.2900000000    0.0279346581    0.0007970035
   -8.2800000000    0.0278570730    0.0007948278
   -8.2700000000    0.0277795833    0.0007926594
   -8.2600000000    0.0277021888    0.0007904983
   -8.2500000000    0.0276248890    0.0007883443
   -8.2400000000    0.0275476837    0.0007861975
   -8.2300000000    0.0274705723    0.0007840578
   -8.2200000000    0.0273935545    0.0007819252
   -8.2100000000    0.0273166300    0.0007797995
   -8.2000000000    0.0272397984    0.0007776808
   -8.1900000000    0.0271630594    0.0007755691
   -8.1800000000    0.0270864125    0.0007734642
   -8.1700000000    0.0270098574    0.0007713662
   -8.1600000000    0.0269333939    0.0007692750
   -8.1500000000    0.0268570214    0.0007671905
   -8.1400000000    0.0267807396    0.0007651128
   -8.1300000000    0.0267045483    0.0007630417
   -8.1200000000    0.0266284470    0.0007609773
   -8.1100000000    0.0265524355    0.0007589195
   -8.1000000000    0.0264765133    0.0007568682
   -8.0900000000    0.0264006801    0.0007548234
   -8.0800000000    0.0263249355    0.0007527851
   -8.0700000000    0.0262492794    0.0007507533
   -8.0600000000    0.0261737112    0.0007487279
   -8.0500000000    0.0260982306    0.0007467088
   -8.0400000000    0.0260228374    0.0007446960
   -8.0300000000    0.0259475312    0.0007426895
   -8.0200000000    0.0258723116    0.0007406893
   -8.0100000000    0.0257971783    0.0007386953
   -8.0000000000    0.0257221311    0.0007367074
   -7.9900000000    0.0256471695    0.0007347257
   -7.9800000000    0.0255722933    0.0007327501
   -7.9700000000    0.0254975020    0.0007307806
   -7.9600000000    0.0254227955    0.0007288171
   -7.9500000000    0.0253481734    0.0007268596
   -7.9400000000    0.0252736353    0.0007249080
   -7.9300000000    0.0251991810    0.0007229624
   -7.9200000000    0.0251248101    0.0007210227
   -7.9100000000    0.0250505223    0.0007190888
   -7.9000000000    0.0249763174    0.0007171607
   -7.8900000000    0.0249021949    0.0007152385
   -7.8800000000    0.0248281546    0.0007133219
   -7.8700000000    0.0247541962    0.0007114111
   -7.8600000000    0.0246803193    0.0007095060
   -7.8500000000    0.0246065238    0.0007076066
   -7.8400000000    0.0245328092    0.0007057128
   -7.8300000000    0.0244591752    0.0007038245
   -7.8200000000    0.0243856216    0.0007019418
   -7.8100000000    0.0243121481    0.0007000647
   -7.8000000000    0.0242387543    0.0006981930
   -7.7900000000    0.0241654401    0.0006963268
   -7.7800000000    0.0240922050    0.0006944661
   -7.7700000000    0.0240190487    0.0006926107
   -7.7600000000    0.0239459711    0.0006907607
   -7.7500000000    0.0238729718    0.0006889161
   -7.7400000000    0.0238000505    0.0006870768
   -7.7300000000    0.0237272069    0.0006852427
   -7.7200000000    0.0236544407    0.0006834139
   -7.7100000000    0.0235817517    0.0006815903
   -7.7000000000    0.0235091396    0.0006797719
   -7.6900000000    0.0234366041    0.0006779587
   -7.6800000000    0.0233641449    0.0006761506
   -7.6700000000    0.0232917617    0.0006743476
   -7.6600000000    0.0232194542    0.0006725497
   -7.6500000000    0.0231472223    0.0006707568
   -7.6400000000    0.0230750655    0.0006689690
   -7.6300000000    0.0230029836    0.0006671861
   -7.6200000000    0.0229309765    0.0006654082
   -7.6100000000    0.0228590436    0.0006636353
   -7.6000000000    0.0227871849    0.0006618672
   -7.5900000000    0.0227154001    0.0006601040
   -7.5800000000    0.0226436888    0.0006583457
   -7.5700000000    0.0225720508    0.0006565923
   -7.5600000000    0.0225004859    0.0006548436
   -7.5500000000    0.0224289937    0.0006530997
   -7.5400000000    0.0223575740    0.0006513605
   -7.5300000000    0.0222862266    0.0006496261
   -7.5200000000    0.0222149512    0.0006478963
   -7.5100000000    0.0221437475    0.0006461713
   -7.5000000000    0.0220726153    0.0006444509
   -7.4900000000    0.0220015543    0.0006427351
   -7.4800000000    0.0219305642    0.0006410239
   -7.4700000000    0.0218596449    0.0006393172
   -7.4600000000    0.0217887959    0.0006376151
   -7.4500000000    0.0217180172    0.0006359176
   -7.4400000000    0.0216473084    0.0006342245
   -7.4300000000    0.0215766694    0.0006325359
   -7.4200000000    0.0215060997    0.0006308517
   -7.4100000000    0.0214355992    0.0006291720
   -7.4000000000    0.0213651677    0.0006274967
   -7.3900000000    0.0212948049    0.0006258257
   -7.3800000000    0.0212245105    0.0006241591
   -7.3700000000    0.0211542844    0.0006224968
   -7.3600000000    0.0210841262    0.0006208388
   -7.3500000000    0.0210140357    0.0006191852
   -7.3400000000    0.0209440127    0.0006175357
   -7.3300000000    0.0208740569    0.0006158905
   -7.3200000000    0.0208041681    0.0006142495
   -7.3100000000    0.0207343461    0.0006126128
   -7.3000000000    0.0206645906    0.0006109801
   -7.2900000000    0.0205949014    0.0006093516
   -7.2800000000    0.0205252783    0.0006077273
   -7.2700000000    0.0204557209    0.0006061070
   -7.2600000000    0.0203862292    0.0006044909
   -7.2500000000    0.0203168028    0.0006028787
   -7.2400000000    0.0202474415    0.0006012707
   -7.2300000000    0.0201781451    0.0005996666
   -7.2200000000    0.0201089133    0.0005980665
   -7.2100000000    0.0200397460    0.0005964704
   -7.2000000000    0.0199706429    0.0005948783
   -7.1900000000    0.0199016037    0.0005932901
   -7.1800000000    0.0198326283    0.0005917058
   -7.1700000000    0.0197637164    0.0005901253
   -7.1600000000    0.0196948678    0.0005885488
   -7.1500000000    0.0196260823    0.0005869761
   -7.1400000000    0.0195573596    0.0005854072
   -7.1300000000    0.0194886995    0.0005838421
   -7.1200000000    0.0194201019    0.0005822808
   -7.1100000000    0.0193515664    0.0005807233
   -7.1000000000    0.0192830929    0.0005791696
   -7.0900000000    0.0192146812    0.0005776195
   -7.0800000000    0.0191463309    0.0005760732
   -7.0700000000    0.0190780420    0.0005745305
   -7.0600000000    0.0190098142    0.0005729916
   -7.0500000000    0.0189416473    0.0005714562
   -7.0400000000    0.0188735410    0.0005699245
   -7.0300000000    0.0188054952    0.0005683964
   -7.0200000000    0.0187375097    0.0005668720
   -7.0100000000    0.0186695841    0.0005653510
   -7.0000000000    0.0186017184    0.0005638337
   -6.9900000000    0.0185339123    0.0005623198
   -6.9800000000    0.0184661656    0.0005608095
   -6.9700000000    0.0183984780    0.0005593027
   -6.9600000000    0.0183308495    0.0005577994
   -6.9500000000    0.0182632797    0.0005562995
   -6.9400000000    0.0181957685    0.0005548031
   -6.9300000000    0.0181283157    0.0005533101
   -6.9200000000    0.0180609210    0.0005518205
   -6.9100000000    0.0179935843    0.0005503343
   -6.9000000000    0.0179263053    0.0005488514
   -6.8900000000    0.0178590838    0.0005473719
   -6.8800000000    0.0177919198    0.0005458958
   -6.8700000000    0.0177248128    0.0005444230
   -6.8600000000    0.0176577628    0.0005429535
   -6.8500000000    0.0175907695    0.0005414872
   -6.8400000000    0.0175238328    0.0005400243
   -6.8300000000    0.0174569524    0.0005385646
   -6.8200000000    0.0173901282    0.0005371081
   -6.8100000000    0.0173233599    0.0005356548
   -6.8000000000    0.0172566474    0.0005342047
   -6.7900000000    0.0171899904    0.0005327579
   -6.7800000000    0.0171233888    0.0005313141
   -6.7700000000    0.0170568423    0.0005298736
   -6.7600000000    0.0169903509    0.0005284361
   -6.7500000000    0.0169239142    0.0005270018
   -6.7400000000    0.0168575321    0.0005255706
   -6.7300000000    0.0167912044    0.0005241425
   -6.7200000000    0.0167249309    0.0005227174
   -6.7100000000    0.0166587114    0.0005212954
   -6.7000000000    0.0165925457    0.0005198764
   -6.6900000000    0.0165264337    0.0005184605
   -6.6800000000    0.0164603751    0.0005170475
   -6.6700000000    0.0163943698    0.0005156376
   -6.6600000000    0.0163284175    0.0005142306
   -6.6500000000    0.0162625181    0.0005128266
   -6.6400000000    0.0161966715    0.0005114255
   -6.6300000000    0.0161308773    0.0005100273
   -6.6200000000    0.0160651355    0.0005086321
   -6.6100000000    0.0159994458    0.0005072397
   -6.6000000000    0.0159338081    0.0005058502
   -6.5900000000    0.0158682221    0.0005044636
   -6.5800000000    0.0158026878    0.0005030799
   -6.5700000000    0.0157372049    0.0005016989
   -6.5600000000    0.0156717731    0.0005003208
   -6.5500000000    0.0156063925    0.0004989455
   -6.5400000000    0.0155410627    0.0004975730
   -6.5300000000    0.0154757836    0.0004962033
   -6.5200000000    0.0154105550    0.0004948363
   -6.5100000000    0.0153453768    0.0004934721
   -6.5000000000    0.0152802487    0.0004921106
   -6.4900000000    0.0152151705    0.0004907518
   -6.4800000000    0.0151501422    0.0004893957
   -6.4700000000    0.0150851635    0.0004880423
   -6.4600000000    0.0150202342    0.0004866916
   -6.4500000000    0.0149553543    0.0004853436
   -6.4400000000    0.0148905234    0.0004839981
   -6.4300000000    0.0148257414    0.0004826554
   -6.4200000000    0.0147610082    0.0004813152
   -6.4100000000    0.0146963235    0.0004799776
   -6.4000000000    0.0146316873    0.0004786427
   -6.3900000000    0.0145670993    0.0004773103
   -6.3800000000    0.0145025593    0.0004759804
   -6.3700000000    0.0144380673    0.0004746532
   -6.3600000000    0.0143736229    0.0004733284
   -6.3500000000    0.0143092261    0.0004720062
   -6.3400000000    0.0142448767    0.0004706864
   -6.3300000000    0.0141805745    0.0004693692
   -6.3200000000    0.0141163193    0.0004680545
   -6.3100000000    0.0140521110    0.0004667422
   -6.3000000000    0.0139879494    0.0004654323
   -6.2900000000    0.0139238343    0.0004641249
   -6.2800000000    0.0138597656    0.0004628200
   -6.2700000000    0.0137957431    0.0004615174
   -6.2600000000    0.0137317667    0.0004602173
   -6.2500000000    0.0136678361    0.0004589195
   -6.2400000000    0.0136039512    0.0004576241
   -6.2300000000    0.0135401118    0.0004563310
   -6.2200000000    0.0134763178    0.0004550404
   -6.2100000000    0.0134125691    0.0004537520
   -6.2000000000    0.0133488653    0.0004524660
   -6.1900000000    0.0132852065    0.0004511822
   -6.1800000000    0.0132215924    0.0004499008
   -6.1700000000    0.0131580228    0.0004486216
   -6.1600000000    0.0130944977    0.0004473448
   -6.1500000000    0.0130310168    0.0004460701
   -6.1400000000    0.0129675799    0.0004447978
   -6.1300000000    0.0129041870    0.0004435276
   -6.1200000000    0.0128408378    0.0004422597
   -6.1100000000    0.0127775322    0.0004409940
   -6.1000000000    0.0127142701    0.0004397305
   -6.0900000000    0.0126510513    0.0004384691
   -6.0800000000    0.0125878755    0.0004372099
   -6.0700000000    0.0125247427    0.0004359529
   -6.0600000000    0.0124616528    0.0004346981
   -6.0500000000    0.0123986054    0.0004334453
   -6.0400000000    0.0123356006    0.0004321947
   -6.0300000000    0.0122726381    0.0004309462
   -6.0200000000    0.0122097178    0.0004296998
   -6.0100000000    0.0121468394    0.0004284554
   -6.0000000000    0.0120840030    0.0004272132
   -5.9900000000    0.0120212083    0.0004259730
   -5.9800000000    0.0119584551    0.0004247348
   -5.9700000000    0.0118957433    0.0004234987
   -5.9600000000    0.0118330728    0.0004222646
   -5.9500000000    0.0117704434    0.0004210326
   -5.9400000000    0.0117078549    0.0004198025
   -5.9300000000    0.0116453072    0.0004185744
   -5.9200000000    0.0115828001    0.0004173483
   -5.9100000000    0.0115203335    0.0004161241
   -5.9000000000    0.0114579072    0.0004149019
   -5.8900000000    0.0113955212    0.0004136817
   -5.8800000000    0.0113331751    0.0004124633
   -5.8700000000    0.0112708689    0.0004112469
   -5.8600000000    0.0112086025    0.0004100324
   -5.8500000000    0.0111463756    0.0004088198
   -5.8400000000    0.0110841882    0.0004076091
   -5.8300000000    0.0110220400    0.0004064002
   -5.8200000000    0.0109599310    0.0004051932
   -5.8100000000    0.0108978609    0.0004039881
   -5.8000000000    0.0108358297    0.0004027847
   -5.7900000000    0.0107738371    0.0004015833
   -5.7800000000    0.0107118831    0.0004003836
   -5.7700000000    0.0106499674    0.0003991857
   -5.7600000000    0.0105880900    0.0003979896
   -5.7500000000    0.0105262507    0.0003967953
   -5.7400000000    0.0104644493    0.0003956028
   -5.7300000000    0.0104026857    0.0003944120
   -5.7200000000    0.0103409598    0.0003932230
   -5.7100000000    0.0102792714    0.0003920357
   -5.7000000000    0.0102176203    0.0003908501
   -5.6900000000    0.0101560064    0.0003896662
   -5.6800000000    0.0100944296    0.0003884841
   -5.6700000000    0.0100328897    0.0003873036
   -5.6600000000    0.0099713866    0.0003861248
   -5.6500000000    0.0099099202    0.0003849476
   -5.6400000000    0.0098484902    0.0003837722
   -5.6300000000    0.0097870965    0.0003825983
   -5.6200000000    0.0097257391    0.0003814261
   -5.6100000000    0.0096644177    0.0003802555
   -5.6000000000    0.0096031322    0.0003790866
   -5.5900000000    0.0095418825    0.0003779192
   -5.5800000000    0.0094806684    0.0003767534
   -5.5700000000    0.0094194898    0.0003755892
   -5.5600000000    0.0093583465    0.0003744266
   -5.5500000000    0.0092972384    0.0003732655
   -5.5400000000    0.0092361654    0.0003721060
   -5.5300000000    0.0091751273    0.0003709480
   -5.5200000000    0.0091141239    0.0003697915
   -5.5100000000    0.0090531552    0.0003686365
   -5.5000000000    0.0089922210    0.0003674831
   -5.4900000000    0.0089313211    0.0003663311
   -5.4800000000    0.0088704555    0.0003651806
   -5.4700000000    0.0088096238    0.0003640315
   -5.4600000000    0.0087488262    0.0003628840
   -5.4500000000    0.0086880623    0.0003617378
   -5.4400000000    0.0086273320    0.0003605931
   -5.4300000000    0.0085666353    0.0003594499
   -5.4200000000    0.0085059719    0.0003583080
   -5.4100000000    0.0084453417    0.0003571675
   -5.4000000000    0.0083847447    0.0003560285
   -5.3900000000    0.0083241806    0.0003548908
   -5.3800000000    0.0082636492    0.0003537545
   -5.3700000000    0.0082031506    0.0003526195
   -5.3600000000    0.0081426845    0.0003514859
   -5.3500000000    0.0080822508    0.0003503536
   -5.3400000000    0.0080218493    0.0003492227
   -5.3300000000    0.0079614799    0.0003480930
   -5.3200000000    0.0079011425    0.0003469647
   -5.3100000000    0.0078408370    0.0003458376
   -5.3000000000    0.0077805632    0.0003447119
   -5.2900000000    0.0077203209    0.0003435874
   -5.2800000000    0.0076601100    0.0003424642
   -5.2700000000    0.0075999305    0.0003413422
   -5.2600000000    0.0075397821    0.0003402214
   -5.2500000000    0.0074796647    0.0003391019
   -5.2400000000    0.0074195782    0.0003379836
   -5.2300000000    0.0073595224    0.0003368665
   -5.2200000000    0.0072994972    0.0003357506
   -5.2100000000    0.0072395025    0.0003346359
   -5.2000000000    0.0071795381    0.0003335223
   -5.1900000000    0.0071196039    0.0003324100
   -5.1800000000    0.0070596998    0.0003312987
   -5.1700000000    0.0069998256    0.0003301886
   -5.1600000000    0.0069399812    0.0003290797
   -5.1500000000    0.0068801664    0.0003279718
   -5.1400000000    0.0068203811    0.0003268651
   -5.1300000000    0.0067606252    0.0003257594
   -5.1200000000    0.0067008986    0.0003246548
   -5.1100000000    0.0066412010    0.0003235513
   -5.1000000000    0.0065815325    0.0003224489
   -5.0900000000    0.0065218927    0.0003213475
   -5.0800000000    0.0064622817    0.0003202472
   -5.0700000000    0.0064026992    0.0003191479
   -5.0600000000    0.0063431451    0.0003180496
   -5.0500000000    0.0062836194    0.0003169523
   -5.0400000000    0.0062241218    0.0003158560
   -5.0300000000    0.0061646522    0.0003147607
   -5.0200000000    0.0061052105    0.0003136663
   -5.0100000000    0.0060457965    0.0003125729
   -5.0000000000    0.0059864102    0.0003114805
   -4.9900000000    0.0059270514    0.0003103890
   -4.9800000000    0.0058677198    0.0003092984
   -4.9700000000    0.0058084155    0.0003082088
   -4.9600000000    0.0057491383    0.0003071200
   -4.9500000000    0.0056898880    0.0003060322
   -4.9400000000    0.0056306646    0.0003049452
   -4.9300000000    0.0055714677    0.0003038591
   -4.9200000000    0.0055122975    0.0003027738
   -4.9100000000    0.0054531536    0.0003016894
   -4.9000000000    0.0053940360    0.0003006059
   -4.8900000000    0.0053349445    0.0002995231
   -4.8800000000    0.0052758790    0.0002984412
   -4.8700000000    0.0052168394    0.0002973601
   -4.8600000000    0.0051578255    0.0002962797
   -4.8500000000    0.0050988372    0.0002952001
   -4.8400000000    0.0050398743    0.0002941213
   -4.8300000000    0.0049809368    0.0002930433
   -4.8200000000    0.0049220244    0.0002919660
   -4.8100000000    0.0048631371    0.0002908894
   -4.8000000000    0.0048042747    0.0002898135
   -4.7900000000    0.0047454371    0.0002887383
   -4.7800000000    0.0046866241    0.0002876639
   -4.7700000000    0.0046278356    0.0002865901
   -4.7600000000    0.0045690716    0.0002855170
   -4.7500000000    0.0045103317    0.0002844445
   -4.7400000000    0.0044516159    0.0002833727
   -4.7300000000    0.0043929241    0.0002823015
   -4.7200000000    0.0043342562    0.0002812309
   -4.7100000000    0.0042756119    0.0002801610
   -4.7000000000    0.0042169912    0.0002790916
   -4.6900000000    0.0041583939    0.0002780228
   -4.6800000000    0.0040998199    0.0002769546
   -4.6700000000    0.0040412690    0.0002758869
   -4.6600000000    0.0039827412    0.0002748198
   -4.6500000000    0.0039242362    0.0002737533
   -4.6400000000    0.0038657540    0.0002726872
   -4.6300000000    0.0038072943    0.0002716216
   -4.6200000000    0.0037488572    0.0002705566
   -4.6100000000    0.0036904423    0.0002694920
   -4.6000000000    0.0036320497    0.0002684279
   -4.5900000000    0.0035736791    0.0002673642
   -4.5800000000    0.0035153304    0.0002663010
   -4.5700000000    0.0034570035    0.0002652382
   -4.5600000000    0.0033986983    0.0002641758
   -4.5500000000    0.0033404146    0.0002631138
   -4.5400000000    0.0032821522    0.0002620523
   -4.5300000000    0.0032239110    0.0002609910
   -4.5200000000    0.0031656910    0.0002599302
   -4.5100000000    0.0031074918    0.0002588697
   -4.5000000000    0.0030493135    0.0002578095
   -4.4900000000    0.0029911559    0.0002567496
   -4.4800000000    0.0029330188    0.0002556901
   -4.4700000000    0.0028749021    0.0002546308
   -4.4600000000    0.0028168057    0.0002535719
   -4.4500000000    0.0027587294    0.0002525131
   -4.4400000000    0.0027006730    0.0002514547
   -4.4300000000    0.0026426365    0.0002503964
   -4.4200000000    0.0025846197    0.0002493384
   -4.4100000000    0.0025266224    0.0002482806
   -4.4000000000    0.0024686445    0.0002472230
   -4.3900000000    0.0024106860    0.0002461656
   -4.3800000000    0.0023527465    0.0002451083
   -4.3700000000    0.0022948260    0.0002440511
   -4.3600000000    0.0022369244    0.0002429942
   -4.3500000000    0.0021790415    0.0002419373
   -4.3400000000    0.0021211771    0.0002408805
   -4.3300000000    0.0020633312    0.0002398238
   -4.3200000000    0.0020055035    0.0002387672
   -4.3100000000    0.0019476940    0.0002377106
   -4.3000000000    0.0018899025    0.0002366541
   -4.2900000000    0.0018321288    0.0002355976
   -4.2800000000    0.0017743727    0.0002345411
   -4.2700000000    0.0017166343    0.0002334846
   -4.2600000000    0.0016589133    0.0002324280
   -4.2500000000    0.0016012095    0.0002313715
   -4.2400000000    0.0015435228    0.0002303148
   -4.2300000000    0.0014858531    0.0002292581
   -4.2200000000    0.0014282003    0.0002282013
   -4.2100000000    0.0013705641    0.0002271444
   -4.2000000000    0.0013129444    0.0002260874
   -4.1900000000    0.0012553412    0.0002250302
   -4.1800000000    0.0011977541    0.0002239729
   -4.1700000000    0.0011401832    0.0002229154
   -4.1600000000    0.0010826281    0.0002218577
   -4.1500000000    0.0010250889    0.0002207998
   -4.1400000000    0.0009675653    0.0002197417
   -4.1300000000    0.0009100572    0.0002186833
   -4.1200000000    0.0008525644    0.0002176247
   -4.1100000000    0.0007950868    0.0002165658
   -4.1000000000    0.0007376243    0.0002155065
   -4.0900000000    0.0006801766    0.0002144470
   -4.0800000000    0.0006227436    0.0002133871
   -4.0700000000    0.0005653253    0.0002123269
   -4.0600000000    0.0005079213    0.0002112663
   -4.0500000000    0.0004505316    0.0002102052
   -4.0400000000    0.0003931560    0.0002091438
   -4.0300000000    0.0003357944    0.0002080820
   -4.0200000000    0.0002784466    0.0002070196
   -4.0100000000    0.0002211124    0.0002059568
   -4.0000000000    0.0001637917    0.0002048936
   -3.9900000000    0.0001064843    0.0002038298
   -3.9800000000    0.0000491901    0.0002027654
   -3.9700000000   -0.0000080911    0.0002017005
   -3.9600000000   -0.0000653594    0.0002006350
   -3.9500000000   -0.0001226150    0.0001995690
   -3.9400000000   -0.0001798582    0.0001985023
   -3.9300000000   -0.0002370889    0.0001974349
   -3.9200000000   -0.0002943074    0.0001963669
   -3.9100000000   -0.0003515139    0.0001952983
   -3.9000000000   -0.0004087086    0.0001942289
   -3.8900000000   -0.0004658915    0.0001931587
   -3.8800000000   -0.0005230628    0.0001920879
   -3.8700000000   -0.0005802228    0.0001910162
   -3.8600000000   -0.0006373715    0.0001899437
   -3.8500000000   -0.0006945092    0.0001888704
   -3.8400000000   -0.0007516360    0.0001877963
   -3.8300000000   -0.0008087521    0.0001867213
   -3.8200000000   -0.0008658576    0.0001856454
   -3.8100000000   -0.0009229528    0.0001845686
   -3.8000000000   -0.0009800377    0.0001834908
   -3.7900000000   -0.0010371127    0.0001824121
   -3.7800000000   -0.0010941777    0.0001813323
   -3.7700000000   -0.0011512331    0.0001802516
   -3.7600000000   -0.0012082790    0.0001791697
   -3.7500000000   -0.0012653155    0.0001780869
   -3.7400000000   -0.0013223429    0.0001770029
   -3.7300000000   -0.0013793612    0.0001759177
   -3.7200000000   -0.0014363708    0.0001748315
   -3.7100000000   -0.0014933718    0.0001737440
   -3.7000000000   -0.0015503643    0.0001726553
   -3.6900000000   -0.0016073485    0.0001715654
   -3.6800000000   -0.0016643247    0.0001704742
   -3.6700000000   -0.0017212929    0.0001693817
   -3.6600000000   -0.0017782534    0.0001682879
   -3.6500000000   -0.0018352064    0.0001671927
   -3.6400000000   -0.0018921521    0.0001660961
   -3.6300000000   -0.0019490906    0.0001649982
   -3.6200000000   -0.0020060221    0.0001638987
   -3.6100000000   -0.0020629469    0.0001627978
   -3.6000000000   -0.0021198650    0.0001616954
   -3.5900000000   -0.0021767768    0.0001605914
   -3.5800000000   -0.0022336824    0.0001594858
   -3.5700000000   -0.0022905819    0.0001583786
   -3.5600000000   -0.0023474757    0.0001572698
   -3.5500000000   -0.0024043638    0.0001561593
   -3.5400000000   -0.0024612465    0.0001550471
   -3.5300000000   -0.0025181239    0.0001539331
   -3.5200000000   -0.0025749964    0.0001528174
   -3.5100000000   -0.0026318640    0.0001516998
   -3.5000000000   -0.0026887271    0.0001505804
   -3.4900000000   -0.0027455857    0.0001494591
   -3.4800000000   -0.0028024401    0.0001483358
   -3.4700000000   -0.0028592905    0.0001472106
   -3.4600000000   -0.0029161372    0.0001460834
   -3.4500000000   -0.0029729802    0.0001449541
   -3.4400000000   -0.0030298199    0.0001438227
   -3.4300000000   -0.0030866564    0.0001426893
   -3.4200000000   -0.0031434901    0.0001415536
   -3.4100000000   -0.0032003209    0.0001404157
   -3.4000000000   -0.0032571493    0.0001392756
   -3.3900000000   -0.0033139754    0.0001381332
   -3.3800000000   -0.0033707995    0.0001369885
   -3.3700000000   -0.0034276217    0.0001358413
   -3.3600000000   -0.0034844423    0.0001346918
   -3.3500000000   -0.0035412615    0.0001335398
   -3.3400000000   -0.0035980796    0.0001323852
   -3.3300000000   -0.0036548967    0.0001312281
   -3.3200000000   -0.0037117132    0.0001300684
   -3.3100000000   -0.0037685292    0.0001289061
   -3.3000000000   -0.0038253450    0.0001277410
   -3.2900000000   -0.0038821608    0.0001265732
   -3.2800000000   -0.0039389768    0.0001254025
   -3.2700000000   -0.0039957934    0.0001242291
   -3.2600000000   -0.0040526107    0.0001230527
   -3.2500000000   -0.0041094290    0.0001218733
   -3.2400000000   -0.0041662485    0.0001206909
   -3.2300000000   -0.0042230695    0.0001195055
   -3.2200000000   -0.0042798923    0.0001183169
   -3.2100000000   -0.0043367170    0.0001171252
   -3.2000000000   -0.0043935440    0.0001159302
   -3.1900000000   -0.0044503735    0.0001147319
   -3.1800000000   -0.0045072058    0.0001135303
   -3.1700000000   -0.0045640412    0.0001123253
   -3.1600000000   -0.0046208798    0.0001111168
   -3.1500000000   -0.0046777221    0.0001099047
   -3.1400000000   -0.0047345682    0.0001086891
   -3.1300000000   -0.0047914184    0.0001074697
   -3.1200000000   -0.0048482730    0.0001062467
   -3.1100000000   -0.0049051323    0.0001050199
   -3.1000000000   -0.0049619965    0.0001037892
   -3.0900000000   -0.0050188660    0.0001025545
   -3.0800000000   -0.0050757411    0.0001013159
   -3.0700000000   -0.0051326220    0.0001000732
   -3.0600000000   -0.0051895090    0.0000988264
   -3.0500000000   -0.0052464024    0.0000975753
   -3.0400000000   -0.0053033026    0.0000963200
   -3.0300000000   -0.0053602097    0.0000950603
   -3.0200000000   -0.0054171243    0.0000937961
   -3.0100000000   -0.0054740464    0.0000925275
   -3.0000000000   -0.0055309765    0.0000912542
   -2.9900000000   -0.0055879149    0.0000899762
   -2.9800000000   -0.0056448619    0.0000886935
   -2.9700000000   -0.0057018178    0.0000874059
   -2.9600000000   -0.0057587829    0.0000861134
   -2.9500000000   -0.0058157576    0.0000848159
   -2.9400000000   -0.0058727423    0.0000835132
   -2.9300000000   -0.0059297371    0.0000822054
   -2.9200000000   -0.0059867426    0.0000808922
   -2.9100000000   -0.0060437590    0.0000795737
   -2.9000000000   -0.0061007867    0.0000782496
   -2.8900000000   -0.0061578260    0.0000769200
   -2.8800000000   -0.0062148773    0.0000755847
   -2.8700000000   -0.0062719410    0.0000742436
   -2.8600000000   -0.0063290174    0.0000728966
   -2.8500000000   -0.0063861069    0.0000715437
   -2.8400000000   -0.0064432099    0.0000701846
   -2.8300000000   -0.0065003267    0.0000688193
   -2.8200000000   -0.0065574578    0.0000674477
   -2.8100000000   -0.0066146035    0.0000660696
   -2.8000000000   -0.0066717642    0.0000646850
   -2.7900000000   -0.0067289404    0.0000632937
   -2.7800000000   -0.0067861323    0.0000618956
   -2.7700000000   -0.0068433405    0.0000604906
   -2.7600000000   -0.0069005654    0.0000590786
   -2.7500000000   -0.0069578073    0.0000576593
   -2.7400000000   -0.0070150667    0.0000562328
   -2.7300000000   -0.0070723441    0.0000547988
   -2.7200000000   -0.0071296398    0.0000533573
   -2.7100000000   -0.0071869543    0.0000519080
   -2.7000000000   -0.0072442881    0.0000504509
   -2.6900000000   -0.0073016416    0.0000489858
   -2.6800000000   -0.0073590152    0.0000475125
   -2.6700000000   -0.0074164095    0.0000460309
   -2.6600000000   -0.0074738249    0.0000445409
   -2.6500000000   -0.0075312619    0.0000430422
   -2.6400000000   -0.0075887210    0.0000415348
   -2.6300000000   -0.0076462027    0.0000400184
   -2.6200000000   -0.0077037074    0.0000384929
   -2.6100000000   -0.0077612357    0.0000369581
   -2.6000000000   -0.0078187881    0.0000354139
   -2.5900000000   -0.0078763651    0.0000338600
   -2.5800000000   -0.0079339673    0.0000322963
   -2.5700000000   -0.0079915952    0.0000307226
   -2.5600000000   -0.0080492493    0.0000291387
   -2.5500000000   -0.0081069301    0.0000275444
   -2.5400000000   -0.0081646384    0.0000259395
   -2.5300000000   -0.0082223745    0.0000243238
   -2.5200000000   -0.0082801392    0.0000226970
   -2.5100000000   -0.0083379329    0.0000210591
   -2.5000000000   -0.0083957564    0.0000194097
   -2.4900000000   -0.0084536101    0.0000177486
   -2.4800000000   -0.0085114947    0.0000160756
   -2.4700000000   -0.0085694109    0.0000143904
   -2.4600000000   -0.0086273592    0.0000126929
   -2.4500000000   -0.0086853404    0.0000109828
   -2.4400000000   -0.0087433550    0.0000092598
   -2.4300000000   -0.0088014038    0.0000075236
   -2.4200000000   -0.0088594873    0.0000057741
   -2.4100000000   -0.0089176064    0.0000040108
   -2.4000000000   -0.0089757617    0.0000022336
   -2.3900000000   -0.0090339539    0.0000004422
   -2.3800000000   -0.0090921838   -0.0000013637
   -2.3700000000   -0.0091504520   -0.0000031845
   -2.3600000000   -0.0092087594   -0.0000050204
   -2.3500000000   -0.0092671066   -0.0000068717
   -2.3400000000   -0.0093254945   -0.0000087388
   -2.3300000000   -0.0093839239   -0.0000106220
   -2.3200000000   -0.0094423955   -0.0000125216
   -2.3100000000   -0.0095009101   -0.0000144380
   -2.3000000000   -0.0095594687   -0.0000163715
   -2.2900000000   -0.0096180720   -0.0000183226
   -2.2800000000   -0.0096767209   -0.0000202914
   -2.2700000000   -0.0097354162   -0.0000222786
   -2.2600000000   -0.0097941589   -0.0000242844
   -2.2500000000   -0.0098529499   -0.0000263092
   -2.2400000000   -0.0099117900   -0.0000283535
   -2.2300000000   -0.0099706803   -0.0000304176
   -2.2200000000   -0.0100296216   -0.0000325021
   -2.2100000000   -0.0100886151   -0.0000346073
   -2.2000000000   -0.0101476615   -0.0000367338
   -2.1900000000   -0.0102067620   -0.0000388819
   -2.1800000000   -0.0102659176   -0.0000410523
   -2.1700000000   -0.0103251294   -0.0000432453
   -2.1600000000   -0.0103843984   -0.0000454615
   -2.1500000000   -0.0104437256   -0.0000477014
   -2.1400000000   -0.0105031123   -0.0000499656
   -2.1300000000   -0.0105625595   -0.0000522545
   -2.1200000000   -0.0106220685   -0.0000545689
   -2.1100000000   -0.0106816403   -0.0000569092
   -2.1000000000   -0.0107412762   -0.0000592761
   -2.0900000000   -0.0108009774   -0.0000616701
   -2.0800000000   -0.0108607452   -0.0000640920
   -2.0700000000   -0.0109205808   -0.0000665424
   -2.0600000000   -0.0109804856   -0.0000690220
   -2.0500000000   -0.0103995767    0.0014166954
   -2.0400000000   -0.0111005079   -0.0000740713
   -2.0300000000   -0.0111606282   -0.0000766426
   -2.0200000000   -0.0112208231   -0.0000792459
   -2.0100000000   -0.0112810941   -0.0000818821
   -2.0000000000   -0.0113414426   -0.0000845520
   -1.9900000000   -0.0114018702   -0.0000872563
   -1.9800000000   -0.0114623784   -0.0000899959
   -1.9700000000   -0.0115229688   -0.0000927718
   -1.9600000000   -0.0115836429   -0.0000955848
   -1.9500000000   -0.0116444025   -0.0000984359
   -1.9400000000   -0.0117052491   -0.0001013259
   -1.9300000000   -0.0117661845   -0.0001042561
   -1.9200000000   -0.0118272105   -0.0001072272
   -1.9100000000   -0.0118883289   -0.0001102405
   -1.9000000000   -0.0119495414   -0.0001132969
   -1.8900000000   -0.0120108499   -0.0001163977
   -1.8800000000   -0.0120722565   -0.0001195440
   -1.8700000000   -0.0121337629   -0.0001227370
   -1.8600000000   -0.0121953713   -0.0001259779
   -1.8500000000   -0.0122570837   -0.0001292681
   -1.8400000000   -0.0123189021   -0.0001326088
   -1.8300000000   -0.0123808288   -0.0001360014
   -1.8200000000   -0.0124428659   -0.0001394474
   -1.8100000000   -0.0125050156   -0.0001429481
   -1.8000000000   -0.0125672804   -0.0001465052
   -1.7900000000   -0.0126296625   -0.0001501201
   -1.7800000000   -0.0126921643   -0.0001537946
   -1.7700000000   -0.0127547884   -0.0001575302
   -1.7600000000   -0.0128175372   -0.0001613287
   -1.7500000000   -0.0128804134   -0.0001651919
   -1.7400000000   -0.0129434196   -0.0001691217
   -1.7300000000   -0.0130065586   -0.0001731200
   -1.7200000000   -0.0130698331   -0.0001771887
   -1.7100000000   -0.0131332460   -0.0001813300
   -1.7000000000   -0.0131968002   -0.0001855460
   -1.6900000000   -0.0132604989   -0.0001898389
   -1.6800000000   -0.0133243449   -0.0001942110
   -1.6700000000   -0.0133883416   -0.0001986646
   -1.6600000000   -0.0134524922   -0.0002032024
   -1.6500000000   -0.0135167999   -0.0002078268
   -1.6400000000   -0.0135812683   -0.0002125405
   -1.6300000000   -0.0136459008   -0.0002173463
   -1.6200000000   -0.0137107010   -0.0002222471
   -1.6100000000   -0.0137756727   -0.0002272458
   -1.6000000000   -0.0138408196   -0.0002323455
   -1.5900000000   -0.0139061456   -0.0002375495
   -1.5800000000   -0.0139716548   -0.0002428611
   -1.5700000000   -0.0140373511   -0.0002482839
   -1.5600000000   -0.0141032390   -0.0002538213
   -1.5500000000   -0.0141693226   -0.0002594773
   -1.5400000000   -0.0142356064   -0.0002652557
   -1.5300000000   -0.0143020951   -0.0002711607
   -1.5200000000   -0.0143687933   -0.0002771964
   -1.5100000000   -0.0144357058   -0.0002833674
   -1.5000000000   -0.0145028377   -0.0002896782
   -1.4900000000   -0.0145701939   -0.0002961337
   -1.4800000000   -0.0146377798   -0.0003027389
   -1.4700000000   -0.0147056008   -0.0003094990
   -1.4600000000   -0.0147736624   -0.0003164195
   -1.4500000000   -0.0148419702   -0.0003235062
   -1.4400000000   -0.0149105302   -0.0003307649
   -1.4300000000   -0.0149793484   -0.0003382019
   -1.4200000000   -0.0150484310   -0.0003458236
   -1.4100000000   -0.0151177843   -0.0003536370
   -1.4000000000   -0.0151874150   -0.0003616491
   -1.3900000000   -0.0152573297   -0.0003698673
   -1.3800000000   -0.0153275353   -0.0003782994
   -1.3700000000   -0.0153980391   -0.0003869535
   -1.3600000000   -0.0154688484   -0.0003958381
   -1.3500000000   -0.0155399706   -0.0004049623
   -1.3400000000   -0.0156114136   -0.0004143352
   -1.3300000000   -0.0156831854   -0.0004239668
   -1.3200000000   -0.0157552941   -0.0004338673
   -1.3100000000   -0.0158277482   -0.0004440474
   -1.3000000000   -0.0159005564   -0.0004545185
   -1.2900000000   -0.0159737275   -0.0004652925
   -1.2800000000   -0.0160472709   -0.0004763818
   -1.2700000000   -0.0161211958   -0.0004877994
   -1.2600000000   -0.0161955121   -0.0004995593
   -1.2500000000   -0.0162702295   -0.0005116758
   -1.2400000000   -0.0163453584   -0.0005241642
   -1.2300000000   -0.0164209093   -0.0005370405
   -1.2200000000   -0.0164968929   -0.0005503216
   -1.2100000000   -0.0165733202   -0.0005640253
   -1.2000000000   -0.0166502027   -0.0005781703
   -1.1900000000   -0.0167275518   -0.0005927763
   -1.1800000000   -0.0168053796   -0.0006078642
   -1.1700000000   -0.0168836981   -0.0006234560
   -1.1600000000   -0.0169625199   -0.0006395747
   -1.1500000000   -0.0170418576   -0.0006562451
   -1.1400000000   -0.0171217242   -0.0006734929
   -1.1300000000   -0.0172021330   -0.0006913454
   -1.1200000000   -0.0172830975   -0.0007098318
   -1.1100000000   -0.0173646313   -0.0007289825
   -1.1000000000   -0.0174467484   -0.0007488300
   -1.0900000000   -0.0175294630   -0.0007694087
   -1.0800000000   -0.0176127893   -0.0007907549
   -1.0700000000   -0.0176967416   -0.0008129072
   -1.0600000000   -0.0177813345   -0.0008359065
   -1.0500000000   -0.0178665825   -0.0008597962
   -1.0400000000   -0.0179525000   -0.0008846224
   -1.0300000000   -0.0180391015   -0.0009104339
   -1.0200000000   -0.0181264012   -0.0009372829
   -1.0100000000   -0.0182144131   -0.0009652244
   -1.0000000000   -0.0183031509   -0.0009943174
   -0.9900000000   -0.0183926277   -0.0010246243
   -0.9800000000   -0.0184828559   -0.0010562116
   -0.9700000000   -0.0185738475   -0.0010891502
   -0.9600000000   -0.0186656131   -0.0011235155
   -0.9500000000   -0.0187581624   -0.0011593879
   -0.9400000000   -0.0188515034   -0.0011968530
   -0.9300000000   -0.0189456427   -0.0012360021
   -0.9200000000   -0.0190405846   -0.0012769326
   -0.9100000000   -0.0191363311   -0.0013197484
   -0.9000000000   -0.0192328812   -0.0013645602
   -0.8900000000   -0.0193302307   -0.0014114862
   -0.8800000000   -0.0194283714   -0.0014606525
   -0.8700000000   -0.0195272905   -0.0015121936
   -0.8600000000   -0.0196269698   -0.0015662529
   -0.8500000000   -0.0197273851   -0.0016229836
   -0.8400000000   -0.0198285049   -0.0016825486
   -0.8300000000   -0.0199302893   -0.0017451219
   -0.8200000000   -0.0200326892   -0.0018108886
   -0.8100000000   -0.0201356442   -0.0018800458
   -0.8000000000   -0.0202390814   -0.0019528031
   -0.7900000000   -0.0203429131   -0.0020293828
   -0.7800000000   -0.0204470353   -0.0021100210
   -0.7700000000   -0.0205513247   -0.0021949674
   -0.7600000000   -0.0206556361   -0.0022844859
   -0.7500000000   -0.0207597997   -0.0023788542
   -0.7400000000   -0.0208636171   -0.0024783643
   -0.7300000000   -0.0209668576   -0.0025833213
   -0.7200000000   -0.0210692542   -0.0026940433
   -0.7100000000   -0.0211704982   -0.0028108592
   -0.7000000000   -0.0212702344   -0.0029341075
   -0.6900000000   -0.0213680551   -0.0030641331
   -0.6800000000   -0.0214634939   -0.0032012837
   -0.6700000000   -0.0215560187   -0.0033459050
   -0.6600000000   -0.0216450249   -0.0034983347
   -0.6500000000   -0.0217298283   -0.0036588943
   -0.6400000000   -0.0218096568   -0.0038278795
   -0.6300000000   -0.0218836444   -0.0040055481
   -0.6200000000   -0.0219508237   -0.0041921052
   -0.6100000000   -0.0220101211   -0.0043876863
   -0.6000000000   -0.0220603530   -0.0045923359
   -0.5900000000   -0.0221002245   -0.0048059837
   -0.5800000000   -0.0221283323   -0.0050284177
   -0.5700000000   -0.0221431723   -0.0052592529
   -0.5600000000   -0.0221431528   -0.0054978983
   -0.5500000000   -0.0221266167   -0.0057435221
   -0.5400000000   -0.0220918713   -0.0059950155
   -0.5300000000   -0.0220372306   -0.0062509592
   -0.5200000000   -0.0219610679   -0.0065095939
   -0.5100000000   -0.0218618816   -0.0067687985
   -0.5000000000   -0.0217383722   -0.0070260811
   -0.4900000000   -0.0215895293   -0.0072785850
   -0.4800000000   -0.0214147259   -0.0075231177
   -0.4700000000   -0.0212138126   -0.0077562035
   -0.4600000000   -0.0209872073   -0.0079741641
   -0.4500000000   -0.0207359692   -0.0081732276
   -0.4400000000   -0.0204618500   -0.0083496624
   -0.4300000000   -0.0201673106   -0.0084999313
   -0.4200000000   -0.0198554989   -0.0086208547
   -0.4100000000   -0.0195301819   -0.0087097719
   -0.4000000000   -0.0191956331   -0.0087646857
   -0.3900000000   -0.0188564823   -0.0087843756
   -0.3800000000   -0.0185175352   -0.0087684692
   -0.3700000000   -0.0181835798   -0.0087174629
   -0.3600000000   -0.0178591937   -0.0086326901
   -0.3500000000   -0.0175485704   -0.0085162410
   -0.3400000000   -0.0172553757   -0.0083708420
   -0.3300000000   -0.0169826450   -0.0081997073
   -0.3200000000   -0.0167327258   -0.0080063776
   -0.3100000000   -0.0165072627   -0.0077945587
   -0.3000000000   -0.0163072224   -0.0075679728
   -0.2900000000   -0.0161329487   -0.0073302306
   -0.2800000000   -0.0159842396   -0.0070847284
   -0.2700000000   -0.0158604367   -0.0068345749
   -0.2600000000   -0.0157605184   -0.0065825425
   -0.2500000000   -0.0156831919   -0.0063310447
   -0.2400000000   -0.0156269765   -0.0060821315
   -0.2300000000   -0.0155902776   -0.0058375014
   -0.2200000000   -0.0155714488   -0.0055985237
   -0.2100000000   -0.0155688425   -0.0053662682
   -0.2000000000   -0.0155808479   -0.0051415385
   -0.1900000000   -0.0156059204   -0.0049249068
   -0.1800000000   -0.0156426012   -0.0047167473
   -0.1700000000   -0.0156895299   -0.0045172692
   -0.1600000000   -0.0157454509   -0.0043265451
   -0.1500000000   -0.0158092163   -0.0041445378
   -0.1400000000   -0.0158797840   -0.0039711228
   -0.1300000000   -0.0159562144   -0.0038061082
   -0.1200000000   -0.0160376648   -0.0036492516
   -0.1100000000   -0.0161233839   -0.0035002738
   -0.1000000000   -0.0162127037   -0.0033588700
   -0.0900000000   -0.0163050337   -0.0032247199
   -0.0800000000   -0.0163998528   -0.0030974947
   -0.0700000000   -0.0164967034   -0.0029768631
   -0.0600000000   -0.0165951843   -0.0028624959
   -0.0500000000   -0.0166949453   -0.0027540700
   -0.0400000000   -0.0167956810   -0.0026512705
   -0.0300000000   -0.0168971264   -0.0025537927
   -0.0200000000   -0.0169990518   -0.0024613440
   -0.0100000000   -0.0171012589   -0.0023736440
    0.0000000000   -0.0172035771   -0.0022904255
