  -20.0000000000    0.2278879813    0.0557405945
  -19.9900000000    0.2272895438    0.0551075066
  -19.9800000000    0.2266471589    0.0544898652
  -19.9700000000    0.2259636561    0.0538934793
  -19.9600000000    0.2252426949    0.0533234500
  -19.9500000000    0.2244885925    0.0527840537
  -19.9400000000    0.2237061413    0.0522786641
  -19.9300000000    0.2229004237    0.0518097114
  -19.9200000000    0.2220766293    0.0513786771
  -19.9100000000    0.2212398788    0.0509861205
  -19.9000000000    0.2203950617    0.0506317351
  -19.8900000000    0.2195466881    0.0503144325
  -19.8800000000    0.2186987625    0.0500324507
  -19.8700000000    0.2178546813    0.0497834819
  -19.8600000000    0.2170171596    0.0495648163
  -19.8500000000    0.2161881878    0.0493734947
  -19.8400000000    0.2153690218    0.0492064628
  -19.8300000000    0.2145602039    0.0490607199
  -19.8200000000    0.2137616112    0.0489334549
  -19.8100000000    0.2129725279    0.0488221654
  -19.8000000000    0.2121917332    0.0487247546
  -19.7900000000    0.2114176003    0.0486396075
  -19.7800000000    0.2106482001    0.0485656470
  -19.7700000000    0.2098814074    0.0485023716
  -19.7600000000    0.2091150073    0.0484498792
  -19.7500000000    0.2083468024    0.0484088760
  -19.7400000000    0.2075747216    0.0483806727
  -19.7300000000    0.2067969289    0.0483671647
  -19.7200000000    0.2060119332    0.0483707950
  -19.7100000000    0.2052186915    0.0483944980
  -19.7000000000    0.2044167050    0.0484416227
  -19.6900000000    0.2036060990    0.0485158395
  -19.6800000000    0.2027876854    0.0486210321
  -19.6700000000    0.2019630025    0.0487611822
  -19.6600000000    0.2011343341    0.0489402521
  -19.6500000000    0.2003047087    0.0491620705
  -19.6400000000    0.1994778845    0.0494302266
  -19.6300000000    0.1986583241    0.0497479723
  -19.6200000000    0.1978511639    0.0501181325
  -19.6100000000    0.1970621835    0.0505430195
  -19.6000000000    0.1962977739    0.0510243471
  -19.5900000000    0.1955649063    0.0515631385
  -19.5800000000    0.1948710952    0.0521596233
  -19.5700000000    0.1942243514    0.0528131194
  -19.5600000000    0.1936331155    0.0535218998
  -19.5500000000    0.1931061617    0.0542830448
  -19.5400000000    0.1926524636    0.0550922857
  -19.5300000000    0.1922810113    0.0559438498
  -19.5200000000    0.1920005723    0.0568303189
  -19.5100000000    0.1918193932    0.0577425202
  -19.5000000000    0.1917448424    0.0586694684
  -19.4900000000    0.1917830000    0.0595983830
  -19.4800000000    0.1919382125    0.0605148033
  -19.4700000000    0.1922126343    0.0614028221
  -19.4600000000    0.1926057911    0.0622454513
  -19.4500000000    0.1931142060    0.0630251261
  -19.4400000000    0.1937311352    0.0637243357
  -19.4300000000    0.1944464586    0.0643263553
  -19.4200000000    0.1952467641    0.0648160346
  -19.4100000000    0.1961156493    0.0651805829
  -19.4000000000    0.1970342428    0.0654102817
  -19.3900000000    0.1979819221    0.0654990533
  -19.3800000000    0.1989371795    0.0654448263
  -19.3700000000    0.1998785676    0.0652496543
  -19.3600000000    0.2007856437    0.0649195763
  -19.3500000000    0.2016398326    0.0644642293
  -19.3400000000    0.2024251389    0.0638962587
  -19.3300000000    0.2031286608    0.0632305839
  -19.3200000000    0.2037408806    0.0624835917
  -19.3100000000    0.2042557353    0.0616723258
  -19.3000000000    0.2046704892    0.0608137341
  -19.2900000000    0.2049854473    0.0599240171
  -19.2800000000    0.2052035542    0.0590181060
  -19.2700000000    0.2053299253    0.0581092809
  -19.2600000000    0.2053713501    0.0572089269
  -19.2500000000    0.2053358031    0.0563264140
  -19.2400000000    0.2052319863    0.0554690844
  -19.2300000000    0.2050689208    0.0546423248
  -19.2200000000    0.2048555977    0.0538497036
  -19.2100000000    0.2046006923    0.0530931537
  -19.2000000000    0.2043123424    0.0523731833
  -19.1900000000    0.2039979882    0.0516890994
  -19.1800000000    0.2036642692    0.0510392307
  -19.1700000000    0.2033169700    0.0504211381
  -19.1600000000    0.2029610076    0.0498318051
  -19.1500000000    0.2026004471    0.0492677999
  -19.1400000000    0.2022385363    0.0487254087
  -19.1300000000    0.2018777464    0.0482007405
  -19.1200000000    0.2015198087    0.0476898096
  -19.1100000000    0.2011657421    0.0471886043
  -19.1000000000    0.2008158687    0.0466931512
  -19.0900000000    0.2004698202    0.0461995871
  -19.0800000000    0.2001265434    0.0457042430
  -19.0700000000    0.1997843142    0.0452037455
  -19.0600000000    0.1994407713    0.0446951318
  -19.0500000000    0.1990929794    0.0441759721
  -19.0400000000    0.1987375267    0.0436444858
  -19.0300000000    0.1983706572    0.0430996406
  -19.0200000000    0.1979884320    0.0425412189
  -19.0100000000    0.1975869088    0.0419698430
  -19.0000000000    0.1971623244    0.0413869530
  -18.9900000000    0.1967112670    0.0407947384
  -18.9800000000    0.1962308216    0.0401960292
  -18.9700000000    0.1957186807    0.0395941577
  -18.9600000000    0.1951732130    0.0389928039
  -18.9500000000    0.1945934909    0.0383958363
  -18.9400000000    0.1939792791    0.0378071629
  -18.9300000000    0.1933309926    0.0372305982
  -18.9200000000    0.1926496317    0.0366697528
  -18.9100000000    0.1919367025    0.0361279487
  -18.9000000000    0.1911941310    0.0356081584
  -18.8900000000    0.1904241763    0.0351129659
  -18.8800000000    0.1896293487    0.0346445474
  -18.8700000000    0.1888123338    0.0342046655
  -18.8600000000    0.1879759258    0.0337946757
  -18.8500000000    0.1871229695    0.0334155400
  -18.8400000000    0.1862563112    0.0330678453
  -18.8300000000    0.1853787568    0.0327518241
  -18.8200000000    0.1844930365    0.0324673766
  -18.8100000000    0.1836017746    0.0322140913
  -18.8000000000    0.1827074626    0.0319912659
  -18.7900000000    0.1818124336    0.0317979259
  -18.7800000000    0.1809188387    0.0316328440
  -18.7700000000    0.1800286219    0.0314945585
  -18.7600000000    0.1791434950    0.0313813935
  -18.7500000000    0.1782649110    0.0312914812
  -18.7400000000    0.1773940371    0.0312227886
  -18.7300000000    0.1765317272    0.0311731478
  -18.7200000000    0.1756784953    0.0311402939
  -18.7100000000    0.1748344919    0.0311219089
  -18.7000000000    0.1739994845    0.0311156738
  -18.6900000000    0.1731728460    0.0311193284
  -18.6800000000    0.1723535526    0.0311307378
  -18.6700000000    0.1715401959    0.0311479632
  -18.6600000000    0.1707310096    0.0311693353
  -18.6500000000    0.1699239149    0.0311935239
  -18.6400000000    0.1691165827    0.0312195988
  -18.6300000000    0.1683065111    0.0312470778
  -18.6200000000    0.1674911152    0.0312759549
  -18.6100000000    0.1666678215    0.0313067066
  -18.6000000000    0.1658341617    0.0313402744
  -18.5900000000    0.1649878576    0.0313780258
  -18.5800000000    0.1641268918    0.0314216964
  -18.5700000000    0.1632495593    0.0314733194
  -18.5600000000    0.1623544986    0.0315351491
  -18.5500000000    0.1614407018    0.0316095840
  -18.5400000000    0.1605075065    0.0316990965
  -18.5300000000    0.1595545729    0.0318061713
  -18.5200000000    0.1585818509    0.0319332572
  -18.5100000000    0.1575895400    0.0320827319
  -18.5000000000    0.1565780487    0.0322568797
  -18.4900000000    0.1555479535    0.0324578812
  -18.4800000000    0.1544999623    0.0326878129
  -18.4700000000    0.1534348825    0.0329486549
  -18.4600000000    0.1523535955    0.0332423042
  -18.4500000000    0.1512570371    0.0335705922
  -18.4400000000    0.1501461848    0.0339353049
  -18.4300000000    0.1490220505    0.0343382042
  -18.4200000000    0.1478856795    0.0347810485
  -18.4100000000    0.1467381545    0.0352656139
  -18.4000000000    0.1455806040    0.0357937130
  -18.3900000000    0.1444142153    0.0363672122
  -18.3800000000    0.1432402511    0.0369880470
  -18.3700000000    0.1420600697    0.0376582346
  -18.3600000000    0.1408751488    0.0383798835
  -18.3500000000    0.1396871119    0.0391552006
  -18.3400000000    0.1384977581    0.0399864944
  -18.3300000000    0.1373090946    0.0408761747
  -18.3200000000    0.1361233723    0.0418267475
  -18.3100000000    0.1349431241    0.0428408059
  -18.3000000000    0.1337712053    0.0439210143
  -18.2900000000    0.1326108374    0.0450700870
  -18.2800000000    0.1314656535    0.0462907586
  -18.2700000000    0.1303397450    0.0475857457
  -18.2600000000    0.1292377096    0.0489576981
  -18.2500000000    0.1281646992    0.0504091383
  -18.2400000000    0.1271264643    0.0519423866
  -18.2300000000    0.1261293957    0.0535594707
  -18.2200000000    0.1251805568    0.0552620171
  -18.2100000000    0.1242877043    0.0570511237
  -18.2000000000    0.1234592908    0.0589272114
  -18.1900000000    0.1227044423    0.0608898563
  -18.1800000000    0.1220329022    0.0629376035
  -18.1700000000    0.1214549332    0.0650677678
  -18.1600000000    0.1209811662    0.0672762290
  -18.1500000000    0.1206223892    0.0695572337
  -18.1400000000    0.1203892669    0.0719032198
  -18.1300000000    0.1202919901    0.0743046853
  -18.1200000000    0.1203398564    0.0767501255
  -18.1100000000    0.1205407935    0.0792260667
  -18.1000000000    0.1209008472    0.0817172227
  -18.0900000000    0.1214236660    0.0842067985
  -18.0800000000    0.1221100266    0.0866769538
  -18.0700000000    0.1229574537    0.0891094300
  -18.0600000000    0.1239599921    0.0914863193
  -18.0500000000    0.1251081856    0.0937909383
  -18.0400000000    0.1263893067    0.0960087436
  -18.0300000000    0.1277878597    0.0981282088
  -18.0200000000    0.1292863513    0.1001415734
  -18.0100000000    0.1308662896    0.1020453750
  -18.0000000000    0.1325093418    0.1038406915
  -17.9900000000    0.1341985550    0.1055330465
  -17.9800000000    0.1359195347    0.1071319657
  -17.9700000000    0.1376614747    0.1086502106
  -17.9600000000    0.1394179481    0.1101027457
  -17.9500000000    0.1411873968    0.1115055232
  -17.9400000000    0.1429732846    0.1128741770
  -17.9300000000    0.1447839103    0.1142227219
  -17.9200000000    0.1466319020    0.1155623409
  -17.9100000000    0.1485334325    0.1169003338
  -17.9000000000    0.1505072064    0.1182392809
  -17.8900000000    0.1525732755    0.1195764632
  -17.8800000000    0.1547517418    0.1209035669
  -17.8700000000    0.1570614114    0.1222066912
  -17.8600000000    0.1595184639    0.1234666685
  -17.8500000000    0.1621352075    0.1246596930
  -17.8400000000    0.1649189927    0.1257582406
  -17.8300000000    0.1678713580    0.1267322440
  -17.8200000000    0.1709874736    0.1275504617
  -17.8100000000    0.1742559347    0.1281819628
  -17.8000000000    0.1776589313    0.1285976270
  -17.7900000000    0.1811727877    0.1287715547
  -17.7800000000    0.1847688316    0.1286822861
  -17.7700000000    0.1884145211    0.1283137446
  -17.7600000000    0.1920747322    0.1276558549
  -17.7500000000    0.1957131063    0.1267048169
  -17.7400000000    0.1992933603    0.1254630548
  -17.7300000000    0.2027804816    0.1239388870
  -17.7200000000    0.2061417568    0.1221459768
  -17.7100000000    0.2093476075    0.1201026276
  -17.7000000000    0.2123722282    0.1178309806
  -17.6900000000    0.2151940309    0.1153561600
  -17.6800000000    0.2177959111    0.1127054022
  -17.6700000000    0.2201653458    0.1099071975
  -17.6600000000    0.2222943363    0.1069904669
  -17.6500000000    0.2241792107    0.1039838004
  -17.6400000000    0.2258203000    0.1009147767
  -17.6300000000    0.2272215116    0.0978093872
  -17.6200000000    0.2283898267    0.0946915792
  -17.6100000000    0.2293347500    0.0915829271
  -17.6000000000    0.2300677452    0.0885024326
  -17.5900000000    0.2306016838    0.0854664458
  -17.5800000000    0.2309503319    0.0824886930
  -17.5700000000    0.2311278939    0.0795803929
  -17.5600000000    0.2311486245    0.0767504397
  -17.5500000000    0.2310265159    0.0740056311
  -17.5400000000    0.2307750586    0.0713509223
  -17.5300000000    0.2304070742    0.0687896867
  -17.5200000000    0.2299346094    0.0663239690
  -17.5100000000    0.2293688837    0.0639547198
  -17.5000000000    0.2287202786    0.0616820043
  -17.4900000000    0.2279983556    0.0595051802
  -17.4800000000    0.2272118948    0.0574230458
  -17.4700000000    0.2263689428    0.0554339594
  -17.4600000000    0.2254768650    0.0535359338
  -17.4500000000    0.2245423956    0.0517267109
  -17.4400000000    0.2235716849    0.0500038212
  -17.4300000000    0.2225703405    0.0483646308
  -17.4200000000    0.2215434645    0.0468063823
  -17.4100000000    0.2204956869    0.0453262290
  -17.4000000000    0.2194311952    0.0439212658
  -17.3900000000    0.2183537625    0.0425885566
  -17.3800000000    0.2172667753    0.0413251599
  -17.3700000000    0.2161732590    0.0401281509
  -17.3600000000    0.2150759046    0.0389946413
  -17.3500000000    0.2139770941    0.0379217963
  -17.3400000000    0.2128789255    0.0369068487
  -17.3300000000    0.2117832375    0.0359471098
  -17.3200000000    0.2106916323    0.0350399781
  -17.3100000000    0.2096054977    0.0341829457
  -17.3000000000    0.2085260270    0.0333736013
  -17.2900000000    0.2074542378    0.0326096332
  -17.2800000000    0.2063909881    0.0318888300
  -17.2700000000    0.2053369908    0.0312090805
  -17.2600000000    0.2042928269    0.0305683737
  -17.2500000000    0.2032589559    0.0299647985
  -17.2400000000    0.2022357268    0.0293965444
  -17.2300000000    0.2012233873    0.0288619021
  -17.2200000000    0.2002220931    0.0283592653
  -17.2100000000    0.1992319180    0.0278871329
  -17.2000000000    0.1982528651    0.0274441107
  -17.1900000000    0.1972848783    0.0270289133
  -17.1800000000    0.1963278564    0.0266403644
  -17.1700000000    0.1953816666    0.0262773942
  -17.1600000000    0.1944461595    0.0259390356
  -17.1500000000    0.1935211828    0.0256244162
  -17.1400000000    0.1926065937    0.0253327475
  -17.1300000000    0.1917022681    0.0250633115
  -17.1200000000    0.1908081071    0.0248154451
  -17.1100000000    0.1899240380    0.0245885233
  -17.1000000000    0.1890500113    0.0243819429
  -17.0900000000    0.1881859925    0.0241951073
  -17.0800000000    0.1873319496    0.0240274146
  -17.0700000000    0.1864878369    0.0238782495
  -17.0600000000    0.1856535755    0.0237469810
  -17.0500000000    0.1848290336    0.0236329658
  -17.0400000000    0.1840140055    0.0235355591
  -17.0300000000    0.1832081953    0.0234541316
  -17.0200000000    0.1824112023    0.0233880934
  -17.0100000000    0.1816225155    0.0233369233
  -17.0000000000    0.1808415144    0.0233002010
  -16.9900000000    0.1800674800    0.0232776409
  -16.9800000000    0.1792996154    0.0232691230
  -16.9700000000    0.1785370748    0.0232747202
  -16.9600000000    0.1777790007    0.0232947172
  -16.9500000000    0.1770245643    0.0233296202
  -16.9400000000    0.1762730086    0.0233801569
  -16.9300000000    0.1755236894    0.0234472659
  -16.9200000000    0.1747761115    0.0235320782
  -16.9100000000    0.1740299596    0.0236358918
  -16.9000000000    0.1732851204    0.0237601437
  -16.8900000000    0.1725416985    0.0239063794
  -16.8800000000    0.1718000257    0.0240762254
  -16.8700000000    0.1710606653    0.0242713630
  -16.8600000000    0.1703244133    0.0244935070
  -16.8500000000    0.1695923000    0.0247443879
  -16.8400000000    0.1688655907    0.0250257376
  -16.8300000000    0.1681457901    0.0253392778
  -16.8200000000    0.1674346499    0.0256867088
  -16.8100000000    0.1667341799    0.0260696993
  -16.8000000000    0.1660466636    0.0264898723
  -16.7900000000    0.1653746785    0.0269487888
  -16.7800000000    0.1647211193    0.0274479252
  -16.7700000000    0.1640892235    0.0279886442
  -16.7600000000    0.1634826001    0.0285721563
  -16.7500000000    0.1629052560    0.0291994717
  -16.7400000000    0.1623616224    0.0298713405
  -16.7300000000    0.1618565752    0.0305881797
  -16.7200000000    0.1613954477    0.0313499866
  -16.7100000000    0.1609840324    0.0321562378
  -16.7000000000    0.1606285664    0.0330057744
  -16.6900000000    0.1603356949    0.0338966736
  -16.6800000000    0.1601124098    0.0348261112
  -16.6700000000    0.1599659539    0.0357902164
  -16.6600000000    0.1599036879    0.0367839283
  -16.6500000000    0.1599329144    0.0378008591
  -16.6400000000    0.1600606543    0.0388331787
  -16.6300000000    0.1602933762    0.0398715309
  -16.6200000000    0.1606366802    0.0409049989
  -16.6100000000    0.1610949434    0.0419211350
  -16.6000000000    0.1616709398    0.0429060733
  -16.5900000000    0.1623654542    0.0438447378
  -16.5800000000    0.1631769146    0.0447211581
  -16.5700000000    0.1641010754    0.0455188954
  -16.5600000000    0.1651307859    0.0462215726
  -16.5500000000    0.1662558804    0.0468134908
  -16.5400000000    0.1674632209    0.0472803002
  -16.5300000000    0.1687369158    0.0476096812
  -16.5200000000    0.1700587230    0.0477919828
  -16.5100000000    0.1714086260    0.0478207611
  -16.5000000000    0.1727655525    0.0476931621
  -16.4900000000    0.1741081850    0.0474101089
  -16.4800000000    0.1754158010    0.0469762682
  -16.4700000000    0.1766690721    0.0463997973
  -16.4600000000    0.1778507589    0.0456918963
  -16.4500000000    0.1789462496    0.0448662086
  -16.4400000000    0.1799439109    0.0439381292
  -16.4300000000    0.1808352419    0.0429240825
  -16.4200000000    0.1816148430    0.0418408271
  -16.4100000000    0.1822802263    0.0407048353
  -16.4000000000    0.1828315088    0.0395317789
  -16.3900000000    0.1832710268    0.0383361389
  -16.3800000000    0.1836029158    0.0371309392
  -16.3700000000    0.1838326865    0.0359275973
  -16.3600000000    0.1839668261    0.0347358749
  -16.3500000000    0.1840124418    0.0335639080
  -16.3400000000    0.1839769561    0.0324182955
  -16.3300000000    0.1838678587    0.0313042279
  -16.3200000000    0.1836925121    0.0302256373
  -16.3100000000    0.1834580074    0.0291853574
  -16.3000000000    0.1831710633    0.0281852820
  -16.2900000000    0.1828379608    0.0272265152
  -16.2800000000    0.1824645072    0.0263095098
  -16.2700000000    0.1820560222    0.0254341907
  -16.2600000000    0.1816173405    0.0246000633
  -16.2500000000    0.1811528264    0.0238063064
  -16.2400000000    0.1806663964    0.0230518514
  -16.2300000000    0.1801615468    0.0223354486
  -16.2200000000    0.1796413846    0.0216557218
  -16.2100000000    0.1791086587    0.0210112133
  -16.2000000000    0.1785657923    0.0204004203
  -16.1900000000    0.1780149131    0.0198218236
  -16.1800000000    0.1774578836    0.0192739112
  -16.1700000000    0.1768963281    0.0187551952
  -16.1600000000    0.1763316592    0.0182642262
  -16.1500000000    0.1757651015    0.0177996024
  -16.1400000000    0.1751977132    0.0173599775
  -16.1300000000    0.1746304061    0.0169440647
  -16.1200000000    0.1740639636    0.0165506404
  -16.1100000000    0.1734990570    0.0161785450
  -16.1000000000    0.1729362599    0.0158266834
  -16.0900000000    0.1723760614    0.0154940240
  -16.0800000000    0.1718188780    0.0151795975
  -16.0700000000    0.1712650638    0.0148824948
  -16.0600000000    0.1707149202    0.0146018644
  -16.0500000000    0.1701687043    0.0143369097
  -16.0400000000    0.1696266364    0.0140868854
  -16.0300000000    0.1690889070    0.0138510948
  -16.0200000000    0.1685556824    0.0136288854
  -16.0100000000    0.1680271107    0.0134196455
  -16.0000000000    0.1675033261    0.0132227998
  -15.9900000000    0.1669844530    0.0130378051
  -15.9800000000    0.1664706101    0.0128641454
  -15.9700000000    0.1659619123    0.0127013275
  -15.9600000000    0.1654584734    0.0125488752
  -15.9500000000    0.1649604071    0.0124063240
  -15.9400000000    0.1644678270    0.0122732153
  -15.9300000000    0.1639808458    0.0121490911
  -15.9200000000    0.1634995730    0.0120334875
  -15.9100000000    0.1630241113    0.0119259300
  -15.9000000000    0.1625545512    0.0118259282
  -15.8900000000    0.1620909643    0.0117329728
  -15.8800000000    0.1616333953    0.0116465324
  -15.8700000000    0.1611818518    0.0115660546
  -15.8600000000    0.1607362947    0.0114909675
  -15.8500000000    0.1602966273    0.0114206862
  -15.8400000000    0.1598626855    0.0113546212
  -15.8300000000    0.1594342300    0.0112921910
  -15.8200000000    0.1590109413    0.0112328374
  -15.8100000000    0.1585924185    0.0111760434
  -15.8000000000    0.1581781831    0.0111213516
  -15.7900000000    0.1577676888    0.0110683826
  -15.7800000000    0.1573603351    0.0110168508
  -15.7700000000    0.1569554866    0.0109665769
  -15.7600000000    0.1565524949    0.0109174943
  -15.7500000000    0.1561507219    0.0108696500
  -15.7400000000    0.1557495625    0.0108231996
  -15.7300000000    0.1553484643    0.0107783958
  -15.7200000000    0.1549469446    0.0107355733
  -15.7100000000    0.1545446006    0.0106951305
  -15.7000000000    0.1541411156    0.0106575101
  -15.6900000000    0.1537362597    0.0106231802
  -15.6800000000    0.1533298860    0.0105926172
  -15.6700000000    0.1529219234    0.0105662916
  -15.6600000000    0.1525123679    0.0105446570
  -15.6500000000    0.1521012717    0.0105281419
  -15.6400000000    0.1516887329    0.0105171454
  -15.6300000000    0.1512748856    0.0105120351
  -15.6200000000    0.1508598905    0.0105131472
  -15.6100000000    0.1504439276    0.0105207885
  -15.6000000000    0.1500271895    0.0105352392
  -15.5900000000    0.1496098766    0.0105567571
  -15.5800000000    0.1491921937    0.0105855814
  -15.5700000000    0.1487743473    0.0106219375
  -15.5600000000    0.1483565442    0.0106660410
  -15.5500000000    0.1479389918    0.0107181029
  -15.5400000000    0.1475218979    0.0107783329
  -15.5300000000    0.1471054731    0.0108469442
  -15.5200000000    0.1466899328    0.0109241564
  -15.5100000000    0.1462755006    0.0110101989
  -15.5000000000    0.1458624127    0.0111053131
  -15.4900000000    0.1454509229    0.0112097534
  -15.4800000000    0.1450413074    0.0113237874
  -15.4700000000    0.1446338709    0.0114476946
  -15.4600000000    0.1442289515    0.0115817637
  -15.4500000000    0.1438269255    0.0117262882
  -15.4400000000    0.1434282110    0.0118815612
  -15.4300000000    0.1430332695    0.0120478693
  -15.4200000000    0.1426426065    0.0122254857
  -15.4100000000    0.1422567692    0.0124146646
  -15.4000000000    0.1418763433    0.0126156355
  -15.3900000000    0.1415019471    0.0128286007
  -15.3800000000    0.1411342257    0.0130537340
  -15.3700000000    0.1407738444    0.0132911836
  -15.3600000000    0.1404214839    0.0135410786
  -15.3500000000    0.1400778377    0.0138035381
  -15.3400000000    0.1397436142    0.0140786840
  -15.3300000000    0.1394195447    0.0143666552
  -15.3200000000    0.1391063983    0.0146676215
  -15.3100000000    0.1388050053    0.0149817948
  -15.3000000000    0.1385162881    0.0153094345
  -15.2900000000    0.1382412988    0.0156508441
  -15.2800000000    0.1379812617    0.0160063557
  -15.2700000000    0.1377376167    0.0163763011
  -15.2600000000    0.1375120608    0.0167609661
  -15.2500000000    0.1373065809    0.0171605309
  -15.2400000000    0.1371234767    0.0175749938
  -15.2300000000    0.1369653655    0.0180040841
  -15.2200000000    0.1368351683    0.0184471640
  -15.2100000000    0.1367360709    0.0189031268
  -15.2000000000    0.1366714600    0.0193702936
  -15.1900000000    0.1366448291    0.0198463162
  -15.1800000000    0.1366596563    0.0203280926
  -15.1700000000    0.1367192517    0.0208117021
  -15.1600000000    0.1368265774    0.0212923708
  -15.1500000000    0.1369840451    0.0217644746
  -15.1400000000    0.1371932981    0.0222215922
  -15.1300000000    0.1374549896    0.0226566133
  -15.1200000000    0.1377685744    0.0230619112
  -15.1100000000    0.1381321305    0.0234295780
  -15.1000000000    0.1385422336    0.0237517194
  -15.0900000000    0.1389939049    0.0240207947
  -15.0800000000    0.1394806483    0.0242299822
  -15.0700000000    0.1399945892    0.0243735418
  -15.0600000000    0.1405267129    0.0244471428
  -15.0500000000    0.1410671931    0.0244481247
  -15.0400000000    0.1416057871    0.0243756642
  -15.0300000000    0.1421322655    0.0242308290
  -15.0200000000    0.1426368395    0.0240165145
  -15.0100000000    0.1431105502    0.0237372684
  -15.0000000000    0.1435455875    0.0233990254
  -14.9900000000    0.1439355185    0.0230087792
  -14.9800000000    0.1442754153    0.0225742232
  -14.9700000000    0.1445618843    0.0221033937
  -14.9600000000    0.1447930083    0.0216043405
  -14.9500000000    0.1449682205    0.0210848455
  -14.9400000000    0.1450881298    0.0205521998
  -14.9300000000    0.1451543203    0.0200130447
  -14.9200000000    0.1451691422    0.0194732716
  -14.9100000000    0.1451355099    0.0189379761
  -14.9000000000    0.1450567170    0.0184114552
  -14.8900000000    0.1449362756    0.0178972380
  -14.8800000000    0.1447777820    0.0173981400
  -14.8700000000    0.1445848095    0.0169163323
  -14.8600000000    0.1443608266    0.0164534173
  -14.8500000000    0.1441091376    0.0160105071
  -14.8400000000    0.1438328429    0.0155882991
  -14.8300000000    0.1435348146    0.0151871470
  -14.8200000000    0.1432176848    0.0148071250
  -14.8100000000    0.1428838439    0.0144480849
  -14.8000000000    0.1425354448    0.0141097051
  -14.7900000000    0.1421744138    0.0137915335
  -14.7800000000    0.1418024628    0.0134930226
  -14.7700000000    0.1414211048    0.0132135590
  -14.7600000000    0.1410316700    0.0129524876
  -14.7500000000    0.1406353214    0.0127091310
  -14.7400000000    0.1402330712    0.0124828052
  -14.7300000000    0.1398257957    0.0122728314
  -14.7200000000    0.1394142494    0.0120785458
  -14.7100000000    0.1389990786    0.0118993066
  -14.7000000000    0.1385808329    0.0117344991
  -14.6900000000    0.1381599766    0.0115835399
  -14.6800000000    0.1377368988    0.0114458792
  -14.6700000000    0.1373119216    0.0113210028
  -14.6600000000    0.1368853090    0.0112084325
  -14.6500000000    0.1364572733    0.0111077271
  -14.6400000000    0.1360279817    0.0110184821
  -14.6300000000    0.1355975617    0.0109403295
  -14.6200000000    0.1351661064    0.0108729372
  -14.6100000000    0.1347336784    0.0108160083
  -14.6000000000    0.1343003141    0.0107692806
  -14.5900000000    0.1338660269    0.0107325257
  -14.5800000000    0.1334308101    0.0107055483
  -14.5700000000    0.1329946397    0.0106881855
  -14.5600000000    0.1325574771    0.0106803062
  -14.5500000000    0.1321192706    0.0106818105
  -14.5400000000    0.1316799579    0.0106926290
  -14.5300000000    0.1312394674    0.0107127231
  -14.5200000000    0.1307977204    0.0107420841
  -14.5100000000    0.1303546317    0.0107807331
  -14.5000000000    0.1299101119    0.0108287213
  -14.4900000000    0.1294640681    0.0108861302
  -14.4800000000    0.1290164057    0.0109530712
  -14.4700000000    0.1285670293    0.0110296865
  -14.4600000000    0.1281158440    0.0111161496
  -14.4500000000    0.1276627573    0.0112126655
  -14.4400000000    0.1272076798    0.0113194720
  -14.4300000000    0.1267505271    0.0114368402
  -14.4200000000    0.1262912215    0.0115650754
  -14.4100000000    0.1258296936    0.0117045189
  -14.4000000000    0.1253658841    0.0118555484
  -14.3900000000    0.1248997464    0.0120185800
  -14.3800000000    0.1244312486    0.0121940694
  -14.3700000000    0.1239603762    0.0123825134
  -14.3600000000    0.1234871354    0.0125844515
  -14.3500000000    0.1230115562    0.0128004679
  -14.3400000000    0.1225336961    0.0130311926
  -14.3300000000    0.1220536442    0.0132773036
  -14.3200000000    0.1215715262    0.0135395280
  -14.3100000000    0.1210875091    0.0138186438
  -14.3000000000    0.1206018071    0.0141154809
  -14.2900000000    0.1201146879    0.0144309224
  -14.2800000000    0.1196264792    0.0147659054
  -14.2700000000    0.1191375764    0.0151214207
  -14.2600000000    0.1186484507    0.0154985136
  -14.2500000000    0.1181596572    0.0158982822
  -14.2400000000    0.1176718443    0.0163218771
  -14.2300000000    0.1171857632    0.0167704986
  -14.2200000000    0.1167022778    0.0172453946
  -14.2100000000    0.1162223750    0.0177478573
  -14.2000000000    0.1157471757    0.0182792192
  -14.1900000000    0.1152779457    0.0188408490
  -14.1800000000    0.1148161074    0.0194341471
  -14.1700000000    0.1143632529    0.0200605409
  -14.1600000000    0.1139211574    0.0207214807
  -14.1500000000    0.1134917958    0.0214184342
  -14.1400000000    0.1130773616    0.0221528827
  -14.1300000000    0.1126802899    0.0229263146
  -14.1200000000    0.1123032861    0.0237402186
  -14.1100000000    0.1119493609    0.0245960715
  -14.1000000000    0.1116218718    0.0254953212
  -14.0900000000    0.1113245730    0.0264393591
  -14.0800000000    0.1110616707    0.0274294801
  -14.0700000000    0.1108378832    0.0284668252
  -14.0600000000    0.1106585019    0.0295523019
  -14.0500000000    0.1105294478    0.0306864816
  -14.0400000000    0.1104573171    0.0318694680
  -14.0300000000    0.1104494083    0.0331007388
  -14.0200000000    0.1105137208    0.0343789591
  -14.0100000000    0.1106589174    0.0357017715
  -14.0000000000    0.1108942386    0.0370655668
  -13.9900000000    0.1112293601    0.0384652454
  -13.9800000000    0.1116741846    0.0398939801
  -13.9700000000    0.1122385599    0.0413429973
  -13.9600000000    0.1129319195    0.0428013946
  -13.9500000000    0.1137628450    0.0442560193
  -13.9400000000    0.1147385590    0.0456914349
  -13.9300000000    0.1158643610    0.0470900029
  -13.9200000000    0.1171430355    0.0484321066
  -13.9100000000    0.1185742677    0.0496965402
  -13.9000000000    0.1201541163    0.0508610719
  -13.8900000000    0.1218745998    0.0519031791
  -13.8800000000    0.1237234557    0.0528009301
  -13.8700000000    0.1256841256    0.0535339659
  -13.8600000000    0.1277360066    0.0540845145
  -13.8500000000    0.1298549841    0.0544383534
  -13.8400000000    0.1320142318    0.0545856309
  -13.8300000000    0.1341852299    0.0545214606
  -13.8200000000    0.1363389263    0.0542462268
  -13.8100000000    0.1384469428    0.0537655646
  -13.8000000000    0.1404827234    0.0530900191
  -13.7900000000    0.1424225287    0.0522344196
  -13.7800000000    0.1442462048    0.0512170404
  -13.7700000000    0.1459376817    0.0500586296
  -13.7600000000    0.1474851906    0.0487813988
  -13.7500000000    0.1488812218    0.0474080555
  -13.7400000000    0.1501222619    0.0459609425
  -13.7300000000    0.1512083692    0.0444613277
  -13.7200000000    0.1521426433    0.0429288671
  -13.7100000000    0.1529306481    0.0413812397
  -13.7000000000    0.1535798320    0.0398339423
  -13.6900000000    0.1540989834    0.0383002208
  -13.6800000000    0.1544977437    0.0367911091
  -13.6700000000    0.1547861915    0.0353155487
  -13.6600000000    0.1549745031    0.0338805609
  -13.6500000000    0.1550726853    0.0324914506
  -13.6400000000    0.1550903767    0.0311520224
  -13.6300000000    0.1550367074    0.0298647967
  -13.6200000000    0.1549202077    0.0286312154
  -13.6100000000    0.1547487574    0.0274518315
  -13.6000000000    0.1545295656    0.0263264792
  -13.5900000000    0.1542691738    0.0252544238
  -13.5800000000    0.1539734767    0.0242344898
  -13.5700000000    0.1536477535    0.0232651708
  -13.5600000000    0.1532967072    0.0223447204
  -13.5500000000    0.1529245083    0.0214712274
  -13.5400000000    0.1525348388    0.0206426771
  -13.5300000000    0.1521309378    0.0198570002
  -13.5200000000    0.1517156443    0.0191121115
  -13.5100000000    0.1512914387    0.0184059404
  -13.5000000000    0.1508604808    0.0177364532
  -13.4900000000    0.1504246460    0.0171016709
  -13.4800000000    0.1499855571    0.0164996812
  -13.4700000000    0.1495446141    0.0159286470
  -13.4600000000    0.1491030205    0.0153868119
  -13.4500000000    0.1486618071    0.0148725032
  -13.4400000000    0.1482218533    0.0143841331
  -13.4300000000    0.1477839058    0.0139201986
  -13.4200000000    0.1473485953    0.0134792797
  -13.4100000000    0.1469164514    0.0130600374
  -13.4000000000    0.1464879153    0.0126612112
  -13.3900000000    0.1460633515    0.0122816156
  -13.3800000000    0.1456430577    0.0119201368
  -13.3700000000    0.1452272740    0.0115757294
  -13.3600000000    0.1448161899    0.0112474123
  -13.3500000000    0.1444099520    0.0109342657
  -13.3400000000    0.1440086691    0.0106354271
  -13.3300000000    0.1436124180    0.0103500882
  -13.3200000000    0.1432212477    0.0100774913
  -13.3100000000    0.1428351834    0.0098169264
  -13.3000000000    0.1424542301    0.0095677279
  -13.2900000000    0.1420783755    0.0093292722
  -13.2800000000    0.1417075927    0.0091009742
  -13.2700000000    0.1413418421    0.0088822857
  -13.2600000000    0.1409810742    0.0086726922
  -13.2500000000    0.1406252305    0.0084717111
  -13.2400000000    0.1402742456    0.0082788895
  -13.2300000000    0.1399280480    0.0080938020
  -13.2200000000    0.1395865617    0.0079160492
  -13.2100000000    0.1392497069    0.0077452558
  -13.2000000000    0.1389174008    0.0075810691
  -13.1900000000    0.1385895587    0.0074231572
  -13.1800000000    0.1382660941    0.0072712080
  -13.1700000000    0.1379469198    0.0071249277
  -13.1600000000    0.1376319479    0.0069840398
  -13.1500000000    0.1373210904    0.0068482836
  -13.1400000000    0.1370142595    0.0067174135
  -13.1300000000    0.1367113681    0.0065911978
  -13.1200000000    0.1364123295    0.0064694181
  -13.1100000000    0.1361170584    0.0063518681
  -13.1000000000    0.1358254702    0.0062383530
  -13.0900000000    0.1355374818    0.0061286888
  -13.0800000000    0.1352530115    0.0060227016
  -13.0700000000    0.1349719788    0.0059202270
  -13.0600000000    0.1346943052    0.0058211093
  -13.0500000000    0.1344199133    0.0057252013
  -13.0400000000    0.1341487277    0.0056323634
  -13.0300000000    0.1338806745    0.0055424636
  -13.0200000000    0.1336156815    0.0054553765
  -13.0100000000    0.1333536782    0.0053709835
  -13.0000000000    0.1330945960    0.0052891717
  -12.9900000000    0.1328383675    0.0052098342
  -12.9800000000    0.1325849275    0.0051328695
  -12.9700000000    0.1323342122    0.0050581811
  -12.9600000000    0.1320861595    0.0049856772
  -12.9500000000    0.1318407088    0.0049152707
  -12.9400000000    0.1315978013    0.0048468787
  -12.9300000000    0.1313573797    0.0047804221
  -12.9200000000    0.1311193881    0.0047158258
  -12.9100000000    0.1308837721    0.0046530183
  -12.9000000000    0.1306504791    0.0045919314
  -12.8900000000    0.1304194576    0.0045325000
  -12.8800000000    0.1301906575    0.0044746622
  -12.8700000000    0.1299640302    0.0044183588
  -12.8600000000    0.1297408301    0.0042665325
  -12.8500000000    0.1295184045    0.0042132938
  -12.8400000000    0.1292980136    0.0041614274
  -12.8300000000    0.1290796140    0.0041108842
  -12.8200000000    0.1288631633    0.0040616171
  -12.8100000000    0.1286486203    0.0040135812
  -12.8000000000    0.1284359451    0.0039667336
  -12.7900000000    0.1282250986    0.0039210331
  -12.7800000000    0.1280160431    0.0038764404
  -12.7700000000    0.1278087415    0.0038329178
  -12.7600000000    0.1276031582    0.0037904291
  -12.7500000000    0.1273992581    0.0037489398
  -12.7400000000    0.1271970075    0.0037084168
  -12.7300000000    0.1269963731    0.0036688282
  -12.7200000000    0.1267973230    0.0036301435
  -12.7100000000    0.1265998259    0.0035923336
  -12.7000000000    0.1264038512    0.0035553703
  -12.6900000000    0.1262093694    0.0035192266
  -12.6800000000    0.1260163517    0.0034838768
  -12.6700000000    0.1258247699    0.0034492959
  -12.6600000000    0.1256345968    0.0034154600
  -12.6500000000    0.1254458056    0.0033823462
  -12.6400000000    0.1252583705    0.0033499324
  -12.6300000000    0.1250722662    0.0033181974
  -12.6200000000    0.1248874681    0.0032871206
  -12.6100000000    0.1247039522    0.0032566825
  -12.6000000000    0.1245216951    0.0032268642
  -12.5900000000    0.1243406742    0.0031976473
  -12.5800000000    0.1241608672    0.0031690145
  -12.5700000000    0.1239822524    0.0031409486
  -12.5600000000    0.1238048088    0.0031134335
  -12.5500000000    0.1236285159    0.0030864534
  -12.5400000000    0.1234533536    0.0030599933
  -12.5300000000    0.1232793023    0.0030340384
  -12.5200000000    0.1231063430    0.0030085747
  -12.5100000000    0.1229344571    0.0029835887
  -12.5000000000    0.1227636264    0.0029590671
  -12.4900000000    0.1225938332    0.0029349973
  -12.4800000000    0.1224250602    0.0029113672
  -12.4700000000    0.1222572907    0.0028881648
  -12.4600000000    0.1220905080    0.0028653787
  -12.4500000000    0.1219246962    0.0028429980
  -12.4400000000    0.1217598395    0.0028210120
  -12.4300000000    0.1215959226    0.0027994104
  -12.4200000000    0.1214329305    0.0027781831
  -12.4100000000    0.1212708487    0.0027573206
  -12.4000000000    0.1211096628    0.0027368136
  -12.3900000000    0.1209493589    0.0027166530
  -12.3800000000    0.1207899234    0.0026968302
  -12.3700000000    0.1206313429    0.0026773365
  -12.3600000000    0.1204736044    0.0026581639
  -12.3500000000    0.1203166951    0.0026393045
  -12.3400000000    0.1201606027    0.0026207505
  -12.3300000000    0.1200053150    0.0026024946
  -12.3200000000    0.1198508199    0.0025845295
  -12.3100000000    0.1196971060    0.0025668482
  -12.3000000000    0.1195441618    0.0025494440
  -12.2900000000    0.1193919762    0.0025323103
  -12.2800000000    0.1192405383    0.0025154408
  -12.2700000000    0.1190898375    0.0024988292
  -12.2600000000    0.1189398632    0.0024824696
  -12.2500000000    0.1187906053    0.0024663561
  -12.2400000000    0.1186420538    0.0024504832
  -12.2300000000    0.1184941988    0.0024348453
  -12.2200000000    0.1183470309    0.0024194372
  -12.2100000000    0.1182005407    0.0024042536
  -12.2000000000    0.1180547189    0.0023892895
  -12.1900000000    0.1179095565    0.0023745402
  -12.1800000000    0.1177650447    0.0023600008
  -12.1700000000    0.1176211750    0.0023456667
  -12.1600000000    0.1174779388    0.0023315335
  -12.1500000000    0.1173353278    0.0023175969
  -12.1400000000    0.1171933340    0.0023038526
  -12.1300000000    0.1170519493    0.0022902965
  -12.1200000000    0.1169111660    0.0022769246
  -12.1100000000    0.1167709764    0.0022637331
  -12.1000000000    0.1166313730    0.0022507181
  -12.0900000000    0.1164923484    0.0022378759
  -12.0800000000    0.1163538955    0.0022252031
  -12.0700000000    0.1162160071    0.0022126961
  -12.0600000000    0.1160786764    0.0022003515
  -12.0500000000    0.1159418965    0.0021881661
  -12.0400000000    0.1158056607    0.0021761366
  -12.0300000000    0.1156699625    0.0021642598
  -12.0200000000    0.1155347954    0.0021525328
  -12.0100000000    0.1154001533    0.0021409526
  -12.0000000000    0.1152660297    0.0021295162
  -11.9900000000    0.1151324188    0.0021182209
  -11.9800000000    0.1149993144    0.0021070638
  -11.9700000000    0.1148667109    0.0020960425
  -11.9600000000    0.1147346023    0.0020851541
  -11.9500000000    0.1146029831    0.0020743962
  -11.9400000000    0.1144718477    0.0020637663
  -11.9300000000    0.1143411907    0.0020532619
  -11.9200000000    0.1142110067    0.0020428808
  -11.9100000000    0.1140812905    0.0020326206
  -11.9000000000    0.1139520368    0.0020224790
  -11.8900000000    0.1138232407    0.0020124539
  -11.8800000000    0.1136948972    0.0020025431
  -11.8700000000    0.1135670013    0.0019927446
  -11.8600000000    0.1134395482    0.0019830562
  -11.8500000000    0.1133125333    0.0019734761
  -11.8400000000    0.1131859517    0.0019640022
  -11.8300000000    0.1130597991    0.0019546326
  -11.8200000000    0.1129340709    0.0019453656
  -11.8100000000    0.1128087626    0.0019361993
  -11.8000000000    0.1126838700    0.0019271319
  -11.7900000000    0.1125593887    0.0019181618
  -11.7800000000    0.1124353145    0.0019092871
  -11.7700000000    0.1123116434    0.0019005063
  -11.7600000000    0.1121883712    0.0018918178
  -11.7500000000    0.1120654940    0.0018832199
  -11.7400000000    0.1119430078    0.0018747112
  -11.7300000000    0.1118209087    0.0018662901
  -11.7200000000    0.1116991929    0.0018579552
  -11.7100000000    0.1115778567    0.0018497050
  -11.7000000000    0.1114568965    0.0018415381
  -11.6900000000    0.1113363084    0.0018334531
  -11.6800000000    0.1112160891    0.0018254487
  -11.6700000000    0.1110962349    0.0018175236
  -11.6600000000    0.1109767424    0.0018096765
  -11.6500000000    0.1108576082    0.0018019061
  -11.6400000000    0.1107388290    0.0017942112
  -11.6300000000    0.1106204013    0.0017865905
  -11.6200000000    0.1105023221    0.0017790429
  -11.6100000000    0.1103845880    0.0017715673
  -11.6000000000    0.1102671959    0.0017641624
  -11.5900000000    0.1101501426    0.0017568273
  -11.5800000000    0.1100334252    0.0017495607
  -11.5700000000    0.1099170406    0.0017423617
  -11.5600000000    0.1098009859    0.0017352292
  -11.5500000000    0.1096852580    0.0017281621
  -11.5400000000    0.1095698541    0.0017211596
  -11.5300000000    0.1094547714    0.0017142205
  -11.5200000000    0.1093400071    0.0017073439
  -11.5100000000    0.1092255583    0.0017005289
  -11.5000000000    0.1091114225    0.0016937746
  -11.4900000000    0.1089975967    0.0016870801
  -11.4800000000    0.1088840786    0.0016804445
  -11.4700000000    0.1087708653    0.0016738668
  -11.4600000000    0.1086579544    0.0016673463
  -11.4500000000    0.1085453433    0.0016608822
  -11.4400000000    0.1084330295    0.0016544735
  -11.4300000000    0.1083210105    0.0016481196
  -11.4200000000    0.1082092840    0.0016418195
  -11.4100000000    0.1080978474    0.0016355726
  -11.4000000000    0.1079866985    0.0016293782
  -11.3900000000    0.1078758349    0.0016232353
  -11.3800000000    0.1077652542    0.0016171434
  -11.3700000000    0.1076549543    0.0016111016
  -11.3600000000    0.1075449329    0.0016051094
  -11.3500000000    0.1074351877    0.0015991660
  -11.3400000000    0.1073257167    0.0015932707
  -11.3300000000    0.1072165175    0.0015874230
  -11.3200000000    0.1071075882    0.0015816220
  -11.3100000000    0.1069989266    0.0015758672
  -11.3000000000    0.1068905306    0.0015701580
  -11.2900000000    0.1067823982    0.0015644937
  -11.2800000000    0.1066745273    0.0015588738
  -11.2700000000    0.1065669161    0.0015532976
  -11.2600000000    0.1064595625    0.0015477646
  -11.2500000000    0.1063524645    0.0015422742
  -11.2400000000    0.1062456203    0.0015368258
  -11.2300000000    0.1061390280    0.0015314189
  -11.2200000000    0.1060326856    0.0015260530
  -11.2100000000    0.1059265915    0.0015207274
  -11.2000000000    0.1058207436    0.0015154418
  -11.1900000000    0.1057151403    0.0015101955
  -11.1800000000    0.1056097798    0.0015049881
  -11.1700000000    0.1055046602    0.0014998190
  -11.1600000000    0.1053997799    0.0014946878
  -11.1500000000    0.1052951372    0.0014895941
  -11.1400000000    0.1051907303    0.0014845372
  -11.1300000000    0.1050865576    0.0014795169
  -11.1200000000    0.1049826174    0.0014745325
  -11.1100000000    0.1048789081    0.0014695837
  -11.1000000000    0.1047754282    0.0014646701
  -11.0900000000    0.1046721759    0.0014597911
  -11.0800000000    0.1045691498    0.0014549464
  -11.0700000000    0.1044663482    0.0014501356
  -11.0600000000    0.1043637696    0.0014453582
  -11.0500000000    0.1042614126    0.0014406139
  -11.0400000000    0.1041592755    0.0014359021
  -11.0300000000    0.1040573570    0.0014312227
  -11.0200000000    0.1039556555    0.0014265751
  -11.0100000000    0.1038541697    0.0014219589
  -11.0000000000    0.1037528980    0.0014173739
  -10.9900000000    0.1036518390    0.0014128197
  -10.9800000000    0.1035509914    0.0014082958
  -10.9700000000    0.1034503537    0.0014038020
  -10.9600000000    0.1033499247    0.0013993378
  -10.9500000000    0.1032497028    0.0013949030
  -10.9400000000    0.1031496869    0.0013904972
  -10.9300000000    0.1030498755    0.0013861201
  -10.9200000000    0.1029502673    0.0013817713
  -10.9100000000    0.1028508611    0.0013774505
  -10.9000000000    0.1027516556    0.0013731574
  -10.8900000000    0.1026526495    0.0013688917
  -10.8800000000    0.1025538415    0.0013646531
  -10.8700000000    0.1024552304    0.0013604413
  -10.8600000000    0.1023568150    0.0013562559
  -10.8500000000    0.1022585941    0.0013520968
  -10.8400000000    0.1021605664    0.0013479635
  -10.8300000000    0.1020627308    0.0013438559
  -10.8200000000    0.1019650861    0.0013397736
  -10.8100000000    0.1018676310    0.0013357163
  -10.8000000000    0.1017703646    0.0013316839
  -10.7900000000    0.1016732856    0.0013276759
  -10.7800000000    0.1015763929    0.0013236922
  -10.7700000000    0.1014796853    0.0013197325
  -10.7600000000    0.1013831619    0.0013157966
  -10.7500000000    0.1012868214    0.0013118841
  -10.7400000000    0.1011906628    0.0013079948
  -10.7300000000    0.1010946850    0.0013041286
  -10.7200000000    0.1009988870    0.0013002851
  -10.7100000000    0.1009032677    0.0012964641
  -10.7000000000    0.1008078261    0.0012926654
  -10.6900000000    0.1007125611    0.0012888888
  -10.6800000000    0.1006174718    0.0012851339
  -10.6700000000    0.1005225570    0.0012814007
  -10.6600000000    0.1004278159    0.0012776888
  -10.6500000000    0.1003332474    0.0012739981
  -10.6400000000    0.1002388505    0.0012703283
  -10.6300000000    0.1001446243    0.0012666792
  -10.6200000000    0.1000505678    0.0012630507
  -10.6100000000    0.0999566800    0.0012594425
  -10.6000000000    0.0998629601    0.0012558544
  -10.5900000000    0.0997694070    0.0012522862
  -10.5800000000    0.0996760199    0.0012487377
  -10.5700000000    0.0995827979    0.0012452087
  -10.5600000000    0.0994897399    0.0012416990
  -10.5500000000    0.0993968452    0.0012382085
  -10.5400000000    0.0993041128    0.0012347369
  -10.5300000000    0.0992115419    0.0012312841
  -10.5200000000    0.0991191316    0.0012278498
  -10.5100000000    0.0990268810    0.0012244340
  -10.5000000000    0.0989347892    0.0012210364
  -10.4900000000    0.0988428555    0.0012176568
  -10.4800000000    0.0987510789    0.0012142951
  -10.4700000000    0.0986594586    0.0012109511
  -10.4600000000    0.0985679939    0.0012076247
  -10.4500000000    0.0984766838    0.0012043156
  -10.4400000000    0.0983855276    0.0012010237
  -10.4300000000    0.0982945245    0.0011977489
  -10.4200000000    0.0982036737    0.0011944910
  -10.4100000000    0.0981129743    0.0011912497
  -10.4000000000    0.0980224256    0.0011880251
  -10.3900000000    0.0979320269    0.0011848169
  -10.3800000000    0.0978417772    0.0011816250
  -10.3700000000    0.0977516760    0.0011784491
  -10.3600000000    0.0976617224    0.0011752893
  -10.3500000000    0.0975719157    0.0011721453
  -10.3400000000    0.0974822552    0.0011690169
  -10.3300000000    0.0973927400    0.0011659041
  -10.3200000000    0.0973033695    0.0011628068
  -10.3100000000    0.0972141430    0.0011597246
  -10.3000000000    0.0971250596    0.0011566576
  -10.2900000000    0.0970361188    0.0011536056
  -10.2800000000    0.0969473198    0.0011505685
  -10.2700000000    0.0968586620    0.0011475461
  -10.2600000000    0.0967701445    0.0011445383
  -10.2500000000    0.0966817668    0.0011415449
  -10.2400000000    0.0965935281    0.0011385659
  -10.2300000000    0.0965054278    0.0011356012
  -10.2200000000    0.0964174652    0.0011326505
  -10.2100000000    0.0963296396    0.0011297138
  -10.2000000000    0.0962419504    0.0011267909
  -10.1900000000    0.0961543969    0.0011238818
  -10.1800000000    0.0960669785    0.0011209863
  -10.1700000000    0.0959796945    0.0011181043
  -10.1600000000    0.0958925443    0.0011152357
  -10.1500000000    0.0958055273    0.0011123804
  -10.1400000000    0.0957186428    0.0011095382
  -10.1300000000    0.0956318902    0.0011067091
  -10.1200000000    0.0955452688    0.0011038929
  -10.1100000000    0.0954587782    0.0011010895
  -10.1000000000    0.0953724176    0.0010982989
  -10.0900000000    0.0952861865    0.0010955209
  -10.0800000000    0.0952000842    0.0010927554
  -10.0700000000    0.0951141102    0.0010900023
  -10.0600000000    0.0950282639    0.0010872615
  -10.0500000000    0.0949425446    0.0010845329
  -10.0400000000    0.0948569519    0.0010818165
  -10.0300000000    0.0947714851    0.0010791120
  -10.0200000000    0.0946861437    0.0010764195
  -10.0100000000    0.0946009270    0.0010737387
  -10.0000000000    0.0945158346    0.0010710697
   -9.9900000000    0.0944308659    0.0010684124
   -9.9800000000    0.0943460203    0.0010657665
   -9.9700000000    0.0942612973    0.0010631321
   -9.9600000000    0.0941766962    0.0010605091
   -9.9500000000    0.0940922167    0.0010578973
   -9.9400000000    0.0940078581    0.0010552967
   -9.9300000000    0.0939236200    0.0010527072
   -9.9200000000    0.0938395017    0.0010501287
   -9.9100000000    0.0937555027    0.0010475610
   -9.9000000000    0.0936716226    0.0010450042
   -9.8900000000    0.0935878608    0.0010424582
   -9.8800000000    0.0935042169    0.0010399228
   -9.8700000000    0.0934209363    0.0010202901
   -9.8600000000    0.0933375257    0.0010178021
   -9.8500000000    0.0932542314    0.0010153244
   -9.8400000000    0.0931710529    0.0010128570
   -9.8300000000    0.0930879896    0.0010103998
   -9.8200000000    0.0930050411    0.0010079527
   -9.8100000000    0.0929222070    0.0010055157
   -9.8000000000    0.0928394867    0.0010030886
   -9.7900000000    0.0927568797    0.0010006714
   -9.7800000000    0.0926743856    0.0009982640
   -9.7700000000    0.0925920038    0.0009958663
   -9.7600000000    0.0925097340    0.0009934783
   -9.7500000000    0.0924275756    0.0009910999
   -9.7400000000    0.0923455283    0.0009887311
   -9.7300000000    0.0922635914    0.0009863717
   -9.7200000000    0.0921817646    0.0009840216
   -9.7100000000    0.0921000474    0.0009816809
   -9.7000000000    0.0920184393    0.0009793494
   -9.6900000000    0.0919369400    0.0009770271
   -9.6800000000    0.0918555489    0.0009747139
   -9.6700000000    0.0917742656    0.0009724098
   -9.6600000000    0.0916930897    0.0009701146
   -9.6500000000    0.0916120208    0.0009678284
   -9.6400000000    0.0915310583    0.0009655509
   -9.6300000000    0.0914553182    0.0006594686
   -9.6200000000    0.0913745507    0.0006578460
   -9.6100000000    0.0912938885    0.0006562306
   -9.6000000000    0.0912133312    0.0006546223
   -9.5900000000    0.0911328784    0.0006530210
   -9.5800000000    0.0910525296    0.0006514266
   -9.5700000000    0.0909722843    0.0006498392
   -9.5600000000    0.0908921423    0.0006482586
   -9.5500000000    0.0908121031    0.0006466848
   -9.5400000000    0.0907321663    0.0006451178
   -9.5300000000    0.0906523314    0.0006435575
   -9.5200000000    0.0905725981    0.0006420038
   -9.5100000000    0.0904929661    0.0006404567
   -9.5000000000    0.0904134348    0.0006389162
   -9.4900000000    0.0903340038    0.0006373822
   -9.4800000000    0.0902546729    0.0006358547
   -9.4700000000    0.0901754416    0.0006343335
   -9.4600000000    0.0900963096    0.0006328188
   -9.4500000000    0.0900172764    0.0006313103
   -9.4400000000    0.0899383416    0.0006298081
   -9.4300000000    0.0898595049    0.0006283121
   -9.4200000000    0.0897807660    0.0006268223
   -9.4100000000    0.0897021243    0.0006253386
   -9.4000000000    0.0896235797    0.0006238610
   -9.3900000000    0.0895451316    0.0006223895
   -9.3800000000    0.0894667797    0.0006209239
   -9.3700000000    0.0893885238    0.0006194643
   -9.3600000000    0.0893103633    0.0006180106
   -9.3500000000    0.0892322979    0.0006165628
   -9.3400000000    0.0891543274    0.0006151208
   -9.3300000000    0.0890764512    0.0006136846
   -9.3200000000    0.0889986691    0.0006122541
   -9.3100000000    0.0889209808    0.0006108293
   -9.3000000000    0.0888433858    0.0006094102
   -9.2900000000    0.0887660506    0.0005964878
   -9.2800000000    0.0886886409    0.0005950957
   -9.2700000000    0.0886113234    0.0005937091
   -9.2600000000    0.0885340980    0.0005923280
   -9.2500000000    0.0884569643    0.0005909523
   -9.2400000000    0.0883799218    0.0005895820
   -9.2300000000    0.0883029704    0.0005882170
   -9.2200000000    0.0882261096    0.0005868573
   -9.2100000000    0.0881493391    0.0005855029
   -9.2000000000    0.0880726586    0.0005841537
   -9.1900000000    0.0879960678    0.0005828097
   -9.1800000000    0.0879195663    0.0005814709
   -9.1700000000    0.0878431538    0.0005801372
   -9.1600000000    0.0877668301    0.0005788086
   -9.1500000000    0.0876905947    0.0005774850
   -9.1400000000    0.0876144473    0.0005761665
   -9.1300000000    0.0875383878    0.0005748530
   -9.1200000000    0.0874624156    0.0005735444
   -9.1100000000    0.0873865305    0.0005722407
   -9.1000000000    0.0873107323    0.0005709419
   -9.0900000000    0.0872350206    0.0005696480
   -9.0800000000    0.0871593950    0.0005683589
   -9.0700000000    0.0870838553    0.0005670746
   -9.0600000000    0.0870084012    0.0005657950
   -9.0500000000    0.0869330324    0.0005645201
   -9.0400000000    0.0868577486    0.0005632500
   -9.0300000000    0.0867825495    0.0005619845
   -9.0200000000    0.0867074347    0.0005607236
   -9.0100000000    0.0866324040    0.0005594674
   -9.0000000000    0.0865574571    0.0005582157
   -8.9900000000    0.0864825937    0.0005569685
   -8.9800000000    0.0864078136    0.0005557259
   -8.9700000000    0.0863331163    0.0005544877
   -8.9600000000    0.0862585017    0.0005532540
   -8.9500000000    0.0861839695    0.0005520247
   -8.9400000000    0.0861095193    0.0005507998
   -8.9300000000    0.0860351509    0.0005495792
   -8.9200000000    0.0859608640    0.0005483630
   -8.9100000000    0.0858866583    0.0005471511
   -8.9000000000    0.0858125335    0.0005459435
   -8.8900000000    0.0857384895    0.0005447401
   -8.8800000000    0.0856645258    0.0005435410
   -8.8700000000    0.0855906423    0.0005423460
   -8.8600000000    0.0855168386    0.0005411553
   -8.8500000000    0.0854431144    0.0005399686
   -8.8400000000    0.0853694696    0.0005387861
   -8.8300000000    0.0852959038    0.0005376077
   -8.8200000000    0.0852224168    0.0005364333
   -8.8100000000    0.0851490084    0.0005352630
   -8.8000000000    0.0850756781    0.0005340967
   -8.7900000000    0.0850024259    0.0005329344
   -8.7800000000    0.0849292513    0.0005317760
   -8.7700000000    0.0848561543    0.0005306216
   -8.7600000000    0.0847831344    0.0005294711
   -8.7500000000    0.0847101915    0.0005283245
   -8.7400000000    0.0846373253    0.0005271817
   -8.7300000000    0.0845645355    0.0005260428
   -8.7200000000    0.0844918219    0.0005249077
   -8.7100000000    0.0844191842    0.0005237764
   -8.7000000000    0.0843466222    0.0005226489
   -8.6900000000    0.0842741357    0.0005215251
   -8.6800000000    0.0842017243    0.0005204051
   -8.6700000000    0.0841293879    0.0005192887
   -8.6600000000    0.0840571262    0.0005181760
   -8.6500000000    0.0839849389    0.0005170670
   -8.6400000000    0.0839128258    0.0005159616
   -8.6300000000    0.0838407867    0.0005148599
   -8.6200000000    0.0837688214    0.0005137617
   -8.6100000000    0.0836969295    0.0005126671
   -8.6000000000    0.0836251108    0.0005115760
   -8.5900000000    0.0835533652    0.0005104885
   -8.5800000000    0.0834816923    0.0005094044
   -8.5700000000    0.0834100920    0.0005083239
   -8.5600000000    0.0833385640    0.0005072468
   -8.5500000000    0.0832671081    0.0005061731
   -8.5400000000    0.0831957240    0.0005051029
   -8.5300000000    0.0831244115    0.0005040360
   -8.5200000000    0.0830531704    0.0005029726
   -8.5100000000    0.0829820005    0.0005019125
   -8.5000000000    0.0829109014    0.0005008558
   -8.4900000000    0.0828398731    0.0004998023
   -8.4800000000    0.0827689153    0.0004987522
   -8.4700000000    0.0826980277    0.0004977053
   -8.4600000000    0.0826274548    0.0004816989
   -8.4500000000    0.0825567063    0.0004806842
   -8.4400000000    0.0824860274    0.0004796727
   -8.4300000000    0.0824154178    0.0004786644
   -8.4200000000    0.0823448774    0.0004776591
   -8.4100000000    0.0822744059    0.0004766570
   -8.4000000000    0.0822040032    0.0004756579
   -8.3900000000    0.0821336689    0.0004746619
   -8.3800000000    0.0820634030    0.0004736689
   -8.3700000000    0.0819932051    0.0004726790
   -8.3600000000    0.0819230751    0.0004716920
   -8.3500000000    0.0818530127    0.0004707081
   -8.3400000000    0.0817830178    0.0004697271
   -8.3300000000    0.0817130902    0.0004687491
   -8.3200000000    0.0816432295    0.0004677740
   -8.3100000000    0.0815734357    0.0004668018
   -8.3000000000    0.0815037085    0.0004658326
   -8.2900000000    0.0814340476    0.0004648662
   -8.2800000000    0.0813644530    0.0004639027
   -8.2700000000    0.0812949244    0.0004629421
   -8.2600000000    0.0812254616    0.0004619843
   -8.2500000000    0.0811560644    0.0004610293
   -8.2400000000    0.0810867325    0.0004600771
   -8.1300000000    0.0803362389    0.0000000000
   -8.1200000000    0.0802676478    0.0000000000
   -8.1100000000    0.0801991197    0.0000000000
   -8.1000000000    0.0801306544    0.0000000000
   -8.0900000000    0.0800622518    0.0000000000
   -8.0800000000    0.0799939115    0.0000000000
   -8.0700000000    0.0799256335    0.0000000000
   -8.0600000000    0.0798574176    0.0000000000
   -8.0500000000    0.0797892635    0.0000000000
   -8.0400000000    0.0797211711    0.0000000000
   -8.0300000000    0.0796531402    0.0000000000
   -8.0200000000    0.0795851707    0.0000000000
   -8.0100000000    0.0795172623    0.0000000000
   -8.0000000000    0.0794494148    0.0000000000
   -7.9900000000    0.0793816281    0.0000000000
   -7.9800000000    0.0793139020    0.0000000000
   -7.9700000000    0.0792462362    0.0000000000
   -7.9600000000    0.0791786308    0.0000000000
   -7.9500000000    0.0791110853    0.0000000000
   -7.9400000000    0.0790435998    0.0000000000
   -7.9300000000    0.0789761739    0.0000000000
   -7.9200000000    0.0789088076    0.0000000000
   -7.9100000000    0.0788415006    0.0000000000
   -7.9000000000    0.0787742527    0.0000000000
   -7.8900000000    0.0787070639    0.0000000000
   -7.8800000000    0.0786399339    0.0000000000
   -7.8700000000    0.0785728625    0.0000000000
   -7.8600000000    0.0785058496    0.0000000000
   -7.8500000000    0.0784388950    0.0000000000
   -7.8400000000    0.0783719986    0.0000000000
   -7.8300000000    0.0783051601    0.0000000000
   -7.8200000000    0.0782383794    0.0000000000
   -7.8100000000    0.0781716563    0.0000000000
   -7.8000000000    0.0781049906    0.0000000000
   -7.7900000000    0.0780383823    0.0000000000
   -7.7800000000    0.0779718311    0.0000000000
   -7.7700000000    0.0779053368    0.0000000000
   -7.7600000000    0.0778388993    0.0000000000
   -7.7500000000    0.0777725185    0.0000000000
   -7.7400000000    0.0777061941    0.0000000000
   -7.7300000000    0.0776399260    0.0000000000
   -7.7200000000    0.0775737140    0.0000000000
   -7.7100000000    0.0775075581    0.0000000000
   -7.7000000000    0.0774414579    0.0000000000
   -7.6900000000    0.0773754133    0.0000000000
   -7.6800000000    0.0773094243    0.0000000000
   -7.6700000000    0.0772434906    0.0000000000
   -7.6600000000    0.0771776120    0.0000000000
   -7.6500000000    0.0771117885    0.0000000000
   -7.6400000000    0.0770460198    0.0000000000
   -7.6300000000    0.0769803058    0.0000000000
   -7.6200000000    0.0769146464    0.0000000000
   -7.6100000000    0.0768490413    0.0000000000
   -7.6000000000    0.0767834905    0.0000000000
   -7.5900000000    0.0767179937    0.0000000000
   -7.5800000000    0.0766525508    0.0000000000
   -7.5700000000    0.0765871617    0.0000000000
   -7.5600000000    0.0765218262    0.0000000000
   -7.5500000000    0.0764565442    0.0000000000
   -7.5400000000    0.0763913155    0.0000000000
   -7.5300000000    0.0763261399    0.0000000000
   -7.5200000000    0.0762610173    0.0000000000
   -7.5100000000    0.0761959476    0.0000000000
   -7.5000000000    0.0761309306    0.0000000000
   -7.4900000000    0.0760659661    0.0000000000
   -7.4800000000    0.0760010541    0.0000000000
   -7.4700000000    0.0759361943    0.0000000000
   -7.4600000000    0.0758713865    0.0000000000
   -7.4500000000    0.0758066308    0.0000000000
   -7.4400000000    0.0757419269    0.0000000000
   -7.4300000000    0.0756772746    0.0000000000
   -7.4200000000    0.0756126738    0.0000000000
   -7.4100000000    0.0755481245    0.0000000000
   -7.4000000000    0.0754836263    0.0000000000
   -7.3900000000    0.0754191793    0.0000000000
   -7.3800000000    0.0753547832    0.0000000000
   -7.3700000000    0.0752904378    0.0000000000
   -7.3600000000    0.0752261432    0.0000000000
   -7.3500000000    0.0751618990    0.0000000000
   -7.3400000000    0.0750977053    0.0000000000
   -7.3300000000    0.0750335617    0.0000000000
   -7.3200000000    0.0749694683    0.0000000000
   -7.3100000000    0.0749054248    0.0000000000
   -7.3000000000    0.0748414311    0.0000000000
   -7.2900000000    0.0747774871    0.0000000000
   -7.2800000000    0.0747135926    0.0000000000
   -7.2700000000    0.0746497475    0.0000000000
   -7.2600000000    0.0745859516    0.0000000000
   -7.2500000000    0.0745222049    0.0000000000
   -7.2400000000    0.0744585072    0.0000000000
   -7.2300000000    0.0743948583    0.0000000000
   -7.2200000000    0.0743312581    0.0000000000
   -7.2100000000    0.0742677065    0.0000000000
   -7.2000000000    0.0742042034    0.0000000000
   -7.1900000000    0.0741407485    0.0000000000
   -7.1800000000    0.0740773418    0.0000000000
   -7.1700000000    0.0740139832    0.0000000000
   -7.1600000000    0.0739506724    0.0000000000
   -7.1500000000    0.0738874095    0.0000000000
   -7.1400000000    0.0738241941    0.0000000000
   -7.1300000000    0.0737610263    0.0000000000
   -7.1200000000    0.0736979058    0.0000000000
   -7.1100000000    0.0736348326    0.0000000000
   -7.1000000000    0.0735718065    0.0000000000
   -7.0900000000    0.0735088274    0.0000000000
   -7.0800000000    0.0734458952    0.0000000000
   -7.0700000000    0.0733830096    0.0000000000
   -7.0600000000    0.0733201707    0.0000000000
   -7.0500000000    0.0732573782    0.0000000000
   -7.0400000000    0.0731946321    0.0000000000
   -7.0300000000    0.0731319321    0.0000000000
   -7.0200000000    0.0730692783    0.0000000000
   -7.0100000000    0.0730066704    0.0000000000
   -7.0000000000    0.0729441084    0.0000000000
   -6.9900000000    0.0728815920    0.0000000000
   -6.9800000000    0.0728191212    0.0000000000
   -6.9700000000    0.0727566959    0.0000000000
   -6.9600000000    0.0726943159    0.0000000000
   -6.9500000000    0.0726319811    0.0000000000
   -6.9400000000    0.0725696914    0.0000000000
   -6.9300000000    0.0725074467    0.0000000000
   -6.9200000000    0.0724452467    0.0000000000
   -6.9100000000    0.0723830915    0.0000000000
   -6.9000000000    0.0723209809    0.0000000000
   -6.8900000000    0.0722589147    0.0000000000
   -6.8800000000    0.0721968929    0.0000000000
   -6.8700000000    0.0721349153    0.0000000000
   -6.8600000000    0.0720729818    0.0000000000
   -6.8500000000    0.0720110923    0.0000000000
   -6.8400000000    0.0719492466    0.0000000000
   -6.8300000000    0.0718874447    0.0000000000
   -6.8200000000    0.0718256864    0.0000000000
   -6.8100000000    0.0717639716    0.0000000000
   -6.8000000000    0.0717023001    0.0000000000
   -6.7900000000    0.0716406720    0.0000000000
   -6.7800000000    0.0715790870    0.0000000000
   -6.7700000000    0.0715175450    0.0000000000
   -6.7600000000    0.0714560459    0.0000000000
   -6.7500000000    0.0713945896    0.0000000000
   -6.7400000000    0.0713331759    0.0000000000
   -6.7300000000    0.0712718049    0.0000000000
   -6.7200000000    0.0712104762    0.0000000000
   -6.7100000000    0.0711491899    0.0000000000
   -6.7000000000    0.0710879458    0.0000000000
   -6.6900000000    0.0710267438    0.0000000000
   -6.6800000000    0.0709655838    0.0000000000
   -6.6700000000    0.0709044656    0.0000000000
   -6.6600000000    0.0708433892    0.0000000000
   -6.6500000000    0.0707823544    0.0000000000
   -6.6400000000    0.0707213612    0.0000000000
   -6.6300000000    0.0706604094    0.0000000000
   -6.6200000000    0.0705994988    0.0000000000
   -6.6100000000    0.0705386294    0.0000000000
   -6.6000000000    0.0704778012    0.0000000000
   -6.5900000000    0.0704170138    0.0000000000
   -6.5800000000    0.0703562673    0.0000000000
   -6.5700000000    0.0702955616    0.0000000000
   -6.5600000000    0.0702348965    0.0000000000
   -6.5500000000    0.0701742719    0.0000000000
   -6.5400000000    0.0701136877    0.0000000000
   -6.5300000000    0.0700531437    0.0000000000
   -6.5200000000    0.0699926400    0.0000000000
   -6.5100000000    0.0699321764    0.0000000000
   -6.5000000000    0.0698717527    0.0000000000
   -6.4900000000    0.0698113689    0.0000000000
   -6.4800000000    0.0697510248    0.0000000000
   -6.4700000000    0.0696907203    0.0000000000
   -6.4600000000    0.0696304554    0.0000000000
   -6.4500000000    0.0695702299    0.0000000000
   -6.4400000000    0.0695100438    0.0000000000
   -6.4300000000    0.0694498968    0.0000000000
   -6.4200000000    0.0693897889    0.0000000000
   -6.4100000000    0.0693297201    0.0000000000
   -6.4000000000    0.0692696901    0.0000000000
   -6.3900000000    0.0692096989    0.0000000000
   -6.3800000000    0.0691497463    0.0000000000
   -6.3700000000    0.0690898324    0.0000000000
   -6.3600000000    0.0690299569    0.0000000000
   -6.3500000000    0.0689701198    0.0000000000
   -6.3400000000    0.0689103209    0.0000000000
   -6.3300000000    0.0688505602    0.0000000000
   -6.3200000000    0.0687908375    0.0000000000
   -6.3100000000    0.0687311528    0.0000000000
   -6.3000000000    0.0686715059    0.0000000000
   -6.2900000000    0.0686118967    0.0000000000
   -6.2800000000    0.0685523252    0.0000000000
   -6.2700000000    0.0684927912    0.0000000000
   -6.2600000000    0.0684332946    0.0000000000
   -6.2500000000    0.0683738353    0.0000000000
   -6.2400000000    0.0683144133    0.0000000000
   -6.2300000000    0.0682550284    0.0000000000
   -6.2200000000    0.0681956805    0.0000000000
   -6.2100000000    0.0681363695    0.0000000000
   -6.2000000000    0.0680770954    0.0000000000
   -6.1900000000    0.0680178579    0.0000000000
   -6.1800000000    0.0679586571    0.0000000000
   -6.1700000000    0.0678994928    0.0000000000
   -6.1600000000    0.0678403649    0.0000000000
   -6.1500000000    0.0677812733    0.0000000000
   -6.1400000000    0.0677222179    0.0000000000
   -6.1300000000    0.0676631986    0.0000000000
   -6.1200000000    0.0676042154    0.0000000000
   -6.1100000000    0.0675452681    0.0000000000
   -6.1000000000    0.0674863565    0.0000000000
   -6.0900000000    0.0674274807    0.0000000000
   -6.0800000000    0.0673686406    0.0000000000
   -6.0700000000    0.0673098359    0.0000000000
   -6.0600000000    0.0672510666    0.0000000000
   -6.0500000000    0.0671923327    0.0000000000
   -6.0400000000    0.0671336340    0.0000000000
   -6.0300000000    0.0670749705    0.0000000000
   -6.0200000000    0.0670163420    0.0000000000
   -6.0100000000    0.0669577484    0.0000000000
   -6.0000000000    0.0668991896    0.0000000000
   -5.9900000000    0.0668406656    0.0000000000
   -5.9800000000    0.0667821763    0.0000000000
   -5.9700000000    0.0667237215    0.0000000000
   -5.9600000000    0.0666653011    0.0000000000
   -5.9500000000    0.0666069152    0.0000000000
   -5.9400000000    0.0665485634    0.0000000000
   -5.9300000000    0.0664902459    0.0000000000
   -5.9200000000    0.0664319624    0.0000000000
   -5.9100000000    0.0663737129    0.0000000000
   -5.9000000000    0.0663154973    0.0000000000
   -5.8900000000    0.0662573155    0.0000000000
   -5.8800000000    0.0661991674    0.0000000000
   -5.8700000000    0.0661410528    0.0000000000
   -5.8600000000    0.0660829718    0.0000000000
   -5.8500000000    0.0660249242    0.0000000000
   -5.8400000000    0.0659669100    0.0000000000
   -5.8300000000    0.0659089289    0.0000000000
   -5.8200000000    0.0658509810    0.0000000000
   -5.8100000000    0.0657930661    0.0000000000
   -5.8000000000    0.0657351842    0.0000000000
   -5.7900000000    0.0656773352    0.0000000000
   -5.7800000000    0.0656195189    0.0000000000
   -5.7700000000    0.0655617353    0.0000000000
   -5.7600000000    0.0655039843    0.0000000000
   -5.7500000000    0.0654462657    0.0000000000
   -5.7400000000    0.0653885796    0.0000000000
   -5.7300000000    0.0653309257    0.0000000000
   -5.7200000000    0.0652733041    0.0000000000
   -5.7100000000    0.0652157146    0.0000000000
   -5.7000000000    0.0651581572    0.0000000000
   -5.6900000000    0.0651006317    0.0000000000
   -5.6800000000    0.0650431380    0.0000000000
   -5.6700000000    0.0649856761    0.0000000000
   -5.6600000000    0.0649282459    0.0000000000
   -5.6500000000    0.0648708473    0.0000000000
   -5.6400000000    0.0648134802    0.0000000000
   -5.6300000000    0.0647561444    0.0000000000
   -5.6200000000    0.0646988400    0.0000000000
   -5.6100000000    0.0646415668    0.0000000000
   -5.6000000000    0.0645843248    0.0000000000
   -5.5900000000    0.0645271138    0.0000000000
   -5.5800000000    0.0644699337    0.0000000000
   -5.5700000000    0.0644127846    0.0000000000
   -5.5600000000    0.0643556662    0.0000000000
   -5.5500000000    0.0642985785    0.0000000000
   -5.5400000000    0.0642415214    0.0000000000
   -5.5300000000    0.0641844948    0.0000000000
   -5.5200000000    0.0641274987    0.0000000000
   -5.5100000000    0.0640705329    0.0000000000
   -5.5000000000    0.0640135973    0.0000000000
   -5.4900000000    0.0639566920    0.0000000000
   -5.4800000000    0.0638998167    0.0000000000
   -5.4700000000    0.0638429714    0.0000000000
   -5.4600000000    0.0637861560    0.0000000000
   -5.4500000000    0.0637293704    0.0000000000
   -5.4400000000    0.0636726146    0.0000000000
   -5.4300000000    0.0636158884    0.0000000000
   -5.4200000000    0.0635591917    0.0000000000
   -5.4100000000    0.0635025246    0.0000000000
   -5.4000000000    0.0634458868    0.0000000000
   -5.3900000000    0.0633892783    0.0000000000
   -5.3800000000    0.0633326991    0.0000000000
   -5.3700000000    0.0632761490    0.0000000000
   -5.3600000000    0.0632196279    0.0000000000
   -5.3500000000    0.0631631358    0.0000000000
   -5.3400000000    0.0631066726    0.0000000000
   -5.3300000000    0.0630502381    0.0000000000
   -5.3200000000    0.0629938324    0.0000000000
   -5.3100000000    0.0629374553    0.0000000000
   -5.3000000000    0.0628811067    0.0000000000
   -5.2900000000    0.0628247865    0.0000000000
   -5.2800000000    0.0627684948    0.0000000000
   -5.2700000000    0.0627122313    0.0000000000
   -5.2600000000    0.0626559960    0.0000000000
   -5.2500000000    0.0625997888    0.0000000000
   -5.2400000000    0.0625436097    0.0000000000
   -5.2300000000    0.0624874585    0.0000000000
   -5.2200000000    0.0624313352    0.0000000000
   -5.2100000000    0.0623752396    0.0000000000
   -5.2000000000    0.0623191718    0.0000000000
   -5.1900000000    0.0622631315    0.0000000000
   -5.1800000000    0.0622071188    0.0000000000
   -5.1700000000    0.0621511336    0.0000000000
   -5.1600000000    0.0620951757    0.0000000000
   -5.1500000000    0.0620392451    0.0000000000
   -5.1400000000    0.0619833416    0.0000000000
   -5.1300000000    0.0619274653    0.0000000000
   -5.1200000000    0.0618716160    0.0000000000
   -5.1100000000    0.0618157937    0.0000000000
   -5.1000000000    0.0617599983    0.0000000000
   -5.0900000000    0.0617042296    0.0000000000
   -5.0800000000    0.0616484876    0.0000000000
   -5.0700000000    0.0615927723    0.0000000000
   -5.0600000000    0.0615370835    0.0000000000
   -5.0500000000    0.0614814211    0.0000000000
   -5.0400000000    0.0614257852    0.0000000000
   -5.0300000000    0.0613701755    0.0000000000
   -5.0200000000    0.0613145920    0.0000000000
   -5.0100000000    0.0612590347    0.0000000000
   -5.0000000000    0.0612035034    0.0000000000
   -4.9900000000    0.0611479981    0.0000000000
   -4.9800000000    0.0610925187    0.0000000000
   -4.9700000000    0.0610370651    0.0000000000
   -4.9600000000    0.0609816372    0.0000000000
   -4.9500000000    0.0609262349    0.0000000000
   -4.9400000000    0.0608708583    0.0000000000
   -4.9300000000    0.0608155071    0.0000000000
   -4.9200000000    0.0607601813    0.0000000000
   -4.9100000000    0.0607048808    0.0000000000
   -4.9000000000    0.0606496056    0.0000000000
   -4.8900000000    0.0605943555    0.0000000000
   -4.8800000000    0.0605391305    0.0000000000
   -4.8700000000    0.0604839306    0.0000000000
   -4.8600000000    0.0604287555    0.0000000000
   -4.8500000000    0.0603736053    0.0000000000
   -4.8400000000    0.0603184798    0.0000000000
   -4.8300000000    0.0602633791    0.0000000000
   -4.8200000000    0.0602083029    0.0000000000
   -4.8100000000    0.0601532513    0.0000000000
   -4.8000000000    0.0600982241    0.0000000000
   -4.7900000000    0.0600432212    0.0000000000
   -4.7800000000    0.0599882427    0.0000000000
   -4.7700000000    0.0599332883    0.0000000000
   -4.7600000000    0.0598783581    0.0000000000
   -4.7500000000    0.0598234519    0.0000000000
   -4.7400000000    0.0597685697    0.0000000000
   -4.7300000000    0.0597137114    0.0000000000
   -4.7200000000    0.0596588769    0.0000000000
   -4.7100000000    0.0596040661    0.0000000000
   -4.7000000000    0.0595492790    0.0000000000
   -4.6900000000    0.0594945155    0.0000000000
   -4.6800000000    0.0594397754    0.0000000000
   -4.6700000000    0.0593850588    0.0000000000
   -4.6600000000    0.0593303655    0.0000000000
   -4.6500000000    0.0592756954    0.0000000000
   -4.6400000000    0.0592210485    0.0000000000
   -4.6300000000    0.0591664248    0.0000000000
   -4.6200000000    0.0591118240    0.0000000000
   -4.6100000000    0.0590572462    0.0000000000
   -4.6000000000    0.0590026913    0.0000000000
   -4.5900000000    0.0589481592    0.0000000000
   -4.5800000000    0.0588936497    0.0000000000
   -4.5700000000    0.0588391629    0.0000000000
   -4.5600000000    0.0587846987    0.0000000000
   -4.5500000000    0.0587302569    0.0000000000
   -4.5400000000    0.0586758376    0.0000000000
   -4.5300000000    0.0586214405    0.0000000000
   -4.5200000000    0.0585670657    0.0000000000
   -4.5100000000    0.0585127131    0.0000000000
   -4.5000000000    0.0584583825    0.0000000000
   -4.4900000000    0.0584040739    0.0000000000
   -4.4800000000    0.0583497873    0.0000000000
   -4.4700000000    0.0582955226    0.0000000000
   -4.4600000000    0.0582412796    0.0000000000
   -4.4500000000    0.0581870583    0.0000000000
   -4.4400000000    0.0581328586    0.0000000000
   -4.4300000000    0.0580786805    0.0000000000
   -4.4200000000    0.0580245238    0.0000000000
   -4.4100000000    0.0579703886    0.0000000000
   -4.4000000000    0.0579162746    0.0000000000
   -4.3900000000    0.0578621819    0.0000000000
   -4.3800000000    0.0578081103    0.0000000000
   -4.3700000000    0.0577540598    0.0000000000
   -4.3600000000    0.0577000303    0.0000000000
   -4.3500000000    0.0576460218    0.0000000000
   -4.3400000000    0.0575920341    0.0000000000
   -4.3300000000    0.0575380671    0.0000000000
   -4.3200000000    0.0574841209    0.0000000000
   -4.3100000000    0.0574301952    0.0000000000
   -4.3000000000    0.0573762901    0.0000000000
   -4.2900000000    0.0573224055    0.0000000000
   -4.2800000000    0.0572685412    0.0000000000
   -4.2700000000    0.0572146973    0.0000000000
   -4.2600000000    0.0571608736    0.0000000000
   -4.2500000000    0.0571070700    0.0000000000
   -4.2400000000    0.0570532865    0.0000000000
   -4.2300000000    0.0569995231    0.0000000000
   -4.2200000000    0.0569457795    0.0000000000
   -4.2100000000    0.0568920558    0.0000000000
   -4.2000000000    0.0568383518    0.0000000000
   -4.1900000000    0.0567846676    0.0000000000
   -4.1800000000    0.0567310029    0.0000000000
   -4.1700000000    0.0566773578    0.0000000000
   -4.1600000000    0.0566237322    0.0000000000
   -4.1500000000    0.0565701259    0.0000000000
   -4.1400000000    0.0565165390    0.0000000000
   -4.1300000000    0.0564629713    0.0000000000
   -4.1200000000    0.0564094227    0.0000000000
   -4.1100000000    0.0563558932    0.0000000000
   -4.1000000000    0.0563023827    0.0000000000
   -4.0900000000    0.0562488912    0.0000000000
   -4.0800000000    0.0561954184    0.0000000000
   -4.0700000000    0.0561419645    0.0000000000
   -4.0600000000    0.0560885292    0.0000000000
   -4.0500000000    0.0560351126    0.0000000000
   -4.0400000000    0.0559817145    0.0000000000
   -4.0300000000    0.0559283348    0.0000000000
   -4.0200000000    0.0558749736    0.0000000000
   -4.0100000000    0.0558216306    0.0000000000
   -4.0000000000    0.0557683059    0.0000000000
   -3.9900000000    0.0557149993    0.0000000000
   -3.9800000000    0.0556617108    0.0000000000
   -3.9700000000    0.0556084403    0.0000000000
   -3.9600000000    0.0555551877    0.0000000000
   -3.9500000000    0.0555019530    0.0000000000
   -3.9400000000    0.0554487360    0.0000000000
   -3.9300000000    0.0553955368    0.0000000000
   -3.9200000000    0.0553423551    0.0000000000
   -3.9100000000    0.0552891910    0.0000000000
   -3.9000000000    0.0552360443    0.0000000000
   -3.8900000000    0.0551829150    0.0000000000
   -3.8800000000    0.0551298031    0.0000000000
   -3.8700000000    0.0550767083    0.0000000000
   -3.8600000000    0.0550236307    0.0000000000
   -3.8500000000    0.0549705702    0.0000000000
   -3.8400000000    0.0549175267    0.0000000000
   -3.8300000000    0.0548645000    0.0000000000
   -3.8200000000    0.0548114903    0.0000000000
   -3.8100000000    0.0547584973    0.0000000000
   -3.8000000000    0.0547055209    0.0000000000
   -3.7900000000    0.0546525612    0.0000000000
   -3.7800000000    0.0545996181    0.0000000000
   -3.7700000000    0.0545466913    0.0000000000
   -3.7600000000    0.0544937810    0.0000000000
   -3.7500000000    0.0544408869    0.0000000000
   -3.7400000000    0.0543880091    0.0000000000
   -3.7300000000    0.0543351474    0.0000000000
   -3.7200000000    0.0542823018    0.0000000000
   -3.7100000000    0.0542294721    0.0000000000
   -3.7000000000    0.0541766584    0.0000000000
   -3.6900000000    0.0541238605    0.0000000000
   -3.6800000000    0.0540710783    0.0000000000
   -3.6700000000    0.0540183119    0.0000000000
   -3.6600000000    0.0539655610    0.0000000000
   -3.6500000000    0.0539128256    0.0000000000
   -3.6400000000    0.0538601057    0.0000000000
   -3.6300000000    0.0538074011    0.0000000000
   -3.6200000000    0.0537547118    0.0000000000
   -3.6100000000    0.0537020378    0.0000000000
   -3.6000000000    0.0536493788    0.0000000000
   -3.5900000000    0.0535967349    0.0000000000
   -3.5800000000    0.0535441060    0.0000000000
   -3.5700000000    0.0534914919    0.0000000000
   -3.5600000000    0.0534388927    0.0000000000
   -3.5500000000    0.0533863082    0.0000000000
   -3.5400000000    0.0533337384    0.0000000000
   -3.5300000000    0.0532811831    0.0000000000
   -3.5200000000    0.0532286423    0.0000000000
   -3.5100000000    0.0531761159    0.0000000000
   -3.5000000000    0.0531236039    0.0000000000
   -3.4900000000    0.0530711061    0.0000000000
   -3.4800000000    0.0530186226    0.0000000000
   -3.4700000000    0.0529661531    0.0000000000
   -3.4600000000    0.0529136976    0.0000000000
   -3.4500000000    0.0528612560    0.0000000000
   -3.4400000000    0.0528088284    0.0000000000
   -3.4300000000    0.0527564145    0.0000000000
   -3.4200000000    0.0527040143    0.0000000000
   -3.4100000000    0.0526516277    0.0000000000
   -3.4000000000    0.0525992546    0.0000000000
   -3.3900000000    0.0525468950    0.0000000000
   -3.3800000000    0.0524945488    0.0000000000
   -3.3700000000    0.0524422159    0.0000000000
   -3.3600000000    0.0523898962    0.0000000000
   -3.3500000000    0.0523375896    0.0000000000
   -3.3400000000    0.0522852961    0.0000000000
   -3.3300000000    0.0522330156    0.0000000000
   -3.3200000000    0.0521807480    0.0000000000
   -3.3100000000    0.0521284931    0.0000000000
   -3.3000000000    0.0520762510    0.0000000000
   -3.2900000000    0.0520240216    0.0000000000
   -3.2800000000    0.0519718047    0.0000000000
   -3.2700000000    0.0519196003    0.0000000000
   -3.2600000000    0.0518674083    0.0000000000
   -3.2500000000    0.0518152286    0.0000000000
   -3.2400000000    0.0517630612    0.0000000000
   -3.2300000000    0.0517109059    0.0000000000
   -3.2200000000    0.0516587627    0.0000000000
   -3.2100000000    0.0516066315    0.0000000000
   -3.2000000000    0.0515545122    0.0000000000
   -3.1900000000    0.0515024048    0.0000000000
   -3.1800000000    0.0514503090    0.0000000000
   -3.1700000000    0.0513982250    0.0000000000
   -3.1600000000    0.0513461525    0.0000000000
   -3.1500000000    0.0512940915    0.0000000000
   -3.1400000000    0.0512420419    0.0000000000
   -3.1300000000    0.0511900037    0.0000000000
   -3.1200000000    0.0511379767    0.0000000000
   -3.1100000000    0.0510859608    0.0000000000
   -3.1000000000    0.0510339561    0.0000000000
   -3.0900000000    0.0509819623    0.0000000000
   -3.0800000000    0.0509299794    0.0000000000
   -3.0700000000    0.0508780074    0.0000000000
   -3.0600000000    0.0508260461    0.0000000000
   -3.0500000000    0.0507740954    0.0000000000
   -3.0400000000    0.0507221554    0.0000000000
   -3.0300000000    0.0506716418   -0.0000496656
   -3.0200000000    0.0506197299   -0.0000498234
   -3.0100000000    0.0505678284   -0.0000499819
   -3.0000000000    0.0505159372   -0.0000501411
   -2.9900000000    0.0504640561   -0.0000503010
   -2.9800000000    0.0504121852   -0.0000504616
   -2.9700000000    0.0503603243   -0.0000506228
   -2.9600000000    0.0503084733   -0.0000507848
   -2.9500000000    0.0502566322   -0.0000509474
   -2.9400000000    0.0502048008   -0.0000511108
   -2.9300000000    0.0501529791   -0.0000512748
   -2.9200000000    0.0501011670   -0.0000514396
   -2.9100000000    0.0500493644   -0.0000516051
   -2.9000000000    0.0499975712   -0.0000517714
   -2.8900000000    0.0499457873   -0.0000519383
   -2.8800000000    0.0498940127   -0.0000521060
   -2.8700000000    0.0498422472   -0.0000522745
   -2.8600000000    0.0497904908   -0.0000524437
   -2.8500000000    0.0497387434   -0.0000526136
   -2.8400000000    0.0496870048   -0.0000527844
   -2.8300000000    0.0496352751   -0.0000529558
   -2.8200000000    0.0495835540   -0.0000531281
   -2.8100000000    0.0495318416   -0.0000533011
   -2.8000000000    0.0494801377   -0.0000534749
   -2.7900000000    0.0494284423   -0.0000536495
   -2.7800000000    0.0493767552   -0.0000538249
   -2.7700000000    0.0493250764   -0.0000540011
   -2.7600000000    0.0492734057   -0.0000541780
   -2.7500000000    0.0492217431   -0.0000543558
   -2.7400000000    0.0491700885   -0.0000545345
   -2.7300000000    0.0491184418   -0.0000547139
   -2.7200000000    0.0490668030   -0.0000548941
   -2.7100000000    0.0490151718   -0.0000550752
   -2.7000000000    0.0489635483   -0.0000552572
   -2.6900000000    0.0489119323   -0.0000554399
   -2.6800000000    0.0488603237   -0.0000556236
   -2.6700000000    0.0488087225   -0.0000558081
   -2.6600000000    0.0487571286   -0.0000559934
   -2.6500000000    0.0487055418   -0.0000561796
   -2.6400000000    0.0486539621   -0.0000563667
   -2.6300000000    0.0486023894   -0.0000565547
   -2.6200000000    0.0485508235   -0.0000567436
   -2.6100000000    0.0484992645   -0.0000569334
   -2.6000000000    0.0484477121   -0.0000571240
   -2.5900000000    0.0483961664   -0.0000573156
   -2.5800000000    0.0483446271   -0.0000575081
   -2.5700000000    0.0482930943   -0.0000577016
   -2.5600000000    0.0482415678   -0.0000578959
   -2.5500000000    0.0481900475   -0.0000580912
   -2.5400000000    0.0481385333   -0.0000582874
   -2.5300000000    0.0480870251   -0.0000584846
   -2.5200000000    0.0480355229   -0.0000586828
   -2.5100000000    0.0479840265   -0.0000588819
   -2.5000000000    0.0479325359   -0.0000590820
   -2.4900000000    0.0478810509   -0.0000592830
   -2.4800000000    0.0478295714   -0.0000594851
   -2.4700000000    0.0477780974   -0.0000596882
   -2.4600000000    0.0477266288   -0.0000598922
   -2.4500000000    0.0476751653   -0.0000600973
   -2.4400000000    0.0476237071   -0.0000603034
   -2.4300000000    0.0475722538   -0.0000605105
   -2.4200000000    0.0475208055   -0.0000607186
   -2.4100000000    0.0474693621   -0.0000609278
   -2.4000000000    0.0474179234   -0.0000611380
   -2.3900000000    0.0473664894   -0.0000613493
   -2.3800000000    0.0473150599   -0.0000615617
   -2.3700000000    0.0472636349   -0.0000617751
   -2.3600000000    0.0472122142   -0.0000619896
   -2.3500000000    0.0471607977   -0.0000622053
   -2.3400000000    0.0471093854   -0.0000624220
   -2.3300000000    0.0470579771   -0.0000626398
   -2.3200000000    0.0470065727   -0.0000628587
   -2.3100000000    0.0469551722   -0.0000630788
   -2.3000000000    0.0469037754   -0.0000633000
   -2.2900000000    0.0468523822   -0.0000635223
   -2.2800000000    0.0468009925   -0.0000637458
   -2.2700000000    0.0467496062   -0.0000639704
   -2.2600000000    0.0466982232   -0.0000641963
   -2.2500000000    0.0466468434   -0.0000644233
   -2.2400000000    0.0465954667   -0.0000646515
   -2.2300000000    0.0465440930   -0.0000648809
   -2.2200000000    0.0464927222   -0.0000651114
   -2.2100000000    0.0464413541   -0.0000653433
   -2.2000000000    0.0463899887   -0.0000655763
   -2.1900000000    0.0463386258   -0.0000658106
   -2.1800000000    0.0462872653   -0.0000660461
   -2.1700000000    0.0462359072   -0.0000662829
   -2.1600000000    0.0461845514   -0.0000665209
   -2.1500000000    0.0461331976   -0.0000667603
   -2.1400000000    0.0460818458   -0.0000670009
   -2.1300000000    0.0460304959   -0.0000672428
   -2.1200000000    0.0459791478   -0.0000674860
   -2.1100000000    0.0459278013   -0.0000677306
   -2.1000000000    0.0458764564   -0.0000679764
   -2.0900000000    0.0458251129   -0.0000682237
   -2.0800000000    0.0457737707   -0.0000684722
   -2.0700000000    0.0457224298   -0.0000687221
   -2.0600000000    0.0456710899   -0.0000689735
   -2.0500000000    0.0456197510   -0.0000692261
   -2.0400000000    0.0455684129   -0.0000694802
   -2.0300000000    0.0455170756   -0.0000697357
   -2.0200000000    0.0454657390   -0.0000699926
   -2.0100000000    0.0454144028   -0.0000702510
   -2.0000000000    0.0453630670   -0.0000705108
   -1.9900000000    0.0453117315   -0.0000707720
   -1.9800000000    0.0452603961   -0.0000710347
   -1.9700000000    0.0452090608   -0.0000712989
   -1.9600000000    0.0451577254   -0.0000715646
   -1.9500000000    0.0451063898   -0.0000718318
   -1.9400000000    0.0450550538   -0.0000721005
   -1.9300000000    0.0450037174   -0.0000723708
   -1.9200000000    0.0449523804   -0.0000726425
   -1.9100000000    0.0449010427   -0.0000729159
   -1.9000000000    0.0448497041   -0.0000731908
   -1.8900000000    0.0447983646   -0.0000734673
   -1.8800000000    0.0447470241   -0.0000737454
   -1.8700000000    0.0446956823   -0.0000740251
   -1.8600000000    0.0446443392   -0.0000743064
   -1.8500000000    0.0445929947   -0.0000745894
   -1.8400000000    0.0445416486   -0.0000748740
   -1.8300000000    0.0444903007   -0.0000751603
   -1.8200000000    0.0444389511   -0.0000754482
   -1.8100000000    0.0443875994   -0.0000757379
   -1.8000000000    0.0443362457   -0.0000760293
   -1.7900000000    0.0442848897   -0.0000763224
   -1.7800000000    0.0442335313   -0.0000766172
   -1.7700000000    0.0441821705   -0.0000769138
   -1.7600000000    0.0441308070   -0.0000772122
   -1.7500000000    0.0440794407   -0.0000775123
   -1.7400000000    0.0440280716   -0.0000778143
   -1.7300000000    0.0439766994   -0.0000781181
   -1.7200000000    0.0439253241   -0.0000784237
   -1.7100000000    0.0438739454   -0.0000787311
   -1.7000000000    0.0438225633   -0.0000790405
   -1.6900000000    0.0437711776   -0.0000793517
   -1.6800000000    0.0437197882   -0.0000796648
   -1.6700000000    0.0436683949   -0.0000799798
   -1.6600000000    0.0436169976   -0.0000802968
   -1.6500000000    0.0435655962   -0.0000806157
   -1.6400000000    0.0435141904   -0.0000809366
   -1.6300000000    0.0434627803   -0.0000812595
   -1.6200000000    0.0434113655   -0.0000815844
   -1.6100000000    0.0433599461   -0.0000819113
   -1.6000000000    0.0433085217   -0.0000822402
   -1.5900000000    0.0432570924   -0.0000825712
   -1.5800000000    0.0432056579   -0.0000829043
   -1.5700000000    0.0431542181   -0.0000832395
   -1.5600000000    0.0431027728   -0.0000835768
   -1.5500000000    0.0430513219   -0.0000839163
   -1.5400000000    0.0429998652   -0.0000842579
   -1.5300000000    0.0429484026   -0.0000846016
   -1.5200000000    0.0428969340   -0.0000849476
   -1.5100000000    0.0428454591   -0.0000852958
   -1.5000000000    0.0427939779   -0.0000856463
   -1.4900000000    0.0427424901   -0.0000859990
   -1.4800000000    0.0426909956   -0.0000863539
   -1.4700000000    0.0426394943   -0.0000867112
   -1.4600000000    0.0425879860   -0.0000870708
   -1.4500000000    0.0425364705   -0.0000874328
   -1.4400000000    0.0424849476   -0.0000877971
   -1.4300000000    0.0424334173   -0.0000881638
   -1.4200000000    0.0423818793   -0.0000885330
   -1.4100000000    0.0423303335   -0.0000889045
   -1.4000000000    0.0422787797   -0.0000892785
   -1.3900000000    0.0422272178   -0.0000896551
   -1.3800000000    0.0421756475   -0.0000900341
   -1.3700000000    0.0421240688   -0.0000904156
   -1.3600000000    0.0420724814   -0.0000907997
   -1.3500000000    0.0420208852   -0.0000911864
   -1.3400000000    0.0419692799   -0.0000915757
   -1.3300000000    0.0419176655   -0.0000919676
   -1.3200000000    0.0418660418   -0.0000923622
   -1.3100000000    0.0418144085   -0.0000927595
   -1.3000000000    0.0417627655   -0.0000931595
   -1.2900000000    0.0417111126   -0.0000935622
   -1.2800000000    0.0416594497   -0.0000939677
   -1.2700000000    0.0416077765   -0.0000943760
   -1.2600000000    0.0415560930   -0.0000947870
   -1.2500000000    0.0415043988   -0.0000952010
   -1.2400000000    0.0414526938   -0.0000956178
   -1.2300000000    0.0414009778   -0.0000960375
   -1.2200000000    0.0413492507   -0.0000964602
   -1.2100000000    0.0412975122   -0.0000968858
   -1.2000000000    0.0412457622   -0.0000973144
   -1.1900000000    0.0411940004   -0.0000977460
   -1.1800000000    0.0411422267   -0.0000981807
   -1.1700000000    0.0410904409   -0.0000986185
   -1.1600000000    0.0410386428   -0.0000990593
   -1.1500000000    0.0409868322   -0.0000995034
   -1.1400000000    0.0409350088   -0.0000999506
   -1.1300000000    0.0408831725   -0.0001004010
   -1.1200000000    0.0408313231   -0.0001008547
   -1.1100000000    0.0407794604   -0.0001013116
   -1.1000000000    0.0407275842   -0.0001017719
   -1.0900000000    0.0406756942   -0.0001022355
   -1.0800000000    0.0406237903   -0.0001027025
   -1.0700000000    0.0405718723   -0.0001031729
   -1.0600000000    0.0405199398   -0.0001036468
   -1.0500000000    0.0404679928   -0.0001041242
   -1.0400000000    0.0404160311   -0.0001046050
   -1.0300000000    0.0403640543   -0.0001050895
   -1.0200000000    0.0403120623   -0.0001055775
   -1.0100000000    0.0402600548   -0.0001060692
   -1.0000000000    0.0402080317   -0.0001065646
   -0.9900000000    0.0401559927   -0.0001070637
   -0.9800000000    0.0401039375   -0.0001075666
   -0.9700000000    0.0400518660   -0.0001080732
   -0.9600000000    0.0399997780   -0.0001085837
   -0.9500000000    0.0399476731   -0.0001090981
   -0.9400000000    0.0398955512   -0.0001096164
   -0.9300000000    0.0398434121   -0.0001101386
   -0.9200000000    0.0397912554   -0.0001106649
   -0.9100000000    0.0397390810   -0.0001111952
   -0.9000000000    0.0396868886   -0.0001117297
   -0.8900000000    0.0396346779   -0.0001122682
   -0.8800000000    0.0395824488   -0.0001128110
   -0.8700000000    0.0395302009   -0.0001133580
   -0.8600000000    0.0394779341   -0.0001139092
   -0.8500000000    0.0394256480   -0.0001144648
   -0.8400000000    0.0393733425   -0.0001150248
   -0.8300000000    0.0393210172   -0.0001155892
   -0.8200000000    0.0392686719   -0.0001161581
   -0.8100000000    0.0392163064   -0.0001167315
   -0.8000000000    0.0391639203   -0.0001173095
   -0.7900000000    0.0391115135   -0.0001178922
   -0.7800000000    0.0390590856   -0.0001184795
   -0.7700000000    0.0390066364   -0.0001190715
   -0.7600000000    0.0389541655   -0.0001196684
   -0.7500000000    0.0389016728   -0.0001202700
   -0.7400000000    0.0388491580   -0.0001208766
   -0.7300000000    0.0387962619   -0.0001214882
   -0.7200000000    0.0387454199   -0.0001898197
   -0.7100000000    0.0386928417   -0.0001905914
   -0.7000000000    0.0386402402   -0.0001913686
   -0.6900000000    0.0385876151   -0.0001921515
   -0.6800000000    0.0385349662   -0.0001929401
   -0.6700000000    0.0384822931   -0.0001937344
   -0.6600000000    0.0384295956   -0.0001945346
   -0.6500000000    0.0383768733   -0.0001953406
   -0.6400000000    0.0383241259   -0.0001961526
   -0.6300000000    0.0382713532   -0.0001969707
   -0.6200000000    0.0382185548   -0.0001977948
   -0.6100000000    0.0381657304   -0.0001986251
   -0.6000000000    0.0381128797   -0.0001994616
   -0.5900000000    0.0380600024   -0.0002003044
   -0.5800000000    0.0380070981   -0.0002011537
   -0.5700000000    0.0379541665   -0.0002020093
   -0.5600000000    0.0379012074   -0.0002028715
   -0.5500000000    0.0378482202   -0.0002037403
   -0.5400000000    0.0377952048   -0.0002046158
   -0.5300000000    0.0377421607   -0.0002054981
   -0.5200000000    0.0376890877   -0.0002063872
   -0.5100000000    0.0376359854   -0.0002072832
   -0.5000000000    0.0375828534   -0.0002081862
   -0.4900000000    0.0375296913   -0.0002090963
   -0.4800000000    0.0374764989   -0.0002100136
   -0.4700000000    0.0374232757   -0.0002109381
   -0.4600000000    0.0373700215   -0.0002118700
   -0.4500000000    0.0373167357   -0.0002128093
   -0.4400000000    0.0372634181   -0.0002137562
   -0.4300000000    0.0372100682   -0.0002147107
   -0.4200000000    0.0371566857   -0.0002156729
   -0.4100000000    0.0371032702   -0.0002166428
   -0.4000000000    0.0370498213   -0.0002176207
   -0.3900000000    0.0369963386   -0.0002186066
   -0.3800000000    0.0369428218   -0.0002196006
   -0.3700000000    0.0368892703   -0.0002206028
   -0.3600000000    0.0368356838   -0.0002216133
   -0.3500000000    0.0367820619   -0.0002226322
   -0.3400000000    0.0367284042   -0.0002236596
   -0.3300000000    0.0366747102   -0.0002246957
   -0.3200000000    0.0366209795   -0.0002257404
   -0.3100000000    0.0365672118   -0.0002267940
   -0.3000000000    0.0365134064   -0.0002278566
   -0.2900000000    0.0364595631   -0.0002289282
   -0.2800000000    0.0364056813   -0.0002300091
   -0.2700000000    0.0363517607   -0.0002310992
   -0.2600000000    0.0362978007   -0.0002321987
   -0.2500000000    0.0362438008   -0.0002333078
   -0.2400000000    0.0361897607   -0.0002344266
   -0.2300000000    0.0361356799   -0.0002355552
   -0.2200000000    0.0360815578   -0.0002366937
   -0.2100000000    0.0360273940   -0.0002378423
   -0.2000000000    0.0359731880   -0.0002390011
   -0.1900000000    0.0359189392   -0.0002401702
   -0.1800000000    0.0358646473   -0.0002413497
   -0.1700000000    0.0358103117   -0.0002425399
   -0.1600000000    0.0357559318   -0.0002437409
   -0.1500000000    0.0357015072   -0.0002449527
   -0.1400000000    0.0356470372   -0.0002461756
   -0.1300000000    0.0355925215   -0.0002474097
   -0.1200000000    0.0355379594   -0.0002486551
   -0.1100000000    0.0354833505   -0.0002499121
   -0.1000000000    0.0354286940   -0.0002511807
   -0.0900000000    0.0353739896   -0.0002524611
   -0.0800000000    0.0353192365   -0.0002537536
   -0.0700000000    0.0352644343   -0.0002550582
   -0.0600000000    0.0352095824   -0.0002563751
   -0.0500000000    0.0351546801   -0.0002577046
   -0.0400000000    0.0350997269   -0.0002590467
   -0.0300000000    0.0350447221   -0.0002604017
   -0.0200000000    0.0349896652   -0.0002617697
   -0.0100000000    0.0349345555   -0.0002631510
    0.0000000000    0.0348793925   -0.0002645457
