      -20.0000000000            0.1462699966
      -19.9900000000            0.1452160503
      -19.9800000000            0.1442171638
      -19.9700000000            0.1432868795
      -19.9600000000            0.1424367974
      -19.9500000000            0.1416763425
      -19.9400000000            0.1410126180
      -19.9300000000            0.1404503415
      -19.9200000000            0.1399918591
      -19.9100000000            0.1396372342
      -19.9000000000            0.1393844090
      -19.8900000000            0.1392294346
      -19.8800000000            0.1391667648
      -19.8700000000            0.1391896043
      -19.8600000000            0.1392902992
      -19.8500000000            0.1394607521
      -19.8400000000            0.1396928422
      -19.8300000000            0.1399788275
      -19.8200000000            0.1403117124
      -19.8100000000            0.1406855624
      -19.8000000000            0.1410957610
      -19.7900000000            0.1415392048
      -19.7800000000            0.1420144435
      -19.7700000000            0.1425217696
      -19.7600000000            0.1430632669
      -19.7500000000            0.1436428182
      -19.7400000000            0.1442660715
      -19.7300000000            0.1449403598
      -19.7200000000            0.1456745655
      -19.7100000000            0.1464789249
      -19.7000000000            0.1473647729
      -19.6900000000            0.1483442322
      -19.6800000000            0.1494298604
      -19.6700000000            0.1506342696
      -19.6600000000            0.1519697357
      -19.6500000000            0.1534478117
      -19.6400000000            0.1550789525
      -19.6300000000            0.1568721543
      -19.6200000000            0.1588346012
      -19.6100000000            0.1609713096
      -19.6000000000            0.1632847557
      -19.5900000000            0.1657744721
      -19.5800000000            0.1684366055
      -19.5700000000            0.1712634330
      -19.5600000000            0.1742428485
      -19.5500000000            0.1773578417
      -19.5400000000            0.1805860102
      -19.5300000000            0.1838991574
      -19.5200000000            0.1872630453
      -19.5100000000            0.1906373788
      -19.5000000000            0.1939761018
      -19.4900000000            0.1972280797
      -19.4800000000            0.2003382236
      -19.4700000000            0.2032490786
      -19.4600000000            0.2059028541
      -19.4500000000            0.2082438146
      -19.4400000000            0.2102208919
      -19.4300000000            0.2117903229
      -19.4200000000            0.2129180859
      -19.4100000000            0.2135818943
      -19.4000000000            0.2137725431
      -19.3900000000            0.2134944555
      -19.3800000000            0.2127653718
      -19.3700000000            0.2116152150
      -19.3600000000            0.2100842581
      -19.3500000000            0.2082207888
      -19.3400000000            0.2060784998
      -19.3300000000            0.2037138340
      -19.3200000000            0.2011834870
      -19.3100000000            0.1985422188
      -19.3000000000            0.1958410708
      -19.2900000000            0.1931260281
      -19.2800000000            0.1904371219
      -19.2700000000            0.1878079339
      -19.2600000000            0.1852654452
      -19.2500000000            0.1828301636
      -19.2400000000            0.1805164655
      -19.2300000000            0.1783330935
      -19.2200000000            0.1762837592
      -19.2100000000            0.1743678094
      -19.2000000000            0.1725809189
      -19.1900000000            0.1709157790
      -19.1800000000            0.1693627543
      -19.1700000000            0.1679104822
      -19.1600000000            0.1665463984
      -19.1500000000            0.1652571733
      -19.1400000000            0.1640290616
      -19.1300000000            0.1628481717
      -19.1200000000            0.1617006793
      -19.1100000000            0.1605730127
      -19.1000000000            0.1594520431
      -19.0900000000            0.1583253085
      -19.0800000000            0.1571812893
      -19.0700000000            0.1560097372
      -19.0600000000            0.1548020445
      -19.0500000000            0.1535516215
      -19.0400000000            0.1522542409
      -19.0300000000            0.1509083049
      -19.0200000000            0.1495149952
      -19.0100000000            0.1480782779
      -19.0000000000            0.1466047565
      -18.9900000000            0.1451033802
      -18.9800000000            0.1435850372
      -18.9700000000            0.1420620700
      -18.9600000000            0.1405477574
      -18.9500000000            0.1390558046
      -18.9400000000            0.1375998748
      -18.9300000000            0.1361931868
      -18.9200000000            0.1348481914
      -18.9100000000            0.1335763271
      -18.9000000000            0.1323878518
      -18.8900000000            0.1312917403
      -18.8800000000            0.1302956333
      -18.8700000000            0.1294058285
      -18.8600000000            0.1286272982
      -18.8500000000            0.1279637265
      -18.8400000000            0.1274175554
      -18.8300000000            0.1269900350
      -18.8200000000            0.1266812724
      -18.8100000000            0.1264902786
      -18.8000000000            0.1264150112
      -18.7900000000            0.1264524166
      -18.7800000000            0.1265984723
      -18.7700000000            0.1268482350
      -18.7600000000            0.1271958992
      -18.7500000000            0.1276348720
      -18.7400000000            0.1281578694
      -18.7300000000            0.1287570402
      -18.7200000000            0.1294241236
      -18.7100000000            0.1301506417
      -18.7000000000            0.1309281313
      -18.6900000000            0.1317484136
      -18.6800000000            0.1326038947
      -18.6700000000            0.1334878897
      -18.6600000000            0.1343949513
      -18.6500000000            0.1353211847
      -18.6400000000            0.1362645217
      -18.6300000000            0.1372249324
      -18.6200000000            0.1382045499
      -18.6100000000            0.1392076978
      -18.6000000000            0.1402408142
      -18.5900000000            0.1413122815
      -18.5800000000            0.1424321789
      -18.5700000000            0.1436119840
      -18.5600000000            0.1448642494
      -18.5500000000            0.1462022857
      -18.5400000000            0.1476398704
      -18.5300000000            0.1491910027
      -18.5200000000            0.1508697123
      -18.5100000000            0.1526899271
      -18.5000000000            0.1546653957
      -18.4900000000            0.1568096604
      -18.4800000000            0.1591360725
      -18.4700000000            0.1616578396
      -18.4600000000            0.1643880974
      -18.4500000000            0.1673399971
      -18.4400000000            0.1705268016
      -18.4300000000            0.1739619833
      -18.4200000000            0.1776593191
      -18.4100000000            0.1816329780
      -18.4000000000            0.1858975960
      -18.3900000000            0.1904683359
      -18.3800000000            0.1953609272
      -18.3700000000            0.2005916818
      -18.3600000000            0.2061774823
      -18.3500000000            0.2121357360
      -18.3400000000            0.2184842894
      -18.3300000000            0.2252412968
      -18.3200000000            0.2324250330
      -18.3100000000            0.2400536431
      -18.3000000000            0.2481448168
      -18.2900000000            0.2567153775
      -18.2800000000            0.2657807724
      -18.2700000000            0.2753544515
      -18.2600000000            0.2854471235
      -18.2500000000            0.2960658774
      -18.2400000000            0.3072131631
      -18.2300000000            0.3188856290
      -18.2200000000            0.3310728262
      -18.2100000000            0.3437557999
      -18.2000000000            0.3569056097
      -18.1900000000            0.3704818461
      -18.1800000000            0.3844312369
      -18.1700000000            0.3986864760
      -18.1600000000            0.4131654348
      -18.1500000000            0.4277709491
      -18.1400000000            0.4423913840
      -18.1300000000            0.4569021723
      -18.1200000000            0.4711684807
      -18.1100000000            0.4850490772
      -18.1000000000            0.4984013571
      -18.0900000000            0.5110873317
      -18.0800000000            0.5229802232
      -18.0700000000            0.5339711518
      -18.0600000000            0.5439753003
      -18.0500000000            0.5529369028
      -18.0400000000            0.5608324666
      -18.0300000000            0.5676717937
      -18.0200000000            0.5734965922
      -18.0100000000            0.5783767389
      -18.0000000000            0.5824045061
      -17.9900000000            0.5856872722
      -17.9800000000            0.5883393525
      -17.9700000000            0.5904736276
      -17.9600000000            0.5921935936
      -17.9500000000            0.5935863659
      -17.9400000000            0.5947170412
      -17.9300000000            0.5956246966
      -17.9200000000            0.5963201951
      -17.9100000000            0.5967858702
      -17.9000000000            0.5969770825
      -17.8900000000            0.5968255582
      -17.8800000000            0.5962443332
      -17.8700000000            0.5951340186
      -17.8600000000            0.5933899944
      -17.8500000000            0.5909100262
      -17.8400000000            0.5876017220
      -17.8300000000            0.5833892158
      -17.8200000000            0.5782185162
      -17.8100000000            0.5720610805
      -17.8000000000            0.5649153756
      -17.7900000000            0.5568064168
      -17.7800000000            0.5477835106
      -17.7700000000            0.5379166100
      -17.7600000000            0.5272918029
      -17.7500000000            0.5160064705
      -17.7400000000            0.5041645928
      -17.7300000000            0.4918725552
      -17.7200000000            0.4792356659
      -17.7100000000            0.4663554540
      -17.7000000000            0.4533277077
      -17.6900000000            0.4402411463
      -17.6800000000            0.4271765892
      -17.6700000000            0.4142064974
      -17.6600000000            0.4013947823
      -17.6500000000            0.3887968139
      -17.6400000000            0.3764595844
      -17.6300000000            0.3644220043
      -17.6200000000            0.3527153163
      -17.6100000000            0.3413636147
      -17.6000000000            0.3303844529
      -17.5900000000            0.3197895206
      -17.5800000000            0.3095853659
      -17.5700000000            0.2997741385
      -17.5600000000            0.2903543282
      -17.5500000000            0.2813214772
      -17.5400000000            0.2726688427
      -17.5300000000            0.2643879955
      -17.5200000000            0.2564693376
      -17.5100000000            0.2489025335
      -17.5000000000            0.2416768508
      -17.4900000000            0.2347814137
      -17.4800000000            0.2282053777
      -17.4700000000            0.2219380396
      -17.4600000000            0.2159688954
      -17.4500000000            0.2102876634
      -17.4400000000            0.2048842858
      -17.4300000000            0.1997489206
      -17.4200000000            0.1948719310
      -17.4100000000            0.1902438797
      -17.4000000000            0.1858555279
      -17.3900000000            0.1816978420
      -17.3800000000            0.1777620041
      -17.3700000000            0.1740394269
      -17.3600000000            0.1705217696
      -17.3500000000            0.1672009530
      -17.3400000000            0.1640691731
      -17.3300000000            0.1611189110
      -17.3200000000            0.1583429395
      -17.3100000000            0.1557343259
      -17.3000000000            0.1532864323
      -17.2900000000            0.1509929128
      -17.2800000000            0.1488477105
      -17.2700000000            0.1468450541
      -17.2600000000            0.1449794572
      -17.2500000000            0.1432457205
      -17.2400000000            0.1416389388
      -17.2300000000            0.1401545121
      -17.2200000000            0.1387881621
      -17.2100000000            0.1375359516
      -17.2000000000            0.1363943040
      -17.1900000000            0.1353600210
      -17.1800000000            0.1344302934
      -17.1700000000            0.1336027012
      -17.1600000000            0.1328751998
      -17.1500000000            0.1322460907
      -17.1400000000            0.1317139749
      -17.1300000000            0.1312776925
      -17.1200000000            0.1309362493
      -17.1100000000            0.1306887390
      -17.1000000000            0.1305342649
      -17.0900000000            0.1304718690
      -17.0800000000            0.1305004775
      -17.0700000000            0.1306188686
      -17.0600000000            0.1308256699
      -17.0500000000            0.1311193914
      -17.0400000000            0.1314984980
      -17.0300000000            0.1319615208
      -17.0200000000            0.1325072077
      -17.0100000000            0.1331347041
      -17.0000000000            0.1338437551
      -16.9900000000            0.1346349139
      -16.9800000000            0.1355097388
      -16.9700000000            0.1364709630
      -16.9600000000            0.1375226200
      -16.9500000000            0.1386701134
      -16.9400000000            0.1399202261
      -16.9300000000            0.1412810694
      -16.9200000000            0.1427619804
      -16.9100000000            0.1443733793
      -16.9000000000            0.1461266020
      -16.8900000000            0.1480337218
      -16.8800000000            0.1501073740
      -16.8700000000            0.1523605907
      -16.8600000000            0.1548066500
      -16.8500000000            0.1574589395
      -16.8400000000            0.1603308289
      -16.8300000000            0.1634355439
      -16.8200000000            0.1667860304
      -16.8100000000            0.1703947984
      -16.8000000000            0.1742737303
      -16.7900000000            0.1784338434
      -16.7800000000            0.1828849899
      -16.7700000000            0.1876354841
      -16.7600000000            0.1926916432
      -16.7500000000            0.1980572320
      -16.7400000000            0.2037328041
      -16.7300000000            0.2097149356
      -16.7200000000            0.2159953552
      -16.7100000000            0.2225599825
      -16.7000000000            0.2293878958
      -16.6900000000            0.2364502707
      -16.6800000000            0.2437093411
      -16.6700000000            0.2511174599
      -16.6600000000            0.2586163519
      -16.6500000000            0.2661366713
      -16.6400000000            0.2735979877
      -16.6300000000            0.2809093255
      -16.6200000000            0.2879703707
      -16.6100000000            0.2946734292
      -16.6000000000            0.3009061677
      -16.5900000000            0.3065551038
      -16.5800000000            0.3115097240
      -16.5700000000            0.3156670214
      -16.5600000000            0.3189361618
      -16.5500000000            0.3212429278
      -16.5400000000            0.3225335620
      -16.5300000000            0.3227776563
      -16.5200000000            0.3219697988
      -16.5100000000            0.3201298078
      -16.5000000000            0.3173015216
      -16.4900000000            0.3135502628
      -16.4800000000            0.3089592294
      -16.4700000000            0.3036251570
      -16.4600000000            0.2976536419
      -16.4500000000            0.2911545055
      -16.4400000000            0.2842375256
      -16.4300000000            0.2770087764
      -16.4200000000            0.2695677216
      -16.4100000000            0.2620051121
      -16.4000000000            0.2544016605
      -16.3900000000            0.2468274102
      -16.3800000000            0.2393416797
      -16.3700000000            0.2319934536
      -16.3600000000            0.2248220893
      -16.3500000000            0.2178582251
      -16.3400000000            0.2111247921
      -16.3300000000            0.2046380536
      -16.3200000000            0.1984086161
      -16.3100000000            0.1924423744
      -16.3000000000            0.1867413682
      -16.2900000000            0.1813045394
      -16.2800000000            0.1761283881
      -16.2700000000            0.1712075317
      -16.2600000000            0.1665351745
      -16.2500000000            0.1621034973
      -16.2400000000            0.1579039776
      -16.2300000000            0.1539276491
      -16.2200000000            0.1501653114
      -16.2100000000            0.1466076965
      -16.2000000000            0.1432456001
      -16.1900000000            0.1400699836
      -16.1800000000            0.1370720517
      -16.1700000000            0.1342433100
      -16.1600000000            0.1315756066
      -16.1500000000            0.1290611607
      -16.1400000000            0.1266925802
      -16.1300000000            0.1244628707
      -16.1200000000            0.1223654382
      -16.1100000000            0.1203940858
      -16.1000000000            0.1185430065
      -16.0900000000            0.1168067725
      -16.0800000000            0.1151803218
      -16.0700000000            0.1136589424
      -16.0600000000            0.1122382552
      -16.0500000000            0.1109141945
      -16.0400000000            0.1096829877
      -16.0300000000            0.1085411324
      -16.0200000000            0.1074853730
      -16.0100000000            0.1065126741
      -16.0000000000            0.1056201923
      -15.9900000000            0.1048052458
      -15.9800000000            0.1040652801
      -15.9700000000            0.1033978319
      -15.9600000000            0.1028004891
      -15.9500000000            0.1022708479
      -15.9400000000            0.1018064677
      -15.9300000000            0.1014048235
      -15.9200000000            0.1010632593
      -15.9100000000            0.1007789425
      -15.9000000000            0.1005488234
      -15.8900000000            0.1003696039
      -15.8800000000            0.1002377191
      -15.8700000000            0.1001493378
      -15.8600000000            0.1001003857
      -15.8500000000            0.1000865980
      -15.8400000000            0.1001036018
      -15.8300000000            0.1001470313
      -15.8200000000            0.1002126708
      -15.8100000000            0.1002966210
      -15.8000000000            0.1003954758
      -15.7900000000            0.1005064969
      -15.7800000000            0.1006277701
      -15.7700000000            0.1007583271
      -15.7600000000            0.1008982210
      -15.7500000000            0.1010485463
      -15.7400000000            0.1012114031
      -15.7300000000            0.1013898083
      -15.7200000000            0.1015875653
      -15.7100000000            0.1018091063
      -15.7000000000            0.1020593222
      -15.6900000000            0.1023433944
      -15.6800000000            0.1026666422
      -15.6700000000            0.1030343937
      -15.6600000000            0.1034518838
      -15.6500000000            0.1039241832
      -15.6400000000            0.1044561543
      -15.6300000000            0.1050524319
      -15.6200000000            0.1057174239
      -15.6100000000            0.1064553283
      -15.6000000000            0.1072701598
      -15.5900000000            0.1081657860
      -15.5800000000            0.1091459664
      -15.5700000000            0.1102143952
      -15.5600000000            0.1113747450
      -15.5500000000            0.1126307092
      -15.5400000000            0.1139860454
      -15.5300000000            0.1154446140
      -15.5200000000            0.1170104147
      -15.5100000000            0.1186876165
      -15.5000000000            0.1204805788
      -15.4900000000            0.1223938618
      -15.4800000000            0.1244322226
      -15.4700000000            0.1266005949
      -15.4600000000            0.1289040508
      -15.4500000000            0.1313477453
      -15.4400000000            0.1339368450
      -15.4300000000            0.1366764447
      -15.4200000000            0.1395714783
      -15.4100000000            0.1426266323
      -15.4000000000            0.1458462695
      -15.3900000000            0.1492343733
      -15.3800000000            0.1527945222
      -15.3700000000            0.1565299012
      -15.3600000000            0.1604433545
      -15.3500000000            0.1645374786
      -15.3400000000            0.1688147461
      -15.3300000000            0.1732776450
      -15.3200000000            0.1779288055
      -15.3100000000            0.1827710800
      -15.3000000000            0.1878075358
      -15.2900000000            0.1930413163
      -15.2800000000            0.1984753332
      -15.2700000000            0.2041117556
      -15.2600000000            0.2099512831
      -15.2500000000            0.2159921998
      -15.2400000000            0.2222292335
      -15.2300000000            0.2286522569
      -15.2200000000            0.2352448932
      -15.2100000000            0.2419831019
      -15.2000000000            0.2488338410
      -15.1900000000            0.2557539154
      -15.1800000000            0.2626891387
      -15.1700000000            0.2695739441
      -15.1600000000            0.2763315861
      -15.1500000000            0.2828750612
      -15.1400000000            0.2891088542
      -15.1300000000            0.2949315571
      -15.1200000000            0.3002393390
      -15.1100000000            0.3049301428
      -15.1000000000            0.3089083789
      -15.0900000000            0.3120897840
      -15.0800000000            0.3144060376
      -15.0700000000            0.3158087034
      -15.0600000000            0.3162720975
      -15.0500000000            0.3157947798
      -15.0400000000            0.3143995184
      -15.0300000000            0.3121317467
      -15.0200000000            0.3090567049
      -15.0100000000            0.3052555909
      -15.0000000000            0.3008211225
      -14.9900000000            0.2958529302
      -14.9800000000            0.2904531558
      -14.9700000000            0.2847225516
      -14.9600000000            0.2787572722
      -14.9500000000            0.2726464466
      -14.9400000000            0.2664705331
      -14.9300000000            0.2603003902
      -14.9200000000            0.2541969562
      -14.9100000000            0.2482114114
      -14.9000000000            0.2423856947
      -14.8900000000            0.2367532583
      -14.8800000000            0.2313399586
      -14.8700000000            0.2261650071
      -14.8600000000            0.2212419183
      -14.8500000000            0.2165794163
      -14.8400000000            0.2121822707
      -14.8300000000            0.2080520503
      -14.8200000000            0.2041877852
      -14.8100000000            0.2005865410
      -14.8000000000            0.1972439072
      -14.7900000000            0.1941544079
      -14.7800000000            0.1913118427
      -14.7700000000            0.1887095665
      -14.7600000000            0.1863407162
      -14.7500000000            0.1841983932
      -14.7400000000            0.1822758077
      -14.7300000000            0.1805663923
      -14.7200000000            0.1790638895
      -14.7100000000            0.1777624189
      -14.7000000000            0.1766565272
      -14.6900000000            0.1757412258
      -14.6800000000            0.1750120173
      -14.6700000000            0.1744649143
      -14.6600000000            0.1740964527
      -14.6500000000            0.1739037001
      -14.6400000000            0.1738842617
      -14.6300000000            0.1740362839
      -14.6200000000            0.1743584578
      -14.6100000000            0.1748500213
      -14.6000000000            0.1755107626
      -14.5900000000            0.1763410240
      -14.5800000000            0.1773417071
      -14.5700000000            0.1785142800
      -14.5600000000            0.1798607855
      -14.5500000000            0.1813838529
      -14.5400000000            0.1830867104
      -14.5300000000            0.1849732018
      -14.5200000000            0.1870478047
      -14.5100000000            0.1893156525
      -14.5000000000            0.1917825587
      -14.4900000000            0.1944550452
      -14.4800000000            0.1973403730
      -14.4700000000            0.2004465776
      -14.4600000000            0.2037825066
      -14.4500000000            0.2073578621
      -14.4400000000            0.2111832459
      -14.4300000000            0.2152702089
      -14.4200000000            0.2196313042
      -14.4100000000            0.2242801428
      -14.4000000000            0.2292314540
      -14.3900000000            0.2345011473
      -14.3800000000            0.2401063777
      -14.3700000000            0.2460656122
      -14.3600000000            0.2523986975
      -14.3500000000            0.2591269269
      -14.3400000000            0.2662731054
      -14.3300000000            0.2738616112
      -14.3200000000            0.2819184505
      -14.3100000000            0.2904713030
      -14.3000000000            0.2995495547
      -14.2900000000            0.3091843135
      -14.2800000000            0.3194084031
      -14.2700000000            0.3302563280
      -14.2600000000            0.3417642060
      -14.2500000000            0.3539696587
      -14.2400000000            0.3669116533
      -14.2300000000            0.3806302889
      -14.2200000000            0.3951665188
      -14.2100000000            0.4105618007
      -14.2000000000            0.4268576692
      -14.1900000000            0.4440952227
      -14.1800000000            0.4623145180
      -14.1700000000            0.4815538667
      -14.1600000000            0.5018490209
      -14.1500000000            0.5232322353
      -14.1400000000            0.5457311827
      -14.1300000000            0.5693676875
      -14.1200000000            0.5941562299
      -14.1100000000            0.6201021539
      -14.1000000000            0.6471995032
      -14.0900000000            0.6754283967
      -14.0800000000            0.7047518661
      -14.0700000000            0.7351121025
      -14.0600000000            0.7664261115
      -14.0500000000            0.7985808588
      -14.0400000000            0.8314280994
      -14.0300000000            0.8647792146
      -14.0200000000            0.8984005301
      -14.0100000000            0.9320097232
      -14.0000000000            0.9652740418
      -13.9900000000            0.9978111103
      -13.9800000000            1.0291930668
      -13.9700000000            1.0589546330
      -13.9600000000            1.0866054404
      -13.9500000000            1.1116465277
      -13.9400000000            1.1335904093
      -13.9300000000            1.1519835524
      -13.9200000000            1.1664295876
      -13.9100000000            1.1766112096
      -13.9000000000            1.1823086233
      -13.8900000000            1.1834125931
      -13.8800000000            1.1799306775
      -13.8700000000            1.1719860001
      -13.8600000000            1.1598087761
      -13.8500000000            1.1437216443
      -13.8400000000            1.1241204738
      -13.8300000000            1.1014526548
      -13.8200000000            1.0761949048
      -13.8100000000            1.0488323693
      -13.8000000000            1.0198403677
      -13.7900000000            0.9896696205
      -13.7800000000            0.9587352979
      -13.7700000000            0.9274098168
      -13.7600000000            0.8960190094
      -13.7500000000            0.8648411121
      -13.7400000000            0.8341079501
      -13.7300000000            0.8040077012
      -13.7200000000            0.7746886870
      -13.7100000000            0.7462637293
      -13.7000000000            0.7188147092
      -13.6900000000            0.6923970639
      -13.6800000000            0.6670440388
      -13.6700000000            0.6427705836
      -13.6600000000            0.6195768324
      -13.6500000000            0.5974511498
      -13.6400000000            0.5763727495
      -13.6300000000            0.5563139130
      -13.6200000000            0.5372418412
      -13.6100000000            0.5191201818
      -13.6000000000            0.5019102728
      -13.5900000000            0.4855721412
      -13.5800000000            0.4700652965
      -13.5700000000            0.4553493494
      -13.5600000000            0.4413844881
      -13.5500000000            0.4281318358
      -13.5400000000            0.4155537120
      -13.5300000000            0.4036138173
      -13.5200000000            0.3922773549
      -13.5100000000            0.3815111037
      -13.5000000000            0.3712834530
      -13.4900000000            0.3615644076
      -13.4800000000            0.3523255693
      -13.4700000000            0.3435401031
      -13.4600000000            0.3351826894
      -13.4500000000            0.3272294686
      -13.4400000000            0.3196579801
      -13.4300000000            0.3124470964
      -13.4200000000            0.3055769573
      -13.4100000000            0.2990289024
      -13.4000000000            0.2927854048
      -13.3900000000            0.2868300060
      -13.3800000000            0.2811472532
      -13.3700000000            0.2757226384
      -13.3600000000            0.2705425405
      -13.3500000000            0.2655941700
      -13.3400000000            0.2608655166
      -13.3300000000            0.2563452997
      -13.3200000000            0.2520229218
      -13.3100000000            0.2478884243
      -13.3000000000            0.2439324466
      -13.2900000000            0.2401461874
      -13.2800000000            0.2365213683
      -13.2700000000            0.2330502001
      -13.2600000000            0.2297253514
      -13.2500000000            0.2265399188
      -13.2400000000            0.2234873995
      -13.2300000000            0.2205616656
      -13.2200000000            0.2177569402
      -13.2100000000            0.2150677750
      -13.2000000000            0.2124890296
      -13.1900000000            0.2100158521
      -13.1800000000            0.2076436607
      -13.1700000000            0.2053681275
      -13.1600000000            0.2031851622
      -13.1500000000            0.2010908978
      -13.1400000000            0.1990816769
      -13.1300000000            0.1971540388
      -13.1200000000            0.1953047079
      -13.1100000000            0.1935305824
      -13.1000000000            0.1918287241
      -13.0900000000            0.1901963485
      -13.0800000000            0.1886308164
      -13.0700000000            0.1871296247
      -13.0600000000            0.1856903989
      -13.0500000000            0.1843108860
      -13.0400000000            0.1829889471
      -13.0300000000            0.1817225514
      -13.0200000000            0.1805097698
      -13.0100000000            0.1793487696
      -13.0000000000            0.1782378091
      -12.9900000000            0.1771752326
      -12.9800000000            0.1761594657
      -12.9700000000            0.1751890112
      -12.9600000000            0.1742624446
      -12.9500000000            0.1733784109
      -12.9400000000            0.1725356204
      -12.9300000000            0.1717328457
      -12.9200000000            0.1709689181
      -12.9100000000            0.1702427254
      -12.9000000000            0.1695532083
      -12.8900000000            0.1688993582
      -12.8800000000            0.1682802145
      -12.8700000000            0.1676948626
      -12.8500000000            0.1628833670
      -12.8400000000            0.1623659782
      -12.8300000000            0.1618788857
      -12.8200000000            0.1614213681
      -12.8100000000            0.1609927385
      -12.8000000000            0.1605923426
      -12.7900000000            0.1602195575
      -12.7800000000            0.1598737903
      -12.7700000000            0.1595544769
      -12.7600000000            0.1592610806
      -12.7500000000            0.1589930909
      -12.7400000000            0.1587500228
      -12.7300000000            0.1585314154
      -12.7200000000            0.1583368311
      -12.7100000000            0.1581658545
      -12.7000000000            0.1580180918
      -12.6900000000            0.1578931700
      -12.6800000000            0.1577907359
      -12.6700000000            0.1577104553
      -12.6600000000            0.1576520129
      -12.6500000000            0.1576151108
      -12.6400000000            0.1575994688
      -12.6300000000            0.1576048230
      -12.6200000000            0.1576309259
      -12.6100000000            0.1576775455
      -12.6000000000            0.1577444648
      -12.5900000000            0.1578314818
      -12.5800000000            0.1579384086
      -12.5700000000            0.1580650711
      -12.5600000000            0.1582113089
      -12.5500000000            0.1583769745
      -12.5400000000            0.1585619333
      -12.5300000000            0.1587660633
      -12.5200000000            0.1589892545
      -12.5100000000            0.1592314092
      -12.5000000000            0.1594924410
      -12.4900000000            0.1597722751
      -12.4800000000            0.1600708482
      -12.4700000000            0.1603881076
      -12.4600000000            0.1607240118
      -12.4500000000            0.1610785299
      -12.4400000000            0.1614516415
      -12.4300000000            0.1618433367
      -12.4200000000            0.1622536159
      -12.4100000000            0.1626824895
      -12.4000000000            0.1631299783
      -12.3900000000            0.1635961128
      -12.3800000000            0.1640809335
      -12.3700000000            0.1645844910
      -12.3600000000            0.1651068455
      -12.3500000000            0.1656480670
      -12.3400000000            0.1662082353
      -12.3300000000            0.1667874402
      -12.3200000000            0.1673857809
      -12.3100000000            0.1680033666
      -12.3000000000            0.1686403163
      -12.2900000000            0.1692967588
      -12.2800000000            0.1699728328
      -12.2700000000            0.1706686869
      -12.2600000000            0.1713844798
      -12.2500000000            0.1721203802
      -12.2400000000            0.1728765672
      -12.2300000000            0.1736532300
      -12.2200000000            0.1744505682
      -12.2100000000            0.1752687920
      -12.2000000000            0.1761081224
      -12.1900000000            0.1769687911
      -12.1800000000            0.1778510407
      -12.1700000000            0.1787551252
      -12.1600000000            0.1796813098
      -12.1500000000            0.1806298712
      -12.1400000000            0.1816010981
      -12.1300000000            0.1825952909
      -12.1200000000            0.1836127625
      -12.1100000000            0.1846538382
      -12.1000000000            0.1857188559
      -12.0900000000            0.1868081669
      -12.0800000000            0.1879221355
      -12.0700000000            0.1890611399
      -12.0600000000            0.1902255722
      -12.0500000000            0.1914158387
      -12.0400000000            0.1926323608
      -12.0300000000            0.1938755747
      -12.0200000000            0.1951459321
      -12.0100000000            0.1964439008
      -12.0000000000            0.1977699647
      -11.9900000000            0.1991246249
      -11.9800000000            0.2005083996
      -11.9700000000            0.2019218247
      -11.9600000000            0.2033654549
      -11.9500000000            0.2048398633
      -11.9400000000            0.2063456430
      -11.9300000000            0.2078834068
      -11.9200000000            0.2094537886
      -11.9100000000            0.2110574435
      -11.9000000000            0.2126950489
      -11.8900000000            0.2143673049
      -11.8800000000            0.2160749353
      -11.8700000000            0.2178186885
      -11.8600000000            0.2195993378
      -11.8500000000            0.2214176830
      -11.8400000000            0.2232745508
      -11.8300000000            0.2251707958
      -11.8200000000            0.2271073018
      -11.8100000000            0.2290849827
      -11.8000000000            0.2311047835
      -11.7900000000            0.2331676814
      -11.7800000000            0.2352746873
      -11.7700000000            0.2374268469
      -11.7600000000            0.2396252419
      -11.7500000000            0.2418709914
      -11.7400000000            0.2441652538
      -11.7300000000            0.2465092276
      -11.7200000000            0.2489041536
      -11.7100000000            0.2513513163
      -11.7000000000            0.2538520455
      -11.6900000000            0.2564077186
      -11.6800000000            0.2590197621
      -11.6700000000            0.2616896537
      -11.6600000000            0.2644189248
      -11.6500000000            0.2672091623
      -11.6400000000            0.2700620110
      -11.6300000000            0.2729791763
      -11.6200000000            0.2759624266
      -11.6100000000            0.2790135963
      -11.6000000000            0.2821345882
      -11.5900000000            0.2853273769
      -11.5800000000            0.2885940120
      -11.5700000000            0.2919366212
      -11.5600000000            0.2953574140
      -11.5500000000            0.2988586855
      -11.5400000000            0.3024428200
      -11.5300000000            0.3061122956
      -11.5200000000            0.3098696882
      -11.5100000000            0.3137176762
      -11.5000000000            0.3176590456
      -11.4900000000            0.3216966949
      -11.4800000000            0.3258336404
      -11.4700000000            0.3300730224
      -11.4600000000            0.3344181110
      -11.4500000000            0.3388723125
      -11.4400000000            0.3434391764
      -11.4300000000            0.3481224025
      -11.4200000000            0.3529258486
      -11.4100000000            0.3578535386
      -11.4000000000            0.3629096710
      -11.3900000000            0.3680986283
      -11.3800000000            0.3734249867
      -11.3700000000            0.3788935260
      -11.3600000000            0.3845092410
      -11.3500000000            0.3902773531
      -11.3400000000            0.3962033226
      -11.3300000000            0.4022928618
      -11.3200000000            0.4085519494
      -11.3100000000            0.4149868455
      -11.3000000000            0.4216041070
      -11.2900000000            0.4284106057
      -11.2800000000            0.4354135457
      -11.2700000000            0.4426204833
      -11.2600000000            0.4500393479
      -11.2500000000            0.4576784641
      -11.2400000000            0.4655465758
      -11.2300000000            0.4736528717
      -11.2200000000            0.4820070129
      -11.2100000000            0.4906191621
      -11.2000000000            0.4995000157
      -11.1900000000            0.5086608371
      -11.1800000000            0.5181134941
      -11.1700000000            0.5278704975
      -11.1600000000            0.5379450441
      -11.1500000000            0.5483510617
      -11.1400000000            0.5591032591
      -11.1300000000            0.5702171788
      -11.1200000000            0.5817092547
      -11.1100000000            0.5935968742
      -11.1000000000            0.6058984454
      -11.0900000000            0.6186334704
      -11.0800000000            0.6318226241
      -11.0700000000            0.6454878399
      -11.0600000000            0.6596524033
      -11.0500000000            0.6743410535
      -11.0400000000            0.6895800934
      -11.0300000000            0.7053975103
      -11.0200000000            0.7218231074
      -11.0100000000            0.7388886471
      -11.0000000000            0.7566280084
      -10.9900000000            0.7750773581
      -10.9800000000            0.7942753399
      -10.9700000000            0.8142632807
      -10.9600000000            0.8350854181
      -10.9500000000            0.8567891503
      -10.9400000000            0.8794253115
      -10.9300000000            0.9030484762
      -10.9200000000            0.9277172947
      -10.9100000000            0.9534948647
      -10.9000000000            0.9804491432
      -10.8900000000            1.0086534034
      -10.8800000000            1.0381867425
      -10.8700000000            1.0691346478
      -10.8600000000            1.1015896267
      -10.8500000000            1.1356519119
      -10.8400000000            1.1714302498
      -10.8300000000            1.2090427848
      -10.8200000000            1.2486180531
      -10.8100000000            1.2902961002
      -10.8000000000            1.3342297428
      -10.7900000000            1.3805859939
      -10.7800000000            1.4295476781
      -10.7700000000            1.4813152647
      -10.7600000000            1.5361089544
      -10.7500000000            1.5941710592
      -10.7400000000            1.6557687249
      -10.7300000000            1.7211970522
      -10.7200000000            1.7907826861
      -10.7100000000            1.8648879540
      -10.7000000000            1.9439156521
      -10.6900000000            2.0283145975
      -10.6800000000            2.1185860896
      -10.6700000000            2.2152914555
      -10.6600000000            2.3190608913
      -10.6500000000            2.4306038605
      -10.6400000000            2.5507213709
      -10.6300000000            2.6803205263
      -10.6200000000            2.8204318496
      -10.6100000000            2.9722299945
      -10.6000000000            3.1370586261
      -10.5900000000            3.3164604537
      -10.5800000000            3.5122136739
      -10.5700000000            3.7263764307
      -10.5600000000            3.9613413719
      -10.5500000000            4.2199030029
      -10.5400000000            4.5053413806
      -10.5300000000            4.8215268280
      -10.5200000000            5.1730519092
      -10.5100000000            5.5653990659
      -10.5000000000            6.0051553269
      -10.4900000000            6.5002897720
      -10.4800000000            7.0605155318
      -10.4700000000            7.6977669528
      -10.4600000000            8.4268355614
      -10.4500000000            9.2662278603
      -10.4400000000           10.2393374005
      -10.4300000000           11.3760689176
      -10.4200000000           12.7151235619
      -10.4100000000           14.3072684095
      -10.4000000000           16.2201003723
      -10.3900000000           18.5451278905
      -10.3800000000           21.4085320500
      -10.3700000000           24.9879185524
      -10.3600000000           29.5390955934
      -10.3500000000           35.4401317991
      -10.3400000000           43.2661291428
      -10.3300000000           53.9202839113
      -10.3200000000           68.8708239849
      -10.3100000000           90.5892188552
      -10.3000000000          123.3568281618
      -10.2900000000          174.6096754126
      -10.2800000000          256.1288739016
      -10.2700000000          378.4729592782
      -10.2600000000          514.2034986107
      -10.2500000000          550.6845799182
      -10.2400000000          442.5447972805
      -10.2300000000          304.8845314115
      -10.2200000000          204.8884531719
      -10.2100000000          141.5237836628
      -10.2000000000          101.6297494231
      -10.1900000000           75.7246266057
      -10.1800000000           58.2470835539
      -10.1700000000           46.0169742402
      -10.1600000000           37.1770218562
      -10.1500000000           30.6054702768
      -10.1400000000           25.6004680272
      -10.1300000000           21.7079884239
      -10.1200000000           18.6252664697
      -10.1100000000           16.1448304701
      -10.1000000000           14.1210100513
      -10.0900000000           12.4492831774
      -10.0800000000           11.0531829783
      -10.0700000000            9.8757846882
      -10.0600000000            8.8740416723
      -10.0500000000            8.0149372760
      -10.0400000000            7.2728200007
      -10.0300000000            6.6275257021
      -10.0200000000            6.0630331179
      -10.0100000000            5.5664870721
      -10.0000000000            5.1274791952
       -9.9900000000            4.7375116601
       -9.9800000000            4.3895927537
       -9.9700000000            4.0779286122
       -9.9600000000            3.7976859208
       -9.9500000000            3.5448075520
       -9.9400000000            3.3158680973
       -9.9300000000            3.1079597450
       -9.9200000000            2.9186014489
       -9.9100000000            2.7456661203
       -9.9000000000            2.5873218789
       -9.8900000000            2.4419843474
       -9.8700000000            2.1492805081
       -9.8600000000            2.0372050702
       -9.8500000000            1.9334582034
       -9.8400000000            1.8372412567
       -9.8300000000            1.7478486952
       -9.8200000000            1.6646554008
       -9.8100000000            1.5871059458
       -9.8000000000            1.5147054952
       -9.7900000000            1.4470120639
       -9.7800000000            1.3836299010
       -9.7700000000            1.3242038197
       -9.7600000000            1.2684143202
       -9.7500000000            1.2159733824
       -9.7400000000            1.1666208251
       -9.7300000000            1.1201211464
       -9.7200000000            1.0762607736
       -9.7100000000            1.0348456640
       -9.7000000000            0.9956992058
       -9.6900000000            0.9586603767
       -9.6800000000            0.9235821260
       -9.6700000000            0.8903299480
       -9.6600000000            0.8587806227
       -9.6500000000            0.8288211015
       -9.6400000000            0.8003475183
       -9.6200000000            0.5121623577
       -9.6100000000            0.4952646523
       -9.6000000000            0.4791579604
       -9.5900000000            0.4637942872
       -9.5800000000            0.4491292042
       -9.5700000000            0.4351215363
       -9.5600000000            0.4217330809
       -9.5500000000            0.4089283549
       -9.5400000000            0.3966743664
       -9.5300000000            0.3849404081
       -9.5200000000            0.3736978710
       -9.5100000000            0.3629200747
       -9.5000000000            0.3525821146
       -9.4900000000            0.3426607217
       -9.4800000000            0.3331341363
       -9.4700000000            0.3239819919
       -9.4600000000            0.3151852105
       -9.4500000000            0.3067259057
       -9.4400000000            0.2985872953
       -9.4300000000            0.2907536203
       -9.4200000000            0.2832100717
       -9.4100000000            0.2759427224
       -9.4000000000            0.2689384654
       -9.3900000000            0.2621849566
       -9.3800000000            0.2556705624
       -9.3700000000            0.2493843113
       -9.3600000000            0.2433158495
       -9.3500000000            0.2374553996
       -9.3400000000            0.2317937226
       -9.3300000000            0.2263220833
       -9.3200000000            0.2210322173
       -9.3100000000            0.2159163012
       -9.3000000000            0.2109669248
       -9.2800000000            0.1977243946
       -9.2700000000            0.1933153813
       -9.2600000000            0.1890444110
       -9.2500000000            0.1849058873
       -9.2400000000            0.1808944922
       -9.2300000000            0.1770051697
       -9.2200000000            0.1732331107
       -9.2100000000            0.1695737384
       -9.2000000000            0.1660226954
       -9.1900000000            0.1625758310
       -9.1800000000            0.1592291896
       -9.1700000000            0.1559790000
       -9.1600000000            0.1528216652
       -9.1500000000            0.1497537528
       -9.1400000000            0.1467719859
       -9.1300000000            0.1438732353
       -9.1200000000            0.1410545111
       -9.1100000000            0.1383129555
       -9.1000000000            0.1356458362
       -9.0900000000            0.1330505393
       -9.0800000000            0.1305245637
       -9.0700000000            0.1280655153
       -9.0600000000            0.1256711013
       -9.0500000000            0.1233391253
       -9.0400000000            0.1210674826
       -9.0300000000            0.1188541554
       -9.0200000000            0.1166972088
       -9.0100000000            0.1145947869
       -9.0000000000            0.1125451083
       -8.9900000000            0.1105464634
       -8.9800000000            0.1085972104
       -8.9700000000            0.1066957724
       -8.9600000000            0.1048406342
       -8.9500000000            0.1030303397
       -8.9400000000            0.1012634887
       -8.9300000000            0.0995387348
       -8.9200000000            0.0978547829
       -8.9100000000            0.0962103865
       -8.9000000000            0.0946043462
       -8.8900000000            0.0930355068
       -8.8800000000            0.0915027561
       -8.8700000000            0.0900050225
       -8.8600000000            0.0885412736
       -8.8500000000            0.0871105143
       -8.8400000000            0.0857117850
       -8.8300000000            0.0843441607
       -8.8200000000            0.0830067489
       -8.8100000000            0.0816986887
       -8.8000000000            0.0804191492
       -8.7900000000            0.0791673283
       -8.7800000000            0.0779424516
       -8.7700000000            0.0767437712
       -8.7600000000            0.0755705649
       -8.7500000000            0.0744221346
       -8.7400000000            0.0732978058
       -8.7300000000            0.0721969265
       -8.7200000000            0.0711188663
       -8.7100000000            0.0700630158
       -8.7000000000            0.0690287851
       -8.6900000000            0.0680156040
       -8.6800000000            0.0670229204
       -8.6700000000            0.0660502001
       -8.6600000000            0.0650969260
       -8.6500000000            0.0641625974
       -8.6400000000            0.0632467292
       -8.6300000000            0.0623488518
       -8.6200000000            0.0614685101
       -8.6100000000            0.0606052633
       -8.6000000000            0.0597586838
       -8.5900000000            0.0589283575
       -8.5800000000            0.0581138827
       -8.5700000000            0.0573148700
       -8.5600000000            0.0565309415
       -8.5500000000            0.0557617309
       -8.5400000000            0.0550068826
       -8.5300000000            0.0542660516
       -8.5200000000            0.0535389030
       -8.5100000000            0.0528251118
       -8.5000000000            0.0521243625
       -8.4900000000            0.0514363485
       -8.4800000000            0.0507607723
       -8.4700000000            0.0500973447
       -8.4500000000            0.0473352898
       -8.4400000000            0.0467250430
       -8.4300000000            0.0461255487
       -8.4200000000            0.0455365633
       -8.4100000000            0.0449578503
       -8.4000000000            0.0443891794
       -8.3900000000            0.0438303267
       -8.3800000000            0.0432810747
       -8.3700000000            0.0427412113
       -8.3600000000            0.0422105306
       -8.3500000000            0.0416888319
       -8.3400000000            0.0411759201
       -8.3300000000            0.0406716051
       -8.3200000000            0.0401757019
       -8.3100000000            0.0396880306
       -8.3000000000            0.0392084156
       -8.2900000000            0.0387366861
       -8.2800000000            0.0382726759
       -8.2700000000            0.0378162228
       -8.2600000000            0.0373671689
       -8.2500000000            0.0369253603
       -8.2400000000            0.0364906470
       -8.2300000000            0.0360628830
       -8.2200000000            0.0356419257
       -8.2100000000            0.0352276362
       -8.2000000000            0.0348198791
       -8.1900000000            0.0344185224
       -8.1700000000            0.0000000000
       -8.1600000000            0.0000000000
       -8.1500000000            0.0000000000
       -8.1400000000            0.0000000000
       -8.1300000000            0.0000000000
       -8.1200000000            0.0000000000
       -8.1100000000            0.0000000000
       -8.1000000000            0.0000000000
       -8.0900000000            0.0000000000
       -8.0800000000            0.0000000000
       -8.0700000000            0.0000000000
       -8.0600000000            0.0000000000
       -8.0500000000            0.0000000000
       -8.0400000000            0.0000000000
       -8.0300000000            0.0000000000
       -8.0200000000            0.0000000000
       -8.0100000000            0.0000000000
       -8.0000000000            0.0000000000
       -7.9900000000            0.0000000000
       -7.9800000000            0.0000000000
       -7.9700000000            0.0000000000
       -7.9600000000            0.0000000000
       -7.9500000000            0.0000000000
       -7.9400000000            0.0000000000
       -7.9300000000            0.0000000000
       -7.9200000000            0.0000000000
       -7.9100000000            0.0000000000
       -7.9000000000            0.0000000000
       -7.8900000000            0.0000000000
       -7.8800000000            0.0000000000
       -7.8700000000            0.0000000000
       -7.8600000000            0.0000000000
       -7.8500000000            0.0000000000
       -7.8400000000            0.0000000000
       -7.8300000000            0.0000000000
       -7.8200000000            0.0000000000
       -7.8100000000            0.0000000000
       -7.8000000000            0.0000000000
       -7.7900000000            0.0000000000
       -7.7800000000            0.0000000000
       -7.7700000000            0.0000000000
       -7.7600000000            0.0000000000
       -7.7500000000            0.0000000000
       -7.7400000000            0.0000000000
       -7.7300000000            0.0000000000
       -7.7200000000            0.0000000000
       -7.7100000000            0.0000000000
       -7.7000000000            0.0000000000
       -7.6900000000            0.0000000000
       -7.6800000000            0.0000000000
       -7.6700000000            0.0000000000
       -7.6600000000            0.0000000000
       -7.6500000000            0.0000000000
       -7.6400000000            0.0000000000
       -7.6300000000            0.0000000000
       -7.6200000000            0.0000000000
       -7.6100000000            0.0000000000
       -7.6000000000            0.0000000000
       -7.5900000000            0.0000000000
       -7.5800000000            0.0000000000
       -7.5700000000            0.0000000000
       -7.5600000000            0.0000000000
       -7.5500000000            0.0000000000
       -7.5400000000            0.0000000000
       -7.5300000000            0.0000000000
       -7.5200000000            0.0000000000
       -7.5100000000            0.0000000000
       -7.5000000000            0.0000000000
       -7.4900000000            0.0000000000
       -7.4800000000            0.0000000000
       -7.4700000000            0.0000000000
       -7.4600000000            0.0000000000
       -7.4500000000            0.0000000000
       -7.4400000000            0.0000000000
       -7.4300000000            0.0000000000
       -7.4200000000            0.0000000000
       -7.4100000000            0.0000000000
       -7.4000000000            0.0000000000
       -7.3900000000            0.0000000000
       -7.3800000000            0.0000000000
       -7.3700000000            0.0000000000
       -7.3600000000            0.0000000000
       -7.3500000000            0.0000000000
       -7.3400000000            0.0000000000
       -7.3300000000            0.0000000000
       -7.3200000000            0.0000000000
       -7.3100000000            0.0000000000
       -7.3000000000            0.0000000000
       -7.2900000000            0.0000000000
       -7.2800000000            0.0000000000
       -7.2700000000            0.0000000000
       -7.2600000000            0.0000000000
       -7.2500000000            0.0000000000
       -7.2400000000            0.0000000000
       -7.2300000000            0.0000000000
       -7.2200000000            0.0000000000
       -7.2100000000            0.0000000000
       -7.2000000000            0.0000000000
       -7.1900000000            0.0000000000
       -7.1800000000            0.0000000000
       -7.1700000000            0.0000000000
       -7.1600000000            0.0000000000
       -7.1500000000            0.0000000000
       -7.1400000000            0.0000000000
       -7.1300000000            0.0000000000
       -7.1200000000            0.0000000000
       -7.1100000000            0.0000000000
       -7.1000000000            0.0000000000
       -7.0900000000            0.0000000000
       -7.0800000000            0.0000000000
       -7.0700000000            0.0000000000
       -7.0600000000            0.0000000000
       -7.0500000000            0.0000000000
       -7.0400000000            0.0000000000
       -7.0300000000            0.0000000000
       -7.0200000000            0.0000000000
       -7.0100000000            0.0000000000
       -7.0000000000            0.0000000000
       -6.9900000000            0.0000000000
       -6.9800000000            0.0000000000
       -6.9700000000            0.0000000000
       -6.9600000000            0.0000000000
       -6.9500000000            0.0000000000
       -6.9400000000            0.0000000000
       -6.9300000000            0.0000000000
       -6.9200000000            0.0000000000
       -6.9100000000            0.0000000000
       -6.9000000000            0.0000000000
       -6.8900000000            0.0000000000
       -6.8800000000            0.0000000000
       -6.8700000000            0.0000000000
       -6.8600000000            0.0000000000
       -6.8500000000            0.0000000000
       -6.8400000000            0.0000000000
       -6.8300000000            0.0000000000
       -6.8200000000            0.0000000000
       -6.8100000000            0.0000000000
       -6.8000000000            0.0000000000
       -6.7900000000            0.0000000000
       -6.7800000000            0.0000000000
       -6.7700000000            0.0000000000
       -6.7600000000            0.0000000000
       -6.7500000000            0.0000000000
       -6.7400000000            0.0000000000
       -6.7300000000            0.0000000000
       -6.7200000000            0.0000000000
       -6.7100000000            0.0000000000
       -6.7000000000            0.0000000000
       -6.6900000000            0.0000000000
       -6.6800000000            0.0000000000
       -6.6700000000            0.0000000000
       -6.6600000000            0.0000000000
       -6.6500000000            0.0000000000
       -6.6400000000            0.0000000000
       -6.6300000000            0.0000000000
       -6.6200000000            0.0000000000
       -6.6100000000            0.0000000000
       -6.6000000000            0.0000000000
       -6.5900000000            0.0000000000
       -6.5800000000            0.0000000000
       -6.5700000000            0.0000000000
       -6.5600000000            0.0000000000
       -6.5500000000            0.0000000000
       -6.5400000000            0.0000000000
       -6.5300000000            0.0000000000
       -6.5200000000            0.0000000000
       -6.5100000000            0.0000000000
       -6.5000000000            0.0000000000
       -6.4900000000            0.0000000000
       -6.4800000000            0.0000000000
       -6.4700000000            0.0000000000
       -6.4600000000            0.0000000000
       -6.4500000000            0.0000000000
       -6.4400000000            0.0000000000
       -6.4300000000            0.0000000000
       -6.4200000000            0.0000000000
       -6.4100000000            0.0000000000
       -6.4000000000            0.0000000000
       -6.3900000000            0.0000000000
       -6.3800000000            0.0000000000
       -6.3700000000            0.0000000000
       -6.3600000000            0.0000000000
       -6.3500000000            0.0000000000
       -6.3400000000            0.0000000000
       -6.3300000000            0.0000000000
       -6.3200000000            0.0000000000
       -6.3100000000            0.0000000000
       -6.3000000000            0.0000000000
       -6.2900000000            0.0000000000
       -6.2800000000            0.0000000000
       -6.2700000000            0.0000000000
       -6.2600000000            0.0000000000
       -6.2500000000            0.0000000000
       -6.2400000000            0.0000000000
       -6.2300000000            0.0000000000
       -6.2200000000            0.0000000000
       -6.2100000000            0.0000000000
       -6.2000000000            0.0000000000
       -6.1900000000            0.0000000000
       -6.1800000000            0.0000000000
       -6.1700000000            0.0000000000
       -6.1600000000            0.0000000000
       -6.1500000000            0.0000000000
       -6.1400000000            0.0000000000
       -6.1300000000            0.0000000000
       -6.1200000000            0.0000000000
       -6.1100000000            0.0000000000
       -6.1000000000            0.0000000000
       -6.0900000000            0.0000000000
       -6.0800000000            0.0000000000
       -6.0700000000            0.0000000000
       -6.0600000000            0.0000000000
       -6.0500000000            0.0000000000
       -6.0400000000            0.0000000000
       -6.0300000000            0.0000000000
       -6.0200000000            0.0000000000
       -6.0100000000            0.0000000000
       -6.0000000000            0.0000000000
       -5.9900000000            0.0000000000
       -5.9800000000            0.0000000000
       -5.9700000000            0.0000000000
       -5.9600000000            0.0000000000
       -5.9500000000            0.0000000000
       -5.9400000000            0.0000000000
       -5.9300000000            0.0000000000
       -5.9200000000            0.0000000000
       -5.9100000000            0.0000000000
       -5.9000000000            0.0000000000
       -5.8900000000            0.0000000000
       -5.8800000000            0.0000000000
       -5.8700000000            0.0000000000
       -5.8600000000            0.0000000000
       -5.8500000000            0.0000000000
       -5.8400000000            0.0000000000
       -5.8300000000            0.0000000000
       -5.8200000000            0.0000000000
       -5.8100000000            0.0000000000
       -5.8000000000            0.0000000000
       -5.7900000000            0.0000000000
       -5.7800000000            0.0000000000
       -5.7700000000            0.0000000000
       -5.7600000000            0.0000000000
       -5.7500000000            0.0000000000
       -5.7400000000            0.0000000000
       -5.7300000000            0.0000000000
       -5.7200000000            0.0000000000
       -5.7100000000            0.0000000000
       -5.7000000000            0.0000000000
       -5.6900000000            0.0000000000
       -5.6800000000            0.0000000000
       -5.6700000000            0.0000000000
       -5.6600000000            0.0000000000
       -5.6500000000            0.0000000000
       -5.6400000000            0.0000000000
       -5.6300000000            0.0000000000
       -5.6200000000            0.0000000000
       -5.6100000000            0.0000000000
       -5.6000000000            0.0000000000
       -5.5900000000            0.0000000000
       -5.5800000000            0.0000000000
       -5.5700000000            0.0000000000
       -5.5600000000            0.0000000000
       -5.5500000000            0.0000000000
       -5.5400000000            0.0000000000
       -5.5300000000            0.0000000000
       -5.5200000000            0.0000000000
       -5.5100000000            0.0000000000
       -5.5000000000            0.0000000000
       -5.4900000000            0.0000000000
       -5.4800000000            0.0000000000
       -5.4700000000            0.0000000000
       -5.4600000000            0.0000000000
       -5.4500000000            0.0000000000
       -5.4400000000            0.0000000000
       -5.4300000000            0.0000000000
       -5.4200000000            0.0000000000
       -5.4100000000            0.0000000000
       -5.4000000000            0.0000000000
       -5.3900000000            0.0000000000
       -5.3800000000            0.0000000000
       -5.3700000000            0.0000000000
       -5.3600000000            0.0000000000
       -5.3500000000            0.0000000000
       -5.3400000000            0.0000000000
       -5.3300000000            0.0000000000
       -5.3200000000            0.0000000000
       -5.3100000000            0.0000000000
       -5.3000000000            0.0000000000
       -5.2900000000            0.0000000000
       -5.2800000000            0.0000000000
       -5.2700000000            0.0000000000
       -5.2600000000            0.0000000000
       -5.2500000000            0.0000000000
       -5.2400000000            0.0000000000
       -5.2300000000            0.0000000000
       -5.2200000000            0.0000000000
       -5.2100000000            0.0000000000
       -5.2000000000            0.0000000000
       -5.1900000000            0.0000000000
       -5.1800000000            0.0000000000
       -5.1700000000            0.0000000000
       -5.1600000000            0.0000000000
       -5.1500000000            0.0000000000
       -5.1400000000            0.0000000000
       -5.1300000000            0.0000000000
       -5.1200000000            0.0000000000
       -5.1100000000            0.0000000000
       -5.1000000000            0.0000000000
       -5.0900000000            0.0000000000
       -5.0800000000            0.0000000000
       -5.0700000000            0.0000000000
       -5.0600000000            0.0000000000
       -5.0500000000            0.0000000000
       -5.0400000000            0.0000000000
       -5.0300000000            0.0000000000
       -5.0200000000            0.0000000000
       -5.0100000000            0.0000000000
       -5.0000000000            0.0000000000
       -4.9900000000            0.0000000000
       -4.9800000000            0.0000000000
       -4.9700000000            0.0000000000
       -4.9600000000            0.0000000000
       -4.9500000000            0.0000000000
       -4.9400000000            0.0000000000
       -4.9300000000            0.0000000000
       -4.9200000000            0.0000000000
       -4.9100000000            0.0000000000
       -4.9000000000            0.0000000000
       -4.8900000000            0.0000000000
       -4.8800000000            0.0000000000
       -4.8700000000            0.0000000000
       -4.8600000000            0.0000000000
       -4.8500000000            0.0000000000
       -4.8400000000            0.0000000000
       -4.8300000000            0.0000000000
       -4.8200000000            0.0000000000
       -4.8100000000            0.0000000000
       -4.8000000000            0.0000000000
       -4.7900000000            0.0000000000
       -4.7800000000            0.0000000000
       -4.7700000000            0.0000000000
       -4.7600000000            0.0000000000
       -4.7500000000            0.0000000000
       -4.7400000000            0.0000000000
       -4.7300000000            0.0000000000
       -4.7200000000            0.0000000000
       -4.7100000000            0.0000000000
       -4.7000000000            0.0000000000
       -4.6900000000            0.0000000000
       -4.6800000000            0.0000000000
       -4.6700000000            0.0000000000
       -4.6600000000            0.0000000000
       -4.6500000000            0.0000000000
       -4.6400000000            0.0000000000
       -4.6300000000            0.0000000000
       -4.6200000000            0.0000000000
       -4.6100000000            0.0000000000
       -4.6000000000            0.0000000000
       -4.5900000000            0.0000000000
       -4.5800000000            0.0000000000
       -4.5700000000            0.0000000000
       -4.5600000000            0.0000000000
       -4.5500000000            0.0000000000
       -4.5400000000            0.0000000000
       -4.5300000000            0.0000000000
       -4.5200000000            0.0000000000
       -4.5100000000            0.0000000000
       -4.5000000000            0.0000000000
       -4.4900000000            0.0000000000
       -4.4800000000            0.0000000000
       -4.4700000000            0.0000000000
       -4.4600000000            0.0000000000
       -4.4500000000            0.0000000000
       -4.4400000000            0.0000000000
       -4.4300000000            0.0000000000
       -4.4200000000            0.0000000000
       -4.4100000000            0.0000000000
       -4.4000000000            0.0000000000
       -4.3900000000            0.0000000000
       -4.3800000000            0.0000000000
       -4.3700000000            0.0000000000
       -4.3600000000            0.0000000000
       -4.3500000000            0.0000000000
       -4.3400000000            0.0000000000
       -4.3300000000            0.0000000000
       -4.3200000000            0.0000000000
       -4.3100000000            0.0000000000
       -4.3000000000            0.0000000000
       -4.2900000000            0.0000000000
       -4.2800000000            0.0000000000
       -4.2700000000            0.0000000000
       -4.2600000000            0.0000000000
       -4.2500000000            0.0000000000
       -4.2400000000            0.0000000000
       -4.2300000000            0.0000000000
       -4.2200000000            0.0000000000
       -4.2100000000            0.0000000000
       -4.2000000000            0.0000000000
       -4.1900000000            0.0000000000
       -4.1800000000            0.0000000000
       -4.1700000000            0.0000000000
       -4.1600000000            0.0000000000
       -4.1500000000            0.0000000000
       -4.1400000000            0.0000000000
       -4.1300000000            0.0000000000
       -4.1200000000            0.0000000000
       -4.1100000000            0.0000000000
       -4.1000000000            0.0000000000
       -4.0900000000            0.0000000000
       -4.0800000000            0.0000000000
       -4.0700000000            0.0000000000
       -4.0600000000            0.0000000000
       -4.0500000000            0.0000000000
       -4.0400000000            0.0000000000
       -4.0300000000            0.0000000000
       -4.0200000000            0.0000000000
       -4.0100000000            0.0000000000
       -4.0000000000            0.0000000000
       -3.9900000000            0.0000000000
       -3.9800000000            0.0000000000
       -3.9700000000            0.0000000000
       -3.9600000000            0.0000000000
       -3.9500000000            0.0000000000
       -3.9400000000            0.0000000000
       -3.9300000000            0.0000000000
       -3.9200000000            0.0000000000
       -3.9100000000            0.0000000000
       -3.9000000000            0.0000000000
       -3.8900000000            0.0000000000
       -3.8800000000            0.0000000000
       -3.8700000000            0.0000000000
       -3.8600000000            0.0000000000
       -3.8500000000            0.0000000000
       -3.8400000000            0.0000000000
       -3.8300000000            0.0000000000
       -3.8200000000            0.0000000000
       -3.8100000000            0.0000000000
       -3.8000000000            0.0000000000
       -3.7900000000            0.0000000000
       -3.7800000000            0.0000000000
       -3.7700000000            0.0000000000
       -3.7600000000            0.0000000000
       -3.7500000000            0.0000000000
       -3.7400000000            0.0000000000
       -3.7300000000            0.0000000000
       -3.7200000000            0.0000000000
       -3.7100000000            0.0000000000
       -3.7000000000            0.0000000000
       -3.6900000000            0.0000000000
       -3.6800000000            0.0000000000
       -3.6700000000            0.0000000000
       -3.6600000000            0.0000000000
       -3.6500000000            0.0000000000
       -3.6400000000            0.0000000000
       -3.6300000000            0.0000000000
       -3.6200000000            0.0000000000
       -3.6100000000            0.0000000000
       -3.6000000000            0.0000000000
       -3.5900000000            0.0000000000
       -3.5800000000            0.0000000000
       -3.5700000000            0.0000000000
       -3.5600000000            0.0000000000
       -3.5500000000            0.0000000000
       -3.5400000000            0.0000000000
       -3.5300000000            0.0000000000
       -3.5200000000            0.0000000000
       -3.5100000000            0.0000000000
       -3.5000000000            0.0000000000
       -3.4900000000            0.0000000000
       -3.4800000000            0.0000000000
       -3.4700000000            0.0000000000
       -3.4600000000            0.0000000000
       -3.4500000000            0.0000000000
       -3.4400000000            0.0000000000
       -3.4300000000            0.0000000000
       -3.4200000000            0.0000000000
       -3.4100000000            0.0000000000
       -3.4000000000            0.0000000000
       -3.3900000000            0.0000000000
       -3.3800000000            0.0000000000
       -3.3700000000            0.0000000000
       -3.3600000000            0.0000000000
       -3.3500000000            0.0000000000
       -3.3400000000            0.0000000000
       -3.3300000000            0.0000000000
       -3.3200000000            0.0000000000
       -3.3100000000            0.0000000000
       -3.3000000000            0.0000000000
       -3.2900000000            0.0000000000
       -3.2800000000            0.0000000000
       -3.2700000000            0.0000000000
       -3.2600000000            0.0000000000
       -3.2500000000            0.0000000000
       -3.2400000000            0.0000000000
       -3.2300000000            0.0000000000
       -3.2200000000            0.0000000000
       -3.2100000000            0.0000000000
       -3.2000000000            0.0000000000
       -3.1900000000            0.0000000000
       -3.1800000000            0.0000000000
       -3.1700000000            0.0000000000
       -3.1600000000            0.0000000000
       -3.1500000000            0.0000000000
       -3.1400000000            0.0000000000
       -3.1300000000            0.0000000000
       -3.1200000000            0.0000000000
       -3.1100000000            0.0000000000
       -3.1000000000            0.0000000000
       -3.0900000000            0.0000000000
       -3.0800000000            0.0000000000
       -3.0700000000            0.0000000000
       -3.0600000000            0.0000000000
       -3.0500000000            0.0000000000
       -3.0400000000            0.0000000000
       -3.0200000000            0.0003260735
       -3.0100000000            0.0003262329
       -3.0000000000            0.0003263948
       -2.9900000000            0.0003265590
       -2.9800000000            0.0003267257
       -2.9700000000            0.0003268948
       -2.9600000000            0.0003270663
       -2.9500000000            0.0003272403
       -2.9400000000            0.0003274168
       -2.9300000000            0.0003275958
       -2.9200000000            0.0003277772
       -2.9100000000            0.0003279612
       -2.9000000000            0.0003281476
       -2.8900000000            0.0003283366
       -2.8800000000            0.0003285281
       -2.8700000000            0.0003287222
       -2.8600000000            0.0003289188
       -2.8500000000            0.0003291180
       -2.8400000000            0.0003293198
       -2.8300000000            0.0003295241
       -2.8200000000            0.0003297310
       -2.8100000000            0.0003299406
       -2.8000000000            0.0003301528
       -2.7900000000            0.0003303676
       -2.7800000000            0.0003305851
       -2.7700000000            0.0003308052
       -2.7600000000            0.0003310280
       -2.7500000000            0.0003312534
       -2.7400000000            0.0003314816
       -2.7300000000            0.0003317125
       -2.7200000000            0.0003319461
       -2.7100000000            0.0003321824
       -2.7000000000            0.0003324215
       -2.6900000000            0.0003326633
       -2.6800000000            0.0003329080
       -2.6700000000            0.0003331554
       -2.6600000000            0.0003334056
       -2.6500000000            0.0003336586
       -2.6400000000            0.0003339144
       -2.6300000000            0.0003341731
       -2.6200000000            0.0003344347
       -2.6100000000            0.0003346991
       -2.6000000000            0.0003349664
       -2.5900000000            0.0003352366
       -2.5800000000            0.0003355097
       -2.5700000000            0.0003357857
       -2.5600000000            0.0003360647
       -2.5500000000            0.0003363466
       -2.5400000000            0.0003366316
       -2.5300000000            0.0003369195
       -2.5200000000            0.0003372104
       -2.5100000000            0.0003375043
       -2.5000000000            0.0003378013
       -2.4900000000            0.0003381013
       -2.4800000000            0.0003384044
       -2.4700000000            0.0003387106
       -2.4600000000            0.0003390199
       -2.4500000000            0.0003393323
       -2.4400000000            0.0003396478
       -2.4300000000            0.0003399666
       -2.4200000000            0.0003402884
       -2.4100000000            0.0003406135
       -2.4000000000            0.0003409418
       -2.3900000000            0.0003412733
       -2.3800000000            0.0003416080
       -2.3700000000            0.0003419460
       -2.3600000000            0.0003422873
       -2.3500000000            0.0003426319
       -2.3400000000            0.0003429798
       -2.3300000000            0.0003433310
       -2.3200000000            0.0003436856
       -2.3100000000            0.0003440436
       -2.3000000000            0.0003444049
       -2.2900000000            0.0003447697
       -2.2800000000            0.0003451379
       -2.2700000000            0.0003455096
       -2.2600000000            0.0003458848
       -2.2500000000            0.0003462634
       -2.2400000000            0.0003466456
       -2.2300000000            0.0003470313
       -2.2200000000            0.0003474206
       -2.2100000000            0.0003478135
       -2.2000000000            0.0003482099
       -2.1900000000            0.0003486100
       -2.1800000000            0.0003490138
       -2.1700000000            0.0003494212
       -2.1600000000            0.0003498323
       -2.1500000000            0.0003502471
       -2.1400000000            0.0003506657
       -2.1300000000            0.0003510881
       -2.1200000000            0.0003515142
       -2.1100000000            0.0003519442
       -2.1000000000            0.0003523780
       -2.0900000000            0.0003528156
       -2.0800000000            0.0003532572
       -2.0700000000            0.0003537026
       -2.0600000000            0.0003541520
       -2.0500000000            0.0003546054
       -2.0400000000            0.0003550628
       -2.0300000000            0.0003555241
       -2.0200000000            0.0003559896
       -2.0100000000            0.0003564591
       -2.0000000000            0.0003569327
       -1.9900000000            0.0003574104
       -1.9800000000            0.0003578923
       -1.9700000000            0.0003583783
       -1.9600000000            0.0003588686
       -1.9500000000            0.0003593631
       -1.9400000000            0.0003598619
       -1.9300000000            0.0003603650
       -1.9200000000            0.0003608724
       -1.9100000000            0.0003613842
       -1.9000000000            0.0003619004
       -1.8900000000            0.0003624210
       -1.8800000000            0.0003629460
       -1.8700000000            0.0003634756
       -1.8600000000            0.0003640096
       -1.8500000000            0.0003645482
       -1.8400000000            0.0003650914
       -1.8300000000            0.0003656392
       -1.8200000000            0.0003661916
       -1.8100000000            0.0003667487
       -1.8000000000            0.0003673106
       -1.7900000000            0.0003678771
       -1.7800000000            0.0003684485
       -1.7700000000            0.0003690247
       -1.7600000000            0.0003696057
       -1.7500000000            0.0003701917
       -1.7400000000            0.0003707825
       -1.7300000000            0.0003713784
       -1.7200000000            0.0003719792
       -1.7100000000            0.0003725851
       -1.7000000000            0.0003731960
       -1.6900000000            0.0003738121
       -1.6800000000            0.0003744333
       -1.6700000000            0.0003750597
       -1.6600000000            0.0003756914
       -1.6500000000            0.0003763283
       -1.6400000000            0.0003769706
       -1.6300000000            0.0003776182
       -1.6200000000            0.0003782712
       -1.6100000000            0.0003789297
       -1.6000000000            0.0003795936
       -1.5900000000            0.0003802631
       -1.5800000000            0.0003809381
       -1.5700000000            0.0003816188
       -1.5600000000            0.0003823051
       -1.5500000000            0.0003829972
       -1.5400000000            0.0003836950
       -1.5300000000            0.0003843986
       -1.5200000000            0.0003851080
       -1.5100000000            0.0003858233
       -1.5000000000            0.0003865446
       -1.4900000000            0.0003872719
       -1.4800000000            0.0003880052
       -1.4700000000            0.0003887446
       -1.4600000000            0.0003894902
       -1.4500000000            0.0003902420
       -1.4400000000            0.0003910000
       -1.4300000000            0.0003917643
       -1.4200000000            0.0003925349
       -1.4100000000            0.0003933120
       -1.4000000000            0.0003940955
       -1.3900000000            0.0003948855
       -1.3800000000            0.0003956821
       -1.3700000000            0.0003964854
       -1.3600000000            0.0003972953
       -1.3500000000            0.0003981120
       -1.3400000000            0.0003989354
       -1.3300000000            0.0003997658
       -1.3200000000            0.0004006030
       -1.3100000000            0.0004014473
       -1.3000000000            0.0004022985
       -1.2900000000            0.0004031569
       -1.2800000000            0.0004040225
       -1.2700000000            0.0004048953
       -1.2600000000            0.0004057754
       -1.2500000000            0.0004066628
       -1.2400000000            0.0004075577
       -1.2300000000            0.0004084601
       -1.2200000000            0.0004093700
       -1.2100000000            0.0004102876
       -1.2000000000            0.0004112129
       -1.1900000000            0.0004121459
       -1.1800000000            0.0004130869
       -1.1700000000            0.0004140357
       -1.1600000000            0.0004149925
       -1.1500000000            0.0004159574
       -1.1400000000            0.0004169304
       -1.1300000000            0.0004179117
       -1.1200000000            0.0004189012
       -1.1100000000            0.0004198991
       -1.1000000000            0.0004209055
       -1.0900000000            0.0004219204
       -1.0800000000            0.0004229439
       -1.0700000000            0.0004239762
       -1.0600000000            0.0004250172
       -1.0500000000            0.0004260670
       -1.0400000000            0.0004271259
       -1.0300000000            0.0004281937
       -1.0200000000            0.0004292707
       -1.0100000000            0.0004303569
       -1.0000000000            0.0004314525
       -0.9900000000            0.0004325574
       -0.9800000000            0.0004336718
       -0.9700000000            0.0004347958
       -0.9600000000            0.0004359295
       -0.9500000000            0.0004370730
       -0.9400000000            0.0004382263
       -0.9300000000            0.0004393896
       -0.9200000000            0.0004405630
       -0.9100000000            0.0004417466
       -0.9000000000            0.0004429405
       -0.8900000000            0.0004441447
       -0.8800000000            0.0004453595
       -0.8700000000            0.0004465849
       -0.8600000000            0.0004478209
       -0.8500000000            0.0004490678
       -0.8400000000            0.0004503257
       -0.8300000000            0.0004515946
       -0.8200000000            0.0004528746
       -0.8100000000            0.0004541660
       -0.8000000000            0.0004554687
       -0.7900000000            0.0004567830
       -0.7800000000            0.0004581089
       -0.7700000000            0.0004594466
       -0.7600000000            0.0004607962
       -0.7500000000            0.0004621578
       -0.7400000000            0.0004635316
       -0.7200000000            0.0007249235
       -0.7100000000            0.0007263751
       -0.7000000000            0.0007278402
       -0.6900000000            0.0007293192
       -0.6800000000            0.0007308120
       -0.6700000000            0.0007323189
       -0.6600000000            0.0007338400
       -0.6500000000            0.0007353755
       -0.6400000000            0.0007369254
       -0.6300000000            0.0007384900
       -0.6200000000            0.0007400694
       -0.6100000000            0.0007416638
       -0.6000000000            0.0007432733
       -0.5900000000            0.0007448981
       -0.5800000000            0.0007465383
       -0.5700000000            0.0007481942
       -0.5600000000            0.0007498659
       -0.5500000000            0.0007515535
       -0.5400000000            0.0007532573
       -0.5300000000            0.0007549774
       -0.5200000000            0.0007567140
       -0.5100000000            0.0007584673
       -0.5000000000            0.0007602375
       -0.4900000000            0.0007620247
       -0.4800000000            0.0007638292
       -0.4700000000            0.0007656512
       -0.4600000000            0.0007674908
       -0.4500000000            0.0007693482
       -0.4400000000            0.0007712238
       -0.4300000000            0.0007731175
       -0.4200000000            0.0007750298
       -0.4100000000            0.0007769608
       -0.4000000000            0.0007789106
       -0.3900000000            0.0007808797
       -0.3800000000            0.0007828680
       -0.3700000000            0.0007848760
       -0.3600000000            0.0007869038
       -0.3500000000            0.0007889516
       -0.3400000000            0.0007910198
       -0.3300000000            0.0007931084
       -0.3200000000            0.0007952179
       -0.3100000000            0.0007973484
       -0.3000000000            0.0007995003
       -0.2900000000            0.0008016736
       -0.2800000000            0.0008038689
       -0.2700000000            0.0008060862
       -0.2600000000            0.0008083258
       -0.2500000000            0.0008105882
       -0.2400000000            0.0008128734
       -0.2300000000            0.0008151819
       -0.2200000000            0.0008175139
       -0.2100000000            0.0008198697
       -0.2000000000            0.0008222496
       -0.1900000000            0.0008246540
       -0.1800000000            0.0008270830
       -0.1700000000            0.0008295372
       -0.1600000000            0.0008320167
       -0.1500000000            0.0008345219
       -0.1400000000            0.0008370531
       -0.1300000000            0.0008396108
       -0.1200000000            0.0008421951
       -0.1100000000            0.0008448066
       -0.1000000000            0.0008474455
       -0.0900000000            0.0008501122
       -0.0800000000            0.0008528071
       -0.0700000000            0.0008555306
       -0.0600000000            0.0008582830
       -0.0500000000            0.0008610647
       -0.0400000000            0.0008638762
       -0.0300000000            0.0008667179
       -0.0200000000            0.0008695901
       -0.0100000000            0.0008724933
