      -20.0000000000            2.7228961112
      -19.9900000000            2.7203993694
      -19.9800000000            2.7200307582
      -19.9700000000            2.7219433820
      -19.9600000000            2.7262813618
      -19.9500000000            2.7331737596
      -19.9400000000            2.7427283124
      -19.9300000000            2.7550251548
      -19.9200000000            2.7701106713
      -19.9100000000            2.7879915836
      -19.9000000000            2.8086293648
      -19.8900000000            2.8319350803
      -19.8800000000            2.8577648083
      -19.8700000000            2.8859158727
      -19.8600000000            2.9161242371
      -19.8500000000            2.9480635270
      -19.8400000000            2.9813462563
      -19.8300000000            3.0155278867
      -19.8200000000            3.0501143291
      -19.8100000000            3.0845733517
      -19.8000000000            3.1183500921
      -19.7900000000            3.1508864621
      -19.7800000000            3.1816437285
      -19.7700000000            3.2101270044
      -19.7600000000            3.2359098906
      -19.7500000000            3.2586571707
      -19.7400000000            3.2781433867
      -19.7300000000            3.2942653518
      -19.7200000000            3.3070471981
      -19.7100000000            3.3166373263
      -19.7000000000            3.3232974832
      -19.6900000000            3.3273850085
      -19.6800000000            3.3293298993
      -19.6700000000            3.3296086857
      -19.6600000000            3.3287171557
      -19.6500000000            3.3271437728
      -19.6400000000            3.3253452699
      -19.6300000000            3.3237254830
      -19.6200000000            3.3226180865
      -19.6100000000            3.3222735625
      -19.6000000000            3.3228505116
      -19.5900000000            3.3244112795
      -19.5800000000            3.3269218102
      -19.5700000000            3.3302556084
      -19.5600000000            3.3342016593
      -19.5500000000            3.3384760803
      -19.5400000000            3.3427371533
      -19.5300000000            3.3466032013
      -19.5200000000            3.3496725457
      -19.5100000000            3.3515445593
      -19.5000000000            3.3518406402
      -19.4900000000            3.3502238367
      -19.4800000000            3.3464158803
      -19.4700000000            3.3402105509
      -19.4600000000            3.3314825936
      -19.4500000000            3.3201917994
      -19.4400000000            3.3063822860
      -19.4300000000            3.2901774144
      -19.4200000000            3.2717710916
      -19.4100000000            3.2514164114
      -19.4000000000            3.2294126580
      -19.3900000000            3.2060916770
      -19.3800000000            3.1818045143
      -19.3700000000            3.1569090896
      -19.3600000000            3.1317595098
      -19.3500000000            3.1066974615
      -19.3400000000            3.0820459448
      -19.3300000000            3.0581054250
      -19.3200000000            3.0351522910
      -19.3100000000            3.0134393306
      -19.3000000000            2.9931977831
      -19.2900000000            2.9746404260
      -19.2800000000            2.9579651178
      -19.2700000000            2.9433582463
      -19.2600000000            2.9309976324
      -19.2500000000            2.9210545813
      -19.2400000000            2.9136949413
      -19.2300000000            2.9090791952
      -19.2200000000            2.9073617338
      -19.2100000000            2.9086895477
      -19.2000000000            2.9132005868
      -19.1900000000            2.9210220122
      -19.1800000000            2.9322684882
      -19.1700000000            2.9470405806
      -19.1600000000            2.9654232378
      -19.1500000000            2.9874842739
      -19.1400000000            3.0132727371
      -19.1300000000            3.0428170474
      -19.1200000000            3.0761228138
      -19.1100000000            3.1131702802
      -19.1000000000            3.1539114012
      -19.0900000000            3.1982666011
      -19.0800000000            3.2461213280
      -19.0700000000            3.2973225857
      -19.0600000000            3.3516757100
      -19.0500000000            3.4089417604
      -19.0400000000            3.4688360069
      -19.0300000000            3.5310280911
      -19.0200000000            3.5951444913
      -19.0100000000            3.6607738896
      -19.0000000000            3.7274758851
      -18.9900000000            3.7947931952
      -18.9800000000            3.8622670461
      -18.9700000000            3.9294549052
      -18.9600000000            3.9959491376
      -18.9500000000            4.0613946797
      -18.9400000000            4.1255035429
      -18.9300000000            4.1880639841
      -18.9200000000            4.2489425537
      -18.9100000000            4.3080779383
      -18.9000000000            4.3654664476
      -18.8900000000            4.4211400061
      -18.8800000000            4.4751384411
      -18.8700000000            4.5274785708
      -18.8600000000            4.5781230177
      -18.8500000000            4.6269517962
      -18.8400000000            4.6737395752
      -18.8300000000            4.7181411598
      -18.8200000000            4.7596872003
      -18.8100000000            4.7977914472
      -18.8000000000            4.8317700090
      -18.7900000000            4.8608720462
      -18.7800000000            4.8843201795
      -18.7700000000            4.9013577130
      -18.7600000000            4.9112987401
      -18.7500000000            4.9135765270
      -18.7400000000            4.9077854456
      -18.7300000000            4.8937122707
      -18.7200000000            4.8713538352
      -18.7100000000            4.8409196826
      -18.7000000000            4.8028201796
      -18.6900000000            4.7576422236
      -18.6800000000            4.7061159238
      -18.6700000000            4.6490762716
      -18.6600000000            4.5874238127
      -18.6500000000            4.5220877932
      -18.6400000000            4.4539943369
      -18.6300000000            4.3840411428
      -18.6200000000            4.3130791538
      -18.6100000000            4.2419007894
      -18.6000000000            4.1712337351
      -18.5900000000            4.1017389681
      -18.5800000000            4.0340116429
      -18.5700000000            3.9685836071
      -18.5600000000            3.9059265868
      -18.5500000000            3.8464553964
      -18.5400000000            3.7905308255
      -18.5300000000            3.7384620852
      -18.5200000000            3.6905088405
      -18.5100000000            3.6468829125
      -18.5000000000            3.6077497237
      -18.4900000000            3.5732295122
      -18.4800000000            3.5433982851
      -18.4700000000            3.5182884456
      -18.4600000000            3.4978890260
      -18.4500000000            3.4821455088
      -18.4400000000            3.4709592985
      -18.4300000000            3.4641870268
      -18.4200000000            3.4616400018
      -18.4100000000            3.4630842290
      -18.4000000000            3.4682415260
      -18.3900000000            3.4767922802
      -18.3800000000            3.4883803679
      -18.3700000000            3.5026206166
      -18.3600000000            3.5191089732
      -18.3500000000            3.5374352182
      -18.3400000000            3.5571976887
      -18.3300000000            3.5780190615
      -18.3200000000            3.5995618902
      -18.3100000000            3.6215423398
      -18.3000000000            3.6437405004
      -18.2900000000            3.6660058274
      -18.2800000000            3.6882566504
      -18.2700000000            3.7104732743
      -18.2600000000            3.7326848828
      -18.2500000000            3.7549511352
      -18.2400000000            3.7773399274
      -18.2300000000            3.7999031919
      -18.2200000000            3.8226528123
      -18.2100000000            3.8455387213
      -18.2000000000            3.8684310830
      -18.1900000000            3.8911081595
      -18.1800000000            3.9132510733
      -18.1700000000            3.9344462075
      -18.1600000000            3.9541954639
      -18.1500000000            3.9719340138
      -18.1400000000            3.9870545661
      -18.1300000000            3.9989365808
      -18.1200000000            4.0069783440
      -18.1100000000            4.0106294765
      -18.1000000000            4.0094213511
      -18.0900000000            4.0029930681
      -18.0800000000            3.9911110949
      -18.0700000000            3.9736813173
      -18.0600000000            3.9507530019
      -18.0500000000            3.9225148864
      -18.0400000000            3.8892842235
      -18.0300000000            3.8514900371
      -18.0200000000            3.8096520956
      -18.0100000000            3.7643571882
      -18.0000000000            3.7162342360
      -17.9900000000            3.6659296267
      -17.9800000000            3.6140839507
      -17.9700000000            3.5613110782
      -17.9600000000            3.5081802601
      -17.9500000000            3.4552016933
      -17.9400000000            3.4028157663
      -17.9300000000            3.3513860156
      -17.9200000000            3.3011956755
      -17.9100000000            3.2524475978
      -17.9000000000            3.2052672386
      -17.8900000000            3.1597083556
      -17.8800000000            3.1157610134
      -17.8700000000            3.0733614418
      -17.8600000000            3.0324032402
      -17.8500000000            2.9927493609
      -17.8400000000            2.9542442544
      -17.8300000000            2.9167255399
      -17.8200000000            2.8800345884
      -17.8100000000            2.8440254921
      -17.8000000000            2.8085720342
      -17.7900000000            2.7735724643
      -17.7800000000            2.7389520838
      -17.7700000000            2.7046638367
      -17.7600000000            2.6706872422
      -17.7500000000            2.6370260903
      -17.7400000000            2.6037053350
      -17.7300000000            2.5707675787
      -17.7200000000            2.5382694609
      -17.7100000000            2.5062781617
      -17.7000000000            2.4748681377
      -17.6900000000            2.4441181279
      -17.6800000000            2.4141084229
      -17.6700000000            2.3849183703
      -17.6600000000            2.3566241020
      -17.6500000000            2.3292964923
      -17.6400000000            2.3029993897
      -17.6300000000            2.2777881913
      -17.6200000000            2.2537088460
      -17.6100000000            2.2307973714
      -17.6000000000            2.2090799560
      -17.5900000000            2.1885736850
      -17.5800000000            2.1692878840
      -17.5700000000            2.1512260216
      -17.5600000000            2.1343880524
      -17.5500000000            2.1187730278
      -17.5400000000            2.1043817590
      -17.5300000000            2.0912192948
      -17.5200000000            2.0792969866
      -17.5100000000            2.0686339540
      -17.5000000000            2.0592578289
      -17.4900000000            2.0512047449
      -17.4800000000            2.0445186231
      -17.4700000000            2.0392498810
      -17.4600000000            2.0354537412
      -17.4500000000            2.0331883374
      -17.4400000000            2.0325128104
      -17.4300000000            2.0334855576
      -17.4200000000            2.0361627610
      -17.4100000000            2.0405972771
      -17.4000000000            2.0468379351
      -17.3900000000            2.0549292624
      -17.3800000000            2.0649116349
      -17.3700000000            2.0768218390
      -17.3600000000            2.0906940208
      -17.3500000000            2.1065609911
      -17.3400000000            2.1244558381
      -17.3300000000            2.1444137893
      -17.3200000000            2.1664742410
      -17.3100000000            2.1906828590
      -17.3000000000            2.2170936396
      -17.2900000000            2.2457708133
      -17.2800000000            2.2767904790
      -17.2700000000            2.3102418672
      -17.2600000000            2.3462281564
      -17.2500000000            2.3848667872
      -17.2400000000            2.4262892469
      -17.2300000000            2.4706403161
      -17.2200000000            2.5180767769
      -17.2100000000            2.5687655852
      -17.2000000000            2.6228814967
      -17.1900000000            2.6806041153
      -17.1800000000            2.7421143075
      -17.1700000000            2.8075899013
      -17.1600000000            2.8772005643
      -17.1500000000            2.9511017472
      -17.1400000000            3.0294275738
      -17.1300000000            3.1122825801
      -17.1200000000            3.1997322298
      -17.1100000000            3.2917921844
      -17.1000000000            3.3884163727
      -17.0900000000            3.4894839969
      -17.0800000000            3.5947857363
      -17.0700000000            3.7040095661
      -17.0600000000            3.8167268068
      -17.0500000000            3.9323792561
      -17.0400000000            4.0502685119
      -17.0300000000            4.1695488634
      -17.0200000000            4.2892253467
      -17.0100000000            4.4081586968
      -17.0000000000            4.5250788836
      -16.9900000000            4.6386086431
      -16.9800000000            4.7472978261
      -16.9700000000            4.8496684693
      -16.9600000000            4.9442692962
      -16.9500000000            5.0297369751
      -16.9400000000            5.1048601317
      -16.9300000000            5.1686410612
      -16.9200000000            5.2203495908
      -16.9100000000            5.2595637878
      -16.9000000000            5.2861932611
      -16.8900000000            5.3004825537
      -16.8800000000            5.3029943079
      -16.8700000000            5.2945741318
      -16.8600000000            5.2763010138
      -16.8500000000            5.2494284249
      -16.8400000000            5.2153217358
      -16.8300000000            5.1753972794
      -16.8200000000            5.1310674419
      -16.8100000000            5.0836948211
      -16.8000000000            5.0345569916
      -16.7900000000            4.9848220192
      -16.7800000000            4.9355337247
      -16.7700000000            4.8876049155
      -16.7600000000            4.8418164148
      -16.7500000000            4.7988196865
      -16.7400000000            4.7591411197
      -16.7300000000            4.7231865078
      -16.7200000000            4.6912448193
      -16.7100000000            4.6634909401
      -16.7000000000            4.6399875600
      -16.6900000000            4.6206867580
      -16.6800000000            4.6054320626
      -16.6700000000            4.5939618380
      -16.6600000000            4.5859147908
      -16.6500000000            4.5808382274
      -16.6400000000            4.5781994709
      -16.6300000000            4.5774005803
      -16.6200000000            4.5777962634
      -16.6100000000            4.5787146304
      -16.6000000000            4.5794802307
      -16.5900000000            4.5794386244
      -16.5800000000            4.5779815591
      -16.5700000000            4.5745716362
      -16.5600000000            4.5687651624
      -16.5500000000            4.5602317322
      -16.5400000000            4.5487690354
      -16.5300000000            4.5343115003
      -16.5200000000            4.5169317187
      -16.5100000000            4.4968341569
      -16.5000000000            4.4743413697
      -16.4900000000            4.4498736948
      -16.4800000000            4.4239240677
      -16.4700000000            4.3970300471
      -16.4600000000            4.3697453036
      -16.4500000000            4.3426126905
      -16.4400000000            4.3161406464
      -16.4300000000            4.2907841445
      -16.4200000000            4.2669308167
      -16.4100000000            4.2448923140
      -16.4000000000            4.2249004773
      -16.3900000000            4.2071075269
      -16.3800000000            4.1915892439
      -16.3700000000            4.1783500149
      -16.3600000000            4.1673286568
      -16.3500000000            4.1584041067
      -16.3400000000            4.1514003555
      -16.3300000000            4.1460903905
      -16.3200000000            4.1421993412
      -16.3100000000            4.1394074407
      -16.3000000000            4.1373537400
      -16.2900000000            4.1356416796
      -16.2800000000            4.1338475709
      -16.2700000000            4.1315327499
      -16.2600000000            4.1282596506
      -16.2500000000            4.1236113754
      -16.2400000000            4.1172136180
      -16.2300000000            4.1087571595
      -16.2200000000            4.0980187448
      -16.2100000000            4.0848780701
      -16.2000000000            4.0693289115
      -16.1900000000            4.0514830732
      -16.1800000000            4.0315667177
      -16.1700000000            4.0099095897
      -16.1600000000            3.9869284853
      -16.1500000000            3.9631068987
      -16.1400000000            3.9389730261
      -16.1300000000            3.9150782126
      -16.1200000000            3.8919775675
      -16.1100000000            3.8702139437
      -16.1000000000            3.8503058965
      -16.0900000000            3.8327396990
      -16.0800000000            3.8179650639
      -16.0700000000            3.8063939321
      -16.0600000000            3.7984015436
      -16.0500000000            3.7943289800
      -16.0400000000            3.7944864394
      -16.0300000000            3.7991566263
      -16.0200000000            3.8085977897
      -16.0100000000            3.8230460906
      -16.0000000000            3.8427171031
      -15.9900000000            3.8678063539
      -15.9800000000            3.8984888682
      -15.9700000000            3.9349177399
      -15.9600000000            3.9772217773
      -15.9500000000            4.0255023103
      -15.9400000000            4.0798292959
      -15.9300000000            4.1402369284
      -15.9200000000            4.2067190500
      -15.9100000000            4.2792247741
      -15.9000000000            4.3576548517
      -15.8900000000            4.4418594263
      -15.8800000000            4.5316378922
      -15.8700000000            4.6267415781
      -15.8600000000            4.7268798645
      -15.8500000000            4.8317301034
      -15.8400000000            4.9409513078
      -15.8300000000            5.0542010518
      -15.8200000000            5.1711544134
      -15.8100000000            5.2915232016
      -15.8000000000            5.4150732528
      -15.7900000000            5.5416373821
      -15.7800000000            5.6711217144
      -15.7700000000            5.8035036333
      -15.7600000000            5.9388204086
      -15.7500000000            6.0771485941
      -15.7400000000            6.2185753540
      -15.7300000000            6.3631638302
      -15.7200000000            6.5109153894
      -15.7100000000            6.6617320159
      -15.7000000000            6.8153822487
      -15.6900000000            6.9714739143
      -15.6800000000            7.1294365268
      -15.6700000000            7.2885156189
      -15.6600000000            7.4477804608
      -15.6500000000            7.6061455955
      -15.6400000000            7.7624054224
      -15.6300000000            7.9152797432
      -15.6200000000            8.0634669122
      -15.6100000000            8.2057001704
      -15.6000000000            8.3408021283
      -15.5900000000            8.4677323526
      -15.5800000000            8.5856237017
      -15.5700000000            8.6938043805
      -15.5600000000            8.7918044607
      -15.5500000000            8.8793475410
      -15.5400000000            8.9563299742
      -15.5300000000            9.0227913911
      -15.5200000000            9.0788809381
      -15.5100000000            9.1248236787
      -15.5000000000            9.1608910972
      -15.4900000000            9.1873787370
      -15.4800000000            9.2045928994
      -15.4700000000            9.2128471620
      -15.4600000000            9.2124683531
      -15.4500000000            9.2038105886
      -15.4400000000            9.1872751024
      -15.4300000000            9.1633329489
      -15.4200000000            9.1325473165
      -15.4100000000            9.0955922643
      -15.4000000000            9.0532651948
      -15.3900000000            9.0064912676
      -15.3800000000            8.9563190762
      -15.3700000000            8.9039080456
      -15.3600000000            8.8505089511
      -15.3500000000            8.7974395567
      -15.3400000000            8.7460575656
      -15.3300000000            8.6977329157
      -15.3200000000            8.6538210371
      -15.3100000000            8.6156381433
      -15.3000000000            8.5844390650
      -15.2900000000            8.5613976397
      -15.2800000000            8.5475892710
      -15.2700000000            8.5439750072
      -15.2600000000            8.5513863495
      -15.2500000000            8.5705099976
      -15.2400000000            8.6018718625
      -15.2300000000            8.6458199352
      -15.2200000000            8.7025059797
      -15.2100000000            8.7718665197
      -15.2000000000            8.8536041932
      -15.1900000000            8.9471712148
      -15.1800000000            9.0517573505
      -15.1700000000            9.1662853768
      -15.1600000000            9.2894173211
      -15.1500000000            9.4195747090
      -15.1400000000            9.5549754254
      -15.1300000000            9.6936885311
      -15.1200000000            9.8337064802
      -15.1100000000            9.9730318382
      -15.1000000000           10.1097731478
      -15.0900000000           10.2422425208
      -15.0800000000           10.3690463550
      -15.0700000000           10.4891606824
      -15.0600000000           10.6019841756
      -15.0500000000           10.7073645791
      -15.0400000000           10.8055977702
      -15.0300000000           10.8974021102
      -15.0200000000           10.9838735529
      -15.0100000000           11.0664286511
      -15.0000000000           11.1467429887
      -14.9900000000           11.2266917889
      -14.9800000000           11.3082978778
      -14.9700000000           11.3936902629
      -14.9600000000           11.4850747454
      -14.9500000000           11.5847165241
      -14.9400000000           11.6949338123
      -14.9300000000           11.8181010910
      -14.9200000000           11.9566606570
      -14.9100000000           12.1131414468
      -14.9000000000           12.2901845909
      -14.8900000000           12.4905756529
      -14.8800000000           12.7172839794
      -14.8700000000           12.9735100126
      -14.8600000000           13.2627418122
      -14.8500000000           13.5888224414
      -14.8400000000           13.9560303358
      -14.8300000000           14.3691753490
      -14.8200000000           14.8337139024
      -14.8100000000           15.3558876162
      -14.8000000000           15.9428910317
      -14.7900000000           16.6030756300
      -14.7800000000           17.3461994243
      -14.7700000000           18.1837340797
      -14.7600000000           19.1292449875
      -14.7500000000           20.1988641968
      -14.7400000000           21.4118818690
      -14.7300000000           22.7914892433
      -14.7200000000           24.3657152624
      -14.7100000000           26.1686100917
      -14.7000000000           28.2417413915
      -14.6900000000           30.6360818585
      -14.6800000000           33.4143751974
      -14.6700000000           36.6540629954
      -14.6600000000           40.4508167505
      -14.6500000000           44.9226056960
      -14.6400000000           50.2139580642
      -14.6300000000           56.4994787097
      -14.6200000000           63.9844714059
      -14.6100000000           72.8981792591
      -14.6000000000           83.4710099706
      -14.5900000000           95.8806830314
      -14.5800000000          110.1449763663
      -14.5700000000          125.9386714215
      -14.5600000000          142.3416951024
      -14.5500000000          157.6195208063
      -14.5400000000          169.2910144018
      -14.5300000000          174.7810507420
      -14.5200000000          172.5705079789
      -14.5100000000          163.0703324647
      -14.5000000000          148.4121175850
      -14.4900000000          131.3432702562
      -14.4800000000          114.1676677096
      -14.4700000000           98.3118767077
      -14.4600000000           84.4124456290
      -14.4500000000           72.5903074859
      -14.4400000000           62.6994112410
      -14.4300000000           54.4886961623
      -14.4200000000           47.6891554340
      -14.4100000000           42.0532857491
      -14.4000000000           37.3687946830
      -14.3900000000           33.4600116805
      -14.3800000000           30.1842291441
      -14.3700000000           27.4265061083
      -14.3600000000           25.0945015676
      -14.3500000000           23.1139337958
      -14.3400000000           21.4248148432
      -14.3300000000           19.9784221275
      -14.3200000000           18.7349042175
      -14.3100000000           17.6614071715
      -14.3000000000           16.7306183608
      -14.2900000000           15.9196415480
      -14.2800000000           15.2091336406
      -14.2700000000           14.5826475769
      -14.2600000000           14.0261366940
      -14.2500000000           13.5275839739
      -14.2400000000           13.0767254446
      -14.2300000000           12.6648415308
      -14.2200000000           12.2845940684
      -14.2100000000           11.9298905980
      -14.2000000000           11.5957617734
      -14.1900000000           11.2782422348
      -14.1800000000           10.9742498399
      -14.1700000000           10.6814622437
      -14.1600000000           10.3981930190
      -14.1500000000           10.1232714688
      -14.1400000000            9.8559309219
      -14.1300000000            9.5957097636
      -14.1200000000            9.3423680750
      -14.1100000000            9.0958209624
      -14.1000000000            8.8560878561
      -14.0900000000            8.6232555694
      -14.0800000000            8.3974519437
      -14.0700000000            8.1788265376
      -14.0600000000            7.9675350294
      -14.0500000000            7.7637246781
      -14.0400000000            7.5675191725
      -14.0300000000            7.3790022912
      -14.0200000000            7.1982008210
      -14.0100000000            7.0250679784
      -14.0000000000            6.8594690603
      -13.9900000000            6.7011711783
      -13.9800000000            6.5498387348
      -13.9700000000            6.4050358402
      -13.9600000000            6.2662362249
      -13.9500000000            6.1328404530
      -13.9400000000            6.0041994763
      -13.9300000000            5.8796428541
      -13.9200000000            5.7585093925
      -13.9100000000            5.6401776114
      -13.9000000000            5.5240933947
      -13.8900000000            5.4097924566
      -13.8800000000            5.2969158434
      -13.8700000000            5.1852175044
      -13.8600000000            5.0745638742
      -13.8500000000            4.9649262641
      -13.8400000000            4.8563675239
      -13.8300000000            4.7490248225
      -13.8200000000            4.6430904935
      -13.8100000000            4.5387927265
      -13.8000000000            4.4363775447
      -13.7900000000            4.3360930804
      -13.7800000000            4.2381767253
      -13.7700000000            4.1428453516
      -13.7600000000            4.0502885038
      -13.7500000000            3.9606642637
      -13.7400000000            3.8740973765
      -13.7300000000            3.7906791884
      -13.7200000000            3.7104689542
      -13.7100000000            3.6334961135
      -13.7000000000            3.5597631962
      -13.6900000000            3.4892490739
      -13.6800000000            3.4219123410
      -13.6700000000            3.3576946571
      -13.6600000000            3.2965239345
      -13.6500000000            3.2383172885
      -13.6400000000            3.1829837046
      -13.6300000000            3.1304263959
      -13.6200000000            3.0805448483
      -13.6100000000            3.0332365604
      -13.6000000000            2.9883984964
      -13.5900000000            2.9459282778
      -13.5800000000            2.9057251387
      -13.5700000000            2.8676906756
      -13.5600000000            2.8317294189
      -13.5500000000            2.7977492524
      -13.5400000000            2.7656617068
      -13.5300000000            2.7353821476
      -13.5200000000            2.7068298784
      -13.5100000000            2.6799281757
      -13.5000000000            2.6546042699
      -13.4900000000            2.6307892850
      -13.4800000000            2.6084181461
      -13.4700000000            2.5874294648
      -13.4600000000            2.5677654079
      -13.4500000000            2.5493715553
      -13.4400000000            2.5321967524
      -13.4300000000            2.5161929588
      -13.4200000000            2.5013150974
      -13.4100000000            2.4875209059
      -13.4000000000            2.4747707911
      -13.3900000000            2.4630276884
      -13.3800000000            2.4522569269
      -13.3700000000            2.4424261000
      -13.3600000000            2.4335049432
      -13.3500000000            2.4254652177
      -13.3400000000            2.4182806008
      -13.3300000000            2.4119265832
      -13.3200000000            2.4063803720
      -13.3100000000            2.4016208006
      -13.3000000000            2.3976282440
      -13.2900000000            2.3943845404
      -13.2800000000            2.3918729179
      -13.2700000000            2.3900779264
      -13.2600000000            2.3889853750
      -13.2500000000            2.3885822735
      -13.2400000000            2.3888567788
      -13.2300000000            2.3897981453
      -13.2200000000            2.3913966797
      -13.2100000000            2.3936436988
      -13.2000000000            2.3965314920
      -13.1900000000            2.4000532860
      -13.1800000000            2.4042032140
      -13.1700000000            2.4089762867
      -13.1600000000            2.4143683674
      -13.1500000000            2.4203761487
      -13.1400000000            2.4269971330
      -13.1300000000            2.4342296147
      -13.1200000000            2.4420726654
      -13.1100000000            2.4505261209
      -13.1000000000            2.4595905710
      -13.0900000000            2.4692673512
      -13.0800000000            2.4795585370
      -13.0700000000            2.4904669392
      -13.0600000000            2.5019961028
      -13.0500000000            2.5141503069
      -13.0400000000            2.5269345667
      -13.0300000000            2.5403546379
      -13.0200000000            2.5544170229
      -13.0100000000            2.5691289792
      -13.0000000000            2.5844985293
      -12.9900000000            2.6005344736
      -12.9800000000            2.6172464045
      -12.9700000000            2.6346447230
      -12.9600000000            2.6527406583
      -12.9500000000            2.6715462878
      -12.9400000000            2.6910745619
      -12.9300000000            2.7113393291
      -12.9200000000            2.7323553650
      -12.9100000000            2.7541384037
      -12.9000000000            2.7767051715
      -12.8900000000            2.8000734245
      -12.8800000000            2.8242619885
      -12.8700000000            2.8492908027
      -12.8500000000            2.8032199931
      -12.8400000000            2.8310645266
      -12.8300000000            2.8598125161
      -12.8200000000            2.8894900993
      -12.8100000000            2.9201248388
      -12.8000000000            2.9517457953
      -12.7900000000            2.9843836055
      -12.7800000000            3.0180705662
      -12.7700000000            3.0528407253
      -12.7600000000            3.0887299786
      -12.7500000000            3.1257761751
      -12.7400000000            3.1640192297
      -12.7300000000            3.2035012441
      -12.7200000000            3.2442666387
      -12.7100000000            3.2863622925
      -12.7000000000            3.3298376961
      -12.6900000000            3.3747451155
      -12.6800000000            3.4211397691
      -12.6700000000            3.4690800195
      -12.6600000000            3.5186275808
      -12.6500000000            3.5698477421
      -12.6400000000            3.6228096108
      -12.6300000000            3.6775863755
      -12.6200000000            3.7342555915
      -12.6100000000            3.7928994910
      -12.6000000000            3.8536053198
      -12.5900000000            3.9164657042
      -12.5800000000            3.9815790504
      -12.5700000000            4.0490499800
      -12.5600000000            4.1189898054
      -12.5500000000            4.1915170489
      -12.5400000000            4.2667580116
      -12.5300000000            4.3448473956
      -12.5200000000            4.4259289868
      -12.5100000000            4.5101564046
      -12.5000000000            4.5976939267
      -12.4900000000            4.6887173964
      -12.4800000000            4.7834152237
      -12.4700000000            4.8819894910
      -12.4600000000            4.9846571746
      -12.4500000000            5.0916514991
      -12.4400000000            5.2032234388
      -12.4300000000            5.3196433864
      -12.4200000000            5.4412030103
      -12.4100000000            5.5682173249
      -12.4000000000            5.7010270037
      -12.3900000000            5.8400009670
      -12.3800000000            5.9855392837
      -12.3700000000            6.1380764304
      -12.3600000000            6.2980849610
      -12.3500000000            6.4660796450
      -12.3400000000            6.6426221473
      -12.3300000000            6.8283263300
      -12.3200000000            7.0238642739
      -12.3100000000            7.2299731351
      -12.3000000000            7.4474629700
      -12.2900000000            7.6772256916
      -12.2800000000            7.9202453462
      -12.2700000000            8.1776099406
      -12.2600000000            8.4505250922
      -12.2500000000            8.7403298329
      -12.2400000000            9.0485149642
      -12.2300000000            9.3767444464
      -12.2200000000            9.7268804111
      -12.2100000000           10.1010125155
      -12.2000000000           10.5014925249
      -12.1900000000           10.9309752147
      -12.1800000000           11.3924669488
      -12.1700000000           11.8893836261
      -12.1600000000           12.4256201181
      -12.1500000000           13.0056338748
      -12.1400000000           13.6345460991
      -12.1300000000           14.3182648306
      -12.1200000000           15.0636355214
      -12.1100000000           15.8786263311
      -12.1000000000           16.7725575682
      -12.0900000000           17.7563876665
      -12.0800000000           18.8430721139
      -12.0700000000           20.0480172726
      -12.0600000000           21.3896586791
      -12.0500000000           22.8902041076
      -12.0400000000           24.5765968007
      -12.0300000000           26.4817758768
      -12.0200000000           28.6463421702
      -12.0100000000           31.1207834837
      -12.0000000000           33.9684810088
      -11.9900000000           37.2698204403
      -11.9800000000           41.1278861699
      -11.9700000000           45.6764557229
      -11.9600000000           51.0913844644
      -11.9500000000           57.6070594609
      -11.9400000000           65.5405390511
      -11.9300000000           75.3274913022
      -11.9200000000           87.5764101713
      -11.9100000000          103.1511958388
      -11.9000000000          123.2971495214
      -11.8900000000          149.8301841309
      -11.8800000000          185.4049854213
      -11.8700000000          233.8309188038
      -11.8600000000          300.1985967973
      -11.8500000000          389.8879514035
      -11.8400000000          503.8274799688
      -11.8300000000          626.1053751207
      -11.8200000000          710.8882489674
      -11.8100000000          706.1574045070
      -11.8000000000          615.1863140613
      -11.7900000000          492.2498337101
      -11.7800000000          380.7851032183
      -11.7700000000          294.4425280865
      -11.7600000000          231.3680100774
      -11.7500000000          185.9820679365
      -11.7400000000          153.2391562416
      -11.7300000000          129.4316486114
      -11.7200000000          112.0097976882
      -11.7100000000           99.2574239413
      -11.7000000000           90.0283583732
      -11.6900000000           83.5654638224
      -11.6800000000           79.3846484306
      -11.6700000000           77.2047207785
      -11.6600000000           76.9098362139
      -11.6500000000           78.5373179844
      -11.6400000000           82.2887685659
      -11.6300000000           88.5670056899
      -11.6200000000           98.0456582687
      -11.6100000000          111.7804612090
      -11.6000000000          131.3621295020
      -11.5900000000          159.0552014786
      -11.5800000000          197.6539256205
      -11.5700000000          249.1548477634
      -11.5600000000          310.2591461263
      -11.5500000000          364.3279880600
      -11.5400000000          382.5766106294
      -11.5300000000          352.1306461382
      -11.5200000000          293.8172428913
      -11.5100000000          234.9889063811
      -11.5000000000          188.0157038501
      -11.4900000000          154.0081056306
      -11.4800000000          130.4489256753
      -11.4700000000          114.6405951662
      -11.4600000000          104.5645729672
      -11.4500000000           98.8967817405
      -11.4400000000           96.8591616022
      -11.4300000000           98.0942276982
      -11.4200000000          102.5980677099
      -11.4100000000          110.7140776776
      -11.4000000000          123.1911867756
      -11.3900000000          141.3223708345
      -11.3800000000          167.1957629217
      -11.3700000000          204.1034220248
      -11.3600000000          257.1201231732
      -11.3500000000          333.6049326834
      -11.3400000000          442.2446932821
      -11.3300000000          585.7666793040
      -11.3200000000          738.5352181796
      -11.3100000000          824.2426436213
      -11.3000000000          774.9492422455
      -11.2900000000          630.3075737836
      -11.2800000000          476.4425293937
      -11.2700000000          354.3734639993
      -11.2600000000          266.8378612529
      -11.2500000000          205.4960790519
      -11.2400000000          162.1624160002
      -11.2300000000          130.9549253203
      -11.2200000000          107.9760933868
      -11.2100000000           90.6840155995
      -11.2000000000           77.4076176265
      -11.1900000000           67.0293973668
      -11.1800000000           58.7868711199
      -11.1700000000           52.1490315034
      -11.1600000000           46.7387380239
      -11.1500000000           42.2831790146
      -11.1400000000           38.5816672596
      -11.1300000000           35.4843073182
      -11.1200000000           32.8776032639
      -11.1100000000           30.6745785857
      -11.1000000000           28.8078828418
      -11.0900000000           27.2249101312
      -11.0800000000           25.8842956607
      -11.0700000000           24.7533717967
      -11.0600000000           23.8063029179
      -11.0500000000           23.0227083189
      -11.0400000000           22.3866420485
      -11.0300000000           21.8858387926
      -11.0200000000           21.5111625711
      -11.0100000000           21.2562144574
      -11.0000000000           21.1170695975
      -10.9900000000           21.0921244075
      -10.9800000000           21.1820432846
      -10.9700000000           21.3898014838
      -10.9600000000           21.7208277943
      -10.9500000000           22.1832580753
      -10.9400000000           22.7883194222
      -10.9300000000           23.5508757869
      -10.9200000000           24.4901807204
      -10.9100000000           25.6309036525
      -10.9000000000           27.0045259769
      -10.8900000000           28.6512471778
      -10.8800000000           30.6226072807
      -10.8700000000           32.9851330416
      -10.8600000000           35.8254730521
      -10.8500000000           39.2577378864
      -10.8400000000           43.4341687031
      -10.8300000000           48.5609328715
      -10.8200000000           54.9219892167
      -10.8100000000           62.9159477536
      -10.8000000000           73.1143590537
      -10.7900000000           86.3562043519
      -10.7800000000          103.9049312917
      -10.7700000000          127.7154001739
      -10.7600000000          160.8943114660
      -10.7500000000          208.4878559748
      -10.7400000000          278.7309243056
      -10.7300000000          384.4330212917
      -10.7200000000          541.3327735248
      -10.7100000000          749.5874857361
      -10.7000000000          936.5610032878
      -10.6900000000          950.1626072189
      -10.6800000000          775.0002073954
      -10.6700000000          561.3608259448
      -10.6600000000          396.2659611418
      -10.6500000000          284.6922626736
      -10.6400000000          210.8883419601
      -10.6300000000          161.2271322375
      -10.6200000000          126.8587238661
      -10.6100000000          102.3684340024
      -10.6000000000           84.4397252016
      -10.5900000000           70.9985606312
      -10.5800000000           60.7130261566
      -10.5700000000           52.7043367524
      -10.5600000000           46.3777223066
      -10.5500000000           41.3212485359
      -10.5400000000           37.2437683050
      -10.5300000000           33.9359280241
      -10.5200000000           31.2450978326
      -10.5100000000           29.0589251377
      -10.5000000000           27.2943657838
      -10.4900000000           25.8902872737
      -10.4800000000           24.8024705488
      -10.4700000000           24.0002816782
      -10.4600000000           23.4645652514
      -10.4500000000           23.1864980487
      -10.4400000000           23.1672777240
      -10.4300000000           23.4186358825
      -10.4200000000           23.9642819142
      -10.4100000000           24.8425287661
      -10.4000000000           26.1105596138
      -10.3900000000           27.8511220406
      -10.3800000000           30.1829846251
      -10.3700000000           33.2774477175
      -10.3600000000           37.3849288812
      -10.3500000000           42.8788662305
      -10.3400000000           50.3303663348
      -10.3300000000           60.6391634768
      -10.3200000000           75.2704737008
      -10.3100000000           96.6931363453
      -10.3000000000          129.1862059330
      -10.2900000000          180.1836788060
      -10.2800000000          261.4648797211
      -10.2700000000          383.5867614317
      -10.2600000000          519.1094859620
      -10.2500000000          555.3958906327
      -10.2400000000          447.0734532096
      -10.2300000000          309.2415554644
      -10.2200000000          209.0839721363
      -10.2100000000          145.5671185360
      -10.2000000000          105.5294949907
      -10.1900000000           79.4887217324
      -10.1800000000           61.8828734275
      -10.1700000000           49.5312656262
      -10.1600000000           40.5761322607
      -10.1500000000           33.8952717908
      -10.1400000000           28.7864265106
      -10.1300000000           24.7951985991
      -10.1200000000           21.6184834155
      -10.1100000000           19.0484979405
      -10.1000000000           16.9392859863
      -10.0900000000           15.1860627281
      -10.0800000000           13.7121193231
      -10.0700000000           12.4603078859
      -10.0600000000           11.3873757639
      -10.0500000000           10.4601158246
      -10.0400000000            9.6527002319
      -10.0300000000            8.9448013921
      -10.0200000000            8.3202463566
      -10.0100000000            7.7660390140
      -10.0000000000            7.2716399001
       -9.9900000000            6.8284291117
       -9.9800000000            6.4293011356
       -9.9700000000            6.0683559123
       -9.9600000000            5.7406609269
       -9.9500000000            5.4420662956
       -9.9400000000            5.1690597948
       -9.9300000000            4.9186522834
       -9.9200000000            4.6882864546
       -9.9100000000            4.4757636497
       -9.9000000000            4.2791847615
       -9.8900000000            4.0969022133
       -9.8700000000            3.3052148439
       -9.8600000000            3.1692138341
       -9.8500000000            3.0422946521
       -9.8400000000            2.9236261073
       -9.8300000000            2.8124719154
       -9.8200000000            2.7081778805
       -9.8100000000            2.6101610585
       -9.8000000000            2.5179005581
       -9.7900000000            2.4309297043
       -9.7800000000            2.3488293355
       -9.7700000000            2.2712220538
       -9.7600000000            2.1977672727
       -9.7500000000            2.1281569415
       -9.7400000000            2.0621118399
       -9.7300000000            1.9993783590
       -9.7200000000            1.9397256960
       -9.7100000000            1.8829434036
       -9.7000000000            1.8288392422
       -9.6900000000            1.7772372951
       -9.6800000000            1.7279763076
       -9.6700000000            1.6809082221
       -9.6600000000            1.6358968827
       -9.6500000000            1.5928168864
       -9.6400000000            1.5515525628
       -9.6200000000            1.1785660834
       -9.6100000000            1.1506030953
       -9.6000000000            1.1237029102
       -9.5900000000            1.0978084913
       -9.5800000000            1.0728667498
       -9.5700000000            1.0488282129
       -9.5600000000            1.0256467247
       -9.5500000000            1.0032791757
       -9.5400000000            0.9816852579
       -9.5300000000            0.9608272435
       -9.5200000000            0.9406697836
       -9.5100000000            0.9211797250
       -9.5000000000            0.9023259447
       -9.4900000000            0.8840791975
       -9.4800000000            0.8664119782
       -9.4700000000            0.8492983950
       -9.4600000000            0.8327140539
       -9.4500000000            0.8166359529
       -9.4400000000            0.8010423848
       -9.4300000000            0.7859128484
       -9.4200000000            0.7712279661
       -9.4100000000            0.7569694087
       -9.4000000000            0.7431198261
       -9.3900000000            0.7296627832
       -9.3800000000            0.7165827007
       -9.3700000000            0.7038648007
       -9.3600000000            0.6914950559
       -9.3500000000            0.6794601431
       -9.3400000000            0.6677473998
       -9.3300000000            0.6563447841
       -9.3200000000            0.6452408372
       -9.3100000000            0.6344246489
       -9.3000000000            0.6238858254
       -9.2800000000            0.4441976021
       -9.2700000000            0.4362673594
       -9.2600000000            0.4285477115
       -9.2500000000            0.4210310862
       -9.2400000000            0.4137102569
       -9.2300000000            0.4065783232
       -9.2200000000            0.3996286936
       -9.2100000000            0.3928550680
       -9.2000000000            0.3862514228
       -9.1900000000            0.3798119956
       -9.1800000000            0.3735312720
       -9.1700000000            0.3674039722
       -9.1600000000            0.3614250391
       -9.1500000000            0.3555896269
       -9.1400000000            0.3498930905
       -9.1300000000            0.3443309752
       -9.1200000000            0.3388990074
       -9.1100000000            0.3335930856
       -9.1000000000            0.3284092720
       -9.0900000000            0.3233437847
       -9.0800000000            0.3183929901
       -9.0700000000            0.3135533958
       -9.0600000000            0.3088216440
       -9.0500000000            0.3041945054
       -9.0400000000            0.2996688729
       -9.0300000000            0.2952417562
       -9.0200000000            0.2909102765
       -9.0100000000            0.2866716614
       -9.0000000000            0.2825232401
       -8.9900000000            0.2784624390
       -8.9800000000            0.2744867772
       -8.9700000000            0.2705938628
       -8.9600000000            0.2667813886
       -8.9500000000            0.2630471289
       -8.9400000000            0.2593889357
       -8.9300000000            0.2558047355
       -8.9200000000            0.2522925263
       -8.9100000000            0.2488503743
       -8.9000000000            0.2454764115
       -8.8900000000            0.2421688328
       -8.8800000000            0.2389258931
       -8.8700000000            0.2357459055
       -8.8600000000            0.2326272387
       -8.8500000000            0.2295683143
       -8.8400000000            0.2265676057
       -8.8300000000            0.2236236351
       -8.8200000000            0.2207349722
       -8.8100000000            0.2179002320
       -8.8000000000            0.2151180734
       -8.7900000000            0.2123871972
       -8.7800000000            0.2097063448
       -8.7700000000            0.2070742963
       -8.7600000000            0.2044898695
       -8.7500000000            0.2019519181
       -8.7400000000            0.1994593307
       -8.7300000000            0.1970110292
       -8.7200000000            0.1946059679
       -8.7100000000            0.1922431321
       -8.7000000000            0.1899215371
       -8.6900000000            0.1876402271
       -8.6800000000            0.1853982741
       -8.6700000000            0.1831947770
       -8.6600000000            0.1810288609
       -8.6500000000            0.1788996755
       -8.6400000000            0.1768063950
       -8.6300000000            0.1747482169
       -8.6200000000            0.1727243612
       -8.6100000000            0.1707340696
       -8.6000000000            0.1687766049
       -8.5900000000            0.1668512504
       -8.5800000000            0.1649573089
       -8.5700000000            0.1630941022
       -8.5600000000            0.1612609706
       -8.5500000000            0.1594572720
       -8.5400000000            0.1576823817
       -8.5300000000            0.1559356915
       -8.5200000000            0.1542166095
       -8.5100000000            0.1525245592
       -8.5000000000            0.1508589792
       -8.4900000000            0.1492193228
       -8.4800000000            0.1476050576
       -8.4700000000            0.1460156647
       -8.4500000000            0.0612550322
       -8.4400000000            0.0605412163
       -8.4300000000            0.0598392861
       -8.4200000000            0.0591489822
       -8.4100000000            0.0584700523
       -8.4000000000            0.0578022508
       -8.3900000000            0.0571453387
       -8.3800000000            0.0564990833
       -8.3700000000            0.0558632583
       -8.3600000000            0.0552376431
       -8.3500000000            0.0546220232
       -8.3400000000            0.0540161893
       -8.3300000000            0.0534199379
       -8.3200000000            0.0528330706
       -8.3100000000            0.0522553941
       -8.3000000000            0.0516867201
       -8.2900000000            0.0511268649
       -8.2800000000            0.0505756498
       -8.2700000000            0.0500329002
       -8.2600000000            0.0494984462
       -8.2500000000            0.0489721221
       -8.2400000000            0.0484537660
       -8.2300000000            0.0479432203
       -8.2200000000            0.0474403313
       -8.2100000000            0.0469449488
       -8.2000000000            0.0464569265
       -8.1900000000            0.0459761215
       -8.1700000000            0.0000000000
       -8.1600000000            0.0000000000
       -8.1500000000            0.0000000000
       -8.1400000000            0.0000000000
       -8.1300000000            0.0000000000
       -8.1200000000            0.0000000000
       -8.1100000000            0.0000000000
       -8.1000000000            0.0000000000
       -8.0900000000            0.0000000000
       -8.0800000000            0.0000000000
       -8.0700000000            0.0000000000
       -8.0600000000            0.0000000000
       -8.0500000000            0.0000000000
       -8.0400000000            0.0000000000
       -8.0300000000            0.0000000000
       -8.0200000000            0.0000000000
       -8.0100000000            0.0000000000
       -8.0000000000            0.0000000000
       -7.9900000000            0.0000000000
       -7.9800000000            0.0000000000
       -7.9700000000            0.0000000000
       -7.9600000000            0.0000000000
       -7.9500000000            0.0000000000
       -7.9400000000            0.0000000000
       -7.9300000000            0.0000000000
       -7.9200000000            0.0000000000
       -7.9100000000            0.0000000000
       -7.9000000000            0.0000000000
       -7.8900000000            0.0000000000
       -7.8800000000            0.0000000000
       -7.8700000000            0.0000000000
       -7.8600000000            0.0000000000
       -7.8500000000            0.0000000000
       -7.8400000000            0.0000000000
       -7.8300000000            0.0000000000
       -7.8200000000            0.0000000000
       -7.8100000000            0.0000000000
       -7.8000000000            0.0000000000
       -7.7900000000            0.0000000000
       -7.7800000000            0.0000000000
       -7.7700000000            0.0000000000
       -7.7600000000            0.0000000000
       -7.7500000000            0.0000000000
       -7.7400000000            0.0000000000
       -7.7300000000            0.0000000000
       -7.7200000000            0.0000000000
       -7.7100000000            0.0000000000
       -7.7000000000            0.0000000000
       -7.6900000000            0.0000000000
       -7.6800000000            0.0000000000
       -7.6700000000            0.0000000000
       -7.6600000000            0.0000000000
       -7.6500000000            0.0000000000
       -7.6400000000            0.0000000000
       -7.6300000000            0.0000000000
       -7.6200000000            0.0000000000
       -7.6100000000            0.0000000000
       -7.6000000000            0.0000000000
       -7.5900000000            0.0000000000
       -7.5800000000            0.0000000000
       -7.5700000000            0.0000000000
       -7.5600000000            0.0000000000
       -7.5500000000            0.0000000000
       -7.5400000000            0.0000000000
       -7.5300000000            0.0000000000
       -7.5200000000            0.0000000000
       -7.5100000000            0.0000000000
       -7.5000000000            0.0000000000
       -7.4900000000            0.0000000000
       -7.4800000000            0.0000000000
       -7.4700000000            0.0000000000
       -7.4600000000            0.0000000000
       -7.4500000000            0.0000000000
       -7.4400000000            0.0000000000
       -7.4300000000            0.0000000000
       -7.4200000000            0.0000000000
       -7.4100000000            0.0000000000
       -7.4000000000            0.0000000000
       -7.3900000000            0.0000000000
       -7.3800000000            0.0000000000
       -7.3700000000            0.0000000000
       -7.3600000000            0.0000000000
       -7.3500000000            0.0000000000
       -7.3400000000            0.0000000000
       -7.3300000000            0.0000000000
       -7.3200000000            0.0000000000
       -7.3100000000            0.0000000000
       -7.3000000000            0.0000000000
       -7.2900000000            0.0000000000
       -7.2800000000            0.0000000000
       -7.2700000000            0.0000000000
       -7.2600000000            0.0000000000
       -7.2500000000            0.0000000000
       -7.2400000000            0.0000000000
       -7.2300000000            0.0000000000
       -7.2200000000            0.0000000000
       -7.2100000000            0.0000000000
       -7.2000000000            0.0000000000
       -7.1900000000            0.0000000000
       -7.1800000000            0.0000000000
       -7.1700000000            0.0000000000
       -7.1600000000            0.0000000000
       -7.1500000000            0.0000000000
       -7.1400000000            0.0000000000
       -7.1300000000            0.0000000000
       -7.1200000000            0.0000000000
       -7.1100000000            0.0000000000
       -7.1000000000            0.0000000000
       -7.0900000000            0.0000000000
       -7.0800000000            0.0000000000
       -7.0700000000            0.0000000000
       -7.0600000000            0.0000000000
       -7.0500000000            0.0000000000
       -7.0400000000            0.0000000000
       -7.0300000000            0.0000000000
       -7.0200000000            0.0000000000
       -7.0100000000            0.0000000000
       -7.0000000000            0.0000000000
       -6.9900000000            0.0000000000
       -6.9800000000            0.0000000000
       -6.9700000000            0.0000000000
       -6.9600000000            0.0000000000
       -6.9500000000            0.0000000000
       -6.9400000000            0.0000000000
       -6.9300000000            0.0000000000
       -6.9200000000            0.0000000000
       -6.9100000000            0.0000000000
       -6.9000000000            0.0000000000
       -6.8900000000            0.0000000000
       -6.8800000000            0.0000000000
       -6.8700000000            0.0000000000
       -6.8600000000            0.0000000000
       -6.8500000000            0.0000000000
       -6.8400000000            0.0000000000
       -6.8300000000            0.0000000000
       -6.8200000000            0.0000000000
       -6.8100000000            0.0000000000
       -6.8000000000            0.0000000000
       -6.7900000000            0.0000000000
       -6.7800000000            0.0000000000
       -6.7700000000            0.0000000000
       -6.7600000000            0.0000000000
       -6.7500000000            0.0000000000
       -6.7400000000            0.0000000000
       -6.7300000000            0.0000000000
       -6.7200000000            0.0000000000
       -6.7100000000            0.0000000000
       -6.7000000000            0.0000000000
       -6.6900000000            0.0000000000
       -6.6800000000            0.0000000000
       -6.6700000000            0.0000000000
       -6.6600000000            0.0000000000
       -6.6500000000            0.0000000000
       -6.6400000000            0.0000000000
       -6.6300000000            0.0000000000
       -6.6200000000            0.0000000000
       -6.6100000000            0.0000000000
       -6.6000000000            0.0000000000
       -6.5900000000            0.0000000000
       -6.5800000000            0.0000000000
       -6.5700000000            0.0000000000
       -6.5600000000            0.0000000000
       -6.5500000000            0.0000000000
       -6.5400000000            0.0000000000
       -6.5300000000            0.0000000000
       -6.5200000000            0.0000000000
       -6.5100000000            0.0000000000
       -6.5000000000            0.0000000000
       -6.4900000000            0.0000000000
       -6.4800000000            0.0000000000
       -6.4700000000            0.0000000000
       -6.4600000000            0.0000000000
       -6.4500000000            0.0000000000
       -6.4400000000            0.0000000000
       -6.4300000000            0.0000000000
       -6.4200000000            0.0000000000
       -6.4100000000            0.0000000000
       -6.4000000000            0.0000000000
       -6.3900000000            0.0000000000
       -6.3800000000            0.0000000000
       -6.3700000000            0.0000000000
       -6.3600000000            0.0000000000
       -6.3500000000            0.0000000000
       -6.3400000000            0.0000000000
       -6.3300000000            0.0000000000
       -6.3200000000            0.0000000000
       -6.3100000000            0.0000000000
       -6.3000000000            0.0000000000
       -6.2900000000            0.0000000000
       -6.2800000000            0.0000000000
       -6.2700000000            0.0000000000
       -6.2600000000            0.0000000000
       -6.2500000000            0.0000000000
       -6.2400000000            0.0000000000
       -6.2300000000            0.0000000000
       -6.2200000000            0.0000000000
       -6.2100000000            0.0000000000
       -6.2000000000            0.0000000000
       -6.1900000000            0.0000000000
       -6.1800000000            0.0000000000
       -6.1700000000            0.0000000000
       -6.1600000000            0.0000000000
       -6.1500000000            0.0000000000
       -6.1400000000            0.0000000000
       -6.1300000000            0.0000000000
       -6.1200000000            0.0000000000
       -6.1100000000            0.0000000000
       -6.1000000000            0.0000000000
       -6.0900000000            0.0000000000
       -6.0800000000            0.0000000000
       -6.0700000000            0.0000000000
       -6.0600000000            0.0000000000
       -6.0500000000            0.0000000000
       -6.0400000000            0.0000000000
       -6.0300000000            0.0000000000
       -6.0200000000            0.0000000000
       -6.0100000000            0.0000000000
       -6.0000000000            0.0000000000
       -5.9900000000            0.0000000000
       -5.9800000000            0.0000000000
       -5.9700000000            0.0000000000
       -5.9600000000            0.0000000000
       -5.9500000000            0.0000000000
       -5.9400000000            0.0000000000
       -5.9300000000            0.0000000000
       -5.9200000000            0.0000000000
       -5.9100000000            0.0000000000
       -5.9000000000            0.0000000000
       -5.8900000000            0.0000000000
       -5.8800000000            0.0000000000
       -5.8700000000            0.0000000000
       -5.8600000000            0.0000000000
       -5.8500000000            0.0000000000
       -5.8400000000            0.0000000000
       -5.8300000000            0.0000000000
       -5.8200000000            0.0000000000
       -5.8100000000            0.0000000000
       -5.8000000000            0.0000000000
       -5.7900000000            0.0000000000
       -5.7800000000            0.0000000000
       -5.7700000000            0.0000000000
       -5.7600000000            0.0000000000
       -5.7500000000            0.0000000000
       -5.7400000000            0.0000000000
       -5.7300000000            0.0000000000
       -5.7200000000            0.0000000000
       -5.7100000000            0.0000000000
       -5.7000000000            0.0000000000
       -5.6900000000            0.0000000000
       -5.6800000000            0.0000000000
       -5.6700000000            0.0000000000
       -5.6600000000            0.0000000000
       -5.6500000000            0.0000000000
       -5.6400000000            0.0000000000
       -5.6300000000            0.0000000000
       -5.6200000000            0.0000000000
       -5.6100000000            0.0000000000
       -5.6000000000            0.0000000000
       -5.5900000000            0.0000000000
       -5.5800000000            0.0000000000
       -5.5700000000            0.0000000000
       -5.5600000000            0.0000000000
       -5.5500000000            0.0000000000
       -5.5400000000            0.0000000000
       -5.5300000000            0.0000000000
       -5.5200000000            0.0000000000
       -5.5100000000            0.0000000000
       -5.5000000000            0.0000000000
       -5.4900000000            0.0000000000
       -5.4800000000            0.0000000000
       -5.4700000000            0.0000000000
       -5.4600000000            0.0000000000
       -5.4500000000            0.0000000000
       -5.4400000000            0.0000000000
       -5.4300000000            0.0000000000
       -5.4200000000            0.0000000000
       -5.4100000000            0.0000000000
       -5.4000000000            0.0000000000
       -5.3900000000            0.0000000000
       -5.3800000000            0.0000000000
       -5.3700000000            0.0000000000
       -5.3600000000            0.0000000000
       -5.3500000000            0.0000000000
       -5.3400000000            0.0000000000
       -5.3300000000            0.0000000000
       -5.3200000000            0.0000000000
       -5.3100000000            0.0000000000
       -5.3000000000            0.0000000000
       -5.2900000000            0.0000000000
       -5.2800000000            0.0000000000
       -5.2700000000            0.0000000000
       -5.2600000000            0.0000000000
       -5.2500000000            0.0000000000
       -5.2400000000            0.0000000000
       -5.2300000000            0.0000000000
       -5.2200000000            0.0000000000
       -5.2100000000            0.0000000000
       -5.2000000000            0.0000000000
       -5.1900000000            0.0000000000
       -5.1800000000            0.0000000000
       -5.1700000000            0.0000000000
       -5.1600000000            0.0000000000
       -5.1500000000            0.0000000000
       -5.1400000000            0.0000000000
       -5.1300000000            0.0000000000
       -5.1200000000            0.0000000000
       -5.1100000000            0.0000000000
       -5.1000000000            0.0000000000
       -5.0900000000            0.0000000000
       -5.0800000000            0.0000000000
       -5.0700000000            0.0000000000
       -5.0600000000            0.0000000000
       -5.0500000000            0.0000000000
       -5.0400000000            0.0000000000
       -5.0300000000            0.0000000000
       -5.0200000000            0.0000000000
       -5.0100000000            0.0000000000
       -5.0000000000            0.0000000000
       -4.9900000000            0.0000000000
       -4.9800000000            0.0000000000
       -4.9700000000            0.0000000000
       -4.9600000000            0.0000000000
       -4.9500000000            0.0000000000
       -4.9400000000            0.0000000000
       -4.9300000000            0.0000000000
       -4.9200000000            0.0000000000
       -4.9100000000            0.0000000000
       -4.9000000000            0.0000000000
       -4.8900000000            0.0000000000
       -4.8800000000            0.0000000000
       -4.8700000000            0.0000000000
       -4.8600000000            0.0000000000
       -4.8500000000            0.0000000000
       -4.8400000000            0.0000000000
       -4.8300000000            0.0000000000
       -4.8200000000            0.0000000000
       -4.8100000000            0.0000000000
       -4.8000000000            0.0000000000
       -4.7900000000            0.0000000000
       -4.7800000000            0.0000000000
       -4.7700000000            0.0000000000
       -4.7600000000            0.0000000000
       -4.7500000000            0.0000000000
       -4.7400000000            0.0000000000
       -4.7300000000            0.0000000000
       -4.7200000000            0.0000000000
       -4.7100000000            0.0000000000
       -4.7000000000            0.0000000000
       -4.6900000000            0.0000000000
       -4.6800000000            0.0000000000
       -4.6700000000            0.0000000000
       -4.6600000000            0.0000000000
       -4.6500000000            0.0000000000
       -4.6400000000            0.0000000000
       -4.6300000000            0.0000000000
       -4.6200000000            0.0000000000
       -4.6100000000            0.0000000000
       -4.6000000000            0.0000000000
       -4.5900000000            0.0000000000
       -4.5800000000            0.0000000000
       -4.5700000000            0.0000000000
       -4.5600000000            0.0000000000
       -4.5500000000            0.0000000000
       -4.5400000000            0.0000000000
       -4.5300000000            0.0000000000
       -4.5200000000            0.0000000000
       -4.5100000000            0.0000000000
       -4.5000000000            0.0000000000
       -4.4900000000            0.0000000000
       -4.4800000000            0.0000000000
       -4.4700000000            0.0000000000
       -4.4600000000            0.0000000000
       -4.4500000000            0.0000000000
       -4.4400000000            0.0000000000
       -4.4300000000            0.0000000000
       -4.4200000000            0.0000000000
       -4.4100000000            0.0000000000
       -4.4000000000            0.0000000000
       -4.3900000000            0.0000000000
       -4.3800000000            0.0000000000
       -4.3700000000            0.0000000000
       -4.3600000000            0.0000000000
       -4.3500000000            0.0000000000
       -4.3400000000            0.0000000000
       -4.3300000000            0.0000000000
       -4.3200000000            0.0000000000
       -4.3100000000            0.0000000000
       -4.3000000000            0.0000000000
       -4.2900000000            0.0000000000
       -4.2800000000            0.0000000000
       -4.2700000000            0.0000000000
       -4.2600000000            0.0000000000
       -4.2500000000            0.0000000000
       -4.2400000000            0.0000000000
       -4.2300000000            0.0000000000
       -4.2200000000            0.0000000000
       -4.2100000000            0.0000000000
       -4.2000000000            0.0000000000
       -4.1900000000            0.0000000000
       -4.1800000000            0.0000000000
       -4.1700000000            0.0000000000
       -4.1600000000            0.0000000000
       -4.1500000000            0.0000000000
       -4.1400000000            0.0000000000
       -4.1300000000            0.0000000000
       -4.1200000000            0.0000000000
       -4.1100000000            0.0000000000
       -4.1000000000            0.0000000000
       -4.0900000000            0.0000000000
       -4.0800000000            0.0000000000
       -4.0700000000            0.0000000000
       -4.0600000000            0.0000000000
       -4.0500000000            0.0000000000
       -4.0400000000            0.0000000000
       -4.0300000000            0.0000000000
       -4.0200000000            0.0000000000
       -4.0100000000            0.0000000000
       -4.0000000000            0.0000000000
       -3.9900000000            0.0000000000
       -3.9800000000            0.0000000000
       -3.9700000000            0.0000000000
       -3.9600000000            0.0000000000
       -3.9500000000            0.0000000000
       -3.9400000000            0.0000000000
       -3.9300000000            0.0000000000
       -3.9200000000            0.0000000000
       -3.9100000000            0.0000000000
       -3.9000000000            0.0000000000
       -3.8900000000            0.0000000000
       -3.8800000000            0.0000000000
       -3.8700000000            0.0000000000
       -3.8600000000            0.0000000000
       -3.8500000000            0.0000000000
       -3.8400000000            0.0000000000
       -3.8300000000            0.0000000000
       -3.8200000000            0.0000000000
       -3.8100000000            0.0000000000
       -3.8000000000            0.0000000000
       -3.7900000000            0.0000000000
       -3.7800000000            0.0000000000
       -3.7700000000            0.0000000000
       -3.7600000000            0.0000000000
       -3.7500000000            0.0000000000
       -3.7400000000            0.0000000000
       -3.7300000000            0.0000000000
       -3.7200000000            0.0000000000
       -3.7100000000            0.0000000000
       -3.7000000000            0.0000000000
       -3.6900000000            0.0000000000
       -3.6800000000            0.0000000000
       -3.6700000000            0.0000000000
       -3.6600000000            0.0000000000
       -3.6500000000            0.0000000000
       -3.6400000000            0.0000000000
       -3.6300000000            0.0000000000
       -3.6200000000            0.0000000000
       -3.6100000000            0.0000000000
       -3.6000000000            0.0000000000
       -3.5900000000            0.0000000000
       -3.5800000000            0.0000000000
       -3.5700000000            0.0000000000
       -3.5600000000            0.0000000000
       -3.5500000000            0.0000000000
       -3.5400000000            0.0000000000
       -3.5300000000            0.0000000000
       -3.5200000000            0.0000000000
       -3.5100000000            0.0000000000
       -3.5000000000            0.0000000000
       -3.4900000000            0.0000000000
       -3.4800000000            0.0000000000
       -3.4700000000            0.0000000000
       -3.4600000000            0.0000000000
       -3.4500000000            0.0000000000
       -3.4400000000            0.0000000000
       -3.4300000000            0.0000000000
       -3.4200000000            0.0000000000
       -3.4100000000            0.0000000000
       -3.4000000000            0.0000000000
       -3.3900000000            0.0000000000
       -3.3800000000            0.0000000000
       -3.3700000000            0.0000000000
       -3.3600000000            0.0000000000
       -3.3500000000            0.0000000000
       -3.3400000000            0.0000000000
       -3.3300000000            0.0000000000
       -3.3200000000            0.0000000000
       -3.3100000000            0.0000000000
       -3.3000000000            0.0000000000
       -3.2900000000            0.0000000000
       -3.2800000000            0.0000000000
       -3.2700000000            0.0000000000
       -3.2600000000            0.0000000000
       -3.2500000000            0.0000000000
       -3.2400000000            0.0000000000
       -3.2300000000            0.0000000000
       -3.2200000000            0.0000000000
       -3.2100000000            0.0000000000
       -3.2000000000            0.0000000000
       -3.1900000000            0.0000000000
       -3.1800000000            0.0000000000
       -3.1700000000            0.0000000000
       -3.1600000000            0.0000000000
       -3.1500000000            0.0000000000
       -3.1400000000            0.0000000000
       -3.1300000000            0.0000000000
       -3.1200000000            0.0000000000
       -3.1100000000            0.0000000000
       -3.1000000000            0.0000000000
       -3.0900000000            0.0000000000
       -3.0800000000            0.0000000000
       -3.0700000000            0.0000000000
       -3.0600000000            0.0000000000
       -3.0500000000            0.0000000000
       -3.0400000000            0.0000000000
       -3.0200000000            0.0336104031
       -3.0100000000            0.0340261974
       -3.0000000000            0.0344494526
       -2.9900000000            0.0348803454
       -2.9800000000            0.0353190577
       -2.9700000000            0.0357657768
       -2.9600000000            0.0362206955
       -2.9500000000            0.0366840126
       -2.9400000000            0.0371559328
       -2.9300000000            0.0376366670
       -2.9200000000            0.0381264327
       -2.9100000000            0.0386254541
       -2.9000000000            0.0391339622
       -2.8900000000            0.0396521954
       -2.8800000000            0.0401803994
       -2.8700000000            0.0407188280
       -2.8600000000            0.0412677427
       -2.8500000000            0.0418274137
       -2.8400000000            0.0423981195
       -2.8300000000            0.0429801481
       -2.8200000000            0.0435737966
       -2.8100000000            0.0441793720
       -2.8000000000            0.0447971913
       -2.7900000000            0.0454275821
       -2.7800000000            0.0460708832
       -2.7700000000            0.0467274445
       -2.7600000000            0.0473976280
       -2.7500000000            0.0480818078
       -2.7400000000            0.0487803713
       -2.7300000000            0.0494937190
       -2.7200000000            0.0502222653
       -2.7100000000            0.0509664395
       -2.7000000000            0.0517266857
       -2.6900000000            0.0525034640
       -2.6800000000            0.0532972511
       -2.6700000000            0.0541085407
       -2.6600000000            0.0549378446
       -2.6500000000            0.0557856932
       -2.6400000000            0.0566526367
       -2.6300000000            0.0575392455
       -2.6200000000            0.0584461115
       -2.6100000000            0.0593738489
       -2.6000000000            0.0603230952
       -2.5900000000            0.0612945123
       -2.5800000000            0.0622887877
       -2.5700000000            0.0633066355
       -2.5600000000            0.0643487980
       -2.5500000000            0.0654160465
       -2.5400000000            0.0665091831
       -2.5300000000            0.0676290421
       -2.5200000000            0.0687764915
       -2.5100000000            0.0699524347
       -2.5000000000            0.0711578119
       -2.4900000000            0.0723936027
       -2.4800000000            0.0736608271
       -2.4700000000            0.0749605484
       -2.4600000000            0.0762938747
       -2.4500000000            0.0776619617
       -2.4400000000            0.0790660149
       -2.4300000000            0.0805072923
       -2.4200000000            0.0819871070
       -2.4100000000            0.0835068303
       -2.4000000000            0.0850678949
       -2.3900000000            0.0866717977
       -2.3800000000            0.0883201038
       -2.3700000000            0.0900144502
       -2.3600000000            0.0917565496
       -2.3500000000            0.0935481946
       -2.3400000000            0.0953912623
       -2.3300000000            0.0972877192
       -2.3200000000            0.0992396262
       -2.3100000000            0.1012491442
       -2.3000000000            0.1033185396
       -2.2900000000            0.1054501912
       -2.2800000000            0.1076465963
       -2.2700000000            0.1099103781
       -2.2600000000            0.1122442932
       -2.2500000000            0.1146512404
       -2.2400000000            0.1171342685
       -2.2300000000            0.1196965868
       -2.2200000000            0.1223415744
       -2.2100000000            0.1250727918
       -2.2000000000            0.1278939922
       -2.1900000000            0.1308091341
       -2.1800000000            0.1338223953
       -2.1700000000            0.1369381873
       -2.1600000000            0.1401611709
       -2.1500000000            0.1434962737
       -2.1400000000            0.1469487084
       -2.1300000000            0.1505239928
       -2.1200000000            0.1542279710
       -2.1100000000            0.1580668376
       -2.1000000000            0.1620471624
       -2.0900000000            0.1661759183
       -2.0800000000            0.1704605110
       -2.0700000000            0.1749088121
       -2.0600000000            0.1795291937
       -2.0500000000            0.1843305680
       -2.0400000000            0.1893224286
       -2.0300000000            0.1945148972
       -2.0200000000            0.1999187735
       -2.0100000000            0.2055455907
       -2.0000000000            0.2114076755
       -1.9900000000            0.2175182146
       -1.9800000000            0.2238913276
       -1.9700000000            0.2305421468
       -1.9600000000            0.2374869055
       -1.9500000000            0.2447430357
       -1.9400000000            0.2523292749
       -1.9300000000            0.2602657852
       -1.9200000000            0.2685742853
       -1.9100000000            0.2772781958
       -1.9000000000            0.2864028022
       -1.8900000000            0.2959754348
       -1.8800000000            0.3060256702
       -1.8700000000            0.3165855559
       -1.8600000000            0.3276898618
       -1.8500000000            0.3393763612
       -1.8400000000            0.3516861474
       -1.8300000000            0.3646639889
       -1.8200000000            0.3783587302
       -1.8100000000            0.3928237440
       -1.8000000000            0.4081174436
       -1.7900000000            0.4243038632
       -1.7800000000            0.4414533188
       -1.7700000000            0.4596431598
       -1.7600000000            0.4789586295
       -1.7500000000            0.4994938488
       -1.7400000000            0.5213529470
       -1.7300000000            0.5446513636
       -1.7200000000            0.5695173521
       -1.7100000000            0.5960937211
       -1.7000000000            0.6245398589
       -1.6900000000            0.6550340919
       -1.6800000000            0.6877764460
       -1.6700000000            0.7229918859
       -1.6600000000            0.7609341346
       -1.6500000000            0.8018901910
       -1.6400000000            0.8461856966
       -1.6300000000            0.8941913389
       -1.6200000000            0.9463305264
       -1.6100000000            1.0030886310
       -1.6000000000            1.0650241757
       -1.5900000000            1.1327824487
       -1.5800000000            1.2071121638
       -1.5700000000            1.2888859726
       -1.5600000000            1.3791258768
       -1.5500000000            1.4790349285
       -1.5400000000            1.5900370563
       -1.5300000000            1.7138274874
       -1.5200000000            1.8524371115
       -1.5100000000            2.0083153676
       -1.5000000000            2.1844380011
       -1.4900000000            2.3844485897
       -1.4800000000            2.6128464861
       -1.4700000000            2.8752394078
       -1.4600000000            3.1786873652
       -1.4500000000            3.5321776769
       -1.4400000000            3.9472913733
       -1.4300000000            4.4391543475
       -1.4200000000            5.0278210896
       -1.4100000000            5.7403310118
       -1.4000000000            6.6138380166
       -1.3900000000            7.7005033889
       -1.3800000000            9.0753834423
       -1.3700000000           10.8496000194
       -1.3600000000           13.1932480700
       -1.3500000000           16.3771951939
       -1.3400000000           20.8538358781
       -1.3300000000           27.4242846136
       -1.3200000000           37.6154798530
       -1.3100000000           54.6283392695
       -1.3000000000           86.0853602575
       -1.2900000000          153.6723720495
       -1.2800000000          336.9068684415
       -1.2700000000         1011.7703282593
       -1.2600000000         1794.7874899552
       -1.2500000000          601.1105442191
       -1.2400000000          232.7552691139
       -1.2300000000          118.4280880921
       -1.2200000000           70.9495638869
       -1.2100000000           47.0899096190
       -1.2000000000           33.4942387240
       -1.1900000000           25.0366086499
       -1.1800000000           19.4250927487
       -1.1700000000           15.5141303709
       -1.1600000000           12.6806268908
       -1.1500000000           10.5624542292
       -1.1400000000            8.9376341673
       -1.1300000000            7.6640098753
       -1.1200000000            6.6471497934
       -1.1100000000            5.8223471927
       -1.1000000000            5.1440650829
       -1.0900000000            4.5795062654
       -1.0800000000            4.1045647924
       -1.0700000000            3.7012021366
       -1.0600000000            3.3557028228
       -1.0500000000            3.0574881836
       -1.0400000000            2.7982931559
       -1.0300000000            2.5715845034
       -1.0200000000            2.3721428232
       -1.0100000000            2.1957576918
       -1.0000000000            2.0390022600
       -0.9900000000            1.8990644882
       -0.9800000000            1.7736193208
       -0.9700000000            1.6607308315
       -0.9600000000            1.5587765681
       -0.9500000000            1.4663885236
       -0.9400000000            1.3824066832
       -0.9300000000            1.3058421763
       -0.9200000000            1.2358478286
       -0.9100000000            1.1716944631
       -0.9000000000            1.1127517018
       -0.8900000000            1.0584723174
       -0.8800000000            1.0083794030
       -0.8700000000            0.9620557957
       -0.8600000000            0.9191353114
       -0.8500000000            0.8792954448
       -0.8400000000            0.8422512622
       -0.8300000000            0.8077502682
       -0.8200000000            0.7755680730
       -0.8100000000            0.7455047213
       -0.8000000000            0.7173815692
       -0.7900000000            0.6910386172
       -0.7800000000            0.6663322261
       -0.7700000000            0.6431331524
       -0.7600000000            0.6213248544
       -0.7500000000            0.6008020271
       -0.7400000000            0.5814693306
       -0.7200000000            0.6971073235
       -0.7100000000            0.6772444776
       -0.7000000000            0.6584851520
       -0.6900000000            0.6407557504
       -0.6800000000            0.6239889704
       -0.6700000000            0.6081231769
       -0.6600000000            0.5931018483
       -0.6500000000            0.5788730851
       -0.6400000000            0.5653891729
       -0.6300000000            0.5526061938
       -0.6200000000            0.5404836800
       -0.6100000000            0.5289843039
       -0.6000000000            0.5180736007
       -0.5900000000            0.5077197203
       -0.5800000000            0.4978932041
       -0.5700000000            0.4885667844
       -0.5600000000            0.4797152038
       -0.5500000000            0.4713150525
       -0.5400000000            0.4633446215
       -0.5300000000            0.4557837692
       -0.5200000000            0.4486138020
       -0.5100000000            0.4418173649
       -0.5000000000            0.4353783430
       -0.4900000000            0.4292817720
       -0.4800000000            0.4235137571
       -0.4700000000            0.4180613985
       -0.4600000000            0.4129127252
       -0.4500000000            0.4080566331
       -0.4400000000            0.4034828301
       -0.4300000000            0.3991817852
       -0.4200000000            0.3951446827
       -0.4100000000            0.3913633808
       -0.4000000000            0.3878303730
       -0.3900000000            0.3845387543
       -0.3800000000            0.3814821899
       -0.3700000000            0.3786548868
       -0.3600000000            0.3760515687
       -0.3500000000            0.3736674527
       -0.3400000000            0.3714982292
       -0.3300000000            0.3695400436
       -0.3200000000            0.3677894800
       -0.3100000000            0.3662435471
       -0.3000000000            0.3648996658
       -0.2900000000            0.3637556587
       -0.2800000000            0.3628097416
       -0.2700000000            0.3620605156
       -0.2600000000            0.3615069623
       -0.2500000000            0.3611484392
       -0.2400000000            0.3609846773
       -0.2300000000            0.3610157803
       -0.2200000000            0.3612422249
       -0.2100000000            0.3616648626
       -0.2000000000            0.3622849238
       -0.1900000000            0.3631040218
       -0.1800000000            0.3641241604
       -0.1700000000            0.3653477415
       -0.1600000000            0.3667775751
       -0.1500000000            0.3684168908
       -0.1400000000            0.3702693515
       -0.1300000000            0.3723390681
       -0.1200000000            0.3746306175
       -0.1100000000            0.3771490616
       -0.1000000000            0.3798999691
       -0.0900000000            0.3828894399
       -0.0800000000            0.3861241317
       -0.0700000000            0.3896112893
       -0.0600000000            0.3933587780
       -0.0500000000            0.3973751190
       -0.0400000000            0.4016695291
       -0.0300000000            0.4062519640
       -0.0200000000            0.4111331665
       -0.0100000000            0.4163247183
