  -20.0000000000   -0.0684702735    0.0174286736
  -19.9900000000   -0.0692169711    0.0175293812
  -19.9800000000   -0.0699676955    0.0176313614
  -19.9700000000   -0.0707224981    0.0177346333
  -19.9600000000   -0.0714814310    0.0178392164
  -19.9500000000   -0.0722445470    0.0179451306
  -19.9400000000   -0.0730118998    0.0180523963
  -19.9300000000   -0.0737835437    0.0181610343
  -19.9200000000   -0.0745595341    0.0182710657
  -19.9100000000   -0.0753399269    0.0183825124
  -19.9000000000   -0.0761247790    0.0184953963
  -19.8900000000   -0.0769141483    0.0186097401
  -19.8800000000   -0.0777080933    0.0187255670
  -19.8700000000   -0.0785066736    0.0188429004
  -19.8600000000   -0.0793099496    0.0189617646
  -19.8500000000   -0.0801179827    0.0190821841
  -19.8400000000   -0.0809308352    0.0192041841
  -19.8300000000   -0.0817485704    0.0193277904
  -19.8200000000   -0.0825712526    0.0194530292
  -19.8100000000   -0.0833989470    0.0195799273
  -19.8000000000   -0.0842317201    0.0197085124
  -19.7900000000   -0.0850696393    0.0198388124
  -19.7800000000   -0.0859127729    0.0199708560
  -19.7700000000   -0.0867611905    0.0201046727
  -19.7600000000   -0.0876149629    0.0202402924
  -19.7500000000   -0.0884741619    0.0203777459
  -19.7400000000   -0.0893388605    0.0205170645
  -19.7300000000   -0.0902091330    0.0206582804
  -19.7200000000   -0.0910850546    0.0208014265
  -19.7100000000   -0.0919667023    0.0209465363
  -19.7000000000   -0.0928541538    0.0210936443
  -19.6900000000   -0.0937474886    0.0212427857
  -19.6800000000   -0.0946467871    0.0213939965
  -19.6700000000   -0.0955521314    0.0215473137
  -19.6600000000   -0.0964636048    0.0217027749
  -19.6500000000   -0.0973812922    0.0218604189
  -19.6400000000   -0.0983052797    0.0220202853
  -19.6300000000   -0.0992356552    0.0221824145
  -19.6200000000   -0.1001725078    0.0223468482
  -19.6100000000   -0.1011159284    0.0225136289
  -19.6000000000   -0.1020660093    0.0226828002
  -19.5900000000   -0.1030228447    0.0228544067
  -19.5800000000   -0.1039865303    0.0230284942
  -19.5700000000   -0.1049571633    0.0232051096
  -19.5600000000   -0.1059348430    0.0233843010
  -19.5500000000   -0.1069196703    0.0235661177
  -19.5400000000   -0.1079117480    0.0237506102
  -19.5300000000   -0.1089111806    0.0239378304
  -19.5200000000   -0.1099180747    0.0241278314
  -19.5100000000   -0.1109325388    0.0243206678
  -19.5000000000   -0.1119546833    0.0245163955
  -19.4900000000   -0.1129846207    0.0247150719
  -19.4800000000   -0.1140224657    0.0249167560
  -19.4700000000   -0.1150683351    0.0251215082
  -19.4600000000   -0.1161223477    0.0253293906
  -19.4500000000   -0.1171846248    0.0255404669
  -19.4400000000   -0.1182552899    0.0257548027
  -19.4300000000   -0.1193344688    0.0259724652
  -19.4200000000   -0.1204222898    0.0261935234
  -19.4100000000   -0.1215188837    0.0264180483
  -19.4000000000   -0.1226243837    0.0266461129
  -19.3900000000   -0.1237389257    0.0268777922
  -19.3800000000   -0.1248626482    0.0271131632
  -19.3700000000   -0.1259956924    0.0273523053
  -19.3600000000   -0.1271382024    0.0275952999
  -19.3500000000   -0.1282903250    0.0278422308
  -19.3400000000   -0.1294522101    0.0280931844
  -19.3300000000   -0.1306240105    0.0283482495
  -19.3200000000   -0.1318058820    0.0286075174
  -19.3100000000   -0.1329979838    0.0288710822
  -19.3000000000   -0.1342004779    0.0291390408
  -19.2900000000   -0.1354135301    0.0294114930
  -19.2800000000   -0.1366373093    0.0296885417
  -19.2700000000   -0.1378719879    0.0299702926
  -19.2600000000   -0.1391177419    0.0302568551
  -19.2500000000   -0.1403747510    0.0305483416
  -19.2400000000   -0.1416431985    0.0308448682
  -19.2300000000   -0.1429232718    0.0311465547
  -19.2200000000   -0.1442151621    0.0314535246
  -19.2100000000   -0.1455190644    0.0317659053
  -19.2000000000   -0.1468351782    0.0320838284
  -19.1900000000   -0.1481637070    0.0324074297
  -19.1800000000   -0.1495048588    0.0327368495
  -19.1700000000   -0.1508588460    0.0330722328
  -19.1600000000   -0.1522258855    0.0334137294
  -19.1500000000   -0.1536061990    0.0337614940
  -19.1400000000   -0.1550000128    0.0341156867
  -19.1300000000   -0.1564075584    0.0344764732
  -19.1200000000   -0.1578290721    0.0348440247
  -19.1100000000   -0.1592647954    0.0352185186
  -19.1000000000   -0.1607149751    0.0356001382
  -19.0900000000   -0.1621798635    0.0359890738
  -19.0800000000   -0.1636597181    0.0363855223
  -19.0700000000   -0.1651548026    0.0367896876
  -19.0600000000   -0.1666653859    0.0372017815
  -19.0500000000   -0.1681917433    0.0376220231
  -19.0400000000   -0.1697341558    0.0380506402
  -19.0300000000   -0.1712929108    0.0384878689
  -19.0200000000   -0.1728683019    0.0389339544
  -19.0100000000   -0.1744606291    0.0393891515
  -19.0000000000   -0.1760701991    0.0398537247
  -18.9900000000   -0.1776973250    0.0403279492
  -18.9800000000   -0.1793423271    0.0408121108
  -18.9700000000   -0.1810055321    0.0413065071
  -18.9600000000   -0.1826872743    0.0418114477
  -18.9500000000   -0.1843878945    0.0423272551
  -18.9400000000   -0.1861077412    0.0428542650
  -18.9300000000   -0.1878471698    0.0433928273
  -18.9200000000   -0.1896065432    0.0439433068
  -18.9100000000   -0.1913862317    0.0445060841
  -18.9000000000   -0.1931866129    0.0450815562
  -18.8900000000   -0.1950080717    0.0456701376
  -18.8800000000   -0.1968510005    0.0462722613
  -18.8700000000   -0.1987157990    0.0468883797
  -18.8600000000   -0.2006028740    0.0475189659
  -18.8500000000   -0.2025126394    0.0481645146
  -18.8400000000   -0.2044455159    0.0488255437
  -18.8300000000   -0.2064019307    0.0495025953
  -18.8200000000   -0.2083823175    0.0501962373
  -18.8100000000   -0.2103871157    0.0509070651
  -18.8000000000   -0.2124167701    0.0516357026
  -18.7900000000   -0.2144717301    0.0523828048
  -18.7800000000   -0.2165524495    0.0531490587
  -18.7700000000   -0.2186593850    0.0539351859
  -18.7600000000   -0.2207929956    0.0547419446
  -18.7500000000   -0.2229537413    0.0555701314
  -18.7400000000   -0.2251420816    0.0564205839
  -18.7300000000   -0.2273584740    0.0572941831
  -18.7200000000   -0.2296033720    0.0581918559
  -18.7100000000   -0.2318772231    0.0591145779
  -18.7000000000   -0.2341804658    0.0600633761
  -18.6900000000   -0.2365135270    0.0610393321
  -18.6800000000   -0.2388768186    0.0620435847
  -18.6700000000   -0.2412707332    0.0630773334
  -18.6600000000   -0.2436956398    0.0641418417
  -18.6500000000   -0.2461518785    0.0652384399
  -18.6400000000   -0.2486397547    0.0663685286
  -18.6300000000   -0.2511595320    0.0675335818
  -18.6200000000   -0.2537114245    0.0687351502
  -18.6100000000   -0.2562955881    0.0699748633
  -18.6000000000   -0.2589121100    0.0712544323
  -18.5900000000   -0.2615609975    0.0725756517
  -18.5800000000   -0.2642421651    0.0739404007
  -18.5700000000   -0.2669554197    0.0753506430
  -18.5600000000   -0.2697004445    0.0768084258
  -18.5500000000   -0.2724767802    0.0783158772
  -18.5400000000   -0.2752838053    0.0798752011
  -18.5300000000   -0.2781207133    0.0814886701
  -18.5200000000   -0.2809864879    0.0831586143
  -18.5100000000   -0.2838798768    0.0848874070
  -18.5000000000   -0.2867993626    0.0866774450
  -18.4900000000   -0.2897431330    0.0885311228
  -18.4800000000   -0.2927090489    0.0904508005
  -18.4700000000   -0.2956946135    0.0924387624
  -18.4600000000   -0.2986969410    0.0944971664
  -18.4500000000   -0.3017127289    0.0966279826
  -18.4400000000   -0.3047382342    0.0988329185
  -18.4300000000   -0.3077692575    0.1011133309
  -18.4200000000   -0.3108011384    0.1034701231
  -18.4100000000   -0.3138287660    0.1059036268
  -18.4000000000   -0.3168466110    0.1084134696
  -18.3900000000   -0.3198487839    0.1109984301
  -18.3800000000   -0.3228291278    0.1136562829
  -18.3700000000   -0.3257813523    0.1163836420
  -18.3600000000   -0.3286992143    0.1191758085
  -18.3500000000   -0.3315767524    0.1220266363
  -18.3400000000   -0.3344085780    0.1249284308
  -18.3300000000   -0.3371902210    0.1278718986
  -18.3200000000   -0.3399185241    0.1308461693
  -18.3100000000   -0.3425920733    0.1338389119
  -18.3000000000   -0.3452116389    0.1368365628
  -18.2900000000   -0.3477805985    0.1398246834
  -18.2800000000   -0.3503053016    0.1427884491
  -18.2700000000   -0.3527953311    0.1457132641
  -18.2600000000   -0.3552636179    0.1485854769
  -18.2500000000   -0.3577263697    0.1513931540
  -18.2400000000   -0.3602027897    0.1541268584
  -18.2300000000   -0.3627145802    0.1567803613
  -18.2200000000   -0.3652852522    0.1593512225
  -18.2100000000   -0.3679392841    0.1618411756
  -18.2000000000   -0.3707011968    0.1642562775
  -18.1900000000   -0.3735946224    0.1666068033
  -18.1800000000   -0.3766414459    0.1689069006
  -18.1700000000   -0.3798610896    0.1711740393
  -18.1600000000   -0.3832699896    0.1734283179
  -18.1500000000   -0.3868812897    0.1756916945
  -18.1400000000   -0.3907047517    0.1779872130
  -18.1300000000   -0.3947468613    0.1803382839
  -18.1200000000   -0.3990110895    0.1827680672
  -18.1100000000   -0.4034982658    0.1852989845
  -18.1000000000   -0.4082070150    0.1879523706
  -18.0900000000   -0.4131342164    0.1907482618
  -18.0800000000   -0.4182754498    0.1937053068
  -18.0700000000   -0.4236254045    0.1968407791
  -18.0600000000   -0.4291782346    0.2001706689
  -18.0500000000   -0.4349278531    0.2037098322
  -18.0400000000   -0.4408681635    0.2074721768
  -18.0300000000   -0.4469932315    0.2114708686
  -18.0200000000   -0.4532974025    0.2157185458
  -18.0100000000   -0.4597753717    0.2202275312
  -18.0000000000   -0.4664222150    0.2250100365
  -17.9900000000   -0.4732333868    0.2300783546
  -17.9800000000   -0.4802046915    0.2354450390
  -17.9700000000   -0.4873322339    0.2411230686
  -17.9600000000   -0.4946123524    0.2471260000
  -17.9500000000   -0.5020415384    0.2534681072
  -17.9400000000   -0.5096163449    0.2601645116
  -17.9300000000   -0.5173332835    0.2672313026
  -17.9200000000   -0.5251887131    0.2746856520
  -17.9100000000   -0.5331787179    0.2825459222
  -17.9000000000   -0.5412989763    0.2908317703
  -17.8900000000   -0.5495446177    0.2995642495
  -17.8800000000   -0.5579100665    0.3087659075
  -17.8700000000   -0.5663888722    0.3184608838
  -17.8600000000   -0.5749735218    0.3286750040
  -17.8500000000   -0.5836552336    0.3394358727
  -17.8400000000   -0.5924237275    0.3507729634
  -17.8300000000   -0.6012669708    0.3627177035
  -17.8200000000   -0.6101708943    0.3753035541
  -17.8100000000   -0.6191190752    0.3885660798
  -17.8000000000   -0.6280923825    0.4025430071
  -17.7900000000   -0.6370685814    0.4172742663
  -17.7800000000   -0.6460218900    0.4328020106
  -17.7700000000   -0.6549224854    0.4491706066
  -17.7600000000   -0.6637359532    0.4664265866
  -17.7500000000   -0.6724226755    0.4846185534
  -17.7400000000   -0.6809371539    0.5037970237
  -17.7300000000   -0.6892272632    0.5240141950
  -17.7200000000   -0.6972334338    0.5453236189
  -17.7100000000   -0.7048877623    0.5677797566
  -17.7000000000   -0.7121130526    0.5914373942
  -17.6900000000   -0.7188217942    0.6163508859
  -17.6800000000   -0.7249150880    0.6425731922
  -17.6700000000   -0.7302815393    0.6701546762
  -17.6600000000   -0.7347961448    0.6991416154
  -17.6500000000   -0.7383192123    0.7295743839
  -17.6400000000   -0.7406953666    0.7614852617
  -17.6300000000   -0.7417527120    0.7948958234
  -17.6200000000   -0.7413022429    0.8298138698
  -17.6100000000   -0.7391376166    0.8662298714
  -17.6000000000   -0.7350354284    0.9041129140
  -17.5900000000   -0.7287561572    0.9434061620
  -17.5800000000   -0.7200459719    0.9840218952
  -17.5700000000   -0.7086396112    1.0258362275
  -17.5600000000   -0.6942645576    1.0686836831
  -17.5500000000   -0.6766467175    1.1123518905
  -17.5400000000   -0.6555177891    1.1565767472
  -17.5300000000   -0.6306244288    1.2010385121
  -17.5200000000   -0.6017392189    1.2453593765
  -17.5100000000   -0.5686732824    1.2891031438
  -17.5000000000   -0.5312901822    1.3317776796
  -17.4900000000   -0.4895204985    1.3728407657
  -17.4800000000   -0.4433762121    1.4117098657
  -17.4700000000   -0.3929637743    1.4477760818
  -17.4600000000   -0.3384945552    1.4804222334
  -17.4500000000   -0.2802912921    1.5090445461
  -17.4400000000   -0.2187892563    1.5330769359
  -17.4300000000   -0.1545311492    1.5520163872
  -17.4200000000   -0.0881552389    1.5654475351
  -17.4100000000   -0.0203769031    1.5730643634
  -17.4000000000    0.0480355210    1.5746869964
  -17.3900000000    0.1162889830    1.5702719104
  -17.3800000000    0.1835959394    1.5599145070
  -17.3700000000    0.2492041535    1.5438437697
  -17.3600000000    0.3124237431    1.5224095606
  -17.3500000000    0.3726495000    1.4960638504
  -17.3400000000    0.4293771094    1.4653377101
  -17.3300000000    0.4822126184    1.4308161471
  -17.3200000000    0.5308752263    1.3931128376
  -17.3100000000    0.5751940819    1.3528465387
  -17.3000000000    0.6151002058    1.3106205241
  -17.2900000000    0.6506148841    1.2670058866
  -17.2800000000    0.6818359108    1.2225290561
  -17.2700000000    0.7089229401    1.1776634666
  -17.2600000000    0.7320829910    1.1328249946
  -17.2500000000    0.7515568892    1.0883705998
  -17.2400000000    0.7676071607    1.0445995093
  -17.2300000000    0.7805076633    1.0017562837
  -17.2200000000    0.7905350457    0.9600351545
  -17.2100000000    0.7979619856    0.9195851131
  -17.2000000000    0.8030520625    0.8805153289
  -17.1900000000    0.8060560691    0.8429005773
  -17.1800000000    0.8072095407    0.8067864512
  -17.1700000000    0.8067312824    0.7721942049
  -17.1600000000    0.8048226884    0.7391251436
  -17.1500000000    0.8016676695    0.7075645187
  -17.1400000000    0.7974330320    0.6774849252
  -17.1300000000    0.7922691756    0.6488492168
  -17.1200000000    0.7863110049    0.6216129753
  -17.1100000000    0.7796789712    0.5957265733
  -17.1000000000    0.7724801800    0.5711368775
  -17.0900000000    0.7648095157    0.5477886364
  -17.0800000000    0.7567507497    0.5256255974
  -17.0700000000    0.7483776065    0.5045913936
  -17.0600000000    0.7397547725    0.4846302355
  -17.0500000000    0.7309388383    0.4656874415
  -17.0400000000    0.7219791683    0.4477098354
  -17.0300000000    0.7129186973    0.4306460332
  -17.0200000000    0.7037946552    0.4144466427
  -17.0100000000    0.6946392212    0.3990643912
  -17.0000000000    0.6854801132    0.3844541971
  -16.9900000000    0.6763411155    0.3705731966
  -16.9800000000    0.6672425495    0.3573807363
  -16.9700000000    0.6582016940    0.3448383395
  -16.9600000000    0.6492331572    0.3329096524
  -16.9500000000    0.6403492070    0.3215603769
  -16.9400000000    0.6315600636    0.3107581926
  -16.9300000000    0.6228741572    0.3004726725
  -16.9200000000    0.6142983562    0.2906751954
  -16.9100000000    0.6058381675    0.2813388553
  -16.9000000000    0.5974979138    0.2724383722
  -16.8900000000    0.5892808888    0.2639500031
  -16.8800000000    0.5811894939    0.2558514552
  -16.8700000000    0.5732253587    0.2481218018
  -16.8600000000    0.5653894461    0.2407414019
  -16.8500000000    0.5576821454    0.2336918228
  -16.8400000000    0.5501033530    0.2269557663
  -16.8300000000    0.5426525438    0.2205169995
  -16.8200000000    0.5353288341    0.2143602882
  -16.8100000000    0.5281310356    0.2084713357
  -16.8000000000    0.5210577039    0.2028367233
  -16.7900000000    0.5141071800    0.1974438564
  -16.7800000000    0.5072776276    0.1922809125
  -16.7700000000    0.5005670648    0.1873367936
  -16.7600000000    0.4939733926    0.1826010807
  -16.7500000000    0.4874944193    0.1780639922
  -16.7400000000    0.4811278824    0.1737163445
  -16.7300000000    0.4748714673    0.1695495156
  -16.7200000000    0.4687228242    0.1655554108
  -16.7100000000    0.4626795824    0.1617264310
  -16.7000000000    0.4567393635    0.1580554428
  -16.6900000000    0.4508997924    0.1545357509
  -16.6800000000    0.4451585076    0.1511610720
  -16.6700000000    0.4395131699    0.1479255106
  -16.6600000000    0.4339614702    0.1448235359
  -16.6500000000    0.4285011366    0.1418499604
  -16.6400000000    0.4231299404    0.1389999194
  -16.6300000000    0.4178457017    0.1362688518
  -16.6200000000    0.4126462935    0.1336524812
  -16.6100000000    0.4075296460    0.1311467990
  -16.6000000000    0.4024937493    0.1287480466
  -16.5900000000    0.3975366557    0.1264526997
  -16.5800000000    0.3926564805    0.1242574519
  -16.5700000000    0.3878514017    0.1221592004
  -16.5600000000    0.3831196589    0.1201550313
  -16.5500000000    0.3784595498    0.1182422065
  -16.5400000000    0.3738694254    0.1164181521
  -16.5300000000    0.3693476837    0.1146804481
  -16.5200000000    0.3648927616    0.1130268216
  -16.5100000000    0.3605031254    0.1114551416
  -16.5000000000    0.3561772604    0.1099634192
  -16.4900000000    0.3519136607    0.1085498108
  -16.4800000000    0.3477108203    0.1072126273
  -16.4700000000    0.3435672263    0.1059503482
  -16.4600000000    0.3394813565    0.1047616396
  -16.4500000000    0.3354516832    0.1036453776
  -16.4400000000    0.3314766838    0.1026006729
  -16.4300000000    0.3275548602    0.1016268972
  -16.4200000000    0.3236847667    0.1007237068
  -16.4100000000    0.3198650466    0.0998910626
  -16.4000000000    0.3160944758    0.0991292430
  -16.3900000000    0.3123720115    0.0984388495
  -16.3800000000    0.3086968449    0.0978208021
  -16.3700000000    0.3050684528    0.0972763259
  -16.3600000000    0.3014866499    0.0968069298
  -16.3500000000    0.2979516363    0.0964143769
  -16.3400000000    0.2944640433    0.0961006506
  -16.3300000000    0.2910249751    0.0958679153
  -16.3200000000    0.2876360484    0.0957184755
  -16.3100000000    0.2842994313    0.0956547301
  -16.3000000000    0.2810178822    0.0956791252
  -16.2900000000    0.2777947906    0.0957941011
  -16.2800000000    0.2746342200    0.0960020322
  -16.2700000000    0.2715409540    0.0963051591
  -16.2600000000    0.2685205433    0.0967055060
  -16.2500000000    0.2655793535    0.0972047841
  -16.2400000000    0.2627246098    0.0978042740
  -16.2300000000    0.2599644347    0.0985046867
  -16.2200000000    0.2573078738    0.0993059984
  -16.2100000000    0.2547649012    0.1002072570
  -16.2000000000    0.2523463971    0.1012063615
  -16.1900000000    0.2500640863    0.1022998125
  -16.1800000000    0.2479304262    0.1034824399
  -16.1700000000    0.2459584304    0.1047471140
  -16.1600000000    0.2441614157    0.1060844521
  -16.1500000000    0.2425526596    0.1074825377
  -16.1400000000    0.2411449578    0.1089266761
  -16.1300000000    0.2399500800    0.1103992164
  -16.1200000000    0.2389781249    0.1118794742
  -16.1100000000    0.2382367914    0.1133437944
  -16.1000000000    0.2377305957    0.1147657940
  -16.0900000000    0.2374600786    0.1161168168
  -16.0800000000    0.2374210657    0.1173666243
  -16.0700000000    0.2376040551    0.1184843232
  -16.0600000000    0.2379938142    0.1194395097
  -16.0500000000    0.2385692634    0.1202035731
  -16.0400000000    0.2393037101    0.1207510783
  -16.0300000000    0.2401654662    0.1210611145
  -16.0200000000    0.2411188428    0.1211184892
  -16.0100000000    0.2421254716    0.1209146453
  -16.0000000000    0.2431458588    0.1204482039
  -15.9900000000    0.2441410449    0.1197250695
  -15.9800000000    0.2450742286    0.1187580857
  -15.9700000000    0.2459122193    0.1175662798
  -15.9600000000    0.2466266059    0.1161737779
  -15.9500000000    0.2471945691    0.1146085014
  -15.9400000000    0.2475993099    0.1129007698
  -15.9300000000    0.2478301080    0.1110819251
  -15.9200000000    0.2478820609    0.1091830759
  -15.9100000000    0.2477555737    0.1072340283
  -15.9000000000    0.2474556805    0.1052624398
  -15.8900000000    0.2469912748    0.1032932063
  -15.8800000000    0.2463743139    0.1013480660
  -15.8700000000    0.2456190513    0.0994453929
  -15.8600000000    0.2447413279    0.0976001422
  -15.8500000000    0.2437579436    0.0958239104
  -15.8400000000    0.2426861132    0.0941250737
  -15.8300000000    0.2415430031    0.0925089776
  -15.8200000000    0.2403453384    0.0909781547
  -15.8100000000    0.2391090669    0.0895325574
  -15.8000000000    0.2378490674    0.0881698003
  -15.7900000000    0.2365788897    0.0868854117
  -15.7800000000    0.2353105198    0.0856730992
  -15.7700000000    0.2340541688    0.0845250374
  -15.7600000000    0.2328180879    0.0834321851
  -15.7500000000    0.2316084209    0.0823846391
  -15.7400000000    0.2304291084    0.0813720237
  -15.7300000000    0.2292818591    0.0803839114
  -15.7200000000    0.2281662077    0.0794102612
  -15.7100000000    0.2270796684    0.0784418497
  -15.7000000000    0.2260179911    0.0774706709
  -15.6900000000    0.2249755116    0.0764902688
  -15.6800000000    0.2239455793    0.0754959771
  -15.6700000000    0.2229210333    0.0744850415
  -15.6600000000    0.2218946888    0.0734566124
  -15.6500000000    0.2208597964    0.0724116118
  -15.6400000000    0.2198104378    0.0713524870
  -15.6300000000    0.2187418278    0.0702828789
  -15.6200000000    0.2176505070    0.0692072379
  -15.6100000000    0.2165344184    0.0681304226
  -15.6000000000    0.2153928759    0.0670573142
  -15.5900000000    0.2142264368    0.0659924750
  -15.5800000000    0.2130367018    0.0649398697
  -15.5700000000    0.2118260641    0.0639026627
  -15.5600000000    0.2105974316    0.0628830952
  -15.5500000000    0.2093539429    0.0618824423
  -15.5400000000    0.2080986971    0.0609010435
  -15.5300000000    0.2068345140    0.0599383979
  -15.5200000000    0.2055637360    0.0589933136
  -15.5100000000    0.2042880844    0.0580640954
  -15.5000000000    0.2030085754    0.0571487570
  -15.4900000000    0.2017254985    0.0562452400
  -15.4800000000    0.2004384565    0.0553516220
  -15.4700000000    0.1991464599    0.0544662978
  -15.4600000000    0.1978480637    0.0535881199
  -15.4500000000    0.1965415328    0.0527164889
  -15.4400000000    0.1952250175    0.0518513894
  -15.4300000000    0.1938967231    0.0509933736
  -15.4200000000    0.1925550584    0.0501434993
  -15.4100000000    0.1911987517    0.0493032337
  -15.4000000000    0.1898269284    0.0484743367
  -15.3900000000    0.1884391493    0.0476587366
  -15.3800000000    0.1870354125    0.0468584101
  -15.3700000000    0.1856161254    0.0460752775
  -15.3600000000    0.1841820545    0.0453111161
  -15.3500000000    0.1827342614    0.0445674969
  -15.3400000000    0.1812740333    0.0438457443
  -15.3300000000    0.1798028129    0.0431469148
  -15.3200000000    0.1783221341    0.0424717945
  -15.3100000000    0.1768335646    0.0418209085
  -15.3000000000    0.1753386590    0.0411945410
  -15.2900000000    0.1738389210    0.0405927603
  -15.2800000000    0.1723357755    0.0400154481
  -15.2700000000    0.1708305486    0.0394623286
  -15.2600000000    0.1693244557    0.0389329978
  -15.2500000000    0.1678185949    0.0384269505
  -15.2400000000    0.1663139456    0.0379436042
  -15.2300000000    0.1648113704    0.0374823210
  -15.2200000000    0.1633116194    0.0370424261
  -15.2100000000    0.1618153372    0.0366232232
  -15.2000000000    0.1603230693    0.0362240076
  -15.1900000000    0.1588352710    0.0358440768
  -15.1800000000    0.1573523151    0.0354827385
  -15.1700000000    0.1558744999    0.0351393177
  -15.1600000000    0.1544020571    0.0348131612
  -15.1500000000    0.1529351592    0.0345036417
  -15.1400000000    0.1514739265    0.0342101600
  -15.1300000000    0.1500184327    0.0339321471
  -15.1200000000    0.1485687117    0.0336690653
  -15.1100000000    0.1471247621    0.0334204082
  -15.1000000000    0.1456865522    0.0331857015
  -15.0900000000    0.1442540242    0.0329645019
  -15.0800000000    0.1428270982    0.0327563974
  -15.0700000000    0.1414056754    0.0325610059
  -15.0600000000    0.1399896415    0.0323779749
  -15.0500000000    0.1385788689    0.0322069800
  -15.0400000000    0.1371732199    0.0320477244
  -15.0300000000    0.1357725484    0.0318999374
  -15.0200000000    0.1343767021    0.0317633734
  -15.0100000000    0.1329855242    0.0316378108
  -15.0000000000    0.1315988553    0.0315230509
  -14.9900000000    0.1302165346    0.0314189162
  -14.9800000000    0.1288384011    0.0313252496
  -14.9700000000    0.1274642951    0.0312419126
  -14.9600000000    0.1260940589    0.0311687844
  -14.9500000000    0.1247275378    0.0311057599
  -14.9400000000    0.1233645802    0.0310527482
  -14.9300000000    0.1220050386    0.0310096714
  -14.9200000000    0.1206487688    0.0309764622
  -14.9100000000    0.1192956304    0.0309530627
  -14.9000000000    0.1179454853    0.0309394226
  -14.8900000000    0.1165981968    0.0309354972
  -14.8800000000    0.1152536277    0.0309412465
  -14.8700000000    0.1139116381    0.0309566339
  -14.8600000000    0.1125720822    0.0309816260
  -14.8500000000    0.1112348049    0.0310161923
  -14.8400000000    0.1098996383    0.0310603072
  -14.8300000000    0.1085663972    0.0311139521
  -14.8200000000    0.1072348754    0.0311771190
  -14.8100000000    0.1059048425    0.0312498165
  -14.8000000000    0.1045760412    0.0313320765
  -14.7900000000    0.1032481864    0.0314239621
  -14.7800000000    0.1019209665    0.0315255772
  -14.7700000000    0.1005940470    0.0316370762
  -14.7600000000    0.0992670761    0.0317586731
  -14.7500000000    0.0979396936    0.0318906502
  -14.7400000000    0.0966115421    0.0320333646
  -14.7300000000    0.0952822788    0.0321872522
  -14.7200000000    0.0939515896    0.0323528295
  -14.7100000000    0.0926192020    0.0325306917
  -14.7000000000    0.0912848977    0.0327215087
  -14.6900000000    0.0899485240    0.0329260186
  -14.6800000000    0.0886100022    0.0331450203
  -14.6700000000    0.0872693346    0.0333793653
  -14.6600000000    0.0859266098    0.0336299487
  -14.6500000000    0.0845820056    0.0338977027
  -14.6400000000    0.0832357916    0.0341835900
  -14.6300000000    0.0818883310    0.0344885986
  -14.6200000000    0.0805400827    0.0348137387
  -14.6100000000    0.0791916045    0.0351600405
  -14.6000000000    0.0778435571    0.0355285523
  -14.5900000000    0.0764967106    0.0359203407
  -14.5800000000    0.0751519524    0.0363364890
  -14.5700000000    0.0738102982    0.0367780969
  -14.5600000000    0.0724729056    0.0372462778
  -14.5500000000    0.0711410905    0.0377421552
  -14.5400000000    0.0698163467    0.0382668556
  -14.5300000000    0.0685003690    0.0388214983
  -14.5200000000    0.0671950783    0.0394071797
  -14.5100000000    0.0659026500    0.0400249512
  -14.5000000000    0.0646255427    0.0406757900
  -14.4900000000    0.0633665277    0.0413605599
  -14.4800000000    0.0621287172    0.0420799618
  -14.4700000000    0.0609155870    0.0428344734
  -14.4600000000    0.0597309943    0.0436242754
  -14.4500000000    0.0585791843    0.0444491654
  -14.4400000000    0.0574647833    0.0453084593
  -14.4300000000    0.0563927738    0.0462008808
  -14.4200000000    0.0553684460    0.0471244421
  -14.4100000000    0.0543973218    0.0480763173
  -14.4000000000    0.0534850448    0.0490527165
  -14.3900000000    0.0526372322    0.0500487652
  -14.3800000000    0.0518592855    0.0510584004
  -14.3700000000    0.0511561570    0.0520742960
  -14.3600000000    0.0505320753    0.0530878303
  -14.3500000000    0.0499902361    0.0540891133
  -14.3400000000    0.0495324692    0.0550670892
  -14.3300000000    0.0491589026    0.0560097285
  -14.3200000000    0.0488676474    0.0569043181
  -14.3100000000    0.0486545356    0.0577378523
  -14.3000000000    0.0485129444    0.0584975147
  -14.2900000000    0.0484337403    0.0591712288
  -14.2800000000    0.0484053688    0.0597482442
  -14.2700000000    0.0484141060    0.0602197118
  -14.2600000000    0.0484444701    0.0605791960
  -14.2500000000    0.0484797722    0.0608230750
  -14.2400000000    0.0485027695    0.0609507837
  -14.2300000000    0.0484963671    0.0609648744
  -14.2200000000    0.0484443090    0.0608708855
  -14.2100000000    0.0483318007    0.0606770353
  -14.2000000000    0.0481460144    0.0603937709
  -14.1900000000    0.0478764435    0.0600332223
  -14.1800000000    0.0475150931    0.0596086116
  -14.1700000000    0.0470565118    0.0591336688
  -14.1600000000    0.0464976830    0.0586220976
  -14.1500000000    0.0458378070    0.0580871212
  -14.1400000000    0.0450780085    0.0575411253
  -14.1300000000    0.0442210016    0.0569954046
  -14.1200000000    0.0432707453    0.0564600076
  -14.1100000000    0.0422321100    0.0559436669
  -14.1000000000    0.0411105740    0.0554538022
  -14.0900000000    0.0399119599    0.0549965757
  -14.0800000000    0.0386422140    0.0545769877
  -14.0700000000    0.0373072314    0.0541989952
  -14.0600000000    0.0359127227    0.0538656434
  -14.0500000000    0.0344641184    0.0535792013
  -14.0400000000    0.0329665063    0.0533412943
  -14.0300000000    0.0314245971    0.0531530288
  -14.0200000000    0.0298427121    0.0530151069
  -14.0100000000    0.0282247897    0.0529279290
  -14.0000000000    0.0265744061    0.0528916823
  -13.9900000000    0.0248948073    0.0529064167
  -13.9800000000    0.0231889487    0.0529721062
  -13.9700000000    0.0214595397    0.0530886979
  -13.9600000000    0.0197090918    0.0532561482
  -13.9500000000    0.0179399671    0.0534744472
  -13.9400000000    0.0161544264    0.0537436334
  -13.9300000000    0.0143546760    0.0540637986
  -13.9200000000    0.0125429114    0.0544350846
  -13.9100000000    0.0107213587    0.0548576733
  -13.9000000000    0.0088923130    0.0553317694
  -13.8900000000    0.0070581737    0.0558575777
  -13.8800000000    0.0052214766    0.0564352736
  -13.8700000000    0.0033849232    0.0570649677
  -13.8600000000    0.0015514051    0.0577466627
  -13.8500000000   -0.0002759756    0.0584802033
  -13.8400000000   -0.0020938926    0.0592652173
  -13.8300000000   -0.0038987907    0.0601010489
  -13.8200000000   -0.0056868913    0.0609866818
  -13.8100000000   -0.0074542131    0.0619206557
  -13.8000000000   -0.0091966103    0.0629009747
  -13.7900000000   -0.0109098332    0.0639250126
  -13.7800000000   -0.0125896150    0.0649894177
  -13.7700000000   -0.0142317878    0.0660900235
  -13.7600000000   -0.0158324321    0.0672217732
  -13.7500000000   -0.0173880587    0.0683786672
  -13.7400000000   -0.0188958231    0.0695537458
  -13.7300000000   -0.0203537652    0.0707391181
  -13.7200000000   -0.0217610659    0.0719260506
  -13.7100000000   -0.0231183053    0.0731051257
  -13.7000000000   -0.0244277017    0.0742664761
  -13.6900000000   -0.0256933090    0.0754000965
  -13.6800000000   -0.0269211443    0.0764962247
  -13.6700000000   -0.0281192234    0.0775457752
  -13.6600000000   -0.0292974810    0.0785407981
  -13.6500000000   -0.0304675660    0.0794749279
  -13.6400000000   -0.0316425131    0.0803437837
  -13.6300000000   -0.0328363055    0.0811452793
  -13.6200000000   -0.0340633594    0.0818798114
  -13.6100000000   -0.0353379701    0.0825503047
  -13.6000000000   -0.0366737674    0.0831621067
  -13.5900000000   -0.0380832251    0.0837227446
  -13.5800000000   -0.0395772633    0.0842415693
  -13.5700000000   -0.0411649690    0.0847293241
  -13.5600000000   -0.0428534470    0.0851976780
  -13.5500000000   -0.0446477964    0.0856587649
  -13.5400000000   -0.0465511992    0.0861247624
  -13.5300000000   -0.0485650943    0.0866075344
  -13.5200000000   -0.0506894130    0.0871183522
  -13.5100000000   -0.0529228456    0.0876676975
  -13.5000000000   -0.0552631179    0.0882651449
  -13.4900000000   -0.0577072564    0.0889193133
  -13.4800000000   -0.0602518296    0.0896378743
  -13.4700000000   -0.0628931582    0.0904276045
  -13.4600000000   -0.0656274880    0.0912944676
  -13.4500000000   -0.0684511284    0.0922437163
  -13.4400000000   -0.0713605559    0.0932800033
  -13.4300000000   -0.0743524885    0.0944074955
  -13.4200000000   -0.0774239338    0.0956299843
  -13.4100000000   -0.0805722166    0.0969509915
  -13.4000000000   -0.0837949886    0.0983738654
  -13.3900000000   -0.0870902264    0.0999018688
  -13.3800000000   -0.0904562183    0.1015382580
  -13.3700000000   -0.0938915451    0.1032863523
  -13.3600000000   -0.0973950553    0.1051495963
  -13.3500000000   -0.1009658370    0.1071316148
  -13.3400000000   -0.1046031872    0.1092362620
  -13.3300000000   -0.1083065809    0.1114676655
  -13.3200000000   -0.1120756378    0.1138302662
  -13.3100000000   -0.1159100896    0.1163288560
  -13.3000000000   -0.1198097458    0.1189686124
  -13.2900000000   -0.1237744599    0.1217551320
  -13.2800000000   -0.1278040937    0.1246944638
  -13.2700000000   -0.1318984811    0.1277931410
  -13.2600000000   -0.1360573900    0.1310582148
  -13.2500000000   -0.1402804819    0.1344972870
  -13.2400000000   -0.1445672692    0.1381185454
  -13.2300000000   -0.1489170686    0.1419307988
  -13.2200000000   -0.1533289504    0.1459435149
  -13.2100000000   -0.1578016835    0.1501668580
  -13.2000000000   -0.1623336733    0.1546117298
  -13.1900000000   -0.1669228944    0.1592898107
  -13.1800000000   -0.1715668134    0.1642136025
  -13.1700000000   -0.1762623043    0.1693964717
  -13.1600000000   -0.1810055523    0.1748526940
  -13.1500000000   -0.1857919461    0.1805974983
  -13.1400000000   -0.1906159561    0.1866471089
  -13.1300000000   -0.1954709978    0.1930187872
  -13.1200000000   -0.2003492773    0.1997308684
  -13.1100000000   -0.2052416173    0.2068027940
  -13.1000000000   -0.2101372620    0.2142551358
  -13.0900000000   -0.2150236570    0.2221096103
  -13.0800000000   -0.2198862027    0.2303890791
  -13.0700000000   -0.2247079793    0.2391175305
  -13.0600000000   -0.2294694385    0.2483200386
  -13.0500000000   -0.2341480629    0.2580226920
  -13.0400000000   -0.2387179883    0.2682524854
  -13.0300000000   -0.2431495887    0.2790371638
  -13.0200000000   -0.2474090237    0.2904050102
  -13.0100000000   -0.2514577484    0.3023845620
  -13.0000000000   -0.2552519893    0.3150042420
  -12.9900000000   -0.2587421907    0.3282918878
  -12.9800000000   -0.2618724405    0.3422741581
  -12.9700000000   -0.2645798891    0.3569757966
  -12.9600000000   -0.2667941784    0.3724187296
  -12.9500000000   -0.2684369100    0.3886209729
  -12.9400000000   -0.2694211835    0.4055953248
  -12.9300000000   -0.2696512536    0.4233478236
  -12.9200000000   -0.2690223607    0.4418759530
  -12.9100000000   -0.2674208068    0.4611665859
  -12.9000000000   -0.2647243611    0.4811936731
  -12.8900000000   -0.2608030931    0.5019156995
  -12.8800000000   -0.2555207424    0.5232729588
  -12.8700000000   -0.2487367414    0.5451847299
  -12.8600000000   -0.2403090036    0.5675464830
  -12.8500000000   -0.2300975781    0.5902272887
  -12.8400000000   -0.2179692368    0.6130676597
  -12.8300000000   -0.2038030102    0.6358781059
  -12.8200000000   -0.1874966080    0.6584387244
  -12.8100000000   -0.1689735582    0.6805001738
  -12.8000000000   -0.1481907697    0.7017863692
  -12.7900000000   -0.1251460899    0.7219991812
  -12.7800000000   -0.0998852881    0.7408253122
  -12.7700000000   -0.0725077951    0.7579453505
  -12.7600000000   -0.0431704763    0.7730447756
  -12.7500000000   -0.0120887491    0.7858264314
  -12.7400000000    0.0204655061    0.7960237163
  -12.7300000000    0.0541695479    0.8034135307
  -12.7200000000    0.0886588609    0.8078278928
  -12.7100000000    0.1235393167    0.8091631484
  -12.7000000000    0.1584016255    0.8073858597
  -12.6900000000    0.1928369965    0.8025347615
  -12.6800000000    0.2264527676    0.7947185765
  -12.6700000000    0.2588867645    0.7841099178
  -12.6600000000    0.2898193200    0.7709359080
  -12.6500000000    0.3189821852    0.7554664405
  -12.6400000000    0.3461639395    0.7380011648
  -12.6300000000    0.3712118873    0.7188562810
  -12.6200000000    0.3940307646    0.6983521007
  -12.6100000000    0.4145788162    0.6768021100
  -12.6000000000    0.4328619387    0.6545040118
  -12.5900000000    0.4489266134    0.6317329584
  -12.5800000000    0.4628522994    0.6087369654
  -12.5700000000    0.4747438484    0.5857343246
  -12.5600000000    0.4847243681    0.5629127288
  -12.5500000000    0.4929288208    0.5404297656
  -12.5400000000    0.4994985194    0.5184144328
  -12.5300000000    0.5045765784    0.4969693515
  -12.5200000000    0.5083043023    0.4761733972
  -12.5100000000    0.5108184389    0.4560845239
  -12.5000000000    0.5122491982    0.4367426052
  -12.4900000000    0.5127189193    0.4181721707
  -12.4800000000    0.5123412716    0.4003849532
  -12.4700000000    0.5112208782    0.3833821993
  -12.4600000000    0.5094532657    0.3671567211
  -12.4500000000    0.5071250543    0.3516946839
  -12.4400000000    0.5043143187    0.3369771405
  -12.4300000000    0.5010910638    0.3229813294
  -12.4200000000    0.4975177683    0.3096817579
  -12.4100000000    0.4936499645    0.2970510957
  -12.4000000000    0.4895368262    0.2850609022
  -12.3900000000    0.4852217485    0.2736822107
  -12.3800000000    0.4807429046    0.2628859921
  -12.3700000000    0.4761337733    0.2526435157
  -12.3600000000    0.4714236301    0.2429266260
  -12.3500000000    0.4666380011    0.2337079495
  -12.3400000000    0.4617990777    0.2249610440
  -12.3300000000    0.4569260942    0.2166605018
  -12.3200000000    0.4520356684    0.2087820168
  -12.3100000000    0.4471421074    0.2013024208
  -12.3000000000    0.4422576824    0.1941996978
  -12.2900000000    0.4373928731    0.1874529802
  -12.2800000000    0.4325565856    0.1810425311
  -12.2700000000    0.4277563460    0.1749497168
  -12.2600000000    0.4229984712    0.1691569721
  -12.2500000000    0.4182882213    0.1636477603
  -12.2400000000    0.4136299328    0.1584065295
  -12.2300000000    0.4090271375    0.1534186681
  -12.2200000000    0.4044826662    0.1486704582
  -12.2100000000    0.3999987408    0.1441490297
  -12.2000000000    0.3955770552    0.1398423153
  -12.1900000000    0.3912188466    0.1357390056
  -12.1800000000    0.3869249581    0.1318285071
  -12.1700000000    0.3826958942    0.1281009009
  -12.1600000000    0.3785318692    0.1245469034
  -12.1500000000    0.3744328501    0.1211578293
  -12.1400000000    0.3703985950    0.1179255567
  -12.1300000000    0.3664286862    0.1148424938
  -12.1200000000    0.3625225598    0.1119015479
  -12.1100000000    0.3586795325    0.1090960960
  -12.1000000000    0.3548988252    0.1064199583
  -12.0900000000    0.3511795839    0.1038673721
  -12.0800000000    0.3475208991    0.1014329683
  -12.0700000000    0.3439218229    0.0991117495
  -12.0600000000    0.3403813856    0.0968990691
  -12.0500000000    0.3368986103    0.0947906123
  -12.0400000000    0.3334725268    0.0927823779
  -12.0300000000    0.3301021857    0.0908706616
  -12.0200000000    0.3267866707    0.0890520399
  -12.0100000000    0.3235251124    0.0873233546
  -12.0000000000    0.3203167004    0.0856816986
  -11.9900000000    0.3171606972    0.0841244012
  -11.9800000000    0.3140564516    0.0826490138
  -11.9700000000    0.3110034124    0.0812532955
  -11.9600000000    0.3080011438    0.0799351979
  -11.9500000000    0.3050493404    0.0786928488
  -11.9400000000    0.3021478436    0.0775245352
  -11.9300000000    0.2992966590    0.0764286831
  -11.9200000000    0.2964959734    0.0754038362
  -11.9100000000    0.2937461733    0.0744486303
  -11.9000000000    0.2910478625    0.0735617643
  -11.8900000000    0.2884018801    0.0727419663
  -11.8800000000    0.2858093157    0.0719879544
  -11.8700000000    0.2832715234    0.0712983910
  -11.8600000000    0.2807901308    0.0706718301
  -11.8500000000    0.2783670421    0.0701066574
  -11.8400000000    0.2760044335    0.0696010224
  -11.8300000000    0.2737047365    0.0691527632
  -11.8200000000    0.2714706070    0.0687593252
  -11.8100000000    0.2693048768    0.0684176750
  -11.8000000000    0.2672104825    0.0681242135
  -11.7900000000    0.2651903695    0.0678746930
  -11.7800000000    0.2632473685    0.0676641438
  -11.7700000000    0.2613840418    0.0674868201
  -11.7600000000    0.2596025021    0.0673361732
  -11.7500000000    0.2579042068    0.0672048653
  -11.7400000000    0.2562897360    0.0670848323
  -11.7300000000    0.2547585680    0.0669674074
  -11.7200000000    0.2533088676    0.0668435110
  -11.7100000000    0.2519373096    0.0667039074
  -11.7000000000    0.2506389601    0.0665395245
  -11.6900000000    0.2494072376    0.0663418185
  -11.6800000000    0.2482339726    0.0661031629
  -11.6700000000    0.2471095742    0.0658172304
  -11.6600000000    0.2460233046    0.0654793319
  -11.6500000000    0.2449636453    0.0650866802
  -11.6400000000    0.2439187315    0.0646385484
  -11.6300000000    0.2428768163    0.0641363066
  -11.6200000000    0.2418267271    0.0635833315
  -11.6100000000    0.2407582747    0.0629848002
  -11.6000000000    0.2396625828    0.0623473907
  -11.5900000000    0.2385323166    0.0616789202
  -11.5800000000    0.2373618045    0.0609879577
  -11.5700000000    0.2361470529    0.0602834423
  -11.5600000000    0.2348856726    0.0595743369
  -11.5500000000    0.2335767329    0.0588693358
  -11.5400000000    0.2322205698    0.0581766379
  -11.5300000000    0.2308185684    0.0575037875
  -11.5200000000    0.2293729403    0.0568575796
  -11.5100000000    0.2278865111    0.0562440213
  -11.5000000000    0.2263625284    0.0556683386
  -11.4900000000    0.2248044967    0.0551350181
  -11.4800000000    0.2232160429    0.0546478724
  -11.4700000000    0.2216008098    0.0542101200
  -11.4600000000    0.2199623798    0.0538244729
  -11.4500000000    0.2183042209    0.0534932246
  -11.4400000000    0.2166296560    0.0532183359
  -11.4300000000    0.2149418488    0.0530015153
  -11.4200000000    0.2132438044    0.0528442915
  -11.4100000000    0.2115383817    0.0527480788
  -11.4000000000    0.2098283139    0.0527142331
  -11.3900000000    0.2081162376    0.0527441011
  -11.3800000000    0.2064047256    0.0528390606
  -11.3700000000    0.2046963257    0.0530005549
  -11.3600000000    0.2029936024    0.0532301190
  -11.3500000000    0.2012991820    0.0535294005
  -11.3400000000    0.1996158008    0.0539001739
  -11.3300000000    0.1979463565    0.0543443486
  -11.3200000000    0.1962939619    0.0548639705
  -11.3100000000    0.1946620028    0.0554612178
  -11.3000000000    0.1930541984    0.0561383882
  -11.2900000000    0.1914746651    0.0568978788
  -11.2800000000    0.1899279845    0.0577421562
  -11.2700000000    0.1884192731    0.0586737154
  -11.2600000000    0.1869542556    0.0596950264
  -11.2500000000    0.1855393395    0.0608084655
  -11.2400000000    0.1841816896    0.0620162290
  -11.2300000000    0.1828893009    0.0633202278
  -11.2200000000    0.1816710656    0.0647219579
  -11.2100000000    0.1805368320    0.0662223465
  -11.2000000000    0.1794974477    0.0678215690
  -11.1900000000    0.1785647816    0.0695188367
  -11.1800000000    0.1777517165    0.0713121534
  -11.1700000000    0.1770721002    0.0731980415
  -11.1600000000    0.1765406452    0.0751712417
  -11.1500000000    0.1761727635    0.0772243920
  -11.1400000000    0.1759843209    0.0793476969
  -11.1300000000    0.1759913002    0.0815286031
  -11.1200000000    0.1762093601    0.0837515029
  -11.1100000000    0.1766532825    0.0859974948
  -11.1000000000    0.1773363099    0.0882442350
  -11.0900000000    0.1782693807    0.0904659199
  -11.0800000000    0.1794602877    0.0926334398
  -11.0700000000    0.1809127968    0.0947147447
  -11.0600000000    0.1826257826    0.0966754514
  -11.0500000000    0.1845924522    0.0984797086
  -11.0400000000    0.1867997384    0.1000913119
  -11.0300000000    0.1892279495    0.1014750338
  -11.0200000000    0.1918507514    0.1025981003
  -11.0100000000    0.1946355413    0.1034317158
  -11.0000000000    0.1975442340    0.1039525178
  -10.9900000000    0.2005344442    0.1041438290
  -10.9800000000    0.2035609967    0.1039965860
  -10.9700000000    0.2065776594    0.1035098495
  -10.9600000000    0.2095389595    0.1026908398
  -10.9500000000    0.2124019369    0.1015544957
  -10.9400000000    0.2151276926    0.1001226046
  -10.9300000000    0.2176826223    0.0984225937
  -10.9200000000    0.2200392627    0.0964861038
  -10.9100000000    0.2221767253    0.0943474722
  -10.9000000000    0.2240807366    0.0920422495
  -10.8900000000    0.2257433371    0.0896058495
  -10.8800000000    0.2271623139    0.0870724041
  -10.8700000000    0.2283404527    0.0844738632
  -10.8600000000    0.2292846902    0.0818393505
  -10.8500000000    0.2300052407    0.0791947619
  -10.8400000000    0.2305147530    0.0765625784
  -10.8300000000    0.2308275394    0.0739618552
  -10.8200000000    0.2309589013    0.0714083469
  -10.8100000000    0.2309245637    0.0689147275
  -10.8000000000    0.2307402185    0.0664908730
  -10.7900000000    0.2304211725    0.0641441753
  -10.7800000000    0.2299820872    0.0618798658
  -10.7700000000    0.2294367998    0.0597013324
  -10.7600000000    0.2287982093    0.0576104171
  -10.7500000000    0.2280782166    0.0556076890
  -10.7400000000    0.2272877061    0.0536926877
  -10.7300000000    0.2264365575    0.0518641370
  -10.7200000000    0.2255336805    0.0501201284
  -10.7100000000    0.2245870644    0.0484582772
  -10.7000000000    0.2236038369    0.0468758534
  -10.6900000000    0.2225903288    0.0453698891
  -10.6800000000    0.2215521400    0.0439372670
  -10.6700000000    0.2204942054    0.0425747912
  -10.6600000000    0.2194208582    0.0412792437
  -10.6500000000    0.2183358908    0.0400474283
  -10.6400000000    0.2172426109    0.0388762051
  -10.6300000000    0.2161438943    0.0377625153
  -10.6200000000    0.2150422320    0.0367034004
  -10.6100000000    0.2139397747    0.0356960148
  -10.6000000000    0.2128383714    0.0347376348
  -10.5900000000    0.2117396053    0.0338256636
  -10.5800000000    0.2106448252    0.0329576333
  -10.5700000000    0.2095551737    0.0321312052
  -10.5600000000    0.2084716126    0.0313441682
  -10.5500000000    0.2073949450    0.0305944360
  -10.5400000000    0.2063258354    0.0298800437
  -10.5300000000    0.2052648264    0.0291991430
  -10.5200000000    0.2042123550    0.0285499979
  -10.5100000000    0.2031687654    0.0279309797
  -10.5000000000    0.2021343215    0.0273405617
  -10.4900000000    0.2011092173    0.0267773145
  -10.4800000000    0.2000935856    0.0262399005
  -10.4700000000    0.1990875071    0.0257270695
  -10.4600000000    0.1980910166    0.0252376538
  -10.4500000000    0.1971041099    0.0247705636
  -10.4400000000    0.1961267487    0.0243247827
  -10.4300000000    0.1951588662    0.0238993647
  -10.4200000000    0.1942003705    0.0234934289
  -10.4100000000    0.1932511489    0.0231061567
  -10.4000000000    0.1923110710    0.0227367884
  -10.3900000000    0.1913799914    0.0223846201
  -10.3800000000    0.1904577525    0.0220490008
  -10.3700000000    0.1895441866    0.0217293297
  -10.3600000000    0.1886391180    0.0214250538
  -10.3500000000    0.1877423644    0.0211356657
  -10.3400000000    0.1868537390    0.0208607016
  -10.3300000000    0.1859730518    0.0205997396
  -10.3200000000    0.1851001105    0.0203523980
  -10.3100000000    0.1842347221    0.0201183337
  -10.3000000000    0.1833766941    0.0198972412
  -10.2900000000    0.1825258351    0.0196888516
  -10.2800000000    0.1816819562    0.0194929313
  -10.2700000000    0.1808448720    0.0193092818
  -10.2600000000    0.1800144012    0.0191377386
  -10.2500000000    0.1791903683    0.0189781711
  -10.2400000000    0.1783726041    0.0188304823
  -10.2300000000    0.1775609471    0.0186946085
  -10.2200000000    0.1767552446    0.0185705194
  -10.2100000000    0.1759553541    0.0184582184
  -10.2000000000    0.1751611451    0.0183577427
  -10.1900000000    0.1743725000    0.0182691636
  -10.1800000000    0.1735893166    0.0181925874
  -10.1700000000    0.1728115099    0.0181281558
  -10.1600000000    0.1720390146    0.0180760465
  -10.1500000000    0.1712717873    0.0180364743
  -10.1400000000    0.1705098103    0.0180096917
  -10.1300000000    0.1697530941    0.0179959903
  -10.1200000000    0.1690016819    0.0179957010
  -10.1100000000    0.1682556540    0.0180091955
  -10.1000000000    0.1675151323    0.0180368867
  -10.0900000000    0.1667802866    0.0180792294
  -10.0800000000    0.1660513405    0.0181367211
  -10.0700000000    0.1653285791    0.0182099014
  -10.0600000000    0.1646123568    0.0182993520
  -10.0500000000    0.1639031067    0.0184056954
  -10.0400000000    0.1632013509    0.0185295933
  -10.0300000000    0.1625077120    0.0186717433
  -10.0200000000    0.1618229256    0.0188328748
  -10.0100000000    0.1611478545    0.0190137430
  -10.0000000000    0.1604835040    0.0192151208
   -9.9900000000    0.1598310382    0.0194377879
   -9.9800000000    0.1591917978    0.0196825172
   -9.9700000000    0.1585673186    0.0199500570
   -9.9600000000    0.1579593503    0.0202411090
   -9.9500000000    0.1573698754    0.0205563007
   -9.9400000000    0.1568011272    0.0208961521
   -9.9300000000    0.1562556058    0.0212610349
   -9.9200000000    0.1557360907    0.0216511244
   -9.9100000000    0.1552456479    0.0220663426
   -9.9000000000    0.1547876295    0.0225062930
   -9.8900000000    0.1543656627    0.0229701861
   -9.8800000000    0.1539836252    0.0234567572
   -9.8700000000    0.1536456024    0.0239641774
   -9.8600000000    0.1533558234    0.0244899614
   -9.8500000000    0.1531185711    0.0250308757
   -9.8400000000    0.1529380630    0.0255828529
   -9.8300000000    0.1528183005    0.0261409215
   -9.8200000000    0.1527628860    0.0266991598
   -9.8100000000    0.1527748104    0.0272506855
   -9.8000000000    0.1528562165    0.0277876938
   -9.7900000000    0.1530081506    0.0283015547
   -9.7800000000    0.1532303165    0.0287829804
   -9.7700000000    0.1535208536    0.0292222667
   -9.7600000000    0.1538761632    0.0296096066
   -9.7500000000    0.1542908079    0.0299354672
   -9.7400000000    0.1547575074    0.0301910096
   -9.7300000000    0.1552672482    0.0303685214
   -9.7200000000    0.1558095130    0.0304618287
   -9.7100000000    0.1563726243    0.0304666467
   -9.7000000000    0.1569441817    0.0303808341
   -9.6900000000    0.1575115604    0.0302045231
   -9.6800000000    0.1580624291    0.0299401110
   -9.6700000000    0.1585852430    0.0295921136
   -9.6600000000    0.1590696724    0.0291668969
   -9.6500000000    0.1595069328    0.0286723160
   -9.6400000000    0.1598900009    0.0281172986
   -9.6300000000    0.1602137091    0.0275114096
   -9.6200000000    0.1604747285    0.0268644346
   -9.6100000000    0.1606714573    0.0261860087
   -9.6000000000    0.1608038386    0.0254853098
   -9.5900000000    0.1608731335    0.0247708261
   -9.5800000000    0.1608816719    0.0240501970
   -9.5700000000    0.1608326038    0.0233301240
   -9.5600000000    0.1607296639    0.0226163392
   -9.5500000000    0.1605769612    0.0219136213
   -9.5400000000    0.1603787998    0.0212258459
   -9.5300000000    0.1601395310    0.0205560595
   -9.5200000000    0.1598634379    0.0199065663
   -9.5100000000    0.1595546488    0.0192790213
   -9.5000000000    0.1592170757    0.0186745235
   -9.4900000000    0.1588543749    0.0180937041
   -9.4800000000    0.1584699241    0.0175368087
   -9.4700000000    0.1580668131    0.0170037708
   -9.4600000000    0.1576478452    0.0164942762
   -9.4500000000    0.1572155455    0.0160078192
   -9.4400000000    0.1567721740    0.0155437492
   -9.4300000000    0.1563197430    0.0151013109
   -9.4200000000    0.1558600349    0.0146796769
   -9.4100000000    0.1553946219    0.0142779739
   -9.4000000000    0.1549248848    0.0138953041
   -9.3900000000    0.1544520322    0.0135307624
   -9.3800000000    0.1539771178    0.0131834491
   -9.3700000000    0.1535010570    0.0128524804
   -9.3600000000    0.1530246425    0.0125369953
   -9.3500000000    0.1525485579    0.0122361615
   -9.3400000000    0.1520733908    0.0119491790
   -9.3300000000    0.1515996440    0.0116752825
   -9.3200000000    0.1511277457    0.0114137425
   -9.3100000000    0.1506580588    0.0111638664
   -9.3000000000    0.1501908892    0.0109249980
   -9.2900000000    0.1497264925    0.0106965170
   -9.2800000000    0.1492650810    0.0104778381
   -9.2700000000    0.1488068288    0.0102684100
   -9.2600000000    0.1483518772    0.0100677137
   -9.2500000000    0.1479003385    0.0098752614
   -9.2400000000    0.1474523005    0.0096905948
   -9.2300000000    0.1470078293    0.0095132835
   -9.2200000000    0.1465669724    0.0093429239
   -9.2100000000    0.1461297614    0.0091791368
   -9.2000000000    0.1456962142    0.0090215668
   -9.1900000000    0.1452663367    0.0088698806
   -9.1800000000    0.1448401249    0.0087237653
   -9.1700000000    0.1444175661    0.0085829274
   -9.1600000000    0.1439986404    0.0084470917
   -9.1500000000    0.1435833216    0.0083159999
   -9.1400000000    0.1431715786    0.0081894093
   -9.1300000000    0.1427633757    0.0080670924
   -9.1200000000    0.1423586739    0.0079488351
   -9.1100000000    0.1419574311    0.0078344365
   -9.1000000000    0.1415596029    0.0077237078
   -9.0900000000    0.1411651432    0.0076164712
   -9.0800000000    0.1407740041    0.0075125597
   -9.0700000000    0.1403861371    0.0074118159
   -9.0600000000    0.1400014925    0.0073140918
   -9.0500000000    0.1396200205    0.0072192478
   -9.0400000000    0.1392416708    0.0071271525
   -9.0300000000    0.1388663931    0.0070376818
   -9.0200000000    0.1384941372    0.0069507186
   -9.0100000000    0.1381248532    0.0068661526
   -9.0000000000    0.1377584916    0.0067838795
   -8.9900000000    0.1373950033    0.0067038006
   -8.9800000000    0.1370343399    0.0066258228
   -8.9700000000    0.1366764534    0.0065498579
   -8.9600000000    0.1363212968    0.0064758226
   -8.9500000000    0.1359688236    0.0064036378
   -8.9400000000    0.1356189883    0.0063332287
   -8.9300000000    0.1352717459    0.0062645244
   -8.9200000000    0.1349270526    0.0061974576
   -8.9100000000    0.1345848652    0.0061319645
   -8.9000000000    0.1342451414    0.0060679845
   -8.8900000000    0.1339078398    0.0060054600
   -8.8800000000    0.1335729200    0.0059443364
   -8.8700000000    0.1332403421    0.0058845616
   -8.8600000000    0.1329100675    0.0058260863
   -8.8500000000    0.1325820581    0.0057688633
   -8.8400000000    0.1322562768    0.0057128478
   -8.8300000000    0.1319326874    0.0056579972
   -8.8200000000    0.1316112543    0.0056042707
   -8.8100000000    0.1312919430    0.0055516296
   -8.8000000000    0.1309747195    0.0055000369
   -8.7900000000    0.1306595509    0.0054494571
   -8.7800000000    0.1303464047    0.0053998567
   -8.7700000000    0.1300352494    0.0053512033
   -8.7600000000    0.1297260541    0.0053034662
   -8.7500000000    0.1294187888    0.0052566160
   -8.7400000000    0.1291134239    0.0052106244
   -8.7300000000    0.1288099308    0.0051654646
   -8.7200000000    0.1285082813    0.0051211107
   -8.7100000000    0.1282084480    0.0050775380
   -8.7000000000    0.1279104041    0.0050347229
   -8.6900000000    0.1276141234    0.0049926426
   -8.6800000000    0.1273195803    0.0049512754
   -8.6700000000    0.1270267497    0.0049106004
   -8.6600000000    0.1267356073    0.0048705976
   -8.6500000000    0.1264461291    0.0048312476
   -8.6400000000    0.1261582917    0.0047925321
   -8.6300000000    0.1258720724    0.0047544333
   -8.6200000000    0.1255874488    0.0047169341
   -8.6100000000    0.1253043990    0.0046800181
   -8.6000000000    0.1250229017    0.0046436694
   -8.5900000000    0.1247429361    0.0046078730
   -8.5800000000    0.1244644816    0.0045726142
   -8.5700000000    0.1241875183    0.0045378788
   -8.5600000000    0.1239120266    0.0045036534
   -8.5500000000    0.1236379874    0.0044699248
   -8.5400000000    0.1233653819    0.0044366804
   -8.5300000000    0.1230941918    0.0044039081
   -8.5200000000    0.1228243992    0.0043715962
   -8.5100000000    0.1225559865    0.0043397333
   -8.5000000000    0.1222889363    0.0043083085
   -8.4900000000    0.1220232320    0.0042773113
   -8.4800000000    0.1217588569    0.0042467315
   -8.4700000000    0.1214957950    0.0042165592
   -8.4600000000    0.1212340302    0.0041867849
   -8.4500000000    0.1209735471    0.0041573994
   -8.4400000000    0.1207143304    0.0041283938
   -8.4300000000    0.1204563653    0.0040997596
   -8.4200000000    0.1201996370    0.0040714883
   -8.4100000000    0.1199441313    0.0040435720
   -8.4000000000    0.1196898340    0.0040160027
   -8.3900000000    0.1194367313    0.0039887731
   -8.3800000000    0.1191848097    0.0039618756
   -8.3700000000    0.1189340559    0.0039353033
   -8.3600000000    0.1186844569    0.0039090493
   -8.3500000000    0.1184359999    0.0038831068
   -8.3400000000    0.1181886722    0.0038574695
   -8.3300000000    0.1179424617    0.0038321309
   -8.3200000000    0.1176973561    0.0038070852
   -8.3100000000    0.1174533436    0.0037823262
   -8.3000000000    0.1172104125    0.0037578484
   -8.2900000000    0.1169685514    0.0037336460
   -8.2800000000    0.1167277490    0.0037097138
   -8.2700000000    0.1164879942    0.0036860464
   -8.2600000000    0.1162492762    0.0036626388
   -8.2500000000    0.1160115843    0.0036394859
   -8.2400000000    0.1157749080    0.0036165830
   -8.2300000000    0.1155392370    0.0035939253
   -8.2200000000    0.1153045611    0.0035715083
   -8.2100000000    0.1150708703    0.0035493274
   -8.2000000000    0.1148381550    0.0035273785
   -8.1900000000    0.1146064054    0.0035056573
   -8.1800000000    0.1143756120    0.0034841596
   -8.1700000000    0.1141457655    0.0034628816
   -8.1600000000    0.1139168568    0.0034418192
   -8.1500000000    0.1136888768    0.0034209687
   -8.1400000000    0.1134618167    0.0034003265
   -8.1300000000    0.1132356676    0.0033798889
   -8.1200000000    0.1130104211    0.0033596523
   -8.1100000000    0.1127860686    0.0033396135
   -8.1000000000    0.1125626018    0.0033197690
   -8.0900000000    0.1123400125    0.0033001157
   -8.0800000000    0.1121182927    0.0032806502
   -8.0700000000    0.1118974343    0.0032613696
   -8.0600000000    0.1116774295    0.0032422708
   -8.0500000000    0.1114582707    0.0032233508
   -8.0400000000    0.1112399502    0.0032046069
   -8.0300000000    0.1110224605    0.0031860361
   -8.0200000000    0.1108057943    0.0031676357
   -8.0100000000    0.1105899443    0.0031494030
   -8.0000000000    0.1103749033    0.0031313355
   -7.9900000000    0.1101606643    0.0031134305
   -7.9800000000    0.1099472204    0.0030956856
   -7.9700000000    0.1097345646    0.0030780982
   -7.9600000000    0.1095226902    0.0030606661
   -7.9500000000    0.1093115906    0.0030433869
   -7.9400000000    0.1091012592    0.0030262582
   -7.9300000000    0.1088916895    0.0030092778
   -7.9200000000    0.1086828751    0.0029924437
   -7.9100000000    0.1084748097    0.0029757535
   -7.9000000000    0.1082674871    0.0029592052
   -7.8900000000    0.1080609012    0.0029427968
   -7.8800000000    0.1078550460    0.0029265263
   -7.8700000000    0.1076499154    0.0029103917
   -7.8600000000    0.1074455037    0.0028943910
   -7.8500000000    0.1072418049    0.0028785224
   -7.8400000000    0.1070388134    0.0028627840
   -7.8300000000    0.1068365235    0.0028471741
   -7.8200000000    0.1066349296    0.0028316907
   -7.8100000000    0.1064340262    0.0028163324
   -7.8000000000    0.1062338079    0.0028010972
   -7.7900000000    0.1060342693    0.0027859835
   -7.7800000000    0.1058354052    0.0027709898
   -7.7700000000    0.1056372102    0.0027561144
   -7.7600000000    0.1054396793    0.0027413557
   -7.7500000000    0.1052428073    0.0027267122
   -7.7400000000    0.1050465891    0.0027121824
   -7.7300000000    0.1048510199    0.0026977647
   -7.7200000000    0.1046560947    0.0026834579
   -7.7100000000    0.1044618086    0.0026692603
   -7.7000000000    0.1042681569    0.0026551706
   -7.6900000000    0.1040751348    0.0026411875
   -7.6800000000    0.1038827376    0.0026273096
   -7.6700000000    0.1036909608    0.0026135355
   -7.6600000000    0.1034997997    0.0025998640
   -7.6500000000    0.1033092498    0.0025862938
   -7.6400000000    0.1031193067    0.0025728236
   -7.6300000000    0.1029299660    0.0025594522
   -7.6200000000    0.1027412233    0.0025461784
   -7.6100000000    0.1025530743    0.0025330010
   -7.6000000000    0.1023655147    0.0025199189
   -7.5900000000    0.1021785404    0.0025069308
   -7.5800000000    0.1019921471    0.0024940358
   -7.5700000000    0.1018063308    0.0024812325
   -7.5600000000    0.1016210874    0.0024685201
   -7.5500000000    0.1014364129    0.0024558973
   -7.5400000000    0.1012523033    0.0024433632
   -7.5300000000    0.1010687547    0.0024309168
   -7.5200000000    0.1008857632    0.0024185569
   -7.5100000000    0.1007033249    0.0024062826
   -7.5000000000    0.1005214360    0.0023940930
   -7.4900000000    0.1003400929    0.0023819870
   -7.4800000000    0.1001592916    0.0023699637
   -7.4700000000    0.0999790287    0.0023580222
   -7.4600000000    0.0997993004    0.0023461616
   -7.4500000000    0.0996201031    0.0023343809
   -7.4400000000    0.0994414333    0.0023226792
   -7.4300000000    0.0992632875    0.0023110557
   -7.4200000000    0.0990856621    0.0022995096
   -7.4100000000    0.0989085537    0.0022880399
   -7.4000000000    0.0987319589    0.0022766459
   -7.3900000000    0.0985558743    0.0022653267
   -7.3800000000    0.0983802965    0.0022540815
   -7.3700000000    0.0982052224    0.0022429094
   -7.3600000000    0.0980306484    0.0022318099
   -7.3500000000    0.0978565716    0.0022207819
   -7.3400000000    0.0976829885    0.0022098249
   -7.3300000000    0.0975098960    0.0021989380
   -7.3200000000    0.0973372911    0.0021881205
   -7.3100000000    0.0971651705    0.0021773717
   -7.3000000000    0.0969935313    0.0021666909
   -7.2900000000    0.0968223702    0.0021560773
   -7.2800000000    0.0966516844    0.0021455303
   -7.2700000000    0.0964814708    0.0021350492
   -7.2600000000    0.0963117265    0.0021246332
   -7.2500000000    0.0961424484    0.0021142819
   -7.2400000000    0.0959736338    0.0021039944
   -7.2300000000    0.0958052797    0.0020937701
   -7.2200000000    0.0956373833    0.0020836084
   -7.2100000000    0.0954699418    0.0020735088
   -7.2000000000    0.0953029523    0.0020634704
   -7.1900000000    0.0951364121    0.0020534928
   -7.1800000000    0.0949703184    0.0020435754
   -7.1700000000    0.0948046686    0.0020337175
   -7.1600000000    0.0946394599    0.0020239186
   -7.1500000000    0.0944746897    0.0020141781
   -7.1400000000    0.0943103552    0.0020044954
   -7.1300000000    0.0941464540    0.0019948700
   -7.1200000000    0.0939829834    0.0019853013
   -7.1100000000    0.0938199408    0.0019757888
   -7.1000000000    0.0936573237    0.0019663319
   -7.0900000000    0.0934951296    0.0019569300
   -7.0800000000    0.0933333559    0.0019475828
   -7.0700000000    0.0931720002    0.0019382896
   -7.0600000000    0.0930110600    0.0019290500
   -7.0500000000    0.0928505329    0.0019198634
   -7.0400000000    0.0926904165    0.0019107293
   -7.0300000000    0.0925307084    0.0019016474
   -7.0200000000    0.0923714062    0.0018926169
   -7.0100000000    0.0922125075    0.0018836376
   -7.0000000000    0.0920540101    0.0018747089
   -6.9900000000    0.0918959116    0.0018658304
   -6.9800000000    0.0917382097    0.0018570016
   -6.9700000000    0.0915809022    0.0018482220
   -6.9600000000    0.0914239868    0.0018394912
   -6.9500000000    0.0912674613    0.0018308088
   -6.9400000000    0.0911113235    0.0018221743
   -6.9300000000    0.0909555712    0.0018135873
   -6.9200000000    0.0908002022    0.0018050474
   -6.9100000000    0.0906452143    0.0017965541
   -6.9000000000    0.0904906054    0.0017881071
   -6.8900000000    0.0903363735    0.0017797058
   -6.8800000000    0.0901825163    0.0017713500
   -6.8700000000    0.0900379570    0.0016391233
   -6.8600000000    0.0898847419    0.0016317823
   -6.8500000000    0.0897318970    0.0016244764
   -6.8400000000    0.0895794200    0.0016172054
   -6.8300000000    0.0894273089    0.0016099690
   -6.8200000000    0.0892755617    0.0016027669
   -6.8100000000    0.0891241763    0.0015955989
   -6.8000000000    0.0889731509    0.0015884648
   -6.7900000000    0.0888224834    0.0015813643
   -6.7800000000    0.0886721718    0.0015742971
   -6.7700000000    0.0885222143    0.0015672631
   -6.7600000000    0.0883726088    0.0015602619
   -6.7500000000    0.0882233536    0.0015532934
   -6.7400000000    0.0880744466    0.0015463574
   -6.7300000000    0.0879258861    0.0015394535
   -6.7200000000    0.0877776701    0.0015325817
   -6.7100000000    0.0876297968    0.0015257415
   -6.7000000000    0.0874822644    0.0015189329
   -6.6900000000    0.0873350710    0.0015121556
   -6.6800000000    0.0871882149    0.0015054094
   -6.6700000000    0.0870416942    0.0014986941
   -6.6600000000    0.0868955072    0.0014920094
   -6.6500000000    0.0867496521    0.0014853551
   -6.6400000000    0.0866041272    0.0014787311
   -6.6300000000    0.0864589307    0.0014721371
   -6.6200000000    0.0863140609    0.0014655729
   -6.6100000000    0.0861695161    0.0014590383
   -6.6000000000    0.0860252947    0.0014525332
   -6.5900000000    0.0858813948    0.0014460572
   -6.5800000000    0.0857378149    0.0014396103
   -6.5700000000    0.0855945533    0.0014331921
   -6.5600000000    0.0854516083    0.0014268026
   -6.5500000000    0.0853089783    0.0014204415
   -6.5400000000    0.0851666618    0.0014141086
   -6.5300000000    0.0850246570    0.0014078037
   -6.5200000000    0.0848829624    0.0014015267
   -6.5100000000    0.0847415764    0.0013952774
   -6.5000000000    0.0846004975    0.0013890555
   -6.4900000000    0.0844597240    0.0013828610
   -6.4800000000    0.0843192544    0.0013766935
   -6.4700000000    0.0841790873    0.0013705529
   -6.4600000000    0.0840392210    0.0013644392
   -6.4500000000    0.0838996540    0.0013583519
   -6.4400000000    0.0837603849    0.0013522911
   -6.4300000000    0.0836214121    0.0013462565
   -6.4200000000    0.0834827342    0.0013402479
   -6.4100000000    0.0833443496    0.0013342653
   -6.4000000000    0.0832062570    0.0013283083
   -6.3900000000    0.0830684549    0.0013223769
   -6.3800000000    0.0829309418    0.0013164708
   -6.3700000000    0.0827937163    0.0013105899
   -6.3600000000    0.0826567771    0.0013047341
   -6.3500000000    0.0825201225    0.0012989032
   -6.3400000000    0.0823837514    0.0012930970
   -6.3300000000    0.0822476622    0.0012873153
   -6.3200000000    0.0821118536    0.0012815581
   -6.3100000000    0.0819763243    0.0012758251
   -6.3000000000    0.0818410728    0.0012701162
   -6.2900000000    0.0817060979    0.0012644312
   -6.2800000000    0.0815713981    0.0012587700
   -6.2700000000    0.0814369721    0.0012531324
   -6.2600000000    0.0813028186    0.0012475183
   -6.2500000000    0.0811689364    0.0012419276
   -6.2400000000    0.0810353240    0.0012363600
   -6.2300000000    0.0809019802    0.0012308155
   -6.2200000000    0.0807689037    0.0012252939
   -6.2100000000    0.0806360933    0.0012197950
   -6.2000000000    0.0805035475    0.0012143187
   -6.1900000000    0.0803712653    0.0012088649
   -6.1800000000    0.0802392453    0.0012034334
   -6.1700000000    0.0801074862    0.0011980241
   -6.1600000000    0.0799759869    0.0011926368
   -6.1500000000    0.0798447461    0.0011872715
   -6.1400000000    0.0797137626    0.0011819279
   -6.1300000000    0.0795830351    0.0011766060
   -6.0200000000    0.0781968644    0.0000000000
   -6.0100000000    0.0780688993    0.0000000000
   -6.0000000000    0.0779411765    0.0000000000
   -5.9900000000    0.0778136949    0.0000000000
   -5.9800000000    0.0776864534    0.0000000000
   -5.9700000000    0.0775594508    0.0000000000
   -5.9600000000    0.0774326862    0.0000000000
   -5.9500000000    0.0773061582    0.0000000000
   -5.9400000000    0.0771798660    0.0000000000
   -5.9300000000    0.0770538084    0.0000000000
   -5.9200000000    0.0769279843    0.0000000000
   -5.9100000000    0.0768023927    0.0000000000
   -5.9000000000    0.0766770324    0.0000000000
   -5.8900000000    0.0765519025    0.0000000000
   -5.8800000000    0.0764270020    0.0000000000
   -5.8700000000    0.0763023296    0.0000000000
   -5.8600000000    0.0761778845    0.0000000000
   -5.8500000000    0.0760536656    0.0000000000
   -5.8400000000    0.0759296719    0.0000000000
   -5.8300000000    0.0758059023    0.0000000000
   -5.8200000000    0.0756823558    0.0000000000
   -5.8100000000    0.0755590315    0.0000000000
   -5.8000000000    0.0754359283    0.0000000000
   -5.7900000000    0.0753130453    0.0000000000
   -5.7800000000    0.0751903814    0.0000000000
   -5.7700000000    0.0750679357    0.0000000000
   -5.7600000000    0.0749457071    0.0000000000
   -5.7500000000    0.0748236949    0.0000000000
   -5.7400000000    0.0747018978    0.0000000000
   -5.7300000000    0.0745803151    0.0000000000
   -5.7200000000    0.0744589457    0.0000000000
   -5.7100000000    0.0743377887    0.0000000000
   -5.7000000000    0.0742168432    0.0000000000
   -5.6900000000    0.0740961082    0.0000000000
   -5.6800000000    0.0739755828    0.0000000000
   -5.6700000000    0.0738552660    0.0000000000
   -5.6600000000    0.0737351570    0.0000000000
   -5.6500000000    0.0736152548    0.0000000000
   -5.6400000000    0.0734955585    0.0000000000
   -5.6300000000    0.0733760672    0.0000000000
   -5.6200000000    0.0732567800    0.0000000000
   -5.6100000000    0.0731376960    0.0000000000
   -5.6000000000    0.0730188143    0.0000000000
   -5.5900000000    0.0729001340    0.0000000000
   -5.5800000000    0.0727816543    0.0000000000
   -5.5700000000    0.0726633743    0.0000000000
   -5.5600000000    0.0725452930    0.0000000000
   -5.5500000000    0.0724274097    0.0000000000
   -5.5400000000    0.0723097234    0.0000000000
   -5.5300000000    0.0721922333    0.0000000000
   -5.5200000000    0.0720749386    0.0000000000
   -5.5100000000    0.0719578384    0.0000000000
   -5.5000000000    0.0718409318    0.0000000000
   -5.4900000000    0.0717242180    0.0000000000
   -5.4800000000    0.0716076962    0.0000000000
   -5.4700000000    0.0714913656    0.0000000000
   -5.4600000000    0.0713752253    0.0000000000
   -5.4500000000    0.0712592744    0.0000000000
   -5.4400000000    0.0711435123    0.0000000000
   -5.4300000000    0.0710279380    0.0000000000
   -5.4200000000    0.0709125507    0.0000000000
   -5.4100000000    0.0707973497    0.0000000000
   -5.4000000000    0.0706823342    0.0000000000
   -5.3900000000    0.0705675032    0.0000000000
   -5.3800000000    0.0704528562    0.0000000000
   -5.3700000000    0.0703383922    0.0000000000
   -5.3600000000    0.0702241104    0.0000000000
   -5.3500000000    0.0701100102    0.0000000000
   -5.3400000000    0.0699960906    0.0000000000
   -5.3300000000    0.0698823510    0.0000000000
   -5.3200000000    0.0697687905    0.0000000000
   -5.3100000000    0.0696554085    0.0000000000
   -5.3000000000    0.0695422041    0.0000000000
   -5.2900000000    0.0694291765    0.0000000000
   -5.2800000000    0.0693163251    0.0000000000
   -5.2700000000    0.0692036490    0.0000000000
   -5.2600000000    0.0690911476    0.0000000000
   -5.2500000000    0.0689788200    0.0000000000
   -5.2400000000    0.0688666656    0.0000000000
   -5.2300000000    0.0687546835    0.0000000000
   -5.2200000000    0.0686428731    0.0000000000
   -5.2100000000    0.0685312336    0.0000000000
   -5.2000000000    0.0684197643    0.0000000000
   -5.1900000000    0.0683084645    0.0000000000
   -5.1800000000    0.0681973335    0.0000000000
   -5.1700000000    0.0680863704    0.0000000000
   -5.1600000000    0.0679755747    0.0000000000
   -5.1500000000    0.0678649456    0.0000000000
   -5.1400000000    0.0677544824    0.0000000000
   -5.1300000000    0.0676441844    0.0000000000
   -5.1200000000    0.0675340508    0.0000000000
   -5.1100000000    0.0674240811    0.0000000000
   -5.1000000000    0.0673142744    0.0000000000
   -5.0900000000    0.0672046302    0.0000000000
   -5.0800000000    0.0670951477    0.0000000000
   -5.0700000000    0.0669858261    0.0000000000
   -5.0600000000    0.0668766650    0.0000000000
   -5.0500000000    0.0667676635    0.0000000000
   -5.0400000000    0.0666588209    0.0000000000
   -5.0300000000    0.0665501367    0.0000000000
   -5.0200000000    0.0664416101    0.0000000000
   -5.0100000000    0.0663332405    0.0000000000
   -5.0000000000    0.0662250272    0.0000000000
   -4.9900000000    0.0661169695    0.0000000000
   -4.9800000000    0.0660090668    0.0000000000
   -4.9700000000    0.0659013184    0.0000000000
   -4.9600000000    0.0657937237    0.0000000000
   -4.9500000000    0.0656862819    0.0000000000
   -4.9400000000    0.0655789926    0.0000000000
   -4.9300000000    0.0654718549    0.0000000000
   -4.9200000000    0.0653648683    0.0000000000
   -4.9100000000    0.0652580321    0.0000000000
   -4.9000000000    0.0651513457    0.0000000000
   -4.8900000000    0.0650448084    0.0000000000
   -4.8800000000    0.0649384197    0.0000000000
   -4.8700000000    0.0648321788    0.0000000000
   -4.8600000000    0.0647260852    0.0000000000
   -4.8500000000    0.0646201381    0.0000000000
   -4.8400000000    0.0645143371    0.0000000000
   -4.8300000000    0.0644086814    0.0000000000
   -4.8200000000    0.0643031705    0.0000000000
   -4.8100000000    0.0641978037    0.0000000000
   -4.8000000000    0.0640925804    0.0000000000
   -4.7900000000    0.0639875000    0.0000000000
   -4.7800000000    0.0638825619    0.0000000000
   -4.7700000000    0.0637777654    0.0000000000
   -4.7600000000    0.0636731101    0.0000000000
   -4.7500000000    0.0635685951    0.0000000000
   -4.7400000000    0.0634642201    0.0000000000
   -4.7300000000    0.0633599843    0.0000000000
   -4.7200000000    0.0632558871    0.0000000000
   -4.7100000000    0.0631519280    0.0000000000
   -4.7000000000    0.0630481063    0.0000000000
   -4.6900000000    0.0629444216    0.0000000000
   -4.6800000000    0.0628408731    0.0000000000
   -4.6700000000    0.0627374602    0.0000000000
   -4.6600000000    0.0626341825    0.0000000000
   -4.6500000000    0.0625310393    0.0000000000
   -4.6400000000    0.0624280300    0.0000000000
   -4.6300000000    0.0623251541    0.0000000000
   -4.6200000000    0.0622224109    0.0000000000
   -4.6100000000    0.0621197999    0.0000000000
   -4.6000000000    0.0620173205    0.0000000000
   -4.5900000000    0.0619149722    0.0000000000
   -4.5800000000    0.0618127543    0.0000000000
   -4.5700000000    0.0617106663    0.0000000000
   -4.5600000000    0.0616087076    0.0000000000
   -4.5500000000    0.0615068776    0.0000000000
   -4.5400000000    0.0614051758    0.0000000000
   -4.5300000000    0.0613036017    0.0000000000
   -4.5200000000    0.0612021546    0.0000000000
   -4.5100000000    0.0611008340    0.0000000000
   -4.5000000000    0.0609996393    0.0000000000
   -4.4900000000    0.0608985699    0.0000000000
   -4.4800000000    0.0607976254    0.0000000000
   -4.4700000000    0.0606968051    0.0000000000
   -4.4600000000    0.0605961086    0.0000000000
   -4.4500000000    0.0604955351    0.0000000000
   -4.4400000000    0.0603950843    0.0000000000
   -4.4300000000    0.0602947555    0.0000000000
   -4.4200000000    0.0601945481    0.0000000000
   -4.4100000000    0.0600944617    0.0000000000
   -4.4000000000    0.0599944957    0.0000000000
   -4.3900000000    0.0598946496    0.0000000000
   -4.3800000000    0.0597949227    0.0000000000
   -4.3700000000    0.0596953146    0.0000000000
   -4.3600000000    0.0595958247    0.0000000000
   -4.3500000000    0.0594964524    0.0000000000
   -4.3400000000    0.0593971973    0.0000000000
   -4.3300000000    0.0592980588    0.0000000000
   -4.3200000000    0.0591990363    0.0000000000
   -4.3100000000    0.0591001293    0.0000000000
   -4.3000000000    0.0590013373    0.0000000000
   -4.2900000000    0.0589026598    0.0000000000
   -4.2800000000    0.0588040961    0.0000000000
   -4.2700000000    0.0587056458    0.0000000000
   -4.2600000000    0.0586073083    0.0000000000
   -4.2500000000    0.0585090832    0.0000000000
   -4.2400000000    0.0584109697    0.0000000000
   -4.2300000000    0.0583129676    0.0000000000
   -4.2200000000    0.0582150761    0.0000000000
   -4.2100000000    0.0581172948    0.0000000000
   -4.2000000000    0.0580196232    0.0000000000
   -4.1900000000    0.0579220606    0.0000000000
   -4.1800000000    0.0578246067    0.0000000000
   -4.1700000000    0.0577272608    0.0000000000
   -4.1600000000    0.0576300225    0.0000000000
   -4.1500000000    0.0575328911    0.0000000000
   -4.1400000000    0.0574358663    0.0000000000
   -4.1300000000    0.0573389474    0.0000000000
   -4.1200000000    0.0572421339    0.0000000000
   -4.1100000000    0.0571454254    0.0000000000
   -4.1000000000    0.0570488212    0.0000000000
   -4.0900000000    0.0569523209    0.0000000000
   -4.0800000000    0.0568559240    0.0000000000
   -4.0700000000    0.0567596298    0.0000000000
   -4.0600000000    0.0566634379    0.0000000000
   -4.0500000000    0.0565673479    0.0000000000
   -4.0400000000    0.0564713590    0.0000000000
   -4.0300000000    0.0563754709    0.0000000000
   -4.0200000000    0.0562796830    0.0000000000
   -4.0100000000    0.0561839947    0.0000000000
   -4.0000000000    0.0560884057    0.0000000000
   -3.9900000000    0.0559929152    0.0000000000
   -3.9800000000    0.0558975229    0.0000000000
   -3.9700000000    0.0558022282    0.0000000000
   -3.9600000000    0.0557070305    0.0000000000
   -3.9500000000    0.0556119294    0.0000000000
   -3.9400000000    0.0555169243    0.0000000000
   -3.9300000000    0.0554220147    0.0000000000
   -3.9200000000    0.0553272001    0.0000000000
   -3.9100000000    0.0552324799    0.0000000000
   -3.9000000000    0.0551378537    0.0000000000
   -3.8900000000    0.0550433209    0.0000000000
   -3.8800000000    0.0549488810    0.0000000000
   -3.8700000000    0.0548545334    0.0000000000
   -3.8600000000    0.0547602777    0.0000000000
   -3.8500000000    0.0546661132    0.0000000000
   -3.8400000000    0.0545720396    0.0000000000
   -3.8300000000    0.0544780562    0.0000000000
   -3.8200000000    0.0543841625    0.0000000000
   -3.8100000000    0.0542903581    0.0000000000
   -3.8000000000    0.0541966423    0.0000000000
   -3.7900000000    0.0541030146    0.0000000000
   -3.7800000000    0.0540094746    0.0000000000
   -3.7700000000    0.0539160216    0.0000000000
   -3.7600000000    0.0538226552    0.0000000000
   -3.7500000000    0.0537293748    0.0000000000
   -3.7400000000    0.0536361798    0.0000000000
   -3.7300000000    0.0535430698    0.0000000000
   -3.7200000000    0.0534500443    0.0000000000
   -3.7100000000    0.0533571025    0.0000000000
   -3.7000000000    0.0532642442    0.0000000000
   -3.6900000000    0.0531714686    0.0000000000
   -3.6800000000    0.0530787752    0.0000000000
   -3.6700000000    0.0529861636    0.0000000000
   -3.6600000000    0.0528936331    0.0000000000
   -3.6500000000    0.0528011832    0.0000000000
   -3.6400000000    0.0527088134    0.0000000000
   -3.6300000000    0.0526165232    0.0000000000
   -3.6200000000    0.0525243119    0.0000000000
   -3.6100000000    0.0524321790    0.0000000000
   -3.6000000000    0.0523404626    0.0000000000
   -3.5900000000    0.0522526544   -0.0000640828
   -3.5800000000    0.0521608049   -0.0000645665
   -3.5700000000    0.0520690323   -0.0000650550
   -3.5600000000    0.0519773361   -0.0000655482
   -3.5500000000    0.0518857157   -0.0000660463
   -3.5400000000    0.0517941706   -0.0000665493
   -3.5300000000    0.0517027002   -0.0000670573
   -3.5200000000    0.0516113039   -0.0000675704
   -3.5100000000    0.0515199812   -0.0000680886
   -3.5000000000    0.0514287316   -0.0000686121
   -3.4900000000    0.0513375545   -0.0000691409
   -3.4800000000    0.0512464493   -0.0000696750
   -3.4700000000    0.0511554154   -0.0000702147
   -3.4600000000    0.0510644523   -0.0000707599
   -3.4500000000    0.0509735594   -0.0000713107
   -3.4400000000    0.0508827361   -0.0000718672
   -3.4300000000    0.0507919819   -0.0000724296
   -3.4200000000    0.0507012961   -0.0000729978
   -3.4100000000    0.0506106783   -0.0000735721
   -3.4000000000    0.0505201277   -0.0000741524
   -3.3900000000    0.0504296439   -0.0000747389
   -3.3800000000    0.0503392262   -0.0000753317
   -3.3700000000    0.0502488740   -0.0000759308
   -3.3600000000    0.0501585868   -0.0000765364
   -3.3500000000    0.0500683639   -0.0000771485
   -3.3400000000    0.0499782047   -0.0000777673
   -3.3300000000    0.0498881087   -0.0000783929
   -3.3200000000    0.0497980752   -0.0000790254
   -3.3100000000    0.0497081036   -0.0000796649
   -3.3000000000    0.0496181932   -0.0000803114
   -3.2900000000    0.0495283436   -0.0000809652
   -3.2800000000    0.0494385539   -0.0000816263
   -3.2700000000    0.0493488237   -0.0000822948
   -3.2600000000    0.0492591523   -0.0000829709
   -3.2500000000    0.0491695389   -0.0000836547
   -3.2400000000    0.0490799831   -0.0000843463
   -3.2300000000    0.0489904842   -0.0000850458
   -3.2200000000    0.0489010414   -0.0000857534
   -3.2100000000    0.0488116542   -0.0000864692
   -3.2000000000    0.0487223218   -0.0000871934
   -3.1900000000    0.0486330437   -0.0000879260
   -3.1800000000    0.0485438191   -0.0000886672
   -3.1700000000    0.0484546474   -0.0000894171
   -3.1600000000    0.0483655279   -0.0000901760
   -3.1500000000    0.0482764599   -0.0000909439
   -3.1400000000    0.0481874427   -0.0000917210
   -3.1300000000    0.0480984757   -0.0000925075
   -3.1200000000    0.0480095581   -0.0000933035
   -3.1100000000    0.0479206891   -0.0000941091
   -3.1000000000    0.0478318682   -0.0000949246
   -3.0900000000    0.0477430946   -0.0000957501
   -3.0800000000    0.0476543675   -0.0000965858
   -3.0700000000    0.0475656862   -0.0000974319
   -3.0600000000    0.0474770500   -0.0000982885
   -3.0500000000    0.0473884581   -0.0000991558
   -3.0400000000    0.0472999098   -0.0001000340
   -3.0300000000    0.0472114044   -0.0001009233
   -3.0200000000    0.0471229409   -0.0001018239
   -3.0100000000    0.0470345188   -0.0001027360
   -3.0000000000    0.0469461372   -0.0001036598
   -2.9900000000    0.0468577952   -0.0001045955
   -2.9800000000    0.0467694922   -0.0001055434
   -2.9700000000    0.0466812272   -0.0001065035
   -2.9600000000    0.0465929996   -0.0001074763
   -2.9500000000    0.0465048084   -0.0001084618
   -2.9400000000    0.0464166528   -0.0001094603
   -2.9300000000    0.0463285320   -0.0001104721
   -2.9200000000    0.0462404451   -0.0001114975
   -2.9100000000    0.0461523914   -0.0001125365
   -2.9000000000    0.0460643698   -0.0001135896
   -2.8900000000    0.0459763795   -0.0001146570
   -2.8800000000    0.0458884197   -0.0001157389
   -2.8700000000    0.0458004894   -0.0001168356
   -2.8600000000    0.0457125877   -0.0001179474
   -2.8500000000    0.0456247137   -0.0001190745
   -2.8400000000    0.0455368665   -0.0001202174
   -2.8300000000    0.0454490451   -0.0001213762
   -2.8200000000    0.0453612486   -0.0001225513
   -2.8100000000    0.0452734760   -0.0001237430
   -2.8000000000    0.0451857263   -0.0001249516
   -2.7900000000    0.0450979985   -0.0001261774
   -2.7800000000    0.0450102916   -0.0001274208
   -2.7700000000    0.0449226046   -0.0001286822
   -2.7600000000    0.0448349364   -0.0001299618
   -2.7500000000    0.0447472861   -0.0001312601
   -2.7400000000    0.0446596525   -0.0001325774
   -2.7300000000    0.0445720346   -0.0001339141
   -2.7200000000    0.0444844313   -0.0001352706
   -2.7100000000    0.0443968415   -0.0001366473
   -2.7000000000    0.0443092640   -0.0001380445
   -2.6900000000    0.0442216977   -0.0001394628
   -2.6800000000    0.0441341415   -0.0001409026
   -2.6700000000    0.0440465941   -0.0001423643
   -2.6600000000    0.0439590545   -0.0001438483
   -2.6500000000    0.0438715213   -0.0001453551
   -2.6400000000    0.0437839934   -0.0001468853
   -2.6300000000    0.0436964696   -0.0001484392
   -2.6200000000    0.0436089484   -0.0001500174
   -2.6100000000    0.0435214288   -0.0001516204
   -2.6000000000    0.0434339092   -0.0001532488
   -2.5900000000    0.0433463886   -0.0001549031
   -2.5800000000    0.0432588654   -0.0001565838
   -2.5700000000    0.0431713383   -0.0001582915
   -2.5600000000    0.0430838060   -0.0001600269
   -2.5500000000    0.0429962670   -0.0001617905
   -2.5400000000    0.0429087198   -0.0001635829
   -2.5300000000    0.0428211631   -0.0001654048
   -2.5200000000    0.0427335953   -0.0001672569
   -2.5100000000    0.0426460149   -0.0001691397
   -2.5000000000    0.0425584204   -0.0001710541
   -2.4900000000    0.0424708102   -0.0001730008
   -2.4800000000    0.0423831827   -0.0001749804
   -2.4700000000    0.0422955363   -0.0001769937
   -2.4600000000    0.0422078693   -0.0001790415
   -2.4500000000    0.0421201801   -0.0001811247
   -2.4400000000    0.0420324669   -0.0001832439
   -2.4300000000    0.0419447280   -0.0001854002
   -2.4200000000    0.0418569617   -0.0001875943
   -2.4100000000    0.0417691661   -0.0001898271
   -2.4000000000    0.0416813393   -0.0001920996
   -2.3900000000    0.0415934795   -0.0001944128
   -2.3800000000    0.0415055848   -0.0001967675
   -2.3700000000    0.0414176532   -0.0001991649
   -2.3600000000    0.0413296827   -0.0002016059
   -2.3500000000    0.0412416713   -0.0002040917
   -2.3400000000    0.0411536170   -0.0002066233
   -2.3300000000    0.0410655175   -0.0002092019
   -2.3200000000    0.0409773708   -0.0002118287
   -2.3100000000    0.0408891746   -0.0002145048
   -2.3000000000    0.0408009267   -0.0002172316
   -2.2900000000    0.0407126248   -0.0002200103
   -2.2800000000    0.0406242666   -0.0002228422
   -2.2700000000    0.0405358496   -0.0002257287
   -2.2600000000    0.0404473715   -0.0002286713
   -2.2500000000    0.0403588297   -0.0002316714
   -2.2400000000    0.0402702217   -0.0002347305
   -2.2300000000    0.0401815449   -0.0002378502
   -2.2200000000    0.0400927966   -0.0002410321
   -2.2100000000    0.0400039741   -0.0002442778
   -2.2000000000    0.0399150746   -0.0002475891
   -2.1900000000    0.0398260953   -0.0002509678
   -2.1800000000    0.0397370333   -0.0002544157
   -2.1700000000    0.0396478856   -0.0002579347
   -2.1600000000    0.0395586491   -0.0002615268
   -2.1500000000    0.0394693208   -0.0002651940
   -2.1400000000    0.0393798974   -0.0002689384
   -2.1300000000    0.0392903758   -0.0002727623
   -2.1200000000    0.0392007525   -0.0002766678
   -2.1100000000    0.0391110241   -0.0002806573
   -2.1000000000    0.0390211873   -0.0002847332
   -2.0900000000    0.0389312383   -0.0002888981
   -2.0800000000    0.0388411735   -0.0002931545
   -2.0700000000    0.0387509892   -0.0002975052
   -2.0600000000    0.0386606815   -0.0003019529
   -2.0500000000    0.0385702464   -0.0003065005
   -2.0400000000    0.0384796800   -0.0003111511
   -2.0300000000    0.0383889780   -0.0003159077
   -2.0200000000    0.0382981364   -0.0003207736
   -2.0100000000    0.0382071505   -0.0003257522
   -2.0000000000    0.0381160162   -0.0003308469
   -1.9900000000    0.0380247286   -0.0003360613
   -1.9800000000    0.0379332832   -0.0003413993
   -1.9700000000    0.0378416752   -0.0003468647
   -1.9600000000    0.0377498995   -0.0003524616
   -1.9500000000    0.0376579511   -0.0003581942
   -1.9400000000    0.0375658248   -0.0003640669
   -1.9300000000    0.0374735154   -0.0003700843
   -1.9200000000    0.0373810171   -0.0003762512
   -1.9100000000    0.0372883246   -0.0003825724
   -1.9000000000    0.0371954318   -0.0003890532
   -1.8900000000    0.0371023330   -0.0003956989
   -1.8800000000    0.0370090221   -0.0004025150
   -1.8700000000    0.0369154926   -0.0004095076
   -1.8600000000    0.0368217383   -0.0004166825
   -1.8500000000    0.0367277525   -0.0004240461
   -1.8400000000    0.0366335283   -0.0004316051
   -1.8300000000    0.0365390589   -0.0004393664
   -1.8200000000    0.0364443370   -0.0004473371
   -1.8100000000    0.0363493552   -0.0004555247
   -1.8000000000    0.0362541060   -0.0004639371
   -1.7900000000    0.0361585815   -0.0004725826
   -1.7800000000    0.0360627738   -0.0004814696
   -1.7700000000    0.0359666746   -0.0004906071
   -1.7600000000    0.0358702753   -0.0005000046
   -1.7500000000    0.0357735674   -0.0005096717
   -1.7400000000    0.0356765419   -0.0005196189
   -1.7300000000    0.0355791894   -0.0005298568
   -1.7200000000    0.0354815006   -0.0005403966
   -1.7100000000    0.0353834657   -0.0005512503
   -1.7000000000    0.0352850747   -0.0005624301
   -1.6900000000    0.0351863173   -0.0005739490
   -1.6800000000    0.0350871829   -0.0005858207
   -1.6700000000    0.0349876607   -0.0005980594
   -1.6600000000    0.0348877394   -0.0006106801
   -1.6500000000    0.0347874075   -0.0006236985
   -1.6400000000    0.0346866532   -0.0006371313
   -1.6300000000    0.0345854645   -0.0006509957
   -1.6200000000    0.0344838288   -0.0006653101
   -1.6100000000    0.0343817334   -0.0006800937
   -1.6000000000    0.0342791650   -0.0006953669
   -1.5900000000    0.0341761104   -0.0007111508
   -1.5800000000    0.0340725555   -0.0007274681
   -1.5700000000    0.0339684864   -0.0007443423
   -1.5600000000    0.0338638884   -0.0007617985
   -1.5500000000    0.0337587466   -0.0007798630
   -1.5400000000    0.0336530460   -0.0007985635
   -1.5300000000    0.0335467710   -0.0008179295
   -1.5200000000    0.0334399056   -0.0008379920
   -1.5100000000    0.0333324337   -0.0008587837
   -1.5000000000    0.0332243388   -0.0008803392
   -1.4900000000    0.0331156040   -0.0009026953
   -1.4800000000    0.0330062123   -0.0009258907
   -1.4700000000    0.0328961464   -0.0009499665
   -1.4600000000    0.0327853887   -0.0009749662
   -1.4500000000    0.0326739215   -0.0010009358
   -1.4400000000    0.0325617270   -0.0010279244
   -1.4300000000    0.0324487871   -0.0010559836
   -1.4200000000    0.0323350839   -0.0010851686
   -1.4100000000    0.0322205995   -0.0011155378
   -1.4000000000    0.0321053161   -0.0011471533
   -1.3900000000    0.0319892162   -0.0011800810
   -1.3800000000    0.0318722826   -0.0012143911
   -1.3700000000    0.0317544986   -0.0012501581
   -1.3600000000    0.0316358482   -0.0012874614
   -1.3500000000    0.0315163162   -0.0013263856
   -1.3400000000    0.0313958884   -0.0013670206
   -1.3300000000    0.0312745520   -0.0014094623
   -1.3200000000    0.0311522958   -0.0014538128
   -1.3100000000    0.0310291102   -0.0015001811
   -1.3000000000    0.0309049883   -0.0015486833
   -1.2900000000    0.0307799256   -0.0015994432
   -1.2800000000    0.0306539209   -0.0016525930
   -1.2700000000    0.0305269767   -0.0017082737
   -1.2600000000    0.0303991001   -0.0017666356
   -1.2500000000    0.0302703032   -0.0018278395
   -1.2400000000    0.0301406042   -0.0018920564
   -1.2300000000    0.0300100280   -0.0019594693
   -1.2200000000    0.0298786081   -0.0020302731
   -1.2100000000    0.0297463870   -0.0021046756
   -1.2000000000    0.0296134182   -0.0021828985
   -1.1900000000    0.0294797677   -0.0022651776
   -1.1800000000    0.0293455159   -0.0023517643
   -1.1700000000    0.0292107598   -0.0024429256
   -1.1600000000    0.0290756154   -0.0025389450
   -1.1500000000    0.0289402206   -0.0026401232
   -1.1400000000    0.0288047382   -0.0027467783
   -1.1300000000    0.0286693597   -0.0028592464
   -1.1200000000    0.0285343092   -0.0029778810
   -1.1100000000    0.0283998480   -0.0031030533
   -1.1000000000    0.0282662796   -0.0032351512
   -1.0900000000    0.0281339554   -0.0033745780
   -1.0800000000    0.0280032812   -0.0035217507
   -1.0700000000    0.0278747238   -0.0036770970
   -1.0600000000    0.0277488188   -0.0038410517
   -1.0500000000    0.0276261788   -0.0040140513
   -1.0400000000    0.0275075017   -0.0041965278
   -1.0300000000    0.0273935807   -0.0043889001
   -1.0200000000    0.0272853128   -0.0045915630
   -1.0100000000    0.0271837091   -0.0048048742
   -1.0000000000    0.0270899028   -0.0050291377
   -0.9900000000    0.0270051582   -0.0052645844
   -0.9800000000    0.0269308765   -0.0055113479
   -0.9700000000    0.0268685994   -0.0057694373
   -0.9600000000    0.0268200096   -0.0060387047
   -0.9500000000    0.0267869255   -0.0063188089
   -0.9400000000    0.0267712889   -0.0066091747
   -0.9300000000    0.0267751449   -0.0069089494
   -0.9200000000    0.0268006101   -0.0072169572
   -0.9100000000    0.0268498290   -0.0075316539
   -0.9000000000    0.0269249154   -0.0078510847
   -0.8900000000    0.0270278789   -0.0081728493
   -0.8800000000    0.0271605344   -0.0084940791
   -0.8700000000    0.0273243983   -0.0088114316
   -0.8600000000    0.0275205723   -0.0091211089
   -0.8500000000    0.0277496208   -0.0094189056
   -0.8400000000    0.0280114504   -0.0097002901
   -0.8300000000    0.0283052008   -0.0099605231
   -0.8200000000    0.0286291590   -0.0101948116
   -0.8100000000    0.0289807101   -0.0103984937
   -0.8000000000    0.0293563349   -0.0105672441
   -0.7900000000    0.0297516637   -0.0106972862
   -0.7800000000    0.0301615881   -0.0107855945
   -0.7700000000    0.0305804295   -0.0108300653
   -0.7600000000    0.0310021530   -0.0108296421
   -0.7500000000    0.0314206111   -0.0107843789
   -0.7400000000    0.0318297967   -0.0106954361
   -0.7300000000    0.0322240841   -0.0105650092
   -0.7200000000    0.0325984380   -0.0103961977
   -0.7100000000    0.0329485751   -0.0101928291
   -0.7000000000    0.0332710690   -0.0099592556
   -0.6900000000    0.0335633968   -0.0097001425
   -0.6800000000    0.0338239311   -0.0094202649
   -0.6700000000    0.0340518857   -0.0091243267
   -0.6600000000    0.0342472271   -0.0088168118
   -0.6500000000    0.0344123645   -0.0085602744
   -0.6400000000    0.0345448396   -0.0082419068
   -0.6300000000    0.0346479731   -0.0079231355
   -0.6200000000    0.0347235828   -0.0076067733
   -0.6100000000    0.0347736706   -0.0072951700
   -0.6000000000    0.0348003354   -0.0069902361
   -0.5900000000    0.0348057008   -0.0066934788
   -0.5800000000    0.0347918592   -0.0064060440
   -0.5700000000    0.0347608292   -0.0061287609
   -0.5600000000    0.0347145258   -0.0058621876
   -0.5500000000    0.0346547408   -0.0056066536
   -0.5400000000    0.0345831315   -0.0053622999
   -0.5300000000    0.0345012163   -0.0051291142
   -0.5200000000    0.0344103746   -0.0049069630
   -0.5100000000    0.0343118511   -0.0046956178
   -0.5000000000    0.0342067619   -0.0044947791
   -0.4900000000    0.0340961028   -0.0043040950
   -0.4800000000    0.0339807579   -0.0041231774
   -0.4700000000    0.0338615091   -0.0039516149
   -0.4600000000    0.0337390448   -0.0037889833
   -0.4500000000    0.0336139698   -0.0036348539
   -0.4400000000    0.0334868132   -0.0034887997
   -0.4300000000    0.0333580365   -0.0033504007
   -0.4200000000    0.0332280412   -0.0032192474
   -0.4100000000    0.0330971754   -0.0030949435
   -0.4000000000    0.0329657403   -0.0029771080
   -0.3900000000    0.0328339953   -0.0028653759
   -0.3800000000    0.0327021633   -0.0027593996
   -0.3700000000    0.0325704349   -0.0026588486
   -0.3600000000    0.0324389727   -0.0025634099
   -0.3500000000    0.0323079146   -0.0024727876
   -0.3400000000    0.0321773768   -0.0023867025
   -0.3300000000    0.0320474568   -0.0023048916
   -0.3200000000    0.0319182357   -0.0022271074
   -0.3100000000    0.0317897803   -0.0021531172
   -0.3000000000    0.0316621450   -0.0020827026
   -0.2900000000    0.0315353734   -0.0020156585
   -0.2800000000    0.0314094997   -0.0019517926
   -0.2700000000    0.0312845502   -0.0018909244
   -0.2600000000    0.0311605443   -0.0018328848
   -0.2500000000    0.0310374951   -0.0017775151
   -0.2400000000    0.0309154107   -0.0017246668
   -0.2300000000    0.0307942948   -0.0016742003
   -0.2200000000    0.0306741474   -0.0016259851
   -0.2100000000    0.0305549651   -0.0015798986
   -0.2000000000    0.0304367418   -0.0015358258
   -0.1900000000    0.0303194692   -0.0014936590
   -0.1800000000    0.0302031371   -0.0014532969
   -0.1700000000    0.0300877336   -0.0014146446
   -0.1600000000    0.0299732454   -0.0013776129
   -0.1500000000    0.0298596582   -0.0013421181
   -0.1400000000    0.0297469569   -0.0013080813
   -0.1300000000    0.0296351257   -0.0012754287
   -0.1200000000    0.0295241481   -0.0012440905
   -0.1100000000    0.0294140073   -0.0012140014
   -0.1000000000    0.0293046864   -0.0011850997
   -0.0900000000    0.0291961680   -0.0011573274
   -0.0800000000    0.0290884350   -0.0011306297
   -0.0700000000    0.0289814699   -0.0011049552
   -0.0600000000    0.0288752556   -0.0010802552
   -0.0500000000    0.0287697748   -0.0010564839
   -0.0400000000    0.0286650105   -0.0010335980
   -0.0300000000    0.0285609460   -0.0010115567
   -0.0200000000    0.0284575646   -0.0009903214
   -0.0100000000    0.0283548501   -0.0009698555
    0.0000000000    0.0282527863   -0.0009501247
