      -20.0000000000            0.4815906994
      -19.9900000000            0.4874152799
      -19.9800000000            0.4933903909
      -19.9700000000            0.4995202491
      -19.9600000000            0.5058092494
      -19.9500000000            0.5122619730
      -19.9400000000            0.5188831958
      -19.9300000000            0.5256778971
      -19.9200000000            0.5326512691
      -19.9100000000            0.5398087272
      -19.9000000000            0.5471559201
      -19.8900000000            0.5546987417
      -19.8800000000            0.5624433425
      -19.8700000000            0.5703961428
      -19.8600000000            0.5785638456
      -19.8500000000            0.5869534518
      -19.8400000000            0.5955722745
      -19.8300000000            0.6044279559
      -19.8200000000            0.6135284842
      -19.8100000000            0.6228822117
      -19.8000000000            0.6324978750
      -19.7900000000            0.6423846148
      -19.7800000000            0.6525519987
      -19.7700000000            0.6630100443
      -19.7600000000            0.6737692444
      -19.7500000000            0.6848405936
      -19.7400000000            0.6962356167
      -19.7300000000            0.7079663992
      -19.7200000000            0.7200456195
      -19.7100000000            0.7324865835
      -19.7000000000            0.7453032613
      -19.6900000000            0.7585103267
      -19.6800000000            0.7721231990
      -19.6700000000            0.7861580880
      -19.6600000000            0.8006320418
      -19.6500000000            0.8155629980
      -19.6400000000            0.8309698382
      -19.6300000000            0.8468724465
      -19.6200000000            0.8632917717
      -19.6100000000            0.8802498940
      -19.6000000000            0.8977700955
      -19.5900000000            0.9158769367
      -19.5800000000            0.9345963365
      -19.5700000000            0.9539556584
      -19.5600000000            0.9739838023
      -19.5500000000            0.9947113012
      -19.5400000000            1.0161704249
      -19.5300000000            1.0383952889
      -19.5200000000            1.0614219698
      -19.5100000000            1.0852886275
      -19.5000000000            1.1100356324
      -19.4900000000            1.1357056993
      -19.4800000000            1.1623440265
      -19.4700000000            1.1899984397
      -19.4600000000            1.2187195393
      -19.4500000000            1.2485608511
      -19.4400000000            1.2795789764
      -19.4300000000            1.3118337411
      -19.4200000000            1.3453883393
      -19.4100000000            1.3803094682
      -19.4000000000            1.4166674486
      -19.3900000000            1.4545363247
      -19.3800000000            1.4939939347
      -19.3700000000            1.5351219441
      -19.3600000000            1.5780058267
      -19.3500000000            1.6227347820
      -19.3400000000            1.6694015690
      -19.3300000000            1.7181022383
      -19.3200000000            1.7689357368
      -19.3100000000            1.8220033606
      -19.3000000000            1.8774080240
      -19.2900000000            1.9352533131
      -19.2800000000            1.9956422912
      -19.2700000000            2.0586760219
      -19.2600000000            2.1244517811
      -19.2500000000            2.1930609365
      -19.2400000000            2.2645864870
      -19.2300000000            2.3391002754
      -19.2200000000            2.4166599194
      -19.2100000000            2.4973055470
      -19.2000000000            2.5810564767
      -19.1900000000            2.6679080484
      -19.1800000000            2.7578288840
      -19.1700000000            2.8507589341
      -19.1600000000            2.9466087354
      -19.1500000000            3.0452603520
      -19.1400000000            3.1465704781
      -19.1300000000            3.2503761284
      -19.1200000000            3.3565032092
      -19.1100000000            3.4647780401
      -19.1000000000            3.5750415944
      -19.0900000000            3.6871658536
      -19.0800000000            3.8010712953
      -19.0700000000            3.9167441991
      -19.0600000000            4.0342522438
      -19.0500000000            4.1537568404
      -19.0400000000            4.2755208272
      -19.0300000000            4.3999105408
      -19.0200000000            4.5273918065
      -19.0100000000            4.6585199805
      -19.0000000000            4.7939247186
      -18.9900000000            4.9342905478
      -18.9800000000            5.0803345292
      -18.9700000000            5.2327823129
      -18.9600000000            5.3923437230
      -18.9500000000            5.5596887454
      -18.9400000000            5.7354244944
      -18.9300000000            5.9200734705
      -18.9200000000            6.1140532604
      -18.9100000000            6.3176577864
      -18.9000000000            6.5310403199
      -18.8900000000            6.7541986969
      -18.8800000000            6.9869635115
      -18.8700000000            7.2289904445
      -18.8600000000            7.4797582595
      -18.8500000000            7.7385742721
      -18.8400000000            8.0045891755
      -18.8300000000            8.2768228795
      -18.8200000000            8.5542023997
      -18.8100000000            8.8356117738
      -18.8000000000            9.1199525097
      -18.7900000000            9.4062113121
      -18.7800000000            9.6935300347
      -18.7700000000            9.9812712952
      -18.7600000000           10.2690723087
      -18.7500000000           10.5568795581
      -18.7400000000           10.8449580309
      -18.7300000000           11.1338708555
      -18.7200000000           11.4244279372
      -18.7100000000           11.7176051812
      -18.7000000000           12.0144386082
      -18.6900000000           12.3158997333
      -18.6800000000           12.6227598118
      -18.6700000000           12.9354509980
      -18.6600000000           13.2539323429
      -18.6500000000           13.5775681891
      -18.6400000000           13.9050261901
      -18.6300000000           14.2342020534
      -18.6200000000           14.5621781705
      -18.6100000000           14.8852233245
      -18.6000000000           15.1988402972
      -18.5900000000           15.4978669446
      -18.5800000000           15.7766337428
      -18.5700000000           16.0291766606
      -18.5600000000           16.2494985517
      -18.5500000000           16.4318656111
      -18.5400000000           16.5711187995
      -18.5300000000           16.6629748604
      -18.5200000000           16.7042890588
      -18.5100000000           16.6932531522
      -18.5000000000           16.6295077142
      -18.4900000000           16.5141571755
      -18.4800000000           16.3496873076
      -18.4700000000           16.1397962686
      -18.4600000000           15.8891596653
      -18.4500000000           15.6031558133
      -18.4400000000           15.2875788237
      -18.4300000000           14.9483646307
      -18.4200000000           14.5913496227
      -18.4100000000           14.2220745653
      -18.4000000000           13.8456393815
      -18.3900000000           13.4666081474
      -18.3800000000           13.0889590224
      -18.3700000000           12.7160709668
      -18.3600000000           12.3507378997
      -18.3500000000           11.9952011117
      -18.3400000000           11.6511918593
      -18.3300000000           11.3199777407
      -18.3200000000           11.0024083369
      -18.3100000000           10.6989574289
      -18.3000000000           10.4097606925
      -18.2900000000           10.1346490348
      -18.2800000000            9.8731786414
      -18.2700000000            9.6246593567
      -18.2600000000            9.3881832758
      -18.2500000000            9.1626554100
      -18.2400000000            8.9468280349
      -18.2300000000            8.7393398603
      -18.2200000000            8.5387604885
      -18.2100000000            8.3436397744
      -18.2000000000            8.1525607348
      -18.1900000000            7.9641936742
      -18.1800000000            7.7773483460
      -18.1700000000            7.5910204369
      -18.1600000000            7.4044285952
      -18.1500000000            7.2170387349
      -18.1400000000            7.0285734076
      -18.1300000000            6.8390055191
      -18.1200000000            6.6485373242
      -18.1100000000            6.4575671654
      -18.1000000000            6.2666475657
      -18.0900000000            6.0764388603
      -18.0800000000            5.8876625165
      -18.0700000000            5.7010577343
      -18.0600000000            5.5173440026
      -18.0500000000            5.3371912264
      -18.0400000000            5.1611980186
      -18.0300000000            4.9898778981
      -18.0200000000            4.8236525303
      -18.0100000000            4.6628507903
      -18.0000000000            4.5077122959
      -17.9900000000            4.3583940924
      -17.9800000000            4.2149793155
      -17.9700000000            4.0774868603
      -17.9600000000            3.9458813053
      -17.9500000000            3.8200825455
      -17.9400000000            3.6999747731
      -17.9300000000            3.5854145876
      -17.9200000000            3.4762381362
      -17.9100000000            3.3722672615
      -17.9000000000            3.2733146934
      -17.8900000000            3.1791883552
      -17.8800000000            3.0896948721
      -17.8700000000            3.0046423809
      -17.8600000000            2.9238427346
      -17.8500000000            2.8471131964
      -17.8400000000            2.7742777038
      -17.8300000000            2.7051677786
      -17.8200000000            2.6396231460
      -17.8100000000            2.5774921167
      -17.8000000000            2.5186317789
      -17.7900000000            2.4629080350
      -17.7800000000            2.4101955138
      -17.7700000000            2.3603773797
      -17.7600000000            2.3133450569
      -17.7500000000            2.2689978776
      -17.7400000000            2.2272426628
      -17.7300000000            2.1879932359
      -17.7200000000            2.1511698678
      -17.7100000000            2.1166986479
      -17.7000000000            2.0845107707
      -17.6900000000            2.0545417272
      -17.6800000000            2.0267303851
      -17.6700000000            2.0010179415
      -17.6600000000            1.9773467301
      -17.6500000000            1.9556588649
      -17.6400000000            1.9358947045
      -17.6300000000            1.9179911269
      -17.6200000000            1.9018796097
      -17.6100000000            1.8874841265
      -17.6000000000            1.8747188835
      -17.5900000000            1.8634859486
      -17.5800000000            1.8536728490
      -17.5700000000            1.8451502545
      -17.5600000000            1.8377699013
      -17.5500000000            1.8313629529
      -17.5400000000            1.8257390337
      -17.5300000000            1.8206861980
      -17.5200000000            1.8159721035
      -17.5100000000            1.8113466346
      -17.5000000000            1.8065461549
      -17.4900000000            1.8012994609
      -17.4800000000            1.7953353473
      -17.4700000000            1.7883915062
      -17.4600000000            1.7802242768
      -17.4500000000            1.7706185742
      -17.4400000000            1.7593971978
      -17.4300000000            1.7464286802
      -17.4200000000            1.7316329093
      -17.4100000000            1.7149839484
      -17.4000000000            1.6965097570
      -17.3900000000            1.6762888522
      -17.3800000000            1.6544442720
      -17.3700000000            1.6311354733
      -17.3600000000            1.6065489673
      -17.3500000000            1.5808885438
      -17.3400000000            1.5543658764
      -17.3300000000            1.5271921521
      -17.3200000000            1.4995711632
      -17.3100000000            1.4716940816
      -17.3000000000            1.4437359348
      -17.2900000000            1.4158536356
      -17.2800000000            1.3881853140
      -17.2700000000            1.3608506363
      -17.2600000000            1.3339517995
      -17.2500000000            1.3075749120
      -17.2400000000            1.2817915366
      -17.2300000000            1.2566602324
      -17.2200000000            1.2322279998
      -17.2100000000            1.2085315872
      -17.2000000000            1.1855986526
      -17.1900000000            1.1634488015
      -17.1800000000            1.1420945245
      -17.1700000000            1.1215420628
      -17.1600000000            1.1017922194
      -17.1500000000            1.0828411275
      -17.1400000000            1.0646809790
      -17.1300000000            1.0473007104
      -17.1200000000            1.0306866419
      -17.1100000000            1.0148230627
      -17.1000000000            0.9996927568
      -17.0900000000            0.9852774656
      -17.0800000000            0.9715582850
      -17.0700000000            0.9585159975
      -17.0600000000            0.9461313396
      -17.0500000000            0.9343852085
      -17.0400000000            0.9232588098
      -17.0300000000            0.9127337517
      -17.0200000000            0.9027920891
      -17.0100000000            0.8934163218
      -17.0000000000            0.8845893511
      -16.9900000000            0.8762944011
      -16.9800000000            0.8685149087
      -16.9700000000            0.8612343916
      -16.9600000000            0.8544363014
      -16.9500000000            0.8481038747
      -16.9400000000            0.8422199964
      -16.9300000000            0.8367670914
      -16.9200000000            0.8317270667
      -16.9100000000            0.8270813237
      -16.9000000000            0.8228108641
      -16.8900000000            0.8188965086
      -16.8800000000            0.8153192398
      -16.8700000000            0.8120606746
      -16.8600000000            0.8091036531
      -16.8500000000            0.8064329177
      -16.8400000000            0.8040358381
      -16.8300000000            0.8019031237
      -16.8200000000            0.8000294562
      -16.8100000000            0.7984139770
      -16.8000000000            0.7970605720
      -16.7900000000            0.7959779164
      -16.7800000000            0.7951792675
      -16.7700000000            0.7946820178
      -16.7600000000            0.7945070460
      -16.7500000000            0.7946779176
      -16.7400000000            0.7952199936
      -16.7300000000            0.7961595014
      -16.7200000000            0.7975226113
      -16.7100000000            0.7993345457
      -16.7000000000            0.8016187326
      -16.6900000000            0.8043959948
      -16.6800000000            0.8076837610
      -16.6700000000            0.8114952702
      -16.6600000000            0.8158387447
      -16.6500000000            0.8207165066
      -16.6400000000            0.8261240200
      -16.6300000000            0.8320488567
      -16.6200000000            0.8384695945
      -16.6100000000            0.8453546823
      -16.6000000000            0.8526613269
      -16.5900000000            0.8603344839
      -16.5800000000            0.8683060621
      -16.5700000000            0.8764944733
      -16.5600000000            0.8848046800
      -16.5500000000            0.8931288947
      -16.5400000000            0.9013480774
      -16.5300000000            0.9093343367
      -16.5200000000            0.9169542842
      -16.5100000000            0.9240733002
      -16.5000000000            0.9305605699
      -16.4900000000            0.9362946312
      -16.4800000000            0.9411690815
      -16.4700000000            0.9450980161
      -16.4600000000            0.9480207493
      -16.4500000000            0.9499054028
      -16.4400000000            0.9507510367
      -16.4300000000            0.9505881336
      -16.4200000000            0.9494774076
      -16.4100000000            0.9475070724
      -16.4000000000            0.9447888355
      -16.3900000000            0.9414529872
      -16.3800000000            0.9376429927
      -16.3700000000            0.9335099963
      -16.3600000000            0.9292075973
      -16.3500000000            0.9248871813
      -16.3400000000            0.9206940006
      -16.3300000000            0.9167640982
      -16.3200000000            0.9132220854
      -16.3100000000            0.9101797087
      -16.3000000000            0.9077350867
      -16.2900000000            0.9059724685
      -16.2800000000            0.9049623458
      -16.2700000000            0.9047617551
      -16.2600000000            0.9054146192
      -16.2500000000            0.9069520015
      -16.2400000000            0.9093921730
      -16.2300000000            0.9127404264
      -16.2200000000            0.9169886053
      -16.2100000000            0.9221143517
      -16.2000000000            0.9280801126
      -16.1900000000            0.9348319834
      -16.1800000000            0.9422985066
      -16.1700000000            0.9503895854
      -16.1600000000            0.9589957094
      -16.1500000000            0.9679877263
      -16.1400000000            0.9772174113
      -16.1300000000            0.9865190879
      -16.1200000000            0.9957125195
      -16.1100000000            1.0046072192
      -16.1000000000            1.0130082042
      -16.0900000000            1.0207230638
      -16.0800000000            1.0275700213
      -16.0700000000            1.0333864811
      -16.0600000000            1.0380374002
      -16.0500000000            1.0414227384
      -16.0400000000            1.0434832571
      -16.0300000000            1.0442040640
      -16.0200000000            1.0436155291
      -16.0100000000            1.0417914832
      -16.0000000000            1.0388449187
      -15.9900000000            1.0349216707
      -15.9800000000            1.0301927359
      -15.9700000000            1.0248459611
      -15.9600000000            1.0190777977
      -15.9500000000            1.0130857045
      -15.9400000000            1.0070616134
      -15.9300000000            1.0011866893
      -15.9200000000            0.9956274473
      -15.9100000000            0.9905331521
      -15.9000000000            0.9860343334
      -15.8900000000            0.9822421940
      -15.8800000000            0.9792486771
      -15.8700000000            0.9771269653
      -15.8600000000            0.9759322184
      -15.8500000000            0.9757023948
      -15.8400000000            0.9764590483
      -15.8300000000            0.9782080369
      -15.8200000000            0.9809401236
      -15.8100000000            0.9846314872
      -15.8000000000            0.9892441957
      -15.7900000000            0.9947267156
      -15.7800000000            1.0010145483
      -15.7700000000            1.0080310818
      -15.7600000000            1.0156887334
      -15.7500000000            1.0238904276
      -15.7400000000            1.0325314061
      -15.7300000000            1.0415013152
      -15.7200000000            1.0506864556
      -15.7100000000            1.0599720413
      -15.7000000000            1.0692442889
      -15.6900000000            1.0783921737
      -15.6800000000            1.0873087360
      -15.6700000000            1.0958918972
      -15.6600000000            1.1040448372
      -15.6500000000            1.1116760709
      -15.6400000000            1.1186994214
      -15.6300000000            1.1250341155
      -15.6200000000            1.1306051983
      -15.6100000000            1.1353444120
      -15.6000000000            1.1391915878
      -15.5900000000            1.1420965084
      -15.5800000000            1.1440211007
      -15.5700000000            1.1449417467
      -15.5600000000            1.1448514598
      -15.5500000000            1.1437616652
      -15.5400000000            1.1417033574
      -15.5300000000            1.1387274695
      -15.5200000000            1.1349043779
      -15.5100000000            1.1303225566
      -15.5000000000            1.1250864807
      -15.4900000000            1.1193139394
      -15.4800000000            1.1131329512
      -15.4700000000            1.1066784799
      -15.4600000000            1.1000891277
      -15.4500000000            1.0935039546
      -15.4400000000            1.0870595362
      -15.4300000000            1.0808873409
      -15.4200000000            1.0751114779
      -15.4100000000            1.0698468472
      -15.4000000000            1.0651976983
      -15.3900000000            1.0612565881
      -15.3800000000            1.0581037073
      -15.3700000000            1.0558065361
      -15.3600000000            1.0544197723
      -15.3500000000            1.0539854802
      -15.3400000000            1.0545334040
      -15.3300000000            1.0560814017
      -15.3200000000            1.0586359676
      -15.3100000000            1.0621928209
      -15.3000000000            1.0667375519
      -15.2900000000            1.0722463213
      -15.2800000000            1.0786866041
      -15.2700000000            1.0860179642
      -15.2600000000            1.0941928219
      -15.2500000000            1.1031571592
      -15.2400000000            1.1128510863
      -15.2300000000            1.1232091797
      -15.2200000000            1.1341605131
      -15.2100000000            1.1456283273
      -15.2000000000            1.1575293443
      -15.1900000000            1.1697728064
      -15.1800000000            1.1822594098
      -15.1700000000            1.1948803880
      -15.1600000000            1.2075170628
      -15.1500000000            1.2200412063
      -15.1400000000            1.2323165280
      -15.1300000000            1.2442015141
      -15.1200000000            1.2555537028
      -15.1100000000            1.2662352913
      -15.1000000000            1.2761197649
      -15.0900000000            1.2850990420
      -15.0800000000            1.2930904826
      -15.0700000000            1.3000430463
      -15.0600000000            1.3059419204
      -15.0500000000            1.3108110852
      -15.0400000000            1.3147135164
      -15.0300000000            1.3177489992
      -15.0200000000            1.3200498101
      -15.0100000000            1.3217747442
      -15.0000000000            1.3231021121
      -14.9900000000            1.3242223665
      -14.9800000000            1.3253309710
      -14.9700000000            1.3266220015
      -14.9600000000            1.3282828109
      -14.9500000000            1.3304899223
      -14.9400000000            1.3334061714
      -14.9300000000            1.3371790035
      -14.9200000000            1.3419397558
      -14.9100000000            1.3478037236
      -14.9000000000            1.3548707966
      -14.8900000000            1.3632264731
      -14.8800000000            1.3729430877
      -14.8700000000            1.3840811226
      -14.8600000000            1.3966905155
      -14.8500000000            1.4108119064
      -14.8400000000            1.4264778047
      -14.8300000000            1.4437136770
      -14.8200000000            1.4625389805
      -14.8100000000            1.4829681790
      -14.8000000000            1.5050117823
      -14.7900000000            1.5286774529
      -14.7800000000            1.5539712099
      -14.7700000000            1.5808987486
      -14.7600000000            1.6094668701
      -14.7500000000            1.6396849899
      -14.7400000000            1.6715666625
      -14.7300000000            1.7051310288
      -14.7200000000            1.7404040613
      -14.7100000000            1.7774194576
      -14.7000000000            1.8162190113
      -14.6900000000            1.8568522895
      -14.6800000000            1.8993754540
      -14.6700000000            1.9438491034
      -14.6600000000            1.9903350660
      -14.6500000000            2.0388921489
      -14.6400000000            2.0895709363
      -14.6300000000            2.1424078212
      -14.6200000000            2.1974185396
      -14.6100000000            2.2545915626
      -14.6000000000            2.3138817662
      -14.5900000000            2.3752048661
      -14.5800000000            2.4384331493
      -14.5700000000            2.5033930697
      -14.5600000000            2.5698652703
      -14.5500000000            2.6375875514
      -14.5400000000            2.7062611765
      -14.5300000000            2.7755607032
      -14.5200000000            2.8451472131
      -14.5100000000            2.9146844274
      -14.5000000000            2.9838567573
      -14.4900000000            3.0523879300
      -14.4800000000            3.1200585208
      -14.4700000000            3.1867206057
      -14.4600000000            3.2523078773
      -14.4500000000            3.3168399589
      -14.4400000000            3.3804202639
      -14.4300000000            3.4432274997
      -14.4200000000            3.5055016739
      -14.4100000000            3.5675261152
      -14.4000000000            3.6296074757
      -14.3900000000            3.6920558776
      -14.3800000000            3.7551673085
      -14.3700000000            3.8192100882
      -14.3600000000            3.8844167693
      -14.3500000000            3.9509822638
      -14.3400000000            4.0190683472
      -14.3300000000            4.0888140363
      -14.3200000000            4.1603507104
      -14.3100000000            4.2338203048
      -14.3000000000            4.3093945073
      -14.2900000000            4.3872927030
      -14.2800000000            4.4677964730
      -14.2700000000            4.5512587774
      -14.2600000000            4.6381065041
      -14.2500000000            4.7288357481
      -14.2400000000            4.8239999024
      -14.2300000000            4.9241912531
      -14.2200000000            5.0300171992
      -14.2100000000            5.1420724089
      -14.2000000000            5.2609081915
      -14.1900000000            5.3870001731
      -14.1800000000            5.5207150938
      -14.1700000000            5.6622772987
      -14.1600000000            5.8117353637
      -14.1500000000            5.9689293279
      -14.1400000000            6.1334592480
      -14.1300000000            6.3046562351
      -14.1200000000            6.4815577515
      -14.1100000000            6.6628896672
      -14.1000000000            6.8470582858
      -14.0900000000            7.0321560946
      -14.0800000000            7.2159851823
      -14.0700000000            7.3961018902
      -14.0600000000            7.5698851264
      -14.0500000000            7.7346287905
      -14.0400000000            7.8876559729
      -14.0300000000            8.0264492905
      -14.0200000000            8.1487883942
      -14.0100000000            8.2528830166
      -14.0000000000            8.3374886185
      -13.9900000000            8.4019922806
      -13.9800000000            8.4464591305
      -13.9700000000            8.4716339821
      -13.9600000000            8.4788982269
      -13.9500000000            8.4701873256
      -13.9400000000            8.4478784994
      -13.9300000000            8.4146606930
      -13.9200000000            8.3733993318
      -13.9100000000            8.3270070180
      -13.9000000000            8.2783286699
      -13.8900000000            8.2300463870
      -13.8800000000            8.1846061649
      -13.8700000000            8.1441659594
      -13.8600000000            8.1105627548
      -13.8500000000            8.0852952722
      -13.8400000000            8.0695186745
      -13.8300000000            8.0640479126
      -13.8200000000            8.0693670289
      -13.8100000000            8.0856426116
      -13.8000000000            8.1127405339
      -13.7900000000            8.1502459923
      -13.7800000000            8.1974875799
      -13.7700000000            8.2535666092
      -13.7600000000            8.3173930574
      -13.7500000000            8.3877292935
      -13.7400000000            8.4632421425
      -13.7300000000            8.5425628718
      -13.7200000000            8.6243534622
      -13.7100000000            8.7073762234
      -13.7000000000            8.7905626636
      -13.6900000000            8.8730767707
      -13.6800000000            8.9543677182
      -13.6700000000            9.0342075543
      -13.6600000000            9.1127106317
      -13.6500000000            9.1903331852
      -13.6400000000            9.2678532835
      -13.6300000000            9.3463330494
      -13.6200000000            9.4270662935
      -13.6100000000            9.5115154022
      -13.6000000000            9.6012414196
      -13.5900000000            9.6978308681
      -13.5800000000            9.8028221147
      -13.5700000000            9.9176331863
      -13.5600000000           10.0434920544
      -13.5500000000           10.1813696698
      -13.5400000000           10.3319155546
      -13.5300000000           10.4953956188
      -13.5200000000           10.6716321045
      -13.5100000000           10.8599462012
      -13.5000000000           11.0591048903
      -13.4900000000           11.2672749228
      -13.4800000000           11.4819883777
      -13.4700000000           11.7001258030
      -13.4600000000           11.9179242146
      -13.4500000000           12.1310178510
      -13.4400000000           12.3345191341
      -13.4300000000           12.5231453700
      -13.4200000000           12.6913930886
      -13.4100000000           12.8337566055
      -13.4000000000           12.9449808629
      -13.3900000000           13.0203318031
      -13.3800000000           13.0558618040
      -13.3700000000           13.0486445044
      -13.3600000000           12.9969538859
      -13.3500000000           12.9003672267
      -13.3400000000           12.7597800246
      -13.3300000000           12.5773317383
      -13.3200000000           12.3562521415
      -13.3100000000           12.1006471019
      -13.3000000000           11.8152481005
      -13.2900000000           11.5051511510
      -13.2800000000           11.1755682863
      -13.2700000000           10.8316095478
      -13.2600000000           10.4781068439
      -13.2500000000           10.1194844949
      -13.2400000000            9.7596757404
      -13.2300000000            9.4020804811
      -13.2200000000            9.0495571688
      -13.2100000000            8.7044408424
      -13.2000000000            8.3685794922
      -13.1900000000            8.0433818153
      -13.1800000000            7.7298706667
      -13.1700000000            7.4287378474
      -13.1600000000            7.1403971279
      -13.1500000000            6.8650334811
      -13.1400000000            6.6026473698
      -13.1300000000            6.3530935801
      -13.1200000000            6.1161145543
      -13.1100000000            5.8913684795
      -13.1000000000            5.6784525638
      -13.0900000000            5.4769220254
      -13.0800000000            5.2863053429
      -13.0700000000            5.1061163029
      -13.0600000000            4.9358633460
      -13.0500000000            4.7750566618
      -13.0400000000            4.6232134355
      -13.0300000000            4.4798615956
      -13.0200000000            4.3445423714
      -13.0100000000            4.2168119279
      -13.0000000000            4.0962423108
      -12.9900000000            3.9824219078
      -12.9800000000            3.8749556014
      -12.9700000000            3.7734647627
      -12.9600000000            3.6775872035
      -12.9500000000            3.5869771696
      -12.9400000000            3.5013054151
      -12.9300000000            3.4202593554
      -12.9200000000            3.3435432472
      -12.9100000000            3.2708783073
      -12.9000000000            3.2020026530
      -12.8900000000            3.1366709415
      -12.8800000000            3.0746536040
      -12.8700000000            3.0157356149
      -12.8600000000            2.9597148025
      -12.8500000000            2.9063997840
      -12.8400000000            2.8556076815
      -12.8300000000            2.8071618407
      -12.8200000000            2.7608898023
      -12.8100000000            2.7166217839
      -12.8000000000            2.6741898937
      -12.7900000000            2.6334282355
      -12.7800000000            2.5941739706
      -12.7700000000            2.5562692957
      -12.7600000000            2.5195641833
      -12.7500000000            2.4839196246
      -12.7400000000            2.4492110374
      -12.7300000000            2.4153314557
      -12.7200000000            2.3821941265
      -12.7100000000            2.3497341945
      -12.7000000000            2.3179092607
      -12.6900000000            2.2866987321
      -12.6800000000            2.2561020277
      -12.6700000000            2.2261358347
      -12.6600000000            2.1968307063
      -12.6500000000            2.1682273438
      -12.6400000000            2.1403729070
      -12.6300000000            2.1133176554
      -12.6200000000            2.0871121450
      -12.6100000000            2.0618051181
      -12.6000000000            2.0374421257
      -12.5900000000            2.0140648435
      -12.5800000000            1.9917109740
      -12.5700000000            1.9704145894
      -12.5600000000            1.9502067565
      -12.5500000000            1.9311162885
      -12.5400000000            1.9131705006
      -12.5300000000            1.8963958792
      -12.5200000000            1.8808186195
      -12.5100000000            1.8664650215
      -12.5000000000            1.8533617662
      -12.4900000000            1.8415361094
      -12.4800000000            1.8310160368
      -12.4700000000            1.8218304206
      -12.4600000000            1.8140092069
      -12.4500000000            1.8075836507
      -12.4400000000            1.8025866042
      -12.4300000000            1.7990528529
      -12.4200000000            1.7970194916
      -12.4100000000            1.7965263268
      -12.4000000000            1.7976162945
      -12.3900000000            1.8003358842
      -12.3800000000            1.8047355593
      -12.3700000000            1.8108701699
      -12.3600000000            1.8187993516
      -12.3500000000            1.8285879036
      -12.3400000000            1.8403061411
      -12.3300000000            1.8540302123
      -12.3200000000            1.8698423676
      -12.3100000000            1.8878311667
      -12.3000000000            1.9080916047
      -12.2900000000            1.9307251313
      -12.2800000000            1.9558395332
      -12.2700000000            1.9835486434
      -12.2600000000            2.0139718288
      -12.2500000000            2.0472332033
      -12.2400000000            2.0834604971
      -12.2300000000            2.1227835053
      -12.2200000000            2.1653320230
      -12.2100000000            2.2112331613
      -12.2000000000            2.2606079274
      -12.1900000000            2.3135669409
      -12.1800000000            2.3702051531
      -12.1700000000            2.4305954413
      -12.1600000000            2.4947809617
      -12.1500000000            2.5627661823
      -12.1400000000            2.6345065733
      -12.1300000000            2.7098970227
      -12.1200000000            2.7887591750
      -12.1100000000            2.8708280662
      -12.1000000000            2.9557386472
      -12.0900000000            3.0430130509
      -12.0800000000            3.1320497438
      -12.0700000000            3.2221159806
      -12.0600000000            3.3123452026
      -12.0500000000            3.4017411208
      -12.0400000000            3.4891901250
      -12.0300000000            3.5734832844
      -12.0200000000            3.6533485140
      -12.0100000000            3.7274924601
      -12.0000000000            3.7946503971
      -11.9900000000            3.8536410871
      -11.9800000000            3.9034223732
      -11.9700000000            3.9431425336
      -11.9600000000            3.9721823518
      -11.9500000000            3.9901835804
      -11.9400000000            3.9970609444
      -11.9300000000            3.9929968047
      -11.9200000000            3.9784197199
      -11.9100000000            3.9539699869
      -11.9000000000            3.9204564796
      -11.8900000000            3.8788095522
      -11.8800000000            3.8300344491
      -11.8700000000            3.7751687422
      -11.8600000000            3.7152460778
      -11.8500000000            3.6512672458
      -11.8400000000            3.5841785117
      -11.8300000000            3.5148564222
      -11.8200000000            3.4440979175
      -11.8100000000            3.3726145318
      -11.8000000000            3.3010296189
      -11.7900000000            3.2298778072
      -11.7800000000            3.1596061744
      -11.7700000000            3.0905768738
      -11.7600000000            3.0230711129
      -11.7500000000            2.9572944764
      -11.7400000000            2.8933836046
      -11.7300000000            2.8314141982
      -11.7200000000            2.7714102399
      -11.7100000000            2.7133542069
      -11.7000000000            2.6571979235
      -11.6900000000            2.6028735840
      -11.6800000000            2.5503043856
      -11.6700000000            2.4994141794
      -11.6600000000            2.4501355823
      -11.6500000000            2.4024161116
      -11.6400000000            2.3562220818
      -11.6300000000            2.3115402263
      -11.6200000000            2.2683772307
      -11.6100000000            2.2267575516
      -11.6000000000            2.1867200194
      -11.5900000000            2.1483137727
      -11.5800000000            2.1115940382
      -11.5700000000            2.0766181890
      -11.5600000000            2.0434423872
      -11.5500000000            2.0121189923
      -11.5400000000            1.9826947956
      -11.5300000000            1.9552100473
      -11.5200000000            1.9296981817
      -11.5100000000            1.9061861056
      -11.5000000000            1.8846949107
      -11.4900000000            1.8652408691
      -11.4800000000            1.8478365946
      -11.4700000000            1.8324922690
      -11.4600000000            1.8192168583
      -11.4500000000            1.8080192621
      -11.4400000000            1.7989093592
      -11.4300000000            1.7918989223
      -11.4200000000            1.7870023872
      -11.4100000000            1.7842374661
      -11.4000000000            1.7836255953
      -11.3900000000            1.7851922113
      -11.3800000000            1.7889668430
      -11.3700000000            1.7949830062
      -11.3600000000            1.8032778790
      -11.3500000000            1.8138917316
      -11.3400000000            1.8268670758
      -11.3300000000            1.8422474903
      -11.3200000000            1.8600760714
      -11.3100000000            1.8803934494
      -11.3000000000            1.9032353050
      -11.2900000000            1.9286293157
      -11.2800000000            1.9565914632
      -11.2700000000            1.9871216361
      -11.2600000000            2.0201984826
      -11.2500000000            2.0557734901
      -11.2400000000            2.0937643173
      -11.2300000000            2.1340474647
      -11.2200000000            2.1764504619
      -11.2100000000            2.2207438575
      -11.2000000000            2.2666334415
      -11.1900000000            2.3137532813
      -11.1800000000            2.3616603170
      -11.1700000000            2.4098314074
      -11.1600000000            2.4576638174
      -11.1500000000            2.5044801520
      -11.1400000000            2.5495386277
      -11.1300000000            2.5920492959
      -11.1200000000            2.6311963688
      -11.1100000000            2.6661661658
      -11.1000000000            2.6961794478
      -11.0900000000            2.7205261398
      -11.0800000000            2.7385998000
      -11.0700000000            2.7499288202
      -11.0600000000            2.7542013590
      -11.0500000000            2.7512814780
      -11.0400000000            2.7412148196
      -11.0300000000            2.7242233198
      -11.0200000000            2.7006896707
      -11.0100000000            2.6711333357
      -11.0000000000            2.6361806851
      -10.9900000000            2.5965321653
      -10.9800000000            2.5529293412
      -10.9700000000            2.5061242270
      -10.9600000000            2.4568526846
      -10.9500000000            2.4058129529
      -10.9400000000            2.3536497012
      -10.9300000000            2.3009434470
      -10.9200000000            2.2482047910
      -10.9100000000            2.1958726941
      -10.9000000000            2.1443159272
      -10.8900000000            2.0938368447
      -10.8800000000            2.0446767102
      -10.8700000000            1.9970219256
      -10.8600000000            1.9510106457
      -10.8500000000            1.9067393894
      -10.8400000000            1.8642693723
      -10.8300000000            1.8236323817
      -10.8200000000            1.7848360907
      -10.8100000000            1.7478687663
      -10.8000000000            1.7127033689
      -10.7900000000            1.6793010653
      -10.7800000000            1.6476141999
      -10.7700000000            1.6175887746
      -10.7600000000            1.5891664936
      -10.7500000000            1.5622864296
      -10.7400000000            1.5368863642
      -10.7300000000            1.5129038523
      -10.7200000000            1.4902770538
      -10.7100000000            1.4689453737
      -10.7000000000            1.4488499422
      -10.6900000000            1.4299339660
      -10.6800000000            1.4121429747
      -10.6700000000            1.3954249828
      -10.6600000000            1.3797305858
      -10.6500000000            1.3650130035
      -10.6400000000            1.3512280832
      -10.6300000000            1.3383342726
      -10.6200000000            1.3262925692
      -10.6100000000            1.3150664536
      -10.6000000000            1.3046218119
      -10.5900000000            1.2949268497
      -10.5800000000            1.2859520028
      -10.5700000000            1.2776698460
      -10.5600000000            1.2700550023
      -10.5500000000            1.2630840537
      -10.5400000000            1.2567354556
      -10.5300000000            1.2509894540
      -10.5200000000            1.2458280077
      -10.5100000000            1.2412347158
      -10.5000000000            1.2371947495
      -10.4900000000            1.2336947896
      -10.4800000000            1.2307229698
      -10.4700000000            1.2282688249
      -10.4600000000            1.2263232450
      -10.4500000000            1.2248784352
      -10.4400000000            1.2239278805
      -10.4300000000            1.2234663163
      -10.4200000000            1.2234897046
      -10.4100000000            1.2239952150
      -10.4000000000            1.2249812118
      -10.3900000000            1.2264472457
      -10.3800000000            1.2283940518
      -10.3700000000            1.2308235519
      -10.3600000000            1.2337388632
      -10.3500000000            1.2371443121
      -10.3400000000            1.2410454539
      -10.3300000000            1.2454490978
      -10.3200000000            1.2503633384
      -10.3100000000            1.2557975929
      -10.3000000000            1.2617626445
      -10.2900000000            1.2682706926
      -10.2800000000            1.2753354093
      -10.2700000000            1.2829720033
      -10.2600000000            1.2911972904
      -10.2500000000            1.3000297718
      -10.2400000000            1.3094897198
      -10.2300000000            1.3195992710
      -10.2200000000            1.3303825284
      -10.2100000000            1.3418656701
      -10.2000000000            1.3540770668
      -10.1900000000            1.3670474071
      -10.1800000000            1.3808098296
      -10.1700000000            1.3954000619
      -10.1600000000            1.4108565658
      -10.1500000000            1.4272206864
      -10.1400000000            1.4445368038
      -10.1300000000            1.4628524848
      -10.1200000000            1.4822186309
      -10.1100000000            1.5026896186
      -10.1000000000            1.5243234250
      -10.0900000000            1.5471817327
      -10.0800000000            1.5713300040
      -10.0700000000            1.5968375116
      -10.0600000000            1.6237773129
      -10.0500000000            1.6522261477
      -10.0400000000            1.6822642391
      -10.0300000000            1.7139749685
      -10.0200000000            1.7474443947
      -10.0100000000            1.7827605776
      -10.0000000000            1.8200126619
       -9.9900000000            1.8592896721
       -9.9800000000            1.9006789586
       -9.9700000000            1.9442642367
       -9.9600000000            1.9901231515
       -9.9500000000            2.0383243048
       -9.9400000000            2.0889236896
       -9.9300000000            2.1419604867
       -9.9200000000            2.1974522103
       -9.9100000000            2.2553892266
       -9.9000000000            2.3157287330
       -9.8900000000            2.3783883627
       -9.8800000000            2.4432396893
       -9.8700000000            2.5101020256
       -9.8600000000            2.5787370568
       -9.8500000000            2.6488449849
       -9.8400000000            2.7200629870
       -9.8300000000            2.7919668580
       -9.8200000000            2.8640766973
       -9.8100000000            2.9358673580
       -9.8000000000            3.0067840882
       -9.7900000000            3.0762633399
       -9.7800000000            3.1437581268
       -9.7700000000            3.2087666484
       -9.7600000000            3.2708622512
       -9.7500000000            3.3297223225
       -9.7400000000            3.3851535066
       -9.7300000000            3.4371108067
       -9.7200000000            3.4857086922
       -9.7100000000            3.5312232023
       -9.7000000000            3.5740850807
       -9.6900000000            3.6148649989
       -9.6800000000            3.6542527536
       -9.6700000000            3.6930328256
       -9.6600000000            3.7320588095
       -9.6500000000            3.7722290166
       -9.6400000000            3.8144650804
       -9.6300000000            3.8596948103
       -9.6200000000            3.9088399240
       -9.6100000000            3.9628087653
       -9.6000000000            4.0224937042
       -9.5900000000            4.0887726577
       -9.5800000000            4.1625140399
       -9.5700000000            4.2445844294
       -9.5600000000            4.3358582894
       -9.5500000000            4.4372291743
       -9.5400000000            4.5496219633
       -9.5300000000            4.6740057698
       -9.5200000000            4.8114072658
       -9.5100000000            4.9629242273
       -9.5000000000            5.1297391435
       -9.4900000000            5.3131327379
       -9.4800000000            5.5144972170
       -9.4700000000            5.7353489939
       -9.4600000000            5.9773405175
       -9.4500000000            6.2422706717
       -9.4400000000            6.5320929758
       -9.4300000000            6.8489205139
       -9.4200000000            7.1950261186
       -9.4100000000            7.5728358319
       -9.4000000000            7.9849130369
       -9.3900000000            8.4339298956
       -9.3800000000            8.9226218482
       -9.3700000000            9.4537199575
       -9.3600000000           10.0298548975
       -9.3500000000           10.6534255447
       -9.3400000000           11.3264246753
       -9.3300000000           12.0502146136
       -9.3200000000           12.8252473742
       -9.3100000000           13.6507276322
       -9.3000000000           14.5242236207
       -9.2900000000           15.4412415734
       -9.2800000000           16.3947940295
       -9.2700000000           17.3750106508
       -9.2600000000           18.3688599643
       -9.2500000000           19.3600671483
       -9.2400000000           20.3293196431
       -9.2300000000           21.2548405700
       -9.2200000000           22.1133724248
       -9.2100000000           22.8815484623
       -9.2000000000           23.5375445672
       -9.1900000000           24.0628197466
       -9.1800000000           24.4436960651
       -9.1700000000           24.6725242932
       -9.1600000000           24.7482407588
       -9.1500000000           24.6762324229
       -9.1400000000           24.4675593178
       -9.1300000000           24.1376969270
       -9.1200000000           23.7050255380
       -9.1100000000           23.1892987754
       -9.1000000000           22.6102797322
       -9.0900000000           21.9866629249
       -9.0800000000           21.3353274562
       -9.0700000000           20.6709081705
       -9.0600000000           20.0056345359
       -9.0500000000           19.3493708418
       -9.0400000000           18.7097909441
       -9.0300000000           18.0926299072
       -9.0200000000           17.5019680237
       -9.0100000000           16.9405160915
       -9.0000000000           16.4098824218
       -8.9900000000           15.9108110203
       -8.9800000000           15.4433867307
       -8.9700000000           15.0072072297
       -8.9600000000           14.6015241370
       -8.9500000000           14.2253566600
       -8.9400000000           13.8775815596
       -8.9300000000           13.5570031218
       -8.9200000000           13.2624064919
       -8.9100000000           12.9925973185
       -8.9000000000           12.7464302552
       -8.8900000000           12.5228285159
       -8.8800000000           12.3207963902
       -8.8700000000           12.1394263698
       -8.8600000000           11.9779023209
       -8.8500000000           11.8354999247
       -8.8400000000           11.7115854050
       -8.8300000000           11.6056133623
       -8.8200000000           11.5171243413
       -8.8100000000           11.4457425922
       -8.8000000000           11.3911743384
       -8.7900000000           11.3532067495
       -8.7800000000           11.3317077393
       -8.7700000000           11.3266266510
       -8.7600000000           11.3379958693
       -8.7500000000           11.3659333861
       -8.7400000000           11.4106463588
       -8.7300000000           11.4724357117
       -8.7200000000           11.5517018622
       -8.7100000000           11.6489516768
       -8.7000000000           11.7648068009
       -8.6900000000           11.9000135415
       -8.6800000000           12.0554545279
       -8.6700000000           12.2321624204
       -8.6600000000           12.4313359983
       -8.6500000000           12.6543590213
       -8.6400000000           12.9028223399
       -8.6300000000           13.1785498227
       -8.6200000000           13.4836287837
       -8.6100000000           13.8204457270
       -8.6000000000           14.1917283933
       -8.5900000000           14.6005952891
       -8.5800000000           15.0506141193
       -8.5700000000           15.5458708302
       -8.5600000000           16.0910513100
       -8.5500000000           16.6915381960
       -8.5400000000           17.3535257030
       -8.5300000000           18.0841559192
       -8.5200000000           18.8916805883
       -8.5100000000           19.7856529948
       -8.5000000000           20.7771550952
       -8.4900000000           21.8790653708
       -8.4800000000           23.1063727498
       -8.4700000000           24.4765409088
       -8.4600000000           26.0099245415
       -8.4500000000           27.7302334565
       -8.4400000000           29.6650294442
       -8.4300000000           31.8462211447
       -8.4200000000           34.3104878777
       -8.4100000000           37.0995055633
       -8.4000000000           40.2597530219
       -8.3900000000           43.8415264712
       -8.3800000000           47.8965616910
       -8.3700000000           52.4733396247
       -8.3600000000           57.6087444385
       -8.3500000000           63.3143544223
       -8.3400000000           69.5555806864
       -8.3300000000           76.2228047625
       -8.3200000000           83.0967618028
       -8.3100000000           89.8169380405
       -8.3000000000           95.8714371102
       -8.2900000000          100.6345600080
       -8.2800000000          103.4722801280
       -8.2700000000          103.9041305415
       -8.2600000000          101.7615767535
       -8.2500000000           97.2586679098
       -8.2400000000           90.9292453684
       -8.2300000000           83.4651786064
       -8.2200000000           75.5414801726
       -8.2100000000           67.6987644260
       -8.2000000000           60.3018981189
       -8.1900000000           53.5543165601
       -8.1800000000           47.5373917976
       -8.1700000000           42.2524965005
       -8.1600000000           37.6551798773
       -8.1500000000           33.6790310063
       -8.1400000000           30.2506299751
       -8.1300000000           27.2980388277
       -8.1200000000           24.7550785338
       -8.1100000000           22.5630638258
       -8.1000000000           20.6711114541
       -8.0900000000           19.0357149554
       -8.0800000000           17.6199931306
       -8.0700000000           16.3928388557
       -8.0600000000           15.3280862255
       -8.0500000000           14.4037512872
       -8.0400000000           13.6013668631
       -8.0300000000           12.9054136892
       -8.0200000000           12.3028412594
       -8.0100000000           11.7826681412
       -8.0000000000           11.3356506727
       -7.9900000000           10.9540094727
       -7.9800000000           10.6312043127
       -7.9700000000           10.3617492131
       -7.9600000000           10.1410609142
       -7.9500000000            9.9653350569
       -7.9400000000            9.8314454335
       -7.9300000000            9.7368625554
       -7.9200000000            9.6795885265
       -7.9100000000            9.6581058397
       -7.9000000000            9.6713382401
       -7.8900000000            9.7186222521
       -7.8800000000            9.7996883552
       -7.8700000000            9.9146511439
       -7.8600000000           10.0640081270
       -7.8500000000           10.2486471305
       -7.8400000000           10.4698625808
       -7.8300000000           10.7293812758
       -7.8200000000           11.0293986201
       -7.8100000000           11.3726267272
       -7.8000000000           11.7623563023
       -7.7900000000           12.2025348507
       -7.7800000000           12.6978645465
       -7.7700000000           13.2539241090
       -7.7600000000           13.8773203467
       -7.7500000000           14.5758767481
       -7.7400000000           15.3588687772
       -7.7300000000           16.2373185790
       -7.7200000000           17.2243659154
       -7.7100000000           18.3357377551
       -7.7000000000           19.5903466476
       -7.6900000000           21.0110587036
       -7.6800000000           22.6256869822
       -7.6700000000           24.4682872762
       -7.6600000000           26.5808635525
       -7.6500000000           29.0156339710
       -7.6400000000           31.8380720019
       -7.6300000000           35.1310306533
       -7.6200000000           39.0003963525
       -7.6100000000           43.5829255707
       -7.6000000000           49.0572260179
       -7.5900000000           55.6593039334
       -7.5800000000           63.7047726405
       -7.5700000000           73.6207651121
       -7.5600000000           85.9917974138
       -7.5500000000          101.6249434664
       -7.5400000000          121.6392491546
       -7.5300000000          147.5775049180
       -7.5200000000          181.5109346730
       -7.5100000000          226.0204419278
       -7.5000000000          283.7059779634
       -7.4900000000          355.3979552942
       -7.4800000000          435.8558654085
       -7.4700000000          507.7668038690
       -7.4600000000          542.9866567044
       -7.4500000000          522.5556339900
       -7.4400000000          457.0673324796
       -7.4300000000          375.0151338729
       -7.4200000000          298.3301477568
       -7.4100000000          235.4992259340
       -7.4000000000          186.8618395237
       -7.3900000000          149.9308849296
       -7.3800000000          121.9092638954
       -7.3700000000          100.4753170301
       -7.3600000000           83.8840857207
       -7.3500000000           70.8706887890
       -7.3400000000           60.5272939185
       -7.3300000000           52.2008161530
       -7.3200000000           45.4175605612
       -7.3100000000           39.8301647124
       -7.3000000000           35.1808180173
       -7.2900000000           31.2758103485
       -7.2800000000           27.9678305573
       -7.2700000000           25.1435488020
       -7.2600000000           22.7148150788
       -7.2500000000           20.6123514199
       -7.2400000000           18.7811800849
       -7.2300000000           17.1772729433
       -7.2200000000           15.7650692044
       -7.2100000000           14.5156172782
       -7.2000000000           13.4051699917
       -7.1900000000           12.4141124950
       -7.1800000000           11.5261367226
       -7.1700000000           10.7276003020
       -7.1600000000           10.0070246900
       -7.1500000000            9.3546993093
       -7.1400000000            8.7623670434
       -7.1300000000            8.2229726641
       -7.1200000000            7.7304602956
       -7.1100000000            7.2796093575
       -7.1000000000            6.8659009027
       -7.0900000000            6.4854081164
       -7.0800000000            6.1347061378
       -7.0700000000            5.8107974231
       -7.0600000000            5.5110496774
       -7.0500000000            5.2331440054
       -7.0400000000            4.9750314094
       -7.0300000000            4.7348961414
       -7.0200000000            4.5111247067
       -7.0100000000            4.3022795481
       -7.0000000000            4.1070766243
       -6.9900000000            3.9243662384
       -6.9800000000            3.7531165924
       -6.9700000000            3.5923996339
       -6.9600000000            3.4413788394
       -6.9500000000            3.2992986373
       -6.9400000000            3.1654752242
       -6.9300000000            3.0392885716
       -6.9200000000            2.9201754469
       -6.9100000000            2.8076233078
       -6.9000000000            2.7011649460
       -6.8900000000            2.6003737774
       -6.8800000000            2.5048596926
       -6.8600000000            2.0912935066
       -6.8500000000            2.0167791912
       -6.8400000000            1.9459503616
       -6.8300000000            1.8785720487
       -6.8200000000            1.8144275845
       -6.8100000000            1.7533169253
       -6.8000000000            1.6950551497
       -6.7900000000            1.6394711126
       -6.7800000000            1.5864062366
       -6.7700000000            1.5357134250
       -6.7600000000            1.4872560824
       -6.7500000000            1.4409072314
       -6.7400000000            1.3965487144
       -6.7300000000            1.3540704716
       -6.7200000000            1.3133698866
       -6.7100000000            1.2743511929
       -6.7000000000            1.2369249346
       -6.6900000000            1.2010074761
       -6.6800000000            1.1665205555
       -6.6700000000            1.1333908767
       -6.6600000000            1.1015497384
       -6.6500000000            1.0709326937
       -6.6400000000            1.0414792395
       -6.6300000000            1.0131325313
       -6.6200000000            0.9858391224
       -6.6100000000            0.9595487240
       -6.6000000000            0.9342139849
       -6.5900000000            0.9097902891
       -6.5800000000            0.8862355687
       -6.5700000000            0.8635101329
       -6.5600000000            0.8415765086
       -6.5500000000            0.8203992944
       -6.5400000000            0.7999450253
       -6.5300000000            0.7801820477
       -6.5200000000            0.7610804032
       -6.5100000000            0.7426117218
       -6.5000000000            0.7247491221
       -6.4900000000            0.7074671193
       -6.4800000000            0.6907415392
       -6.4700000000            0.6745494386
       -6.4600000000            0.6588690314
       -6.4500000000            0.6436796195
       -6.4400000000            0.6289615288
       -6.4300000000            0.6146960491
       -6.4200000000            0.6008653782
       -6.4100000000            0.5874525702
       -6.4000000000            0.5744414867
       -6.3900000000            0.5618167510
       -6.3800000000            0.5495637061
       -6.3700000000            0.5376683745
       -6.3600000000            0.5261174213
       -6.3500000000            0.5148981189
       -6.3400000000            0.5039983148
       -6.3300000000            0.4934064003
       -6.3200000000            0.4831112823
       -6.3100000000            0.4731023559
       -6.3000000000            0.4633694791
       -6.2900000000            0.4539029489
       -6.2800000000            0.4446934790
       -6.2700000000            0.4357321782
       -6.2600000000            0.4270105312
       -6.2500000000            0.4185203792
       -6.2400000000            0.4102539027
       -6.2300000000            0.4022036046
       -6.2200000000            0.3943622944
       -6.2100000000            0.3867230737
       -6.2000000000            0.3792793219
       -6.1900000000            0.3720246832
       -6.1800000000            0.3649530538
       -6.1700000000            0.3580585703
       -6.1600000000            0.3513355986
       -6.1500000000            0.3447787230
       -6.1400000000            0.3383827364
       -6.1300000000            0.3321426310
       -6.1200000000            0.3260535887
       -6.1100000000            0.3201109732
       -6.1000000000            0.3143103216
       -6.0900000000            0.3086473369
       -6.0800000000            0.3031178806
       -6.0600000000            0.0000000000
       -6.0500000000            0.0000000000
       -6.0400000000            0.0000000000
       -6.0300000000            0.0000000000
       -6.0200000000            0.0000000000
       -6.0100000000            0.0000000000
       -6.0000000000            0.0000000000
       -5.9900000000            0.0000000000
       -5.9800000000            0.0000000000
       -5.9700000000            0.0000000000
       -5.9600000000            0.0000000000
       -5.9500000000            0.0000000000
       -5.9400000000            0.0000000000
       -5.9300000000            0.0000000000
       -5.9200000000            0.0000000000
       -5.9100000000            0.0000000000
       -5.9000000000            0.0000000000
       -5.8900000000            0.0000000000
       -5.8800000000            0.0000000000
       -5.8700000000            0.0000000000
       -5.8600000000            0.0000000000
       -5.8500000000            0.0000000000
       -5.8400000000            0.0000000000
       -5.8300000000            0.0000000000
       -5.8200000000            0.0000000000
       -5.8100000000            0.0000000000
       -5.8000000000            0.0000000000
       -5.7900000000            0.0000000000
       -5.7800000000            0.0000000000
       -5.7700000000            0.0000000000
       -5.7600000000            0.0000000000
       -5.7500000000            0.0000000000
       -5.7400000000            0.0000000000
       -5.7300000000            0.0000000000
       -5.7200000000            0.0000000000
       -5.7100000000            0.0000000000
       -5.7000000000            0.0000000000
       -5.6900000000            0.0000000000
       -5.6800000000            0.0000000000
       -5.6700000000            0.0000000000
       -5.6600000000            0.0000000000
       -5.6500000000            0.0000000000
       -5.6400000000            0.0000000000
       -5.6300000000            0.0000000000
       -5.6200000000            0.0000000000
       -5.6100000000            0.0000000000
       -5.6000000000            0.0000000000
       -5.5900000000            0.0000000000
       -5.5800000000            0.0000000000
       -5.5700000000            0.0000000000
       -5.5600000000            0.0000000000
       -5.5500000000            0.0000000000
       -5.5400000000            0.0000000000
       -5.5300000000            0.0000000000
       -5.5200000000            0.0000000000
       -5.5100000000            0.0000000000
       -5.5000000000            0.0000000000
       -5.4900000000            0.0000000000
       -5.4800000000            0.0000000000
       -5.4700000000            0.0000000000
       -5.4600000000            0.0000000000
       -5.4500000000            0.0000000000
       -5.4400000000            0.0000000000
       -5.4300000000            0.0000000000
       -5.4200000000            0.0000000000
       -5.4100000000            0.0000000000
       -5.4000000000            0.0000000000
       -5.3900000000            0.0000000000
       -5.3800000000            0.0000000000
       -5.3700000000            0.0000000000
       -5.3600000000            0.0000000000
       -5.3500000000            0.0000000000
       -5.3400000000            0.0000000000
       -5.3300000000            0.0000000000
       -5.3200000000            0.0000000000
       -5.3100000000            0.0000000000
       -5.3000000000            0.0000000000
       -5.2900000000            0.0000000000
       -5.2800000000            0.0000000000
       -5.2700000000            0.0000000000
       -5.2600000000            0.0000000000
       -5.2500000000            0.0000000000
       -5.2400000000            0.0000000000
       -5.2300000000            0.0000000000
       -5.2200000000            0.0000000000
       -5.2100000000            0.0000000000
       -5.2000000000            0.0000000000
       -5.1900000000            0.0000000000
       -5.1800000000            0.0000000000
       -5.1700000000            0.0000000000
       -5.1600000000            0.0000000000
       -5.1500000000            0.0000000000
       -5.1400000000            0.0000000000
       -5.1300000000            0.0000000000
       -5.1200000000            0.0000000000
       -5.1100000000            0.0000000000
       -5.1000000000            0.0000000000
       -5.0900000000            0.0000000000
       -5.0800000000            0.0000000000
       -5.0700000000            0.0000000000
       -5.0600000000            0.0000000000
       -5.0500000000            0.0000000000
       -5.0400000000            0.0000000000
       -5.0300000000            0.0000000000
       -5.0200000000            0.0000000000
       -5.0100000000            0.0000000000
       -5.0000000000            0.0000000000
       -4.9900000000            0.0000000000
       -4.9800000000            0.0000000000
       -4.9700000000            0.0000000000
       -4.9600000000            0.0000000000
       -4.9500000000            0.0000000000
       -4.9400000000            0.0000000000
       -4.9300000000            0.0000000000
       -4.9200000000            0.0000000000
       -4.9100000000            0.0000000000
       -4.9000000000            0.0000000000
       -4.8900000000            0.0000000000
       -4.8800000000            0.0000000000
       -4.8700000000            0.0000000000
       -4.8600000000            0.0000000000
       -4.8500000000            0.0000000000
       -4.8400000000            0.0000000000
       -4.8300000000            0.0000000000
       -4.8200000000            0.0000000000
       -4.8100000000            0.0000000000
       -4.8000000000            0.0000000000
       -4.7900000000            0.0000000000
       -4.7800000000            0.0000000000
       -4.7700000000            0.0000000000
       -4.7600000000            0.0000000000
       -4.7500000000            0.0000000000
       -4.7400000000            0.0000000000
       -4.7300000000            0.0000000000
       -4.7200000000            0.0000000000
       -4.7100000000            0.0000000000
       -4.7000000000            0.0000000000
       -4.6900000000            0.0000000000
       -4.6800000000            0.0000000000
       -4.6700000000            0.0000000000
       -4.6600000000            0.0000000000
       -4.6500000000            0.0000000000
       -4.6400000000            0.0000000000
       -4.6300000000            0.0000000000
       -4.6200000000            0.0000000000
       -4.6100000000            0.0000000000
       -4.6000000000            0.0000000000
       -4.5900000000            0.0000000000
       -4.5800000000            0.0000000000
       -4.5700000000            0.0000000000
       -4.5600000000            0.0000000000
       -4.5500000000            0.0000000000
       -4.5400000000            0.0000000000
       -4.5300000000            0.0000000000
       -4.5200000000            0.0000000000
       -4.5100000000            0.0000000000
       -4.5000000000            0.0000000000
       -4.4900000000            0.0000000000
       -4.4800000000            0.0000000000
       -4.4700000000            0.0000000000
       -4.4600000000            0.0000000000
       -4.4500000000            0.0000000000
       -4.4400000000            0.0000000000
       -4.4300000000            0.0000000000
       -4.4200000000            0.0000000000
       -4.4100000000            0.0000000000
       -4.4000000000            0.0000000000
       -4.3900000000            0.0000000000
       -4.3800000000            0.0000000000
       -4.3700000000            0.0000000000
       -4.3600000000            0.0000000000
       -4.3500000000            0.0000000000
       -4.3400000000            0.0000000000
       -4.3300000000            0.0000000000
       -4.3200000000            0.0000000000
       -4.3100000000            0.0000000000
       -4.3000000000            0.0000000000
       -4.2900000000            0.0000000000
       -4.2800000000            0.0000000000
       -4.2700000000            0.0000000000
       -4.2600000000            0.0000000000
       -4.2500000000            0.0000000000
       -4.2400000000            0.0000000000
       -4.2300000000            0.0000000000
       -4.2200000000            0.0000000000
       -4.2100000000            0.0000000000
       -4.2000000000            0.0000000000
       -4.1900000000            0.0000000000
       -4.1800000000            0.0000000000
       -4.1700000000            0.0000000000
       -4.1600000000            0.0000000000
       -4.1500000000            0.0000000000
       -4.1400000000            0.0000000000
       -4.1300000000            0.0000000000
       -4.1200000000            0.0000000000
       -4.1100000000            0.0000000000
       -4.1000000000            0.0000000000
       -4.0900000000            0.0000000000
       -4.0800000000            0.0000000000
       -4.0700000000            0.0000000000
       -4.0600000000            0.0000000000
       -4.0500000000            0.0000000000
       -4.0400000000            0.0000000000
       -4.0300000000            0.0000000000
       -4.0200000000            0.0000000000
       -4.0100000000            0.0000000000
       -4.0000000000            0.0000000000
       -3.9900000000            0.0000000000
       -3.9800000000            0.0000000000
       -3.9700000000            0.0000000000
       -3.9600000000            0.0000000000
       -3.9500000000            0.0000000000
       -3.9400000000            0.0000000000
       -3.9300000000            0.0000000000
       -3.9200000000            0.0000000000
       -3.9100000000            0.0000000000
       -3.9000000000            0.0000000000
       -3.8900000000            0.0000000000
       -3.8800000000            0.0000000000
       -3.8700000000            0.0000000000
       -3.8600000000            0.0000000000
       -3.8500000000            0.0000000000
       -3.8400000000            0.0000000000
       -3.8300000000            0.0000000000
       -3.8200000000            0.0000000000
       -3.8100000000            0.0000000000
       -3.8000000000            0.0000000000
       -3.7900000000            0.0000000000
       -3.7800000000            0.0000000000
       -3.7700000000            0.0000000000
       -3.7600000000            0.0000000000
       -3.7500000000            0.0000000000
       -3.7400000000            0.0000000000
       -3.7300000000            0.0000000000
       -3.7200000000            0.0000000000
       -3.7100000000            0.0000000000
       -3.7000000000            0.0000000000
       -3.6900000000            0.0000000000
       -3.6800000000            0.0000000000
       -3.6700000000            0.0000000000
       -3.6600000000            0.0000000000
       -3.6500000000            0.0000000000
       -3.6400000000            0.0000000000
       -3.6300000000            0.0000000000
       -3.6200000000            0.0000000000
       -3.6100000000            0.0000000000
       -3.5900000000            0.0313066913
       -3.5800000000            0.0315983497
       -3.5700000000            0.0318946216
       -3.5600000000            0.0321956071
       -3.5500000000            0.0325014094
       -3.5400000000            0.0328121341
       -3.5300000000            0.0331278902
       -3.5200000000            0.0334487895
       -3.5100000000            0.0337749469
       -3.5000000000            0.0341064806
       -3.4900000000            0.0344435123
       -3.4800000000            0.0347861670
       -3.4700000000            0.0351345733
       -3.4600000000            0.0354888637
       -3.4500000000            0.0358491743
       -3.4400000000            0.0362156456
       -3.4300000000            0.0365884217
       -3.4200000000            0.0369676515
       -3.4100000000            0.0373534880
       -3.4000000000            0.0377460889
       -3.3900000000            0.0381456167
       -3.3800000000            0.0385522389
       -3.3700000000            0.0389661280
       -3.3600000000            0.0393874619
       -3.3500000000            0.0398164240
       -3.3400000000            0.0402532035
       -3.3300000000            0.0406979954
       -3.3200000000            0.0411510009
       -3.3100000000            0.0416124279
       -3.3000000000            0.0420824906
       -3.2900000000            0.0425614102
       -3.2800000000            0.0430494152
       -3.2700000000            0.0435467415
       -3.2600000000            0.0440536328
       -3.2500000000            0.0445703409
       -3.2400000000            0.0450971260
       -3.2300000000            0.0456342570
       -3.2200000000            0.0461820119
       -3.2100000000            0.0467406783
       -3.2000000000            0.0473105536
       -3.1900000000            0.0478919454
       -3.1800000000            0.0484851722
       -3.1700000000            0.0490905635
       -3.1600000000            0.0497084606
       -3.1500000000            0.0503392168
       -3.1400000000            0.0509831982
       -3.1300000000            0.0516407841
       -3.1200000000            0.0523123674
       -3.1100000000            0.0529983557
       -3.1000000000            0.0536991715
       -3.0900000000            0.0544152530
       -3.0800000000            0.0551470550
       -3.0700000000            0.0558950493
       -3.0600000000            0.0566597258
       -3.0500000000            0.0574415931
       -3.0400000000            0.0582411796
       -3.0300000000            0.0590590341
       -3.0200000000            0.0598957271
       -3.0100000000            0.0607518518
       -3.0000000000            0.0616280250
       -2.9900000000            0.0625248882
       -2.9800000000            0.0634431091
       -2.9700000000            0.0643833828
       -2.9600000000            0.0653464328
       -2.9500000000            0.0663330130
       -2.9400000000            0.0673439088
       -2.9300000000            0.0683799389
       -2.9200000000            0.0694419570
       -2.9100000000            0.0705308533
       -2.9000000000            0.0716475570
       -2.8900000000            0.0727930379
       -2.8800000000            0.0739683086
       -2.8700000000            0.0751744270
       -2.8600000000            0.0764124985
       -2.8500000000            0.0776836789
       -2.8400000000            0.0789891766
       -2.8300000000            0.0803302565
       -2.8200000000            0.0817082419
       -2.8100000000            0.0831245191
       -2.8000000000            0.0845805401
       -2.7900000000            0.0860778265
       -2.7800000000            0.0876179740
       -2.7700000000            0.0892026565
       -2.7600000000            0.0908336304
       -2.7500000000            0.0925127402
       -2.7400000000            0.0942419235
       -2.7300000000            0.0960232164
       -2.7200000000            0.0978587601
       -2.7100000000            0.0997508074
       -2.7000000000            0.1017017293
       -2.6900000000            0.1037140230
       -2.6800000000            0.1057903198
       -2.6700000000            0.1079333939
       -2.6600000000            0.1101461718
       -2.6500000000            0.1124317425
       -2.6400000000            0.1147933684
       -2.6300000000            0.1172344968
       -2.6200000000            0.1197587733
       -2.6100000000            0.1223700549
       -2.6000000000            0.1250724253
       -2.5900000000            0.1278702111
       -2.5800000000            0.1307679987
       -2.5700000000            0.1337706543
       -2.5600000000            0.1368833436
       -2.5500000000            0.1401115547
       -2.5400000000            0.1434611224
       -2.5300000000            0.1469382546
       -2.5200000000            0.1505495616
       -2.5100000000            0.1543020876
       -2.5000000000            0.1582033450
       -2.4900000000            0.1622613528
       -2.4800000000            0.1664846775
       -2.4700000000            0.1708824786
       -2.4600000000            0.1754645589
       -2.4500000000            0.1802414188
       -2.4400000000            0.1852243171
       -2.4300000000            0.1904253370
       -2.4200000000            0.1958574604
       -2.4100000000            0.2015346480
       -2.4000000000            0.2074719300
       -2.3900000000            0.2136855053
       -2.3800000000            0.2201928519
       -2.3700000000            0.2270128504
       -2.3600000000            0.2341659202
       -2.3500000000            0.2416741729
       -2.3400000000            0.2495615824
       -2.3300000000            0.2578541766
       -2.3200000000            0.2665802510
       -2.3100000000            0.2757706104
       -2.3000000000            0.2854588391
       -2.2900000000            0.2956816079
       -2.2800000000            0.3064790188
       -2.2700000000            0.3178949980
       -2.2600000000            0.3299777400
       -2.2500000000            0.3427802146
       -2.2400000000            0.3563607449
       -2.2300000000            0.3707836682
       -2.2200000000            0.3861200942
       -2.2100000000            0.4024487771
       -2.2000000000            0.4198571212
       -2.1900000000            0.4384423439
       -2.1800000000            0.4583128251
       -2.1700000000            0.4795896782
       -2.1600000000            0.5024085843
       -2.1500000000            0.5269219422
       -2.1400000000            0.5533013969
       -2.1300000000            0.5817408254
       -2.1200000000            0.6124598770
       -2.1100000000            0.6457081868
       -2.1000000000            0.6817704162
       -2.0900000000            0.7209723069
       -2.0800000000            0.7636879919
       -2.0700000000            0.8103488674
       -2.0600000000            0.8614544204
       -2.0500000000            0.9175855184
       -2.0400000000            0.9794208235
       -2.0300000000            1.0477571969
       -2.0200000000            1.1235352436
       -2.0100000000            1.2078715282
       -2.0000000000            1.3020995299
       -1.9900000000            1.4078221523
       -1.9800000000            1.5269796649
       -1.9700000000            1.6619384828
       -1.9600000000            1.8156084130
       -1.9500000000            1.9915992912
       -1.9400000000            2.1944328743
       -1.9300000000            2.4298334238
       -1.9200000000            2.7051322048
       -1.9100000000            3.0298398986
       -1.9000000000            3.4164714955
       -1.8900000000            3.8817593046
       -1.8800000000            4.4484774640
       -1.8700000000            5.1482569401
       -1.8600000000            6.0260559220
       -1.8500000000            7.1474975019
       -1.8400000000            8.6113824989
       -1.8300000000           10.5720019853
       -1.8200000000           13.2810888372
       -1.8100000000           17.1718977908
       -1.8000000000           23.0415079060
       -1.7900000000           32.4873680740
       -1.7800000000           49.0973951637
       -1.7700000000           82.3221198445
       -1.7600000000          163.7432858507
       -1.7500000000          447.9721851713
       -1.7400000000         1972.4338746515
       -1.7300000000         1094.1545528294
       -1.7200000000          291.1692361719
       -1.7100000000          124.2511854832
       -1.7000000000           67.8723055958
       -1.6900000000           42.6128295445
       -1.6800000000           29.2193096057
       -1.6700000000           21.2868203756
       -1.6600000000           16.2076612412
       -1.6500000000           12.7617399567
       -1.6400000000           10.3171986582
       -1.6300000000            8.5204706894
       -1.6200000000            7.1612616493
       -1.6100000000            6.1081633853
       -1.6000000000            5.2756455584
       -1.5900000000            4.6060995261
       -1.5800000000            4.0595747202
       -1.5700000000            3.6076604997
       -1.5600000000            3.2297052088
       -1.5500000000            2.9104052562
       -1.5400000000            2.6382249810
       -1.5300000000            2.4043355625
       -1.5200000000            2.2018868984
       -1.5100000000            2.0254981836
       -1.5000000000            1.8708952130
       -1.4900000000            1.7346480272
       -1.4800000000            1.6139783794
       -1.4700000000            1.5066165686
       -1.4600000000            1.4106936824
       -1.4500000000            1.3246595820
       -1.4400000000            1.2472198341
       -1.4300000000            1.1772867458
       -1.4200000000            1.1139410102
       -1.4100000000            1.0564014145
       -1.4000000000            1.0040007293
       -1.3900000000            0.9561663788
       -1.3800000000            0.9124048394
       -1.3700000000            0.8722889662
       -1.3600000000            0.8354476367
       -1.3500000000            0.8015572400
       -1.3400000000            0.7703346462
       -1.3300000000            0.7415313683
       -1.3200000000            0.7149286926
       -1.3100000000            0.6903335982
       -1.3000000000            0.6675753235
       -1.2900000000            0.6465024657
       -1.2800000000            0.6269805225
       -1.2700000000            0.6088897993
       -1.2600000000            0.5921236236
       -1.2500000000            0.5765868168
       -1.2400000000            0.5621943810
       -1.2300000000            0.5488703697
       -1.2200000000            0.5365469130
       -1.2100000000            0.5251633749
       -1.2000000000            0.5146656227
       -1.1900000000            0.5050053927
       -1.1800000000            0.4961397388
       -1.1700000000            0.4880305505
       -1.1600000000            0.4806441329
       -1.1500000000            0.4739508366
       -1.1400000000            0.4679247326
       -1.1300000000            0.4625433233
       -1.1200000000            0.4577872841
       -1.1100000000            0.4536402281
       -1.1000000000            0.4500884905
       -1.0900000000            0.4471209233
       -1.0800000000            0.4447286969
       -1.0700000000            0.4429051007
       -1.0600000000            0.4416453354
       -1.0500000000            0.4409462899
       -1.0400000000            0.4408062929
       -1.0300000000            0.4412248309
       -1.0200000000            0.4422022198
       -1.0100000000            0.4437392193
       -1.0000000000            0.4458365776
       -0.9900000000            0.4484944902
       -0.9800000000            0.4517119631
       -0.9700000000            0.4554860628
       -0.9600000000            0.4598110469
       -0.9500000000            0.4646773658
       -0.9400000000            0.4700705369
       -0.9300000000            0.4759699030
       -0.9200000000            0.4823472975
       -0.9100000000            0.4891656618
       -0.9000000000            0.4963776801
       -0.8900000000            0.5039245255
       -0.8800000000            0.5117348374
       -0.8700000000            0.5197240790
       -0.8600000000            0.5277944421
       -0.8500000000            0.5358354731
       -0.8400000000            0.5437255795
       -0.8300000000            0.5513345347
       -0.8200000000            0.5585270253
       -0.8100000000            0.5651671807
       -0.8000000000            0.5711238984
       -0.7900000000            0.5762766449
       -0.7800000000            0.5805212974
       -0.7700000000            0.5837755176
       -0.7600000000            0.5859831402
       -0.7500000000            0.5871171286
       -0.7400000000            0.5871807888
       -0.7300000000            0.5862071263
       -0.7200000000            0.5842564395
       -0.7100000000            0.5814124372
       -0.7000000000            0.5777773035
       -0.6900000000            0.5734662065
       -0.6800000000            0.5686017396
       -0.6700000000            0.5633087200
       -0.6600000000            0.5577096597
       -0.6400000000            0.6531764432
       -0.6300000000            0.6478185087
       -0.6200000000            0.6426097038
       -0.6100000000            0.6376246957
       -0.6000000000            0.6329267552
       -0.5900000000            0.6285684219
       -0.5800000000            0.6245924299
       -0.5700000000            0.6210327797
       -0.5600000000            0.6179158681
       -0.5500000000            0.6152616101
       -0.5400000000            0.6130845071
       -0.5300000000            0.6113946327
       -0.5200000000            0.6101985206
       -0.5100000000            0.6094999479
       -0.5000000000            0.6093006166
       -0.4900000000            0.6096007364
       -0.4800000000            0.6103995195
       -0.4700000000            0.6116955952
       -0.4600000000            0.6134873547
       -0.4500000000            0.6157732361
       -0.4400000000            0.6185519590
       -0.4300000000            0.6218227164
       -0.4200000000            0.6255853316
       -0.4100000000            0.6298403869
       -0.4000000000            0.6345893299
       -0.3900000000            0.6398345613
       -0.3800000000            0.6455795099
       -0.3700000000            0.6518286965
       -0.3600000000            0.6585877919
       -0.3500000000            0.6658636689
       -0.3400000000            0.6736644535
       -0.3300000000            0.6819995736
       -0.3200000000            0.6908798105
       -0.3100000000            0.7003173513
       -0.3000000000            0.7103258461
       -0.2900000000            0.7209204690
       -0.2800000000            0.7321179851
       -0.2700000000            0.7439368248
       -0.2600000000            0.7563971650
       -0.2500000000            0.7695210194
       -0.2400000000            0.7833323386
       -0.2300000000            0.7978571210
       -0.2200000000            0.8131235350
       -0.2100000000            0.8291620555
       -0.2000000000            0.8460056136
       -0.1900000000            0.8636897633
       -0.1800000000            0.8822528655
       -0.1700000000            0.9017362913
       -0.1600000000            0.9221846473
       -0.1500000000            0.9436460247
       -0.1400000000            0.9661722750
       -0.1300000000            0.9898193153
       -0.1200000000            1.0146474665
       -0.1100000000            1.0407218290
       -0.1000000000            1.0681126989
       -0.0900000000            1.0968960310
       -0.0800000000            1.1271539541
       -0.0700000000            1.1589753443
       -0.0600000000            1.1924564650
       -0.0500000000            1.2277016819
       -0.0400000000            1.2648242627
       -0.0300000000            1.3039472732
       -0.0200000000            1.3452045831
       -0.0100000000            1.3887419976
