      -20.0000000000            0.1291222147
      -19.9900000000            0.1308540361
      -19.9800000000            0.1326215922
      -19.9700000000            0.1344258428
      -19.9600000000            0.1362677797
      -19.9500000000            0.1381484279
      -19.9400000000            0.1400688476
      -19.9300000000            0.1420301348
      -19.9200000000            0.1440334232
      -19.9100000000            0.1460798859
      -19.9000000000            0.1481707366
      -19.8900000000            0.1503072315
      -19.8800000000            0.1524906712
      -19.8700000000            0.1547224023
      -19.8600000000            0.1570038196
      -19.8500000000            0.1593363679
      -19.8400000000            0.1617215444
      -19.8300000000            0.1641609008
      -19.8200000000            0.1666560457
      -19.8100000000            0.1692086470
      -19.8000000000            0.1718204350
      -19.7900000000            0.1744932043
      -19.7800000000            0.1772288175
      -19.7700000000            0.1800292077
      -19.7600000000            0.1828963821
      -19.7500000000            0.1858324250
      -19.7400000000            0.1888395016
      -19.7300000000            0.1919198618
      -19.7200000000            0.1950758439
      -19.7100000000            0.1983098787
      -19.7000000000            0.2016244944
      -19.6900000000            0.2050223207
      -19.6800000000            0.2085060936
      -19.6700000000            0.2120786611
      -19.6600000000            0.2157429882
      -19.6500000000            0.2195021628
      -19.6400000000            0.2233594014
      -19.6300000000            0.2273180563
      -19.6200000000            0.2313816215
      -19.6100000000            0.2355537404
      -19.6000000000            0.2398382134
      -19.5900000000            0.2442390056
      -19.5800000000            0.2487602555
      -19.5700000000            0.2534062842
      -19.5600000000            0.2581816045
      -19.5500000000            0.2630909317
      -19.5400000000            0.2681391936
      -19.5300000000            0.2733315426
      -19.5200000000            0.2786733673
      -19.5100000000            0.2841703059
      -19.5000000000            0.2898282593
      -19.4900000000            0.2956534062
      -19.4800000000            0.3016522182
      -19.4700000000            0.3078314764
      -19.4600000000            0.3141982892
      -19.4500000000            0.3207601106
      -19.4400000000            0.3275247603
      -19.4300000000            0.3345004448
      -19.4200000000            0.3416957804
      -19.4100000000            0.3491198170
      -19.4000000000            0.3567820640
      -19.3900000000            0.3646925178
      -19.3800000000            0.3728616915
      -19.3700000000            0.3813006461
      -19.3600000000            0.3900210243
      -19.3500000000            0.3990350864
      -19.3400000000            0.4083557490
      -19.3300000000            0.4179966262
      -19.3200000000            0.4279720741
      -19.3100000000            0.4382972378
      -19.3000000000            0.4489881027
      -19.2900000000            0.4600615486
      -19.2800000000            0.4715354091
      -19.2700000000            0.4834285337
      -19.2600000000            0.4957608556
      -19.2500000000            0.5085534647
      -19.2400000000            0.5218286854
      -19.2300000000            0.5356101605
      -19.2200000000            0.5499229419
      -19.2100000000            0.5647935874
      -19.2000000000            0.5802502657
      -19.1900000000            0.5963228692
      -19.1800000000            0.6130431352
      -19.1700000000            0.6304447767
      -19.1600000000            0.6485636235
      -19.1500000000            0.6674377739
      -19.1400000000            0.6871077586
      -19.1300000000            0.7076167165
      -19.1200000000            0.7290105854
      -19.1100000000            0.7513383059
      -19.1000000000            0.7746520426
      -19.0900000000            0.7990074208
      -19.0800000000            0.8244637820
      -19.0700000000            0.8510844584
      -19.0600000000            0.8789370679
      -19.0500000000            0.9080938302
      -19.0400000000            0.9386319066
      -19.0300000000            0.9706337621
      -19.0200000000            1.0041875537
      -19.0100000000            1.0393875426
      -19.0000000000            1.0763345335
      -18.9900000000            1.1151363384
      -18.9800000000            1.1559082666
      -18.9700000000            1.1987736380
      -18.9600000000            1.2438643183
      -18.9500000000            1.2913212724
      -18.9400000000            1.3412951304
      -18.9300000000            1.3939467607
      -18.9200000000            1.4494478382
      -18.9100000000            1.5079813965
      -18.9000000000            1.5697423465
      -18.8900000000            1.6349379393
      -18.8800000000            1.7037881457
      -18.8700000000            1.7765259151
      -18.8600000000            1.8533972711
      -18.8500000000            1.9346611844
      -18.8400000000            2.0205891551
      -18.8300000000            2.1114644175
      -18.8200000000            2.2075806613
      -18.8100000000            2.3092401435
      -18.8000000000            2.4167510364
      -18.7900000000            2.5304238333
      -18.7800000000            2.6505665985
      -18.7700000000            2.7774788210
      -18.7600000000            2.9114435988
      -18.7500000000            3.0527178537
      -18.7400000000            3.2015202628
      -18.7300000000            3.3580165897
      -18.7200000000            3.5223021236
      -18.7100000000            3.6943810005
      -18.7000000000            3.8741422939
      -18.6900000000            4.0613329515
      -18.6800000000            4.2555279318
      -18.6700000000            4.4560982762
      -18.6600000000            4.6621783546
      -18.6500000000            4.8726341320
      -18.6400000000            5.0860350093
      -18.6300000000            5.3006325185
      -18.6200000000            5.5143498167
      -18.6100000000            5.7247863662
      -18.6000000000            5.9292422337
      -18.5900000000            6.1247658814
      -18.5800000000            6.3082279841
      -18.5700000000            6.4764216018
      -18.5600000000            6.6261860384
      -18.5500000000            6.7545482148
      -18.5400000000            6.8588718987
      -18.5300000000            6.9370023431
      -18.5200000000            6.9873925145
      -18.5100000000            7.0091976780
      -18.5000000000            7.0023278307
      -18.4900000000            6.9674520294
      -18.4800000000            6.9059542930
      -18.4700000000            6.8198464240
      -18.4600000000            6.7116477476
      -18.4500000000            6.5842446388
      -18.4400000000            6.4407434663
      -18.4300000000            6.2843293869
      -18.4200000000            6.1181407900
      -18.4100000000            5.9451658214
      -18.4000000000            5.7681639776
      -18.3900000000            5.5896127840
      -18.3800000000            5.4116773429
      -18.3700000000            5.2361991474
      -18.3600000000            5.0646999344
      -18.3500000000            4.8983963360
      -18.3400000000            4.7382214795
      -18.3300000000            4.5848503242
      -18.3200000000            4.4387262497
      -18.3100000000            4.3000871360
      -18.3000000000            4.1689898456
      -18.2900000000            4.0453325866
      -18.2800000000            3.9288751158
      -18.2700000000            3.8192571069
      -18.2600000000            3.7160152813
      -18.2500000000            3.6186000577
      -18.2400000000            3.5263925255
      -18.2300000000            3.4387224706
      -18.2200000000            3.3548879698
      -18.2100000000            3.2741767362
      -18.2000000000            3.1958889564
      -18.1900000000            3.1193608717
      -18.1800000000            3.0439878902
      -18.1700000000            2.9692456775
      -18.1600000000            2.8947075366
      -18.1500000000            2.8200565278
      -18.1400000000            2.7450911896
      -18.1300000000            2.6697243578
      -18.1200000000            2.5939753258
      -18.1100000000            2.5179563034
      -18.1000000000            2.4418546938
      -18.0900000000            2.3659130151
      -18.0800000000            2.2904083250
      -18.0700000000            2.2156327927
      -18.0600000000            2.1418766739
      -18.0500000000            2.0694144801
      -18.0400000000            1.9984946717
      -18.0300000000            1.9293328194
      -18.0200000000            1.8621078927
      -18.0100000000            1.7969611644
      -18.0000000000            1.7339971509
      -17.9900000000            1.6732860119
      -17.9800000000            1.6148668931
      -17.9700000000            1.5587517799
      -17.9600000000            1.5049295240
      -17.9500000000            1.4533697972
      -17.9400000000            1.4040268044
      -17.9300000000            1.3568426552
      -17.9200000000            1.3117503421
      -17.9100000000            1.2686763118
      -17.9000000000            1.2275426400
      -17.8900000000            1.1882688370
      -17.8800000000            1.1507733192
      -17.8700000000            1.1149745872
      -17.8600000000            1.0807921503
      -17.8500000000            1.0481472351
      -17.8400000000            1.0169633144
      -17.8300000000            0.9871664876
      -17.8200000000            0.9586857399
      -17.8100000000            0.9314531041
      -17.8000000000            0.9054037453
      -17.7900000000            0.8804759850
      -17.7800000000            0.8566112782
      -17.7700000000            0.8337541558
      -17.7600000000            0.8118521406
      -17.7500000000            0.7908556448
      -17.7400000000            0.7707178547
      -17.7300000000            0.7513946077
      -17.7200000000            0.7328442647
      -17.7100000000            0.7150275817
      -17.7000000000            0.6979075807
      -17.6900000000            0.6814494246
      -17.6800000000            0.6656202946
      -17.6700000000            0.6503892716
      -17.6600000000            0.6357272238
      -17.6500000000            0.6216066982
      -17.6400000000            0.6080018180
      -17.6300000000            0.5948881861
      -17.6200000000            0.5822427927
      -17.6100000000            0.5700439296
      -17.6000000000            0.5582711090
      -17.5900000000            0.5469049872
      -17.5800000000            0.5359272932
      -17.5700000000            0.5253207624
      -17.5600000000            0.5150690733
      -17.5500000000            0.5051567896
      -17.5400000000            0.4955693054
      -17.5300000000            0.4862927938
      -17.5200000000            0.4773141596
      -17.5100000000            0.4686209943
      -17.5000000000            0.4602015345
      -17.4900000000            0.4520446231
      -17.4800000000            0.4441396724
      -17.4700000000            0.4364766301
      -17.4600000000            0.4290459476
      -17.4500000000            0.4218385499
      -17.4400000000            0.4148458072
      -17.4300000000            0.4080595096
      -17.4200000000            0.4014718415
      -17.4100000000            0.3950753595
      -17.4000000000            0.3888629706
      -17.3900000000            0.3828279123
      -17.3800000000            0.3769637344
      -17.3700000000            0.3712642817
      -17.3600000000            0.3657236787
      -17.3500000000            0.3603363154
      -17.3400000000            0.3550968341
      -17.3300000000            0.3500001185
      -17.3200000000            0.3450412826
      -17.3100000000            0.3402156618
      -17.3000000000            0.3355188039
      -17.2900000000            0.3309464611
      -17.2800000000            0.3264945822
      -17.2700000000            0.3221593042
      -17.2600000000            0.3179369448
      -17.2500000000            0.3138239938
      -17.2400000000            0.3098171047
      -17.2300000000            0.3059130855
      -17.2200000000            0.3021088901
      -17.2100000000            0.2984016093
      -17.2000000000            0.2947884628
      -17.1900000000            0.2912667906
      -17.1800000000            0.2878340462
      -17.1700000000            0.2844877898
      -17.1600000000            0.2812256823
      -17.1500000000            0.2780454803
      -17.1400000000            0.2749450316
      -17.1300000000            0.2719222710
      -17.1200000000            0.2689752171
      -17.1100000000            0.2661019690
      -17.1000000000            0.2633007040
      -17.0900000000            0.2605696746
      -17.0800000000            0.2579072068
      -17.0700000000            0.2553116974
      -17.0600000000            0.2527816126
      -17.0500000000            0.2503154859
      -17.0400000000            0.2479119165
      -17.0300000000            0.2455695677
      -17.0200000000            0.2432871652
      -17.0100000000            0.2410634958
      -17.0000000000            0.2388974062
      -16.9900000000            0.2367878018
      -16.9800000000            0.2347336452
      -16.9700000000            0.2327339555
      -16.9600000000            0.2307878076
      -16.9500000000            0.2288943308
      -16.9400000000            0.2270527088
      -16.9300000000            0.2252621785
      -16.9200000000            0.2235220303
      -16.9100000000            0.2218316070
      -16.9000000000            0.2201903042
      -16.8900000000            0.2185975697
      -16.8800000000            0.2170529043
      -16.8700000000            0.2155558613
      -16.8600000000            0.2141060472
      -16.8500000000            0.2127031221
      -16.8400000000            0.2113468003
      -16.8300000000            0.2100368511
      -16.8200000000            0.2087730996
      -16.8100000000            0.2075554281
      -16.8000000000            0.2063837769
      -16.7900000000            0.2052581459
      -16.7800000000            0.2041785962
      -16.7700000000            0.2031452515
      -16.7600000000            0.2021583002
      -16.7500000000            0.2012179972
      -16.7400000000            0.2003246659
      -16.7300000000            0.1994787008
      -16.7200000000            0.1986805691
      -16.7100000000            0.1979308137
      -16.7000000000            0.1972300554
      -16.6900000000            0.1965789948
      -16.6800000000            0.1959784153
      -16.6700000000            0.1954291849
      -16.6600000000            0.1949322581
      -16.6500000000            0.1944886780
      -16.6400000000            0.1940995772
      -16.6300000000            0.1937661791
      -16.6200000000            0.1934897984
      -16.6100000000            0.1932718408
      -16.6000000000            0.1931138023
      -16.5900000000            0.1930172682
      -16.5800000000            0.1929839116
      -16.5700000000            0.1930154914
      -16.5600000000            0.1931138509
      -16.5500000000            0.1932809175
      -16.5400000000            0.1935187030
      -16.5300000000            0.1938293081
      -16.5200000000            0.1942149294
      -16.5100000000            0.1946778731
      -16.5000000000            0.1952205745
      -16.4900000000            0.1958456265
      -16.4800000000            0.1965558171
      -16.4700000000            0.1973541764
      -16.4600000000            0.1982440330
      -16.4500000000            0.1992290767
      -16.4400000000            0.2003134261
      -16.4300000000            0.2015016951
      -16.4200000000            0.2027990543
      -16.4100000000            0.2042112809
      -16.4000000000            0.2057447916
      -16.3900000000            0.2074066557
      -16.3800000000            0.2092045824
      -16.3700000000            0.2111468848
      -16.3600000000            0.2132424163
      -16.3500000000            0.2155004843
      -16.3400000000            0.2179307388
      -16.3300000000            0.2205430388
      -16.3200000000            0.2233472944
      -16.3100000000            0.2263532816
      -16.3000000000            0.2295704255
      -16.2900000000            0.2330075464
      -16.2800000000            0.2366725581
      -16.2700000000            0.2405721115
      -16.2600000000            0.2447111728
      -16.2500000000            0.2490925286
      -16.2400000000            0.2537162097
      -16.2300000000            0.2585788322
      -16.2200000000            0.2636728570
      -16.2100000000            0.2689857797
      -16.2000000000            0.2744992710
      -16.1900000000            0.2801883034
      -16.1800000000            0.2860203164
      -16.1700000000            0.2919544895
      -16.1600000000            0.2979412128
      -16.1500000000            0.3039218611
      -16.1400000000            0.3098289864
      -16.1300000000            0.3155870469
      -16.1200000000            0.3211137685
      -16.1100000000            0.3263222039
      -16.1000000000            0.3311234919
      -16.0900000000            0.3354302426
      -16.0800000000            0.3391603816
      -16.0700000000            0.3422411986
      -16.0600000000            0.3446132730
      -16.0500000000            0.3462339115
      -16.0400000000            0.3470797511
      -16.0300000000            0.3471482457
      -16.0200000000            0.3464578731
      -16.0100000000            0.3450470416
      -16.0000000000            0.3429718255
      -15.9900000000            0.3403027806
      -15.9800000000            0.3371211711
      -15.9700000000            0.3335149657
      -15.9600000000            0.3295749370
      -15.9500000000            0.3253911322
      -15.9400000000            0.3210499005
      -15.9300000000            0.3166315710
      -15.9200000000            0.3122087936
      -15.9100000000            0.3078454970
      -15.9000000000            0.3035963725
      -15.8900000000            0.2995067750
      -15.8800000000            0.2956129292
      -15.8700000000            0.2919423359
      -15.8600000000            0.2885142920
      -15.8500000000            0.2853404575
      -15.8400000000            0.2824254244
      -15.8300000000            0.2797672628
      -15.8200000000            0.2773580405
      -15.8100000000            0.2751843266
      -15.8000000000            0.2732277047
      -15.7900000000            0.2714653281
      -15.7800000000            0.2698705557
      -15.7700000000            0.2684137033
      -15.7600000000            0.2670629354
      -15.7500000000            0.2657853081
      -15.7400000000            0.2645479469
      -15.7300000000            0.2633193186
      -15.7200000000            0.2620705288
      -15.7100000000            0.2607765517
      -15.7000000000            0.2594172901
      -15.6900000000            0.2579783633
      -15.6800000000            0.2564515417
      -15.6700000000            0.2548347800
      -15.6600000000            0.2531318410
      -15.6500000000            0.2513515509
      -15.6400000000            0.2495067601
      -15.6300000000            0.2476131119
      -15.6200000000            0.2456877327
      -15.6100000000            0.2437479495
      -15.6000000000            0.2418101277
      -15.5900000000            0.2398886984
      -15.5800000000            0.2379954197
      -15.5700000000            0.2361388947
      -15.5600000000            0.2343243489
      -15.5500000000            0.2325536580
      -15.5400000000            0.2308256034
      -15.5300000000            0.2291363250
      -15.5200000000            0.2274799335
      -15.5100000000            0.2258492363
      -15.5000000000            0.2242365215
      -15.4900000000            0.2226343426
      -15.4800000000            0.2210362425
      -15.4700000000            0.2194373605
      -15.4600000000            0.2178348756
      -15.4500000000            0.2162282578
      -15.4400000000            0.2146193182
      -15.4300000000            0.2130120695
      -15.4200000000            0.2114124311
      -15.4100000000            0.2098278211
      -15.4000000000            0.2082666875
      -15.3900000000            0.2067380269
      -15.3800000000            0.2052509345
      -15.3700000000            0.2038142143
      -15.3600000000            0.2024360696
      -15.3500000000            0.2011238801
      -15.3400000000            0.1998840631
      -15.3300000000            0.1987220091
      -15.3200000000            0.1976420802
      -15.3100000000            0.1966476542
      -15.3000000000            0.1957412033
      -15.2900000000            0.1949243920
      -15.2800000000            0.1941981871
      -15.2700000000            0.1935629677
      -15.2600000000            0.1930186342
      -15.2500000000            0.1925647084
      -15.2400000000            0.1922004247
      -15.2300000000            0.1919248105
      -15.2200000000            0.1917367563
      -15.2100000000            0.1916350751
      -15.2000000000            0.1916185520
      -15.1900000000            0.1916859855
      -15.1800000000            0.1918362211
      -15.1700000000            0.1920681788
      -15.1600000000            0.1923808740
      -15.1500000000            0.1927734351
      -15.1400000000            0.1932451163
      -15.1300000000            0.1937953080
      -15.1200000000            0.1944235443
      -15.1100000000            0.1951295092
      -15.1000000000            0.1959130399
      -15.0900000000            0.1967741310
      -15.0800000000            0.1977129359
      -15.0700000000            0.1987297687
      -15.0600000000            0.1998251053
      -15.0500000000            0.2009995841
      -15.0400000000            0.2022540062
      -15.0300000000            0.2035893361
      -15.0200000000            0.2050067013
      -15.0100000000            0.2065073921
      -15.0000000000            0.2080928610
      -14.9900000000            0.2097647219
      -14.9800000000            0.2115247489
      -14.9700000000            0.2133748738
      -14.9600000000            0.2153171840
      -14.9500000000            0.2173539195
      -14.9400000000            0.2194874683
      -14.9300000000            0.2217203625
      -14.9200000000            0.2240552728
      -14.9100000000            0.2264950032
      -14.9000000000            0.2290424861
      -14.8900000000            0.2317007782
      -14.8800000000            0.2344730587
      -14.8700000000            0.2373626309
      -14.8600000000            0.2403729286
      -14.8500000000            0.2435075307
      -14.8400000000            0.2467701846
      -14.8300000000            0.2501648414
      -14.8200000000            0.2536957048
      -14.8100000000            0.2573672954
      -14.8000000000            0.2611845296
      -14.7900000000            0.2651528121
      -14.7800000000            0.2692781405
      -14.7700000000            0.2735672139
      -14.7600000000            0.2780275427
      -14.7500000000            0.2826675493
      -14.7400000000            0.2874966547
      -14.7300000000            0.2925253425
      -14.7200000000            0.2977651981
      -14.7100000000            0.3032289202
      -14.7000000000            0.3089303067
      -14.6900000000            0.3148842185
      -14.6800000000            0.3211065269
      -14.6700000000            0.3276140524
      -14.6600000000            0.3344244983
      -14.6500000000            0.3415563858
      -14.6400000000            0.3490289935
      -14.6300000000            0.3568622993
      -14.6200000000            0.3650769262
      -14.6100000000            0.3736940850
      -14.6000000000            0.3827355112
      -14.5900000000            0.3922233862
      -14.5800000000            0.4021802353
      -14.5700000000            0.4126287914
      -14.5600000000            0.4235918102
      -14.5500000000            0.4350918225
      -14.5400000000            0.4471508041
      -14.5300000000            0.4597897423
      -14.5200000000            0.4730280750
      -14.5100000000            0.4868829782
      -14.5000000000            0.5013684755
      -14.4900000000            0.5164943501
      -14.4800000000            0.5322648420
      -14.4700000000            0.5486771249
      -14.4600000000            0.5657195716
      -14.4500000000            0.5833698355
      -14.4400000000            0.6015928021
      -14.4300000000            0.6203384937
      -14.4200000000            0.6395400510
      -14.4100000000            0.6591119501
      -14.4000000000            0.6789486637
      -14.3900000000            0.6989240025
      -14.3800000000            0.7188914064
      -14.3700000000            0.7386854478
      -14.3600000000            0.7581247805
      -14.3500000000            0.7770166863
      -14.3400000000            0.7951632438
      -14.3300000000            0.8123689711
      -14.3200000000            0.8284495877
      -14.3100000000            0.8432413372
      -14.3000000000            0.8566101429
      -14.2900000000            0.8684597747
      -14.2800000000            0.8787382240
      -14.2700000000            0.8874416229
      -14.2600000000            0.8946152905
      -14.2500000000            0.9003518150
      -14.2400000000            0.9047864114
      -14.2300000000            0.9080900876
      -14.2200000000            0.9104613503
      -14.2100000000            0.9121172615
      -14.2000000000            0.9132846181
      -14.1900000000            0.9141918992
      -14.1800000000            0.9150624406
      -14.1700000000            0.9161090909
      -14.1600000000            0.9175304221
      -14.1500000000            0.9195084164
      -14.1400000000            0.9222074516
      -14.1300000000            0.9257743495
      -14.1200000000            0.9303392403
      -14.1100000000            0.9360170017
      -14.1000000000            0.9429090665
      -14.0900000000            0.9511054268
      -14.0800000000            0.9606867049
      -14.0700000000            0.9717261961
      -14.0600000000            0.9842918192
      -14.0500000000            0.9984479336
      -14.0400000000            1.0142569974
      -14.0300000000            1.0317810507
      -14.0200000000            1.0510830100
      -14.0100000000            1.0722277620
      -14.0000000000            1.0952830396
      -13.9900000000            1.1203200619
      -13.9800000000            1.1474139141
      -13.9700000000            1.1766436442
      -13.9600000000            1.2080920491
      -13.9500000000            1.2418451245
      -13.9400000000            1.2779911495
      -13.9300000000            1.3166193778
      -13.9200000000            1.3578183013
      -13.9100000000            1.4016734505
      -13.9000000000            1.4482646943
      -13.8900000000            1.4976629996
      -13.8800000000            1.5499266234
      -13.8700000000            1.6050967221
      -13.8600000000            1.6631923997
      -13.8500000000            1.7242052590
      -13.8400000000            1.7880935931
      -13.8300000000            1.8547764422
      -13.8200000000            1.9241278539
      -13.8100000000            1.9959718088
      -13.8000000000            2.0700784076
      -13.7900000000            2.1461620337
      -13.7800000000            2.2238822808
      -13.7700000000            2.3028484494
      -13.7600000000            2.3826283128
      -13.7500000000            2.4627616231
      -13.7400000000            2.5427784448
      -13.7300000000            2.6222218823
      -13.7200000000            2.7006741533
      -13.7100000000            2.7777843453
      -13.7000000000            2.8532956718
      -13.6900000000            2.9270697582
      -13.6800000000            2.9991055098
      -13.6700000000            3.0695504965
      -13.6600000000            3.1387034864
      -13.6500000000            3.2070076719
      -13.6400000000            3.2750350836
      -13.6300000000            3.3434635203
      -13.6200000000            3.4130478866
      -13.6100000000            3.4845880573
      -13.6000000000            3.5588952770
      -13.5900000000            3.6367587241
      -13.5800000000            3.7189133314
      -13.5700000000            3.8060093753
      -13.5600000000            3.8985838402
      -13.5500000000            3.9970331949
      -13.5400000000            4.1015870479
      -13.5300000000            4.2122821865
      -13.5200000000            4.3289367494
      -13.5100000000            4.4511247314
      -13.5000000000            4.5781516312
      -13.4900000000            4.7090327982
      -13.4800000000            4.8424768531
      -13.4700000000            4.9768773408
      -13.4600000000            5.1103164059
      -13.4500000000            5.2405845657
      -13.4400000000            5.3652204066
      -13.4300000000            5.4815730446
      -13.4200000000            5.5868883502
      -13.4100000000            5.6784172686
      -13.4000000000            5.7535412873
      -13.3900000000            5.8099067044
      -13.3800000000            5.8455564786
      -13.3700000000            5.8590468451
      -13.3600000000            5.8495361443
      -13.3500000000            5.8168356844
      -13.3400000000            5.7614166902
      -13.3300000000            5.6843727641
      -13.3200000000            5.5873427495
      -13.3100000000            5.4724033891
      -13.3000000000            5.3419439199
      -13.2900000000            5.1985354157
      -13.2800000000            5.0448064422
      -13.2700000000            4.8833339750
      -13.2600000000            4.7165552506
      -13.2500000000            4.5467029499
      -13.2400000000            4.3757633491
      -13.2300000000            4.2054550730
      -13.2200000000            4.0372249154
      -13.2100000000            3.8722567328
      -13.2000000000            3.7114895158
      -13.1900000000            3.5556411798
      -13.1800000000            3.4052352403
      -13.1700000000            3.2606281997
      -13.1600000000            3.1220360998
      -13.1500000000            2.9895592266
      -13.1400000000            2.8632043853
      -13.1300000000            2.7429044827
      -13.1200000000            2.6285353878
      -13.1100000000            2.5199301861
      -13.1000000000            2.4168910396
      -13.0900000000            2.3191989080
      -13.0800000000            2.2266214026
      -13.0700000000            2.1389190408
      -13.0600000000            2.0558501504
      -13.0500000000            1.9771746502
      -13.0400000000            1.9026569051
      -13.0300000000            1.8320678292
      -13.0200000000            1.7651863815
      -13.0100000000            1.7018005785
      -13.0000000000            1.6417081252
      -12.9900000000            1.5847167487
      -12.9800000000            1.5306443028
      -12.9700000000            1.4793186987
      -12.9600000000            1.4305777079
      -12.9500000000            1.3842686703
      -12.9400000000            1.3402481382
      -12.9300000000            1.2983814760
      -12.9200000000            1.2585424350
      -12.9100000000            1.2206127137
      -12.9000000000            1.1844815171
      -12.8900000000            1.1500451190
      -12.8800000000            1.1172064352
      -12.8700000000            1.0858746105
      -12.8600000000            1.0559646229
      -12.8500000000            1.0273969053
      -12.8400000000            1.0000969874
      -12.8300000000            0.9739951569
      -12.8200000000            0.9490261413
      -12.8100000000            0.9251288082
      -12.8000000000            0.9022458851
      -12.7900000000            0.8803236980
      -12.7800000000            0.8593119262
      -12.7700000000            0.8391633748
      -12.7600000000            0.8198337624
      -12.7500000000            0.8012815239
      -12.7400000000            0.7834676263
      -12.7300000000            0.7663553992
      -12.7200000000            0.7499103752
      -12.7100000000            0.7341001437
      -12.7000000000            0.7188942138
      -12.6900000000            0.7042638877
      -12.6800000000            0.6901821427
      -12.6700000000            0.6766235225
      -12.6600000000            0.6635640350
      -12.6500000000            0.6509810588
      -12.6400000000            0.6388532552
      -12.6300000000            0.6271604872
      -12.6200000000            0.6158837441
      -12.6100000000            0.6050050709
      -12.6000000000            0.5945075039
      -12.5900000000            0.5843750093
      -12.5800000000            0.5745924273
      -12.5700000000            0.5651454196
      -12.5600000000            0.5560204207
      -12.5500000000            0.5472045924
      -12.5400000000            0.5386857816
      -12.5300000000            0.5304524814
      -12.5200000000            0.5224937937
      -12.5100000000            0.5147993961
      -12.5000000000            0.5073595094
      -12.4900000000            0.5001648686
      -12.4800000000            0.4932066951
      -12.4700000000            0.4864766714
      -12.4600000000            0.4799669172
      -12.4500000000            0.4736699669
      -12.4400000000            0.4675787497
      -12.4300000000            0.4616865700
      -12.4200000000            0.4559870896
      -12.4100000000            0.4504743117
      -12.4000000000            0.4451425652
      -12.3900000000            0.4399864907
      -12.3800000000            0.4350010278
      -12.3700000000            0.4301814028
      -12.3600000000            0.4255231176
      -12.3500000000            0.4210219401
      -12.3400000000            0.4166738949
      -12.3300000000            0.4124752547
      -12.3200000000            0.4084225332
      -12.3100000000            0.4045124784
      -12.3000000000            0.4007420667
      -12.2900000000            0.3971084977
      -12.2800000000            0.3936091902
      -12.2700000000            0.3902417782
      -12.2600000000            0.3870041086
      -12.2500000000            0.3838942384
      -12.2400000000            0.3809104338
      -12.2300000000            0.3780511693
      -12.2200000000            0.3753151280
      -12.2100000000            0.3727012019
      -12.2000000000            0.3702084941
      -12.1900000000            0.3678363204
      -12.1800000000            0.3655842125
      -12.1700000000            0.3634519220
      -12.1600000000            0.3614394246
      -12.1500000000            0.3595469252
      -12.1400000000            0.3577748643
      -12.1300000000            0.3561239239
      -12.1200000000            0.3545950355
      -12.1100000000            0.3531893874
      -12.1000000000            0.3519084334
      -12.0900000000            0.3507539016
      -12.0800000000            0.3497278030
      -12.0700000000            0.3488324411
      -12.0600000000            0.3480704206
      -12.0500000000            0.3474446554
      -12.0400000000            0.3469583765
      -12.0300000000            0.3466151370
      -12.0200000000            0.3464188162
      -12.0100000000            0.3463736198
      -12.0000000000            0.3464840758
      -11.9900000000            0.3467550251
      -11.9800000000            0.3471916050
      -11.9700000000            0.3477992231
      -11.9600000000            0.3485835196
      -11.9500000000            0.3495503155
      -11.9400000000            0.3507055423
      -11.9300000000            0.3520551509
      -11.9200000000            0.3536049928
      -11.9100000000            0.3553606720
      -11.9000000000            0.3573273590
      -11.8900000000            0.3595095633
      -11.8800000000            0.3619108589
      -11.8700000000            0.3645335568
      -11.8600000000            0.3673783225
      -11.8500000000            0.3704437364
      -11.8400000000            0.3737258000
      -11.8300000000            0.3772173961
      -11.8200000000            0.3809077167
      -11.8100000000            0.3847816837
      -11.8000000000            0.3888193965
      -11.7900000000            0.3929956541
      -11.7800000000            0.3972796105
      -11.7700000000            0.4016346343
      -11.7600000000            0.4060184486
      -11.7500000000            0.4103836280
      -11.7400000000            0.4146785164
      -11.7300000000            0.4188486064
      -11.7200000000            0.4228383793
      -11.7100000000            0.4265935551
      -11.7000000000            0.4300636392
      -11.6900000000            0.4332045968
      -11.6800000000            0.4359814371
      -11.6700000000            0.4383704702
      -11.6600000000            0.4403610106
      -11.6500000000            0.4419563460
      -11.6400000000            0.4431738721
      -11.6300000000            0.4440443841
      -11.6200000000            0.4446106160
      -11.6100000000            0.4449251952
      -11.6000000000            0.4450482315
      -11.5900000000            0.4450447743
      -11.5800000000            0.4449823556
      -11.5700000000            0.4449287904
      -11.5600000000            0.4449503560
      -11.5500000000            0.4451104063
      -11.5400000000            0.4454684335
      -11.5300000000            0.4460795430
      -11.5200000000            0.4469942848
      -11.5100000000            0.4482587728
      -11.5000000000            0.4499150161
      -11.4900000000            0.4520013974
      -11.4800000000            0.4545532368
      -11.4700000000            0.4576033943
      -11.4600000000            0.4611828740
      -11.4500000000            0.4653214018
      -11.4400000000            0.4700479585
      -11.4300000000            0.4753912548
      -11.4200000000            0.4813801400
      -11.4100000000            0.4880439377
      -11.4000000000            0.4954127043
      -11.3900000000            0.5035174051
      -11.3800000000            0.5123900014
      -11.3700000000            0.5220634405
      -11.3600000000            0.5325715378
      -11.3500000000            0.5439487371
      -11.3400000000            0.5562297301
      -11.3300000000            0.5694489144
      -11.3200000000            0.5836396636
      -11.3100000000            0.5988333797
      -11.3000000000            0.6150582952
      -11.2900000000            0.6323379898
      -11.2800000000            0.6506895867
      -11.2700000000            0.6701215978
      -11.2600000000            0.6906313934
      -11.2500000000            0.7122022866
      -11.2400000000            0.7348002454
      -11.2300000000            0.7583702758
      -11.2200000000            0.7828325658
      -11.2100000000            0.8080785348
      -11.2000000000            0.8339670014
      -11.1900000000            0.8603207639
      -11.1800000000            0.8869239640
      -11.1700000000            0.9135206805
      -11.1600000000            0.9398152480
      -11.1500000000            0.9654748008
      -11.1400000000            0.9901344876
      -11.1300000000            1.0134056589
      -11.1200000000            1.0348871002
      -11.1100000000            1.0541790638
      -11.1000000000            1.0708994759
      -11.0900000000            1.0847013129
      -11.0800000000            1.0952898183
      -11.0700000000            1.1024380430
      -11.0600000000            1.1059992081
      -11.0500000000            1.1059146182
      -11.0400000000            1.1022162995
      -11.0300000000            1.0950241146
      -11.0200000000            1.0845377250
      -11.0100000000            1.0710243207
      -11.0000000000            1.0548034243
      -10.9900000000            1.0362302498
      -10.9800000000            1.0156790589
      -10.9700000000            0.9935277385
      -10.9600000000            0.9701445002
      -10.9500000000            0.9458772338
      -10.9400000000            0.9210456988
      -10.9300000000            0.8959364615
      -10.9200000000            0.8708002788
      -10.9100000000            0.8458515176
      -10.9000000000            0.8212691548
      -10.8900000000            0.7971989128
      -10.8800000000            0.7737561341
      -10.8700000000            0.7510290616
      -10.8600000000            0.7290822658
      -10.8500000000            0.7079600253
      -10.8400000000            0.6876895296
      -10.8300000000            0.6682838204
      -10.8200000000            0.6497444285
      -10.8100000000            0.6320636900
      -10.8000000000            0.6152267465
      -10.7900000000            0.5992132468
      -10.7800000000            0.5839987753
      -10.7700000000            0.5695560360
      -10.7600000000            0.5558558225
      -10.7500000000            0.5428678020
      -10.7400000000            0.5305611430
      -10.7300000000            0.5189050087
      -10.7200000000            0.5078689409
      -10.7100000000            0.4974231514
      -10.7000000000            0.4875387392
      -10.6900000000            0.4781878464
      -10.6800000000            0.4693437653
      -10.6700000000            0.4609810069
      -10.6600000000            0.4530753380
      -10.6500000000            0.4456037950
      -10.6400000000            0.4385446789
      -10.6300000000            0.4318775365
      -10.6200000000            0.4255831315
      -10.6100000000            0.4196434080
      -10.6000000000            0.4140414497
      -10.5900000000            0.4087614348
      -10.5800000000            0.4037885907
      -10.5700000000            0.3991091472
      -10.5600000000            0.3947102904
      -10.5500000000            0.3905801175
      -10.5400000000            0.3867075938
      -10.5300000000            0.3830825102
      -10.5200000000            0.3796954447
      -10.5100000000            0.3765377248
      -10.5000000000            0.3736013931
      -10.4900000000            0.3708791753
      -10.4800000000            0.3683644506
      -10.4700000000            0.3660512254
      -10.4600000000            0.3639341086
      -10.4500000000            0.3620082902
      -10.4400000000            0.3602695221
      -10.4300000000            0.3587141019
      -10.4200000000            0.3573388583
      -10.4100000000            0.3561411401
      -10.4000000000            0.3551188067
      -10.3900000000            0.3542702214
      -10.3800000000            0.3535942474
      -10.3700000000            0.3530902456
      -10.3600000000            0.3527580757
      -10.3500000000            0.3525980985
      -10.3400000000            0.3526111825
      -10.3300000000            0.3527987110
      -10.3200000000            0.3531625934
      -10.3100000000            0.3537052786
      -10.3000000000            0.3544297707
      -10.2900000000            0.3553396483
      -10.2800000000            0.3564390859
      -10.2700000000            0.3577328793
      -10.2600000000            0.3592264726
      -10.2500000000            0.3609259900
      -10.2400000000            0.3628382694
      -10.2300000000            0.3649709002
      -10.2200000000            0.3673322639
      -10.2100000000            0.3699315784
      -10.2000000000            0.3727789448
      -10.1900000000            0.3758853983
      -10.1800000000            0.3792629608
      -10.1700000000            0.3829246969
      -10.1600000000            0.3868847711
      -10.1500000000            0.3911585069
      -10.1400000000            0.3957624451
      -10.1300000000            0.4007144021
      -10.1200000000            0.4060335238
      -10.1100000000            0.4117403355
      -10.1000000000            0.4178567824
      -10.0900000000            0.4244062587
      -10.0800000000            0.4314136196
      -10.0700000000            0.4389051704
      -10.0600000000            0.4469086251
      -10.0500000000            0.4554530259
      -10.0400000000            0.4645686121
      -10.0300000000            0.4742866248
      -10.0200000000            0.4846390314
      -10.0100000000            0.4956581516
      -10.0000000000            0.5073761619
       -9.9900000000            0.5198244531
       -9.9800000000            0.5330328142
       -9.9700000000            0.5470284102
       -9.9600000000            0.5618345224
       -9.9500000000            0.5774690204
       -9.9400000000            0.5939425353
       -9.9300000000            0.6112563165
       -9.9200000000            0.6293997614
       -9.9100000000            0.6483476325
       -9.9000000000            0.6680570036
       -9.8900000000            0.6884640184
       -9.8800000000            0.7094805957
       -9.8700000000            0.7309912773
       -9.8600000000            0.7528504828
       -9.8500000000            0.7748805084
       -9.8400000000            0.7968706596
       -9.8300000000            0.8185779486
       -9.8200000000            0.8397297725
       -9.8100000000            0.8600289214
       -9.8000000000            0.8791611169
       -9.7900000000            0.8968050564
       -9.7800000000            0.9126446436
       -9.7700000000            0.9263827537
       -9.7600000000            0.9377555712
       -9.7500000000            0.9465462988
       -9.7400000000            0.9525969490
       -9.7300000000            0.9558170206
       -9.7200000000            0.9561881445
       -9.7100000000            0.9537642244
       -9.7000000000            0.9486671136
       -9.6900000000            0.9410783726
       -9.6800000000            0.9312280561
       -9.6700000000            0.9193817101
       -9.6600000000            0.9058268118
       -9.6500000000            0.8908597636
       -9.6400000000            0.8747743143
       -9.6300000000            0.8578519808
       -9.6200000000            0.8403547422
       -9.6100000000            0.8225200176
       -9.6000000000            0.8045577444
       -9.5900000000            0.7866492486
       -9.5800000000            0.7689475445
       -9.5700000000            0.7515786895
       -9.5600000000            0.7346438562
       -9.5500000000            0.7182218276
       -9.5400000000            0.7023716834
       -9.5300000000            0.6871355017
       -9.5200000000            0.6725409526
       -9.5100000000            0.6586037044
       -9.5000000000            0.6453295949
       -9.4900000000            0.6327165518
       -9.4800000000            0.6207562576
       -9.4700000000            0.6094355725
       -9.4600000000            0.5987377330
       -9.4500000000            0.5886433486
       -9.4400000000            0.5791312209
       -9.4300000000            0.5701790088
       -9.4200000000            0.5617637621
       -9.4100000000            0.5538623436
       -9.4000000000            0.5464517590
       -9.3900000000            0.5395094093
       -9.3800000000            0.5330132804
       -9.3700000000            0.5269420812
       -9.3600000000            0.5212753408
       -9.3500000000            0.5159934719
       -9.3400000000            0.5110778085
       -9.3300000000            0.5065106230
       -9.3200000000            0.5022751274
       -9.3100000000            0.4983554619
       -9.3000000000            0.4947366758
       -9.2900000000            0.4914047001
       -9.2800000000            0.4883463166
       -9.2700000000            0.4855491239
       -9.2600000000            0.4830015009
       -9.2500000000            0.4806925704
       -9.2400000000            0.4786121610
       -9.2300000000            0.4767507715
       -9.2200000000            0.4750995342
       -9.2100000000            0.4736501802
       -9.2000000000            0.4723950063
       -9.1900000000            0.4713268426
       -9.1800000000            0.4704390225
       -9.1700000000            0.4697253533
       -9.1600000000            0.4691800897
       -9.1500000000            0.4687979078
       -9.1400000000            0.4685738811
       -9.1300000000            0.4685034582
       -9.1200000000            0.4685824420
       -9.1100000000            0.4688069696
       -9.1000000000            0.4691734945
       -9.0900000000            0.4696787698
       -9.0800000000            0.4703198323
       -9.0700000000            0.4710939877
       -9.0600000000            0.4719987980
       -9.0500000000            0.4730320684
       -9.0400000000            0.4741918358
       -9.0300000000            0.4754763592
       -9.0200000000            0.4768841089
       -9.0100000000            0.4784137588
       -9.0000000000            0.4800641774
       -8.9900000000            0.4818344211
       -8.9800000000            0.4837237275
       -8.9700000000            0.4857315091
       -8.9600000000            0.4878573482
       -8.9500000000            0.4901009921
       -8.9400000000            0.4924623489
       -8.9300000000            0.4949414835
       -8.9200000000            0.4975386149
       -8.9100000000            0.5002541129
       -8.9000000000            0.5030884964
       -8.8900000000            0.5060424313
       -8.8800000000            0.5091167289
       -8.8700000000            0.5123123456
       -8.8600000000            0.5156303817
       -8.8500000000            0.5190720815
       -8.8400000000            0.5226388336
       -8.8300000000            0.5263321716
       -8.8200000000            0.5301537748
       -8.8100000000            0.5341054699
       -8.8000000000            0.5381892324
       -8.7900000000            0.5424071895
       -8.7800000000            0.5467616216
       -8.7700000000            0.5512549662
       -8.7600000000            0.5558898207
       -8.7500000000            0.5606689462
       -8.7400000000            0.5655952717
       -8.7300000000            0.5706718989
       -8.7200000000            0.5759021067
       -8.7100000000            0.5812893574
       -8.7000000000            0.5868373019
       -8.6900000000            0.5925497866
       -8.6800000000            0.5984308604
       -8.6700000000            0.6044847819
       -8.6600000000            0.6107160277
       -8.6500000000            0.6171293010
       -8.6400000000            0.6237295408
       -8.6300000000            0.6305219321
       -8.6200000000            0.6375119163
       -8.6100000000            0.6447052026
       -8.6000000000            0.6521077805
       -8.5900000000            0.6597259324
       -8.5800000000            0.6675662477
       -8.5700000000            0.6756356378
       -8.5600000000            0.6839413518
       -8.5500000000            0.6924909935
       -8.5400000000            0.7012925394
       -8.5300000000            0.7103543583
       -8.5200000000            0.7196852317
       -8.5100000000            0.7292943763
       -8.5000000000            0.7391914671
       -8.4900000000            0.7493866630
       -8.4800000000            0.7598906338
       -8.4700000000            0.7707145891
       -8.4600000000            0.7818703094
       -8.4500000000            0.7933701789
       -8.4400000000            0.8052272218
       -8.4300000000            0.8174551398
       -8.4200000000            0.8300683534
       -8.4100000000            0.8430820456
       -8.4000000000            0.8565122097
       -8.3900000000            0.8703756995
       -8.3800000000            0.8846902843
       -8.3700000000            0.8994747077
       -8.3600000000            0.9147487509
       -8.3500000000            0.9305333012
       -8.3400000000            0.9468504257
       -8.3300000000            0.9637234509
       -8.3200000000            0.9811770489
       -8.3100000000            0.9992373305
       -8.3000000000            1.0179319460
       -8.2900000000            1.0372901946
       -8.2800000000            1.0573431425
       -8.2700000000            1.0781237520
       -8.2600000000            1.0996670210
       -8.2500000000            1.1220101351
       -8.2400000000            1.1451926333
       -8.2300000000            1.1692565881
       -8.2200000000            1.1942468025
       -8.2100000000            1.2202110254
       -8.2000000000            1.2472001860
       -8.1900000000            1.2752686519
       -8.1800000000            1.3044745111
       -8.1700000000            1.3348798815
       -8.1600000000            1.3665512510
       -8.1500000000            1.3995598523
       -8.1400000000            1.4339820751
       -8.1300000000            1.4698999207
       -8.1200000000            1.5074015052
       -8.1100000000            1.5465816147
       -8.1000000000            1.5875423219
       -8.0900000000            1.6303936694
       -8.0800000000            1.6752544290
       -8.0700000000            1.7222529475
       -8.0600000000            1.7715280894
       -8.0500000000            1.8232302898
       -8.0400000000            1.8775227326
       -8.0300000000            1.9345826711
       -8.0200000000            1.9946029109
       -8.0100000000            2.0577934791
       -8.0000000000            2.1243835060
       -7.9900000000            2.1946233507
       -7.9800000000            2.2687870088
       -7.9700000000            2.3471748439
       -7.9600000000            2.4301166953
       -7.9500000000            2.5179754208
       -7.9400000000            2.6111509460
       -7.9300000000            2.7100849053
       -7.9200000000            2.8152659740
       -7.9100000000            2.9272360122
       -7.9000000000            3.0465971642
       -7.8900000000            3.1740200875
       -7.8800000000            3.3102535198
       -7.8700000000            3.4561354381
       -7.8600000000            3.6126061211
       -7.8500000000            3.7807234900
       -7.8400000000            3.9616811957
       -7.8300000000            4.1568300247
       -7.8200000000            4.3677033355
       -7.8100000000            4.5960474129
       -7.8000000000            4.8438578526
       -7.7900000000            5.1134233764
       -7.7800000000            5.4073788545
       -7.7700000000            5.7287697996
       -7.7600000000            6.0811312387
       -7.7500000000            6.4685847169
       -7.7400000000            6.8959583172
       -7.7300000000            7.3689360941
       -7.7200000000            7.8942453721
       -7.7100000000            8.4798931530
       -7.7000000000            9.1354667271
       -7.6900000000            9.8725189223
       -7.6800000000           10.7050659141
       -7.6700000000           11.6502361091
       -7.6600000000           12.7291237464
       -7.6500000000           13.9679226917
       -7.6400000000           15.3994476975
       -7.6300000000           17.0651971421
       -7.6200000000           19.0181805315
       -7.6100000000           21.3268373145
       -7.6000000000           24.0805279308
       -7.5900000000           27.3973078629
       -7.5800000000           31.4350322787
       -7.5700000000           36.4073126442
       -7.5600000000           42.6064487424
       -7.5500000000           50.4360163240
       -7.5400000000           60.4555744054
       -7.5300000000           73.4365517854
       -7.5200000000           90.4145917061
       -7.5100000000          112.6801750932
       -7.5000000000          141.5333048110
       -7.4900000000          177.3892125429
       -7.4800000000          217.6276677967
       -7.4700000000          253.5922405814
       -7.4600000000          271.2108947297
       -7.4500000000          261.0037548059
       -7.4400000000          228.2676375016
       -7.4300000000          187.2492508342
       -7.4200000000          148.9141657043
       -7.4100000000          117.5058231495
       -7.4000000000           93.1939729663
       -7.3900000000           74.7350767549
       -7.3800000000           60.7305980029
       -7.3700000000           50.0197189009
       -7.3600000000           41.7299713470
       -7.3500000000           35.2289253215
       -7.3400000000           30.0626746416
       -7.3300000000           25.9046862499
       -7.3200000000           22.5181215826
       -7.3100000000           19.7293078409
       -7.3000000000           17.4093476917
       -7.2900000000           15.4613936070
       -7.2800000000           13.8117971487
       -7.2700000000           12.4039001573
       -7.2600000000           11.1936340405
       -7.2500000000           10.1463658935
       -7.2400000000            9.2346126146
       -7.2300000000            8.4363656148
       -7.2200000000            7.7338497004
       -7.2100000000            7.1125940191
       -7.2000000000            6.5607296833
       -7.1900000000            6.0684537373
       -7.1800000000            5.6276164010
       -7.1700000000            5.2314005363
       -7.1600000000            4.8740707270
       -7.1500000000            4.5507753574
       -7.1400000000            4.2573893704
       -7.1300000000            3.9903884899
       -7.1200000000            3.7467479624
       -7.1100000000            3.5238605364
       -7.1000000000            3.3194696392
       -7.0900000000            3.1316146337
       -7.0800000000            2.9585857360
       -7.0700000000            2.7988867036
       -7.0600000000            2.6512038072
       -7.0500000000            2.5143799119
       -7.0400000000            2.3873927313
       -7.0300000000            2.2693365091
       -7.0200000000            2.1594065251
       -7.0100000000            2.0568859422
       -7.0000000000            1.9611345997
       -6.9900000000            1.8715794317
       -6.9800000000            1.7877062476
       -6.9700000000            1.7090526597
       -6.9600000000            1.6352019780
       -6.9500000000            1.5657779245
       -6.9400000000            1.5004400450
       -6.9300000000            1.4388797146
       -6.9200000000            1.3808166515
       -6.9100000000            1.3259958665
       -6.9000000000            1.2741849872
       -6.8900000000            1.2251719057
       -6.8800000000            1.1787627053
       -6.8600000000            1.0174240194
       -6.8500000000            0.9807324204
       -6.8400000000            0.9458680217
       -6.8300000000            0.9127138599
       -6.8200000000            0.8811621013
       -6.8100000000            0.8511132049
       -6.8000000000            0.8224751720
       -6.7900000000            0.7951628744
       -6.7800000000            0.7690974502
       -6.7700000000            0.7442057619
       -6.7600000000            0.7204199069
       -6.7500000000            0.6976767766
       -6.7400000000            0.6759176581
       -6.7300000000            0.6550878736
       -6.7200000000            0.6351364539
       -6.7100000000            0.6160158425
       -6.7000000000            0.5976816260
       -6.6900000000            0.5800922895
       -6.6800000000            0.5632089942
       -6.6700000000            0.5469953736
       -6.6600000000            0.5314173484
       -6.6500000000            0.5164429569
       -6.6400000000            0.5020421999
       -6.6300000000            0.4881868988
       -6.6200000000            0.4748505651
       -6.6100000000            0.4620082811
       -6.6000000000            0.4496365902
       -6.5900000000            0.4377133956
       -6.5800000000            0.4262178675
       -6.5700000000            0.4151303573
       -6.5600000000            0.4044323191
       -6.5500000000            0.3941062361
       -6.5400000000            0.3841355534
       -6.5300000000            0.3745046160
       -6.5200000000            0.3651986108
       -6.5100000000            0.3562035134
       -6.5000000000            0.3475060384
       -6.4900000000            0.3390935934
       -6.4800000000            0.3309542368
       -6.4700000000            0.3230766374
       -6.4600000000            0.3154500383
       -6.4500000000            0.3080642220
       -6.4400000000            0.3009094790
       -6.4300000000            0.2939765775
       -6.4200000000            0.2872567359
       -6.4100000000            0.2807415969
       -6.4000000000            0.2744232035
       -6.3900000000            0.2682939760
       -6.3800000000            0.2623466910
       -6.3700000000            0.2565744617
       -6.3600000000            0.2509707196
       -6.3500000000            0.2455291966
       -6.3400000000            0.2402439094
       -6.3300000000            0.2351091437
       -6.3200000000            0.2301194403
       -6.3100000000            0.2252695816
       -6.3000000000            0.2205545786
       -6.2900000000            0.2159696598
       -6.2800000000            0.2115102592
       -6.2700000000            0.2071720064
       -6.2600000000            0.2029507168
       -6.2500000000            0.1988423816
       -6.2400000000            0.1948431598
       -6.2300000000            0.1909493696
       -6.2200000000            0.1871574806
       -6.2100000000            0.1834641065
       -6.2000000000            0.1798659982
       -6.1900000000            0.1763600372
       -6.1800000000            0.1729432293
       -6.1700000000            0.1696126989
       -6.1600000000            0.1663656835
       -6.1500000000            0.1631995283
       -6.1400000000            0.1601116813
       -6.1300000000            0.1570996885
       -6.1200000000            0.1541611899
       -6.1100000000            0.1512939145
       -6.1000000000            0.1484956770
       -6.0900000000            0.1457643738
       -6.0800000000            0.1430979791
       -6.0600000000            0.0000000000
       -6.0500000000            0.0000000000
       -6.0400000000            0.0000000000
       -6.0300000000            0.0000000000
       -6.0200000000            0.0000000000
       -6.0100000000            0.0000000000
       -6.0000000000            0.0000000000
       -5.9900000000            0.0000000000
       -5.9800000000            0.0000000000
       -5.9700000000            0.0000000000
       -5.9600000000            0.0000000000
       -5.9500000000            0.0000000000
       -5.9400000000            0.0000000000
       -5.9300000000            0.0000000000
       -5.9200000000            0.0000000000
       -5.9100000000            0.0000000000
       -5.9000000000            0.0000000000
       -5.8900000000            0.0000000000
       -5.8800000000            0.0000000000
       -5.8700000000            0.0000000000
       -5.8600000000            0.0000000000
       -5.8500000000            0.0000000000
       -5.8400000000            0.0000000000
       -5.8300000000            0.0000000000
       -5.8200000000            0.0000000000
       -5.8100000000            0.0000000000
       -5.8000000000            0.0000000000
       -5.7900000000            0.0000000000
       -5.7800000000            0.0000000000
       -5.7700000000            0.0000000000
       -5.7600000000            0.0000000000
       -5.7500000000            0.0000000000
       -5.7400000000            0.0000000000
       -5.7300000000            0.0000000000
       -5.7200000000            0.0000000000
       -5.7100000000            0.0000000000
       -5.7000000000            0.0000000000
       -5.6900000000            0.0000000000
       -5.6800000000            0.0000000000
       -5.6700000000            0.0000000000
       -5.6600000000            0.0000000000
       -5.6500000000            0.0000000000
       -5.6400000000            0.0000000000
       -5.6300000000            0.0000000000
       -5.6200000000            0.0000000000
       -5.6100000000            0.0000000000
       -5.6000000000            0.0000000000
       -5.5900000000            0.0000000000
       -5.5800000000            0.0000000000
       -5.5700000000            0.0000000000
       -5.5600000000            0.0000000000
       -5.5500000000            0.0000000000
       -5.5400000000            0.0000000000
       -5.5300000000            0.0000000000
       -5.5200000000            0.0000000000
       -5.5100000000            0.0000000000
       -5.5000000000            0.0000000000
       -5.4900000000            0.0000000000
       -5.4800000000            0.0000000000
       -5.4700000000            0.0000000000
       -5.4600000000            0.0000000000
       -5.4500000000            0.0000000000
       -5.4400000000            0.0000000000
       -5.4300000000            0.0000000000
       -5.4200000000            0.0000000000
       -5.4100000000            0.0000000000
       -5.4000000000            0.0000000000
       -5.3900000000            0.0000000000
       -5.3800000000            0.0000000000
       -5.3700000000            0.0000000000
       -5.3600000000            0.0000000000
       -5.3500000000            0.0000000000
       -5.3400000000            0.0000000000
       -5.3300000000            0.0000000000
       -5.3200000000            0.0000000000
       -5.3100000000            0.0000000000
       -5.3000000000            0.0000000000
       -5.2900000000            0.0000000000
       -5.2800000000            0.0000000000
       -5.2700000000            0.0000000000
       -5.2600000000            0.0000000000
       -5.2500000000            0.0000000000
       -5.2400000000            0.0000000000
       -5.2300000000            0.0000000000
       -5.2200000000            0.0000000000
       -5.2100000000            0.0000000000
       -5.2000000000            0.0000000000
       -5.1900000000            0.0000000000
       -5.1800000000            0.0000000000
       -5.1700000000            0.0000000000
       -5.1600000000            0.0000000000
       -5.1500000000            0.0000000000
       -5.1400000000            0.0000000000
       -5.1300000000            0.0000000000
       -5.1200000000            0.0000000000
       -5.1100000000            0.0000000000
       -5.1000000000            0.0000000000
       -5.0900000000            0.0000000000
       -5.0800000000            0.0000000000
       -5.0700000000            0.0000000000
       -5.0600000000            0.0000000000
       -5.0500000000            0.0000000000
       -5.0400000000            0.0000000000
       -5.0300000000            0.0000000000
       -5.0200000000            0.0000000000
       -5.0100000000            0.0000000000
       -5.0000000000            0.0000000000
       -4.9900000000            0.0000000000
       -4.9800000000            0.0000000000
       -4.9700000000            0.0000000000
       -4.9600000000            0.0000000000
       -4.9500000000            0.0000000000
       -4.9400000000            0.0000000000
       -4.9300000000            0.0000000000
       -4.9200000000            0.0000000000
       -4.9100000000            0.0000000000
       -4.9000000000            0.0000000000
       -4.8900000000            0.0000000000
       -4.8800000000            0.0000000000
       -4.8700000000            0.0000000000
       -4.8600000000            0.0000000000
       -4.8500000000            0.0000000000
       -4.8400000000            0.0000000000
       -4.8300000000            0.0000000000
       -4.8200000000            0.0000000000
       -4.8100000000            0.0000000000
       -4.8000000000            0.0000000000
       -4.7900000000            0.0000000000
       -4.7800000000            0.0000000000
       -4.7700000000            0.0000000000
       -4.7600000000            0.0000000000
       -4.7500000000            0.0000000000
       -4.7400000000            0.0000000000
       -4.7300000000            0.0000000000
       -4.7200000000            0.0000000000
       -4.7100000000            0.0000000000
       -4.7000000000            0.0000000000
       -4.6900000000            0.0000000000
       -4.6800000000            0.0000000000
       -4.6700000000            0.0000000000
       -4.6600000000            0.0000000000
       -4.6500000000            0.0000000000
       -4.6400000000            0.0000000000
       -4.6300000000            0.0000000000
       -4.6200000000            0.0000000000
       -4.6100000000            0.0000000000
       -4.6000000000            0.0000000000
       -4.5900000000            0.0000000000
       -4.5800000000            0.0000000000
       -4.5700000000            0.0000000000
       -4.5600000000            0.0000000000
       -4.5500000000            0.0000000000
       -4.5400000000            0.0000000000
       -4.5300000000            0.0000000000
       -4.5200000000            0.0000000000
       -4.5100000000            0.0000000000
       -4.5000000000            0.0000000000
       -4.4900000000            0.0000000000
       -4.4800000000            0.0000000000
       -4.4700000000            0.0000000000
       -4.4600000000            0.0000000000
       -4.4500000000            0.0000000000
       -4.4400000000            0.0000000000
       -4.4300000000            0.0000000000
       -4.4200000000            0.0000000000
       -4.4100000000            0.0000000000
       -4.4000000000            0.0000000000
       -4.3900000000            0.0000000000
       -4.3800000000            0.0000000000
       -4.3700000000            0.0000000000
       -4.3600000000            0.0000000000
       -4.3500000000            0.0000000000
       -4.3400000000            0.0000000000
       -4.3300000000            0.0000000000
       -4.3200000000            0.0000000000
       -4.3100000000            0.0000000000
       -4.3000000000            0.0000000000
       -4.2900000000            0.0000000000
       -4.2800000000            0.0000000000
       -4.2700000000            0.0000000000
       -4.2600000000            0.0000000000
       -4.2500000000            0.0000000000
       -4.2400000000            0.0000000000
       -4.2300000000            0.0000000000
       -4.2200000000            0.0000000000
       -4.2100000000            0.0000000000
       -4.2000000000            0.0000000000
       -4.1900000000            0.0000000000
       -4.1800000000            0.0000000000
       -4.1700000000            0.0000000000
       -4.1600000000            0.0000000000
       -4.1500000000            0.0000000000
       -4.1400000000            0.0000000000
       -4.1300000000            0.0000000000
       -4.1200000000            0.0000000000
       -4.1100000000            0.0000000000
       -4.1000000000            0.0000000000
       -4.0900000000            0.0000000000
       -4.0800000000            0.0000000000
       -4.0700000000            0.0000000000
       -4.0600000000            0.0000000000
       -4.0500000000            0.0000000000
       -4.0400000000            0.0000000000
       -4.0300000000            0.0000000000
       -4.0200000000            0.0000000000
       -4.0100000000            0.0000000000
       -4.0000000000            0.0000000000
       -3.9900000000            0.0000000000
       -3.9800000000            0.0000000000
       -3.9700000000            0.0000000000
       -3.9600000000            0.0000000000
       -3.9500000000            0.0000000000
       -3.9400000000            0.0000000000
       -3.9300000000            0.0000000000
       -3.9200000000            0.0000000000
       -3.9100000000            0.0000000000
       -3.9000000000            0.0000000000
       -3.8900000000            0.0000000000
       -3.8800000000            0.0000000000
       -3.8700000000            0.0000000000
       -3.8600000000            0.0000000000
       -3.8500000000            0.0000000000
       -3.8400000000            0.0000000000
       -3.8300000000            0.0000000000
       -3.8200000000            0.0000000000
       -3.8100000000            0.0000000000
       -3.8000000000            0.0000000000
       -3.7900000000            0.0000000000
       -3.7800000000            0.0000000000
       -3.7700000000            0.0000000000
       -3.7600000000            0.0000000000
       -3.7500000000            0.0000000000
       -3.7400000000            0.0000000000
       -3.7300000000            0.0000000000
       -3.7200000000            0.0000000000
       -3.7100000000            0.0000000000
       -3.7000000000            0.0000000000
       -3.6900000000            0.0000000000
       -3.6800000000            0.0000000000
       -3.6700000000            0.0000000000
       -3.6600000000            0.0000000000
       -3.6500000000            0.0000000000
       -3.6400000000            0.0000000000
       -3.6300000000            0.0000000000
       -3.6200000000            0.0000000000
       -3.6100000000            0.0000000000
       -3.5900000000            0.0011335001
       -3.5800000000            0.0011365456
       -3.5700000000            0.0011396321
       -3.5600000000            0.0011427604
       -3.5500000000            0.0011459308
       -3.5400000000            0.0011491439
       -3.5300000000            0.0011524002
       -3.5200000000            0.0011557003
       -3.5100000000            0.0011590448
       -3.5000000000            0.0011624342
       -3.4900000000            0.0011658691
       -3.4800000000            0.0011693501
       -3.4700000000            0.0011728778
       -3.4600000000            0.0011764527
       -3.4500000000            0.0011800755
       -3.4400000000            0.0011837469
       -3.4300000000            0.0011874675
       -3.4200000000            0.0011912379
       -3.4100000000            0.0011950587
       -3.4000000000            0.0011989307
       -3.3900000000            0.0012028546
       -3.3800000000            0.0012068310
       -3.3700000000            0.0012108606
       -3.3600000000            0.0012149443
       -3.3500000000            0.0012190826
       -3.3400000000            0.0012232763
       -3.3300000000            0.0012275263
       -3.3200000000            0.0012318333
       -3.3100000000            0.0012361981
       -3.3000000000            0.0012406214
       -3.2900000000            0.0012451042
       -3.2800000000            0.0012496472
       -3.2700000000            0.0012542513
       -3.2600000000            0.0012589174
       -3.2500000000            0.0012636463
       -3.2400000000            0.0012684390
       -3.2300000000            0.0012732963
       -3.2200000000            0.0012782193
       -3.2100000000            0.0012832088
       -3.2000000000            0.0012882658
       -3.1900000000            0.0012933914
       -3.1800000000            0.0012985865
       -3.1700000000            0.0013038522
       -3.1600000000            0.0013091895
       -3.1500000000            0.0013145995
       -3.1400000000            0.0013200833
       -3.1300000000            0.0013256420
       -3.1200000000            0.0013312767
       -3.1100000000            0.0013369887
       -3.1000000000            0.0013427790
       -3.0900000000            0.0013486490
       -3.0800000000            0.0013545998
       -3.0700000000            0.0013606327
       -3.0600000000            0.0013667490
       -3.0500000000            0.0013729500
       -3.0400000000            0.0013792370
       -3.0300000000            0.0013856115
       -3.0200000000            0.0013920748
       -3.0100000000            0.0013986283
       -3.0000000000            0.0014052736
       -2.9900000000            0.0014120120
       -2.9800000000            0.0014188452
       -2.9700000000            0.0014257747
       -2.9600000000            0.0014328020
       -2.9500000000            0.0014399288
       -2.9400000000            0.0014471568
       -2.9300000000            0.0014544876
       -2.9200000000            0.0014619231
       -2.9100000000            0.0014694649
       -2.9000000000            0.0014771148
       -2.8900000000            0.0014848749
       -2.8800000000            0.0014927468
       -2.8700000000            0.0015007326
       -2.8600000000            0.0015088343
       -2.8500000000            0.0015170538
       -2.8400000000            0.0015253933
       -2.8300000000            0.0015338549
       -2.8200000000            0.0015424408
       -2.8100000000            0.0015511531
       -2.8000000000            0.0015599942
       -2.7900000000            0.0015689664
       -2.7800000000            0.0015780720
       -2.7700000000            0.0015873136
       -2.7600000000            0.0015966936
       -2.7500000000            0.0016062146
       -2.7400000000            0.0016158791
       -2.7300000000            0.0016256899
       -2.7200000000            0.0016356498
       -2.7100000000            0.0016457615
       -2.7000000000            0.0016560280
       -2.6900000000            0.0016664522
       -2.6800000000            0.0016770371
       -2.6700000000            0.0016877859
       -2.6600000000            0.0016987016
       -2.6500000000            0.0017097877
       -2.6400000000            0.0017210475
       -2.6300000000            0.0017324843
       -2.6200000000            0.0017441017
       -2.6100000000            0.0017559034
       -2.6000000000            0.0017678930
       -2.5900000000            0.0017800743
       -2.5800000000            0.0017924513
       -2.5700000000            0.0018050279
       -2.5600000000            0.0018178083
       -2.5500000000            0.0018307967
       -2.5400000000            0.0018439974
       -2.5300000000            0.0018574149
       -2.5200000000            0.0018710538
       -2.5100000000            0.0018849187
       -2.5000000000            0.0018990144
       -2.4900000000            0.0019133460
       -2.4800000000            0.0019279186
       -2.4700000000            0.0019427372
       -2.4600000000            0.0019578075
       -2.4500000000            0.0019731348
       -2.4400000000            0.0019887249
       -2.4300000000            0.0020045836
       -2.4200000000            0.0020207169
       -2.4100000000            0.0020371311
       -2.4000000000            0.0020538325
       -2.3900000000            0.0020708277
       -2.3800000000            0.0020881233
       -2.3700000000            0.0021057264
       -2.3600000000            0.0021236441
       -2.3500000000            0.0021418838
       -2.3400000000            0.0021604530
       -2.3300000000            0.0021793595
       -2.3200000000            0.0021986115
       -2.3100000000            0.0022182172
       -2.3000000000            0.0022381851
       -2.2900000000            0.0022585241
       -2.2800000000            0.0022792432
       -2.2700000000            0.0023003519
       -2.2600000000            0.0023218597
       -2.2500000000            0.0023437766
       -2.2400000000            0.0023661130
       -2.2300000000            0.0023888794
       -2.2200000000            0.0024120867
       -2.2100000000            0.0024357464
       -2.2000000000            0.0024598701
       -2.1900000000            0.0024844697
       -2.1800000000            0.0025095579
       -2.1700000000            0.0025351474
       -2.1600000000            0.0025612516
       -2.1500000000            0.0025878842
       -2.1400000000            0.0026150594
       -2.1300000000            0.0026427919
       -2.1200000000            0.0026710970
       -2.1100000000            0.0026999904
       -2.1000000000            0.0027294883
       -2.0900000000            0.0027596076
       -2.0800000000            0.0027903657
       -2.0700000000            0.0028217807
       -2.0600000000            0.0028538714
       -2.0500000000            0.0028866570
       -2.0400000000            0.0029201577
       -2.0300000000            0.0029543944
       -2.0200000000            0.0029893885
       -2.0100000000            0.0030251624
       -2.0000000000            0.0030617395
       -1.9900000000            0.0030991438
       -1.9800000000            0.0031374002
       -1.9700000000            0.0031765348
       -1.9600000000            0.0032165744
       -1.9500000000            0.0032575472
       -1.9400000000            0.0032994821
       -1.9300000000            0.0033424095
       -1.9200000000            0.0033863607
       -1.9100000000            0.0034313684
       -1.9000000000            0.0034774666
       -1.8900000000            0.0035246906
       -1.8800000000            0.0035730773
       -1.8700000000            0.0036226650
       -1.8600000000            0.0036734936
       -1.8500000000            0.0037256046
       -1.8400000000            0.0037790414
       -1.8300000000            0.0038338490
       -1.8200000000            0.0038900747
       -1.8100000000            0.0039477674
       -1.8000000000            0.0040069785
       -1.7900000000            0.0040677614
       -1.7800000000            0.0041301718
       -1.7700000000            0.0041942683
       -1.7600000000            0.0042601115
       -1.7500000000            0.0043277653
       -1.7400000000            0.0043972962
       -1.7300000000            0.0044687739
       -1.7200000000            0.0045422712
       -1.7100000000            0.0046178643
       -1.7000000000            0.0046956331
       -1.6900000000            0.0047756613
       -1.6800000000            0.0048580365
       -1.6700000000            0.0049428506
       -1.6600000000            0.0050301999
       -1.6500000000            0.0051201854
       -1.6400000000            0.0052129134
       -1.6300000000            0.0053084952
       -1.6200000000            0.0054070477
       -1.6100000000            0.0055086939
       -1.6000000000            0.0056135631
       -1.5900000000            0.0057217912
       -1.5800000000            0.0058335212
       -1.5700000000            0.0059489037
       -1.5600000000            0.0060680971
       -1.5500000000            0.0061912685
       -1.5400000000            0.0063185940
       -1.5300000000            0.0064502591
       -1.5200000000            0.0065864596
       -1.5100000000            0.0067274022
       -1.5000000000            0.0068733052
       -1.4900000000            0.0070243989
       -1.4800000000            0.0071809272
       -1.4700000000            0.0073431474
       -1.4600000000            0.0075113321
       -1.4500000000            0.0076857696
       -1.4400000000            0.0078667653
       -1.4300000000            0.0080546425
       -1.4200000000            0.0082497439
       -1.4100000000            0.0084524328
       -1.4000000000            0.0086630946
       -1.3900000000            0.0088821383
       -1.3800000000            0.0091099980
       -1.3700000000            0.0093471346
       -1.3600000000            0.0095940381
       -1.3500000000            0.0098512290
       -1.3400000000            0.0101192609
       -1.3300000000            0.0103987225
       -1.3200000000            0.0106902403
       -1.3100000000            0.0109944809
       -1.3000000000            0.0113121541
       -1.2900000000            0.0116440157
       -1.2800000000            0.0119908705
       -1.2700000000            0.0123535760
       -1.2600000000            0.0127330455
       -1.2500000000            0.0131302520
       -1.2400000000            0.0135462319
       -1.2300000000            0.0139820892
       -1.2200000000            0.0144389994
       -1.2100000000            0.0149182140
       -1.2000000000            0.0154210643
       -1.1900000000            0.0159489663
       -1.1800000000            0.0165034242
       -1.1700000000            0.0170860346
       -1.1600000000            0.0176984903
       -1.1500000000            0.0183425830
       -1.1400000000            0.0190202058
       -1.1300000000            0.0197333543
       -1.1200000000            0.0204841267
       -1.1100000000            0.0212747215
       -1.1000000000            0.0221074336
       -1.0900000000            0.0229846466
       -1.0800000000            0.0239088218
       -1.0700000000            0.0248824822
       -1.0600000000            0.0259081907
       -1.0500000000            0.0269885213
       -1.0400000000            0.0281260209
       -1.0300000000            0.0293231608
       -1.0200000000            0.0305822762
       -1.0100000000            0.0319054897
       -1.0000000000            0.0332946182
       -0.9900000000            0.0347510598
       -0.9800000000            0.0362756587
       -0.9700000000            0.0378685452
       -0.9600000000            0.0395289502
       -0.9500000000            0.0412549928
       -0.9400000000            0.0430434430
       -0.9300000000            0.0448894618
       -0.9200000000            0.0467863264
       -0.9100000000            0.0487251502
       -0.9000000000            0.0506946136
       -0.8900000000            0.0526807267
       -0.8800000000            0.0546666505
       -0.8700000000            0.0566326103
       -0.8600000000            0.0585559360
       -0.8500000000            0.0604112676
       -0.8400000000            0.0621709593
       -0.8300000000            0.0638057062
       -0.8200000000            0.0652853996
       -0.8100000000            0.0665801978
       -0.8000000000            0.0676617643
       -0.7900000000            0.0685046030
       -0.7800000000            0.0690873868
       -0.7700000000            0.0693941649
       -0.7600000000            0.0694153289
       -0.7500000000            0.0691482336
       -0.7400000000            0.0685974037
       -0.7300000000            0.0677742979
       -0.7200000000            0.0666966573
       -0.7100000000            0.0653875062
       -0.7000000000            0.0638739104
       -0.6900000000            0.0621856134
       -0.6800000000            0.0603536703
       -0.6700000000            0.0584091826
       -0.6600000000            0.0563822114
       -0.6400000000            0.0525651807
       -0.6300000000            0.0504502932
       -0.6200000000            0.0483489678
       -0.6100000000            0.0462777038
       -0.6000000000            0.0442500020
       -0.5900000000            0.0422765750
       -0.5800000000            0.0403656147
       -0.5700000000            0.0385230897
       -0.5600000000            0.0367530504
       -0.5500000000            0.0350579256
       -0.5400000000            0.0334387999
       -0.5300000000            0.0318956651
       -0.5200000000            0.0304276435
       -0.5100000000            0.0290331806
       -0.5000000000            0.0277102106
       -0.4900000000            0.0264562946
       -0.4800000000            0.0252687344
       -0.4700000000            0.0241446666
       -0.4600000000            0.0230811367
       -0.4500000000            0.0220751591
       -0.4400000000            0.0211237628
       -0.4300000000            0.0202240269
       -0.4200000000            0.0193731071
       -0.4100000000            0.0185682542
       -0.4000000000            0.0178068278
       -0.3900000000            0.0170863046
       -0.3800000000            0.0164042828
       -0.3700000000            0.0157584845
       -0.3600000000            0.0151467553
       -0.3500000000            0.0145670620
       -0.3400000000            0.0140174900
       -0.3300000000            0.0134962384
       -0.3200000000            0.0130016163
       -0.3100000000            0.0125320370
       -0.3000000000            0.0120860132
       -0.2900000000            0.0116621513
       -0.2800000000            0.0112591466
       -0.2700000000            0.0108757775
       -0.2600000000            0.0105109008
       -0.2500000000            0.0101634467
       -0.2400000000            0.0098324141
       -0.2300000000            0.0095168663
       -0.2200000000            0.0092159264
       -0.2100000000            0.0089287739
       -0.2000000000            0.0086546402
       -0.1900000000            0.0083928059
       -0.1800000000            0.0081425968
       -0.1700000000            0.0079033813
       -0.1600000000            0.0076745672
       -0.1500000000            0.0074555993
       -0.1400000000            0.0072459565
       -0.1300000000            0.0070451501
       -0.1200000000            0.0068527209
       -0.1100000000            0.0066682378
       -0.1000000000            0.0064912954
       -0.0900000000            0.0063215128
       -0.0800000000            0.0061585316
       -0.0700000000            0.0060020146
       -0.0600000000            0.0058516441
       -0.0500000000            0.0057071211
       -0.0400000000            0.0055681635
       -0.0300000000            0.0054345057
       -0.0200000000            0.0053058969
       -0.0100000000            0.0051821005
