  -20.0000000000    0.1434577421    0.0057683799
  -19.9900000000    0.1424104738    0.0056892175
  -19.9800000000    0.1413770002    0.0056121241
  -19.9700000000    0.1403569633    0.0055370413
  -19.9600000000    0.1393500148    0.0054639137
  -19.9500000000    0.1383558160    0.0053926883
  -19.9400000000    0.1373740371    0.0053233146
  -19.9300000000    0.1364043568    0.0052557445
  -19.9200000000    0.1354464621    0.0051899322
  -19.9100000000    0.1345000479    0.0051258340
  -19.9000000000    0.1335648161    0.0050634085
  -19.8900000000    0.1326404760    0.0050026163
  -19.8800000000    0.1317267434    0.0049434200
  -19.8700000000    0.1308233407    0.0048857842
  -19.8600000000    0.1299299960    0.0048296753
  -19.8500000000    0.1290464432    0.0047750617
  -19.8400000000    0.1281724215    0.0047219136
  -19.8300000000    0.1273076753    0.0046702030
  -19.8200000000    0.1264519537    0.0046199036
  -19.8100000000    0.1256050100    0.0045709910
  -19.8000000000    0.1247666020    0.0045234423
  -19.7900000000    0.1239364909    0.0044772364
  -19.7800000000    0.1231144418    0.0044323541
  -19.7700000000    0.1223002229    0.0043887776
  -19.7600000000    0.1214936053    0.0043464911
  -19.7500000000    0.1206943628    0.0043054802
  -19.7400000000    0.1199022716    0.0042657327
  -19.7300000000    0.1191171098    0.0042272376
  -19.7200000000    0.1183386574    0.0041899862
  -19.7100000000    0.1175666957    0.0041539713
  -19.7000000000    0.1168010070    0.0041191878
  -19.6900000000    0.1160413748    0.0040856324
  -19.6800000000    0.1152875825    0.0040533038
  -19.6700000000    0.1145394140    0.0040222029
  -19.6600000000    0.1137966528    0.0039923328
  -19.6500000000    0.1130590816    0.0039636985
  -19.6400000000    0.1123264822    0.0039363079
  -19.6300000000    0.1115986349    0.0039101711
  -19.6200000000    0.1108753182    0.0038853008
  -19.6100000000    0.1101563082    0.0038617127
  -19.6000000000    0.1094413780    0.0038394254
  -19.5900000000    0.1087302974    0.0038184607
  -19.5800000000    0.1080228326    0.0037988438
  -19.5700000000    0.1073187448    0.0037806037
  -19.5600000000    0.1066177903    0.0037637733
  -19.5500000000    0.1059197198    0.0037483897
  -19.5400000000    0.1052242769    0.0037344947
  -19.5300000000    0.1045311985    0.0037221353
  -19.5200000000    0.1038402127    0.0037113640
  -19.5100000000    0.1031510387    0.0037022391
  -19.5000000000    0.1024633857    0.0036948257
  -19.4900000000    0.1017769513    0.0036891961
  -19.4800000000    0.1010914208    0.0036854307
  -19.4700000000    0.1004064656    0.0036836186
  -19.4600000000    0.0997217417    0.0036838588
  -19.4500000000    0.0990368883    0.0036862611
  -19.4400000000    0.0983515259    0.0036909473
  -19.4300000000    0.0976652542    0.0036980527
  -19.4200000000    0.0969776501    0.0037077278
  -19.4100000000    0.0962882651    0.0037201398
  -19.4000000000    0.0955966228    0.0037354750
  -19.3900000000    0.0949022157    0.0037539408
  -19.3800000000    0.0942045020    0.0037757690
  -19.3700000000    0.0935029015    0.0038012187
  -19.3600000000    0.0927967919    0.0038305799
  -19.3500000000    0.0920855034    0.0038641781
  -19.3400000000    0.0913683140    0.0039023792
  -19.3300000000    0.0906444429    0.0039455955
  -19.3200000000    0.0899130441    0.0039942925
  -19.3100000000    0.0891731983    0.0040489972
  -19.3000000000    0.0884239046    0.0041103077
  -19.2900000000    0.0876640697    0.0041789049
  -19.2800000000    0.0868924978    0.0042555660
  -19.2700000000    0.0861078763    0.0043411812
  -19.2600000000    0.0853087622    0.0044367731
  -19.2500000000    0.0844935648    0.0045435212
  -19.2400000000    0.0836605261    0.0046627904
  -19.2300000000    0.0828076999    0.0047961666
  -19.2200000000    0.0819329258    0.0049455006
  -19.2100000000    0.0810338016    0.0051129612
  -19.2000000000    0.0801076505    0.0053011021
  -19.1900000000    0.0791514856    0.0055129450
  -19.1800000000    0.0781619691    0.0057520838
  -19.1700000000    0.0771353686    0.0060228166
  -19.1600000000    0.0760675097    0.0063303134
  -19.1500000000    0.0749537279    0.0066808308
  -19.1400000000    0.0737888223    0.0070819891
  -19.1300000000    0.0725670193    0.0075431316
  -19.1200000000    0.0712819559    0.0080757947
  -19.1100000000    0.0699267047    0.0086943260
  -19.1000000000    0.0684938727    0.0094167017
  -19.0900000000    0.0669758347    0.0102656139
  -19.0800000000    0.0653651978    0.0112699187
  -19.0700000000    0.0636556675    0.0124665656
  -19.0600000000    0.0618436003    0.0139031508
  -19.0500000000    0.0599307323    0.0156412423
  -19.0400000000    0.0579289077    0.0177605621
  -19.0300000000    0.0558681859    0.0203638627
  -19.0200000000    0.0538105532    0.0235816424
  -19.0100000000    0.0518725779    0.0275741198
  -19.0000000000    0.0502611997    0.0325240151
  -18.9900000000    0.0493252337    0.0386059296
  -18.9800000000    0.0496146799    0.0459056649
  -18.9700000000    0.0519070979    0.0542532391
  -18.9600000000    0.0570939064    0.0629623380
  -18.9500000000    0.0657691032    0.0706116718
  -18.9400000000    0.0775374851    0.0752508434
  -18.9300000000    0.0906128581    0.0753400184
  -18.9200000000    0.1024882588    0.0708408242
  -18.9100000000    0.1113228832    0.0632470356
  -18.9000000000    0.1166638043    0.0545163871
  -18.8900000000    0.1190778199    0.0461028944
  -18.8800000000    0.1194553011    0.0387217518
  -18.8700000000    0.1185832402    0.0325592378
  -18.8600000000    0.1170217810    0.0275361037
  -18.8500000000    0.1151273747    0.0234791163
  -18.8400000000    0.1131119438    0.0202047740
  -18.8300000000    0.1110950813    0.0175514470
  -18.8200000000    0.1091405325    0.0153872288
  -18.8100000000    0.1072793477    0.0136081713
  -18.8000000000    0.1055239116    0.0121336039
  -18.7900000000    0.1038762414    0.0109012286
  -18.7800000000    0.1023328294    0.0098628949
  -18.7700000000    0.1008874359    0.0089812343
  -18.7600000000    0.0995326807    0.0082270731
  -18.7500000000    0.0982609301    0.0075774777
  -18.7400000000    0.0970647738    0.0070142866
  -18.7300000000    0.0959372651    0.0065230091
  -18.7200000000    0.0948720234    0.0060919969
  -18.7100000000    0.0938632608    0.0057118187
  -18.7000000000    0.0929057668    0.0053747840
  -18.6900000000    0.0919948714    0.0050745793
  -18.6800000000    0.0911263995    0.0048059885
  -18.6700000000    0.0902966223    0.0045646752
  -18.6600000000    0.0895022095    0.0043470135
  -18.6500000000    0.0887401855    0.0041499543
  -18.6400000000    0.0880078886    0.0039709205
  -18.6300000000    0.0873029344    0.0038077226
  -18.6200000000    0.0866231838    0.0036584920
  -18.6100000000    0.0859667141    0.0035216260
  -18.6000000000    0.0853317942    0.0033957450
  -18.5900000000    0.0847168622    0.0032796557
  -18.5800000000    0.0841205064    0.0031723225
  -18.5700000000    0.0835414480    0.0030728431
  -18.5600000000    0.0829785266    0.0029804287
  -18.5500000000    0.0824306871    0.0028943871
  -18.5400000000    0.0818969684    0.0028141092
  -18.5300000000    0.0813764932    0.0027390575
  -18.5200000000    0.0808684592    0.0026687557
  -18.5100000000    0.0803721318    0.0026027812
  -18.5000000000    0.0798868364    0.0025407578
  -18.4900000000    0.0794119533    0.0024823494
  -18.4800000000    0.0789469116    0.0024272555
  -18.4700000000    0.0784911849    0.0023752066
  -18.4600000000    0.0780442869    0.0023259603
  -18.4500000000    0.0776057676    0.0022792983
  -18.4400000000    0.0771752101    0.0022350234
  -18.4300000000    0.0767522275    0.0021929573
  -18.4200000000    0.0763364602    0.0021529383
  -18.4100000000    0.0759275736    0.0021148196
  -18.4000000000    0.0755252559    0.0020784677
  -18.3900000000    0.0751292161    0.0020437607
  -18.3800000000    0.0747391824    0.0020105875
  -18.3700000000    0.0743549003    0.0019788465
  -18.3600000000    0.0739761319    0.0019484445
  -18.3500000000    0.0736026536    0.0019192961
  -18.3400000000    0.0732342557    0.0018913229
  -18.3300000000    0.0728707412    0.0018644525
  -18.3200000000    0.0725119245    0.0018386185
  -18.3100000000    0.0721576309    0.0018137595
  -18.3000000000    0.0718076958    0.0017898188
  -18.2900000000    0.0714619636    0.0017667440
  -18.2800000000    0.0711202873    0.0017444864
  -18.2700000000    0.0707825280    0.0017230010
  -18.2600000000    0.0704485542    0.0017022460
  -18.2500000000    0.0701182411    0.0016821825
  -18.2400000000    0.0697914705    0.0016627744
  -18.2300000000    0.0694681303    0.0016439880
  -18.2200000000    0.0691481136    0.0016257919
  -18.2100000000    0.0688313192    0.0016081567
  -18.2000000000    0.0685176505    0.0015910550
  -18.1900000000    0.0682070156    0.0015744614
  -18.1800000000    0.0678993268    0.0015583517
  -18.1700000000    0.0675945004    0.0015427035
  -18.1600000000    0.0672924568    0.0015274958
  -18.1500000000    0.0669931195    0.0015127087
  -18.1400000000    0.0666964157    0.0014983237
  -18.1300000000    0.0664022755    0.0014843234
  -18.1200000000    0.0661106322    0.0014706913
  -18.1100000000    0.0658214217    0.0014574119
  -18.1000000000    0.0655345825    0.0014444706
  -18.0900000000    0.0652500558    0.0014318538
  -18.0800000000    0.0649677849    0.0014195483
  -18.0700000000    0.0646877156    0.0014075420
  -18.0600000000    0.0644097955    0.0013958233
  -18.0500000000    0.0641339744    0.0013843811
  -18.0400000000    0.0638602039    0.0013732052
  -18.0300000000    0.0635884374    0.0013622858
  -18.0200000000    0.0633186299    0.0013516134
  -18.0100000000    0.0630507381    0.0013411793
  -18.0000000000    0.0627847202    0.0013309751
  -17.9900000000    0.0625205360    0.0013209929
  -17.9800000000    0.0622581463    0.0013112251
  -17.9700000000    0.0619975135    0.0013016646
  -17.9600000000    0.0617386012    0.0012923044
  -17.9500000000    0.0614813741    0.0012831382
  -17.9400000000    0.0612257982    0.0012741598
  -17.9300000000    0.0609718403    0.0012653632
  -17.9200000000    0.0607194684    0.0012567428
  -17.9100000000    0.0604686516    0.0012482934
  -17.9000000000    0.0602193596    0.0012400098
  -17.8900000000    0.0599715632    0.0012318872
  -17.8800000000    0.0597252341    0.0012239209
  -17.8700000000    0.0594803446    0.0012161064
  -17.8600000000    0.0592368681    0.0012084397
  -17.8500000000    0.0589947784    0.0012009165
  -17.8400000000    0.0587540501    0.0011935331
  -17.8300000000    0.0585146587    0.0011862857
  -17.8200000000    0.0582765801    0.0011791708
  -17.8100000000    0.0580397908    0.0011721850
  -17.8000000000    0.0578042682    0.0011653252
  -17.7900000000    0.0575699899    0.0011585881
  -17.7800000000    0.0573369342    0.0011519708
  -17.7700000000    0.0571050801    0.0011454705
  -17.7600000000    0.0568744068    0.0011390845
  -17.7500000000    0.0566448941    0.0011328101
  -17.7400000000    0.0564165224    0.0011266448
  -17.7300000000    0.0561892723    0.0011205862
  -17.7200000000    0.0559631250    0.0011146321
  -17.7100000000    0.0557380621    0.0011087802
  -17.7000000000    0.0555140654    0.0011030284
  -17.6900000000    0.0552911174    0.0010973746
  -17.6800000000    0.0550692006    0.0010918170
  -17.6700000000    0.0548482982    0.0010863537
  -17.6600000000    0.0546283934    0.0010809829
  -17.6500000000    0.0544094700    0.0010757028
  -17.6400000000    0.0541915119    0.0010705118
  -17.6300000000    0.0539745034    0.0010654084
  -17.6200000000    0.0537584291    0.0010603910
  -17.6100000000    0.0535432737    0.0010554582
  -17.6000000000    0.0533290225    0.0010506086
  -17.5900000000    0.0531156606    0.0010458408
  -17.5800000000    0.0529031737    0.0010411536
  -17.5700000000    0.0526915476    0.0010365458
  -17.5600000000    0.0524807683    0.0010320161
  -17.5500000000    0.0522708221    0.0010275636
  -17.5400000000    0.0520616953    0.0010231870
  -17.5300000000    0.0518533746    0.0010188855
  -17.5200000000    0.0516458469    0.0010146580
  -17.5100000000    0.0514390990    0.0010105036
  -17.5000000000    0.0512331183    0.0010064214
  -17.4900000000    0.0510278919    0.0010024106
  -17.4800000000    0.0508234073    0.0009984704
  -17.4700000000    0.0506196522    0.0009946000
  -17.4600000000    0.0504166144    0.0009907987
  -17.4500000000    0.0502142817    0.0009870658
  -17.4400000000    0.0500126421    0.0009834007
  -17.4300000000    0.0498116837    0.0009798028
  -17.4200000000    0.0496113949    0.0009762716
  -17.4100000000    0.0494117639    0.0009728064
  -17.4000000000    0.0492127792    0.0009694068
  -17.3900000000    0.0490144294    0.0009660723
  -17.3800000000    0.0488167031    0.0009628026
  -17.3700000000    0.0486195889    0.0009595972
  -17.3600000000    0.0484230758    0.0009564557
  -17.3500000000    0.0482271525    0.0009533779
  -17.3400000000    0.0480318080    0.0009503634
  -17.3300000000    0.0478370312    0.0009474121
  -17.3200000000    0.0476428112    0.0009445235
  -17.3100000000    0.0474491371    0.0009416977
  -17.3000000000    0.0472559980    0.0009389344
  -17.2900000000    0.0470633830    0.0009362334
  -17.2800000000    0.0468712814    0.0009335948
  -17.2700000000    0.0466796824    0.0009310184
  -17.2600000000    0.0464885751    0.0009285041
  -17.2500000000    0.0462979489    0.0009260521
  -17.2400000000    0.0461077930    0.0009236623
  -17.2300000000    0.0459180967    0.0009213348
  -17.2200000000    0.0457288492    0.0009190697
  -17.2100000000    0.0455400398    0.0009168672
  -17.2000000000    0.0453516577    0.0009147274
  -17.1900000000    0.0451636921    0.0009126505
  -17.1800000000    0.0449761322    0.0009106367
  -17.1700000000    0.0447889672    0.0009086864
  -17.1600000000    0.0446021862    0.0009067998
  -17.1500000000    0.0444157782    0.0009049774
  -17.1400000000    0.0442297324    0.0009032194
  -17.1300000000    0.0440440376    0.0009015263
  -17.1200000000    0.0438586828    0.0008998986
  -17.1100000000    0.0436736568    0.0008983368
  -17.1000000000    0.0434889483    0.0008968414
  -17.0900000000    0.0433045461    0.0008954130
  -17.0800000000    0.0431204388    0.0008940523
  -17.0700000000    0.0429366147    0.0008927598
  -17.0600000000    0.0427530624    0.0008915365
  -17.0500000000    0.0425697700    0.0008903829
  -17.0400000000    0.0423867258    0.0008893000
  -17.0300000000    0.0422039178    0.0008882885
  -17.0200000000    0.0420213337    0.0008873495
  -17.0100000000    0.0418389615    0.0008864839
  -17.0000000000    0.0416567887    0.0008856926
  -16.9900000000    0.0414748027    0.0008849769
  -16.9800000000    0.0412929907    0.0008843378
  -16.9700000000    0.0411113399    0.0008837766
  -16.9600000000    0.0409298371    0.0008832945
  -16.9500000000    0.0407484690    0.0008828929
  -16.9400000000    0.0405672220    0.0008825731
  -16.9300000000    0.0403860824    0.0008823366
  -16.9200000000    0.0402050362    0.0008821850
  -16.9100000000    0.0400240692    0.0008821200
  -16.9000000000    0.0398431668    0.0008821431
  -16.8900000000    0.0396623142    0.0008822563
  -16.8800000000    0.0394814964    0.0008824613
  -16.8700000000    0.0393006981    0.0008827602
  -16.8600000000    0.0391199034    0.0008831550
  -16.8500000000    0.0389390963    0.0008836479
  -16.8400000000    0.0387582606    0.0008842412
  -16.8300000000    0.0385773794    0.0008849372
  -16.8200000000    0.0383964357    0.0008857384
  -16.8100000000    0.0382154118    0.0008866474
  -16.8000000000    0.0380342899    0.0008876671
  -16.7900000000    0.0378530514    0.0008888001
  -16.7800000000    0.0376716776    0.0008900497
  -16.7700000000    0.0374901491    0.0008914188
  -16.7600000000    0.0373084461    0.0008929109
  -16.7500000000    0.0371265480    0.0008945293
  -16.7400000000    0.0369444341    0.0008962778
  -16.7300000000    0.0367620826    0.0008981600
  -16.7200000000    0.0365794714    0.0009001801
  -16.7100000000    0.0363965778    0.0009023423
  -16.7000000000    0.0362133781    0.0009046508
  -16.6900000000    0.0360298482    0.0009071104
  -16.6800000000    0.0358459631    0.0009097259
  -16.6700000000    0.0356616971    0.0009125024
  -16.6600000000    0.0354770235    0.0009154453
  -16.6500000000    0.0352919149    0.0009185602
  -16.6400000000    0.0351063429    0.0009218529
  -16.6300000000    0.0349202781    0.0009253298
  -16.6200000000    0.0347336903    0.0009289974
  -16.6100000000    0.0345465481    0.0009328626
  -16.6000000000    0.0343588188    0.0009369325
  -16.5900000000    0.0341704689    0.0009412150
  -16.5800000000    0.0339814633    0.0009457180
  -16.5700000000    0.0337917658    0.0009504500
  -16.5600000000    0.0336013388    0.0009554200
  -16.5500000000    0.0334101433    0.0009606374
  -16.5400000000    0.0332181385    0.0009661122
  -16.5300000000    0.0330252824    0.0009718549
  -16.5200000000    0.0328315309    0.0009778767
  -16.5100000000    0.0326368383    0.0009841893
  -16.5000000000    0.0324411571    0.0009908053
  -16.4900000000    0.0322444376    0.0009977377
  -16.4800000000    0.0320466280    0.0010050005
  -16.4700000000    0.0318476744    0.0010126086
  -16.4600000000    0.0316475202    0.0010205776
  -16.4500000000    0.0314461066    0.0010289241
  -16.4400000000    0.0312433720    0.0010376659
  -16.4300000000    0.0310392519    0.0010468218
  -16.4200000000    0.0308336789    0.0010564116
  -16.4100000000    0.0306265822    0.0010664567
  -16.4000000000    0.0304178879    0.0010769796
  -16.3900000000    0.0302075181    0.0010880045
  -16.3800000000    0.0299953914    0.0010995570
  -16.3700000000    0.0297814220    0.0011116647
  -16.3600000000    0.0295655199    0.0011243568
  -16.3500000000    0.0293475905    0.0011376645
  -16.3400000000    0.0291275339    0.0011516215
  -16.3300000000    0.0289052451    0.0011662637
  -16.3200000000    0.0286806134    0.0011816294
  -16.3100000000    0.0284535220    0.0011977599
  -16.3000000000    0.0282238474    0.0012146996
  -16.2900000000    0.0279914594    0.0012324961
  -16.2800000000    0.0277562200    0.0012512006
  -16.2700000000    0.0275179833    0.0012708683
  -16.2600000000    0.0272765946    0.0012915589
  -16.2500000000    0.0270318901    0.0013133365
  -16.2400000000    0.0267836956    0.0013362707
  -16.2300000000    0.0265318264    0.0013604366
  -16.2200000000    0.0262760859    0.0013859157
  -16.2100000000    0.0260162650    0.0014127964
  -16.2000000000    0.0257521408    0.0014411745
  -16.1900000000    0.0254834756    0.0014711546
  -16.1800000000    0.0252100158    0.0015028503
  -16.1700000000    0.0249314903    0.0015363857
  -16.1600000000    0.0246476091    0.0015718963
  -16.1500000000    0.0243580615    0.0016095303
  -16.1400000000    0.0240625145    0.0016494504
  -16.1300000000    0.0237606106    0.0016918348
  -16.1200000000    0.0234519656    0.0017368796
  -16.1100000000    0.0231361661    0.0017848010
  -16.1000000000    0.0228127664    0.0018358373
  -16.0900000000    0.0224812862    0.0018902523
  -16.0800000000    0.0221412063    0.0019483379
  -16.0700000000    0.0217919650    0.0020104185
  -16.0600000000    0.0214329541    0.0020768550
  -16.0500000000    0.0210635138    0.0021480496
  -16.0400000000    0.0206829273    0.0022244520
  -16.0300000000    0.0202904147    0.0023065661
  -16.0200000000    0.0198851264    0.0023949578
  -16.0100000000    0.0194661352    0.0024902644
  -16.0000000000    0.0190324277    0.0025932058
  -15.9900000000    0.0185828946    0.0027045970
  -15.9800000000    0.0181163198    0.0028253640
  -15.9700000000    0.0176313678    0.0029565622
  -15.9600000000    0.0171265697    0.0030993977
  -15.9500000000    0.0166003076    0.0032552546
  -15.9400000000    0.0160507970    0.0034257262
  -15.9300000000    0.0154760662    0.0036126539
  -15.9200000000    0.0148739348    0.0038181742
  -15.9100000000    0.0142419884    0.0040447763
  -15.9000000000    0.0135775514    0.0042953727
  -15.8900000000    0.0128776571    0.0045733871
  -15.8800000000    0.0121390162    0.0048828631
  -15.8700000000    0.0113579836    0.0052286004
  -15.8600000000    0.0105305263    0.0056163261
  -15.8500000000    0.0096521944    0.0060529109
  -15.8400000000    0.0087181009    0.0065466449
  -15.8300000000    0.0077229178    0.0071075893
  -15.8200000000    0.0066609033    0.0077480290
  -15.8100000000    0.0055259802    0.0084830572
  -15.8000000000    0.0043119029    0.0093313327
  -15.7900000000    0.0030125696    0.0103160638
  -15.7800000000    0.0016225735    0.0114662857
  -15.7700000000    0.0001381447    0.0128185127
  -15.7600000000   -0.0014412708    0.0144188505
  -15.7500000000   -0.0031103970    0.0163256374
  -15.7400000000   -0.0048538389    0.0186126024
  -15.7300000000   -0.0066391103    0.0213723017
  -15.7200000000   -0.0084054512    0.0247190501
  -15.7100000000   -0.0100463016    0.0287893575
  -15.7000000000   -0.0113829819    0.0337354155
  -15.6900000000   -0.0121283709    0.0397026346
  -15.6800000000   -0.0118454001    0.0467753750
  -15.6700000000   -0.0099223658    0.0548693809
  -15.6600000000   -0.0056215145    0.0635602821
  -15.6500000000    0.0017057197    0.0718991527
  -15.6400000000    0.0121845224    0.0783988806
  -15.6300000000    0.0249533386    0.0814535091
  -15.6200000000    0.0381721651    0.0801591025
  -15.6100000000    0.0497824757    0.0749028637
  -15.6000000000    0.0584617581    0.0671023525
  -15.5900000000    0.0639610564    0.0583795690
  -15.5800000000    0.0667732278    0.0499311175
  -15.5700000000    0.0676404652    0.0423848787
  -15.5600000000    0.0672432191    0.0359439250
  -15.5500000000    0.0660931251    0.0305768134
  -15.5400000000    0.0645363296    0.0261533404
  -15.5300000000    0.0627924389    0.0225189033
  -15.5200000000    0.0609945040    0.0195280672
  -15.5100000000    0.0592197528    0.0170563281
  -15.5000000000    0.0575106284    0.0150018053
  -15.4900000000    0.0558883990    0.0132829610
  -15.4800000000    0.0543617036    0.0118351905
  -15.4700000000    0.0529318292    0.0106074648
  -15.4600000000    0.0515959348    0.0095594398
  -15.4500000000    0.0503490032    0.0086591108
  -15.4400000000    0.0491850107    0.0078809666
  -15.4300000000    0.0480976154    0.0072045573
  -15.4200000000    0.0470805530    0.0066133909
  -15.4100000000    0.0461278521    0.0060940846
  -15.4000000000    0.0452339431    0.0056357105
  -15.3900000000    0.0443937004    0.0052292908
  -15.3800000000    0.0436024484    0.0048674057
  -15.3700000000    0.0428559450    0.0045438871
  -15.3600000000    0.0421503547    0.0042535795
  -15.3500000000    0.0414822163    0.0039921501
  -15.3400000000    0.0408484088    0.0037559395
  -15.3300000000    0.0402461189    0.0035418416
  -15.3200000000    0.0396728094    0.0033472076
  -15.3100000000    0.0391261906    0.0031697690
  -15.3000000000    0.0386041936    0.0030075744
  -15.2900000000    0.0381049475    0.0028589387
  -15.2800000000    0.0376267573    0.0027224008
  -15.2700000000    0.0371680858    0.0025966896
  -15.2600000000    0.0367275364    0.0024806950
  -15.2500000000    0.0363038383    0.0023734444
  -15.2400000000    0.0358958337    0.0022740831
  -15.2300000000    0.0355024656    0.0021818575
  -15.2200000000    0.0351227676    0.0020961012
  -15.2100000000    0.0347558552    0.0020162236
  -15.2000000000    0.0344009170    0.0019416992
  -15.1900000000    0.0340572079    0.0018720599
  -15.1800000000    0.0337240426    0.0018068872
  -15.1700000000    0.0334007897    0.0017458066
  -15.1600000000    0.0330868669    0.0016884816
  -15.1500000000    0.0327817364    0.0016346095
  -15.1400000000    0.0324849004    0.0015839175
  -15.1300000000    0.0321958982    0.0015361590
  -15.1200000000    0.0319143022    0.0014911110
  -15.1100000000    0.0316397155    0.0014485711
  -15.1000000000    0.0313717691    0.0014083554
  -15.0900000000    0.0311101195    0.0013702967
  -15.0800000000    0.0308544463    0.0013342424
  -15.0700000000    0.0306044510    0.0013000533
  -15.0600000000    0.0303598544    0.0012676020
  -15.0500000000    0.0301203956    0.0012367719
  -15.0400000000    0.0298858304    0.0012074560
  -15.0300000000    0.0296559299    0.0011795560
  -15.0200000000    0.0294304793    0.0011529815
  -15.0100000000    0.0292092771    0.0011276493
  -15.0000000000    0.0289921339    0.0011034825
  -14.9900000000    0.0287788715    0.0010804103
  -14.9800000000    0.0285693219    0.0010583672
  -14.9700000000    0.0283633272    0.0010372925
  -14.9600000000    0.0281607382    0.0010171300
  -14.9500000000    0.0279614140    0.0009978277
  -14.9400000000    0.0277652216    0.0009793370
  -14.9300000000    0.0275720352    0.0009616132
  -14.9200000000    0.0273817358    0.0009446143
  -14.9100000000    0.0271942106    0.0009283013
  -14.9000000000    0.0270093527    0.0009126380
  -14.8900000000    0.0268270607    0.0008975906
  -14.8800000000    0.0266472385    0.0008831273
  -14.8700000000    0.0264697946    0.0008692187
  -14.8600000000    0.0262946420    0.0008558371
  -14.8500000000    0.0261216981    0.0008429567
  -14.8400000000    0.0259508841    0.0008305533
  -14.8300000000    0.0257821251    0.0008186042
  -14.8200000000    0.0256153496    0.0008070882
  -14.8100000000    0.0254504894    0.0007959853
  -14.8000000000    0.0252874792    0.0007852769
  -14.7900000000    0.0251262570    0.0007749452
  -14.7800000000    0.0249667632    0.0007649739
  -14.7700000000    0.0248089409    0.0007553475
  -14.7600000000    0.0246527357    0.0007460512
  -14.7500000000    0.0244980954    0.0007370715
  -14.7400000000    0.0243449700    0.0007283954
  -14.7300000000    0.0241933115    0.0007200108
  -14.7200000000    0.0240430738    0.0007119062
  -14.7100000000    0.0238942128    0.0007040710
  -14.7000000000    0.0237466858    0.0006964949
  -14.6900000000    0.0236004521    0.0006891686
  -14.6800000000    0.0234554721    0.0006820830
  -14.6700000000    0.0233117079    0.0006752298
  -14.6600000000    0.0231691230    0.0006686011
  -14.6500000000    0.0230276821    0.0006621894
  -14.6400000000    0.0228873510    0.0006559880
  -14.6300000000    0.0227480969    0.0006499901
  -14.6200000000    0.0226098878    0.0006441899
  -14.6100000000    0.0224726929    0.0006385815
  -14.6000000000    0.0223364822    0.0006331598
  -14.5900000000    0.0222012268    0.0006279198
  -14.5800000000    0.0220668984    0.0006228570
  -14.5700000000    0.0219334698    0.0006179673
  -14.5600000000    0.0218009141    0.0006132467
  -14.5500000000    0.0216692054    0.0006086919
  -14.5400000000    0.0215383185    0.0006042996
  -14.5300000000    0.0214082285    0.0006000671
  -14.5200000000    0.0212789112    0.0005959918
  -14.5100000000    0.0211503429    0.0005920717
  -14.5000000000    0.0210225004    0.0005883048
  -14.4900000000    0.0208953607    0.0005846897
  -14.4800000000    0.0207689014    0.0005812252
  -14.4700000000    0.0206431003    0.0005779106
  -14.4600000000    0.0205179355    0.0005747454
  -14.4500000000    0.0203933853    0.0005717295
  -14.4400000000    0.0202694281    0.0005688633
  -14.4300000000    0.0201460427    0.0005661473
  -14.4200000000    0.0200232077    0.0005635829
  -14.4100000000    0.0199009019    0.0005611716
  -14.4000000000    0.0197791040    0.0005589153
  -14.3900000000    0.0196577927    0.0005568168
  -14.3800000000    0.0195369465    0.0005548790
  -14.3700000000    0.0194165437    0.0005531058
  -14.3600000000    0.0192965625    0.0005515014
  -14.3500000000    0.0191769805    0.0005500709
  -14.3400000000    0.0190577753    0.0005488200
  -14.3300000000    0.0189389236    0.0005477555
  -14.3200000000    0.0188204019    0.0005468847
  -14.3100000000    0.0187021859    0.0005462164
  -14.3000000000    0.0185842506    0.0005457601
  -14.2900000000    0.0184665701    0.0005455269
  -14.2800000000    0.0183491175    0.0005455290
  -14.2700000000    0.0182318651    0.0005457804
  -14.2600000000    0.0181147836    0.0005462969
  -14.2500000000    0.0179978427    0.0005470960
  -14.2400000000    0.0178810102    0.0005481979
  -14.2300000000    0.0177642526    0.0005496250
  -14.2200000000    0.0176475342    0.0005514029
  -14.2100000000    0.0175308172    0.0005535606
  -14.2000000000    0.0174140616    0.0005561307
  -14.1900000000    0.0172972249    0.0005591506
  -14.1800000000    0.0171802614    0.0005626626
  -14.1700000000    0.0170631225    0.0005667154
  -14.1600000000    0.0169457561    0.0005713642
  -14.1500000000    0.0168281063    0.0005766727
  -14.1400000000    0.0167101132    0.0005827142
  -14.1300000000    0.0165917122    0.0005895734
  -14.1200000000    0.0164728344    0.0005973481
  -14.1100000000    0.0163534055    0.0006061524
  -14.1000000000    0.0162333464    0.0006161192
  -14.0900000000    0.0161125727    0.0006274044
  -14.0800000000    0.0159909953    0.0006401911
  -14.0700000000    0.0158685209    0.0006546957
  -14.0600000000    0.0157450531    0.0006711748
  -14.0500000000    0.0156204951    0.0006899338
  -14.0400000000    0.0154947528    0.0007113383
  -14.0300000000    0.0153677408    0.0007358270
  -14.0200000000    0.0152393913    0.0007639287
  -14.0100000000    0.0151096675    0.0007962832
  -14.0000000000    0.0149785842    0.0008336660
  -13.9900000000    0.0148462395    0.0008770193
  -13.9800000000    0.0147128610    0.0009274870
  -13.9700000000    0.0145788766    0.0009864533
  -13.9600000000    0.0144450188    0.0010555817
  -13.9500000000    0.0143124791    0.0011368415
  -13.9400000000    0.0141831302    0.0012325042
  -13.9300000000    0.0140598397    0.0013450659
  -13.9200000000    0.0139468864    0.0014770241
  -13.9100000000    0.0138504596    0.0016303848
  -13.9000000000    0.0137791305    0.0018057206
  -13.8900000000    0.0137439911    0.0020005876
  -13.8800000000    0.0137578448    0.0022072673
  -13.8700000000    0.0138325431    0.0024103708
  -13.8600000000    0.0139738307    0.0025859466
  -13.8500000000    0.0141747620    0.0027047312
  -13.8400000000    0.0144117587    0.0027410433
  -13.8300000000    0.0146485065    0.0026840779
  -13.8200000000    0.0148480095    0.0025437546
  -13.8100000000    0.0149853632    0.0023460453
  -13.8000000000    0.0150529140    0.0021216094
  -13.7900000000    0.0150568200    0.0018959543
  -13.7800000000    0.0150100898    0.0016854288
  -13.7700000000    0.0149268220    0.0014979634
  -13.7600000000    0.0148191561    0.0013356851
  -13.7500000000    0.0146963504    0.0011974591
  -13.7400000000    0.0145649630    0.0010806737
  -13.7300000000    0.0144294141    0.0009822873
  -13.7200000000    0.0142925714    0.0008993585
  -13.7100000000    0.0141562305    0.0008292716
  -13.7000000000    0.0140214692    0.0007697998
  -13.6900000000    0.0138888955    0.0007190923
  -13.6800000000    0.0137588152    0.0006756305
  -13.6700000000    0.0136313434    0.0006381761
  -13.6600000000    0.0135064778    0.0006057216
  -13.6500000000    0.0133841454    0.0005774469
  -13.6400000000    0.0132642341    0.0005526830
  -13.6300000000    0.0131466115    0.0005308824
  -13.6200000000    0.0130311376    0.0005115952
  -13.6100000000    0.0129176721    0.0004944501
  -13.6000000000    0.0128060792    0.0004791396
  -13.5900000000    0.0126962299    0.0004654072
  -13.5800000000    0.0125880035    0.0004530386
  -13.5700000000    0.0124812880    0.0004418536
  -13.5600000000    0.0123759802    0.0004317000
  -13.5500000000    0.0122719850    0.0004224489
  -13.5400000000    0.0121692157    0.0004139903
  -13.5300000000    0.0120675927    0.0004062303
  -13.5200000000    0.0119670433    0.0003990881
  -13.5100000000    0.0118675010    0.0003924943
  -13.5000000000    0.0117689051    0.0003863887
  -13.4900000000    0.0116712001    0.0003807191
  -13.4800000000    0.0115743352    0.0003754400
  -13.4700000000    0.0114782636    0.0003705117
  -13.4600000000    0.0113829428    0.0003658993
  -13.4500000000    0.0112883334    0.0003615721
  -13.4400000000    0.0111943994    0.0003575032
  -13.4300000000    0.0111011076    0.0003536686
  -13.4200000000    0.0110084272    0.0003500472
  -13.4100000000    0.0109163300    0.0003466202
  -13.4000000000    0.0108247899    0.0003433706
  -13.3900000000    0.0107337826    0.0003402836
  -13.3800000000    0.0106432856    0.0003373456
  -13.3700000000    0.0105532781    0.0003345447
  -13.3600000000    0.0104637407    0.0003318699
  -13.3500000000    0.0103746554    0.0003293116
  -13.3400000000    0.0102860053    0.0003268609
  -13.3300000000    0.0101977747    0.0003245097
  -13.3200000000    0.0101099488    0.0003222509
  -13.3100000000    0.0100225140    0.0003200779
  -13.3000000000    0.0099354574    0.0003179847
  -13.2900000000    0.0098487668    0.0003159659
  -13.2800000000    0.0097624308    0.0003140164
  -13.2700000000    0.0096764389    0.0003121317
  -13.2600000000    0.0095907809    0.0003103077
  -13.2500000000    0.0095054473    0.0003085405
  -13.2400000000    0.0094204291    0.0003068267
  -13.2300000000    0.0093357180    0.0003051629
  -13.2200000000    0.0092513058    0.0003035463
  -13.2100000000    0.0091671850    0.0003019740
  -13.2000000000    0.0090833483    0.0003004436
  -13.1900000000    0.0089997891    0.0002989526
  -13.1800000000    0.0089165007    0.0002974990
  -13.1700000000    0.0088334770    0.0002960808
  -13.1600000000    0.0087507122    0.0002946959
  -13.1500000000    0.0086682006    0.0002933428
  -13.1400000000    0.0085859369    0.0002920199
  -13.1300000000    0.0085039161    0.0002907255
  -13.1200000000    0.0084221332    0.0002894583
  -13.1100000000    0.0083405837    0.0002882170
  -13.1000000000    0.0082592630    0.0002870004
  -13.0900000000    0.0081781670    0.0002858074
  -13.0800000000    0.0080972915    0.0002846368
  -13.0700000000    0.0080166326    0.0002834877
  -13.0600000000    0.0079361866    0.0002823591
  -13.0500000000    0.0078559498    0.0002812501
  -13.0400000000    0.0077759189    0.0002801600
  -13.0300000000    0.0076960904    0.0002790880
  -13.0200000000    0.0076164612    0.0002780332
  -13.0100000000    0.0075370282    0.0002769951
  -13.0000000000    0.0074577883    0.0002759730
  -12.9900000000    0.0073787387    0.0002749662
  -12.9800000000    0.0072998767    0.0002739741
  -12.9700000000    0.0072211995    0.0002729964
  -12.9600000000    0.0071427046    0.0002720323
  -12.9500000000    0.0070643895    0.0002710815
  -12.9400000000    0.0069862516    0.0002701434
  -12.9300000000    0.0069082888    0.0002692176
  -12.9200000000    0.0068304987    0.0002683037
  -12.9100000000    0.0067528791    0.0002674014
  -12.9000000000    0.0066754279    0.0002665102
  -12.8900000000    0.0065981430    0.0002656297
  -12.8800000000    0.0065210225    0.0002647597
  -12.8700000000    0.0064440642    0.0002638998
  -12.8600000000    0.0063672665    0.0002630497
  -12.8500000000    0.0062906274    0.0002622091
  -12.8400000000    0.0062141450    0.0002613777
  -12.8300000000    0.0061378178    0.0002605553
  -12.8200000000    0.0060616440    0.0002597416
  -12.8100000000    0.0059856219    0.0002589363
  -12.8000000000    0.0059097499    0.0002581393
  -12.7900000000    0.0058340265    0.0002573502
  -12.7800000000    0.0057584501    0.0002565690
  -12.7700000000    0.0056830193    0.0002557954
  -12.7600000000    0.0056077325    0.0002550291
  -12.7500000000    0.0055325884    0.0002542701
  -12.7400000000    0.0054575856    0.0002535180
  -12.7300000000    0.0053827227    0.0002527729
  -12.7200000000    0.0053079984    0.0002520344
  -12.7100000000    0.0052334114    0.0002513024
  -12.7000000000    0.0051589605    0.0002505768
  -12.6900000000    0.0050846443    0.0002498574
  -12.6800000000    0.0050104618    0.0002491442
  -12.6700000000    0.0049364116    0.0002484368
  -12.6600000000    0.0048624927    0.0002477353
  -12.6500000000    0.0047887039    0.0002470395
  -12.6400000000    0.0047150441    0.0002463492
  -12.6300000000    0.0046415123    0.0002456644
  -12.6200000000    0.0045681072    0.0002449850
  -12.6100000000    0.0044948279    0.0002443108
  -12.6000000000    0.0044216734    0.0002436417
  -12.5900000000    0.0043486427    0.0002429776
  -12.5800000000    0.0042757347    0.0002423184
  -12.5700000000    0.0042029485    0.0002416641
  -12.5600000000    0.0041302832    0.0002410145
  -12.5500000000    0.0040577377    0.0002403696
  -12.5400000000    0.0039853113    0.0002397292
  -12.5300000000    0.0039130029    0.0002390933
  -12.5200000000    0.0038408117    0.0002384618
  -12.5100000000    0.0037687368    0.0002378347
  -12.5000000000    0.0036967774    0.0002372118
  -12.4900000000    0.0036249326    0.0002365930
  -12.4800000000    0.0035532016    0.0002359784
  -12.4700000000    0.0034815835    0.0002353677
  -12.4600000000    0.0034100777    0.0002347611
  -12.4500000000    0.0033386832    0.0002341583
  -12.4400000000    0.0032673993    0.0002335594
  -12.4300000000    0.0031962252    0.0002329643
  -12.4200000000    0.0031251603    0.0002323729
  -12.4100000000    0.0030542036    0.0002317851
  -12.4000000000    0.0029833546    0.0002312010
  -12.3900000000    0.0029126125    0.0002306204
  -12.3800000000    0.0028419765    0.0002300432
  -12.3700000000    0.0027714460    0.0002294696
  -12.3600000000    0.0027010203    0.0002288993
  -12.3500000000    0.0026306987    0.0002283323
  -12.3400000000    0.0025604805    0.0002277687
  -12.3300000000    0.0024903652    0.0002272083
  -12.3200000000    0.0024203519    0.0002266511
  -12.3100000000    0.0023504401    0.0002260970
  -12.3000000000    0.0022806292    0.0002255461
  -12.2900000000    0.0022109185    0.0002249982
  -12.2800000000    0.0021413073    0.0002244534
  -12.2700000000    0.0020717952    0.0002239116
  -12.2600000000    0.0020023815    0.0002233727
  -12.2500000000    0.0019330655    0.0002228367
  -12.2400000000    0.0018638468    0.0002223036
  -12.2300000000    0.0017947247    0.0002217734
  -12.2200000000    0.0017256987    0.0002212459
  -12.2100000000    0.0016567681    0.0002207212
  -12.2000000000    0.0015879325    0.0002201993
  -12.1900000000    0.0015191913    0.0002196800
  -12.1800000000    0.0014505439    0.0002191634
  -12.1700000000    0.0013819898    0.0002186495
  -12.1600000000    0.0013135284    0.0002181381
  -12.1500000000    0.0012451593    0.0002176294
  -12.1400000000    0.0011768819    0.0002171231
  -12.1300000000    0.0011086957    0.0002166194
  -12.1200000000    0.0010406003    0.0002161182
  -12.1100000000    0.0009725950    0.0002156194
  -12.1000000000    0.0009046794    0.0002151231
  -12.0900000000    0.0008368530    0.0002146292
  -12.0800000000    0.0007691153    0.0002141376
  -12.0700000000    0.0007014658    0.0002136484
  -12.0600000000    0.0006339041    0.0002131615
  -12.0500000000    0.0005664297    0.0002126769
  -12.0400000000    0.0004990422    0.0002121946
  -12.0300000000    0.0004317409    0.0002117146
  -12.0200000000    0.0003645256    0.0002112368
  -12.0100000000    0.0002973957    0.0002107611
  -12.0000000000    0.0002303509    0.0002102877
  -11.9900000000    0.0001633906    0.0002098164
  -11.9800000000    0.0000965144    0.0002093473
  -11.9700000000    0.0000297219    0.0002088803
  -11.9600000000   -0.0000369873    0.0002084154
  -11.9500000000   -0.0001036137    0.0002079526
  -11.9400000000   -0.0001701577    0.0002074918
  -11.9300000000   -0.0002366197    0.0002070330
  -11.9200000000   -0.0003030002    0.0002065763
  -11.9100000000   -0.0003692994    0.0002061216
  -11.9000000000   -0.0004355179    0.0002056688
  -11.8900000000   -0.0005016560    0.0002052180
  -11.8800000000   -0.0005677142    0.0002047691
  -11.8700000000   -0.0006336928    0.0002043222
  -11.8600000000   -0.0006995922    0.0002038772
  -11.8500000000   -0.0007654128    0.0002034341
  -11.8400000000   -0.0008311551    0.0002029928
  -11.8300000000   -0.0008968193    0.0002025534
  -11.8200000000   -0.0009624058    0.0002021158
  -11.8100000000   -0.0010279151    0.0002016801
  -11.8000000000   -0.0010933475    0.0002012461
  -11.7900000000   -0.0011587033    0.0002008140
  -11.7800000000   -0.0012239830    0.0002003836
  -11.7700000000   -0.0012891868    0.0001999550
  -11.7600000000   -0.0013543153    0.0001995281
  -11.7500000000   -0.0014193686    0.0001991029
  -11.7400000000   -0.0014843471    0.0001986795
  -11.7300000000   -0.0015492513    0.0001982578
  -11.7200000000   -0.0016140815    0.0001978377
  -11.7100000000   -0.0016788379    0.0001974193
  -11.7000000000   -0.0017435210    0.0001970026
  -11.6900000000   -0.0018081310    0.0001965875
  -11.6800000000   -0.0018726684    0.0001961741
  -11.6700000000   -0.0019371334    0.0001957623
  -11.6500000000   -0.0020658476    0.0001949434
  -11.6400000000   -0.0021300976    0.0001945364
  -11.6300000000   -0.0021942764    0.0001941309
  -11.6200000000   -0.0022583846    0.0001937270
  -11.6100000000   -0.0023224223    0.0001933246
  -11.6000000000   -0.0023863899    0.0001929238
  -11.5900000000   -0.0024502878    0.0001925244
  -11.5800000000   -0.0025141161    0.0001921266
  -11.5700000000   -0.0025778753    0.0001917303
  -11.5600000000   -0.0026415657    0.0001913354
  -11.5500000000   -0.0027051875    0.0001909421
  -11.5400000000   -0.0027687410    0.0001905502
  -11.5300000000   -0.0028322266    0.0001901597
  -11.5200000000   -0.0028956445    0.0001897707
  -11.5100000000   -0.0029589951    0.0001893831
  -11.5000000000   -0.0030222786    0.0001889970
  -11.4900000000   -0.0030854953    0.0001886122
  -11.4800000000   -0.0031486456    0.0001882289
  -11.4700000000   -0.0032117296    0.0001878469
  -11.4600000000   -0.0032747477    0.0001874663
  -11.4500000000   -0.0033377002    0.0001870871
  -11.4400000000   -0.0034005873    0.0001867093
  -11.4300000000   -0.0034634093    0.0001863328
  -11.4200000000   -0.0035261666    0.0001859576
  -11.4100000000   -0.0035888593    0.0001855838
  -11.4000000000   -0.0036514878    0.0001852113
  -11.3900000000   -0.0037140523    0.0001848401
  -11.3800000000   -0.0037765531    0.0001844702
  -11.3700000000   -0.0038389904    0.0001841016
  -11.3600000000   -0.0039013646    0.0001837343
  -11.3500000000   -0.0039636758    0.0001833683
  -11.3400000000   -0.0040259244    0.0001830036
  -11.3300000000   -0.0040881107    0.0001826401
  -11.3200000000   -0.0041502347    0.0001822778
  -11.3100000000   -0.0042122970    0.0001819168
  -11.3000000000   -0.0042742976    0.0001815571
  -11.2900000000   -0.0043362368    0.0001811986
  -11.2800000000   -0.0043981150    0.0001808413
  -11.2700000000   -0.0044599322    0.0001804852
  -11.2600000000   -0.0045216889    0.0001801303
  -11.2500000000   -0.0045833852    0.0001797766
  -11.2400000000   -0.0046450214    0.0001794241
  -11.2300000000   -0.0047065977    0.0001790728
  -11.2200000000   -0.0047681145    0.0001787226
  -11.2100000000   -0.0048295718    0.0001783736
  -11.2000000000   -0.0048909700    0.0001780258
  -11.1900000000   -0.0049523092    0.0001776792
  -11.1800000000   -0.0050135899    0.0001773336
  -11.1700000000   -0.0050748120    0.0001769893
  -11.1600000000   -0.0051359760    0.0001766460
  -11.1500000000   -0.0051970821    0.0001763039
  -11.1400000000   -0.0052581304    0.0001759629
  -11.1300000000   -0.0053191212    0.0001756230
  -11.1200000000   -0.0053800547    0.0001752842
  -11.1100000000   -0.0054409312    0.0001749465
  -11.1000000000   -0.0055017509    0.0001746099
  -11.0900000000   -0.0055625139    0.0001742744
  -11.0800000000   -0.0056232207    0.0001739399
  -11.0700000000   -0.0056838712    0.0001736066
  -11.0600000000   -0.0057444659    0.0001732743
  -11.0500000000   -0.0058050049    0.0001729430
  -11.0400000000   -0.0058654883    0.0001726128
  -11.0300000000   -0.0059259166    0.0001722837
  -11.0200000000   -0.0059862897    0.0001719556
  -11.0100000000   -0.0060466081    0.0001716285
  -11.0000000000   -0.0061068718    0.0001713024
  -10.9900000000   -0.0061670811    0.0001709774
  -10.9800000000   -0.0062272362    0.0001706534
  -10.9700000000   -0.0062873374    0.0001703304
  -10.9600000000   -0.0063473848    0.0001700084
  -10.9500000000   -0.0064073786    0.0001696875
  -10.9400000000   -0.0064673190    0.0001693675
  -10.9300000000   -0.0065272063    0.0001690485
  -10.9200000000   -0.0065870407    0.0001687304
  -10.9100000000   -0.0066468223    0.0001684134
  -10.9000000000   -0.0067065514    0.0001680973
  -10.8900000000   -0.0067662282    0.0001677822
  -10.8800000000   -0.0068258528    0.0001674681
  -10.8700000000   -0.0068854255    0.0001671549
  -10.8600000000   -0.0069449465    0.0001668427
  -10.8500000000   -0.0070044159    0.0001665314
  -10.8400000000   -0.0070638340    0.0001662210
  -10.8300000000   -0.0071232010    0.0001659116
  -10.8200000000   -0.0071825170    0.0001656031
  -10.8100000000   -0.0072417823    0.0001652956
  -10.8000000000   -0.0073009969    0.0001649889
  -10.7900000000   -0.0073601613    0.0001646832
  -10.7800000000   -0.0074192754    0.0001643784
  -10.7700000000   -0.0074783396    0.0001640745
  -10.7600000000   -0.0075373540    0.0001637715
  -10.7500000000   -0.0075963187    0.0001634694
  -10.7400000000   -0.0076552341    0.0001631682
  -10.7300000000   -0.0077141002    0.0001628679
  -10.7200000000   -0.0077729172    0.0001625685
  -10.7100000000   -0.0078316854    0.0001622699
  -10.7000000000   -0.0078904049    0.0001619722
  -10.6900000000   -0.0079490760    0.0001616754
  -10.6800000000   -0.0080076987    0.0001613795
  -10.6700000000   -0.0080662732    0.0001610844
  -10.6600000000   -0.0081247998    0.0001607902
  -10.6500000000   -0.0081832787    0.0001604968
  -10.6400000000   -0.0082417099    0.0001602043
  -10.6300000000   -0.0083000938    0.0001599126
  -10.6200000000   -0.0083584304    0.0001596217
  -10.6100000000   -0.0084167199    0.0001593317
  -10.6000000000   -0.0084749625    0.0001590425
  -10.5900000000   -0.0085331585    0.0001587542
  -10.5800000000   -0.0085913079    0.0001584667
  -10.5700000000   -0.0086494109    0.0001581800
  -10.5600000000   -0.0087074677    0.0001578941
  -10.5500000000   -0.0087654786    0.0001576090
  -10.5400000000   -0.0088234435    0.0001573247
  -10.5300000000   -0.0088813628    0.0001570413
  -10.5200000000   -0.0089392366    0.0001567586
  -10.5100000000   -0.0089970650    0.0001564767
  -10.5000000000   -0.0090548483    0.0001561957
  -10.4900000000   -0.0091125865    0.0001559154
  -10.4800000000   -0.0091702800    0.0001556359
  -10.4700000000   -0.0092279287    0.0001553571
  -10.4600000000   -0.0092855329    0.0001550792
  -10.4500000000   -0.0093430928    0.0001548020
  -10.4400000000   -0.0094006085    0.0001545256
  -10.4300000000   -0.0094580802    0.0001542500
  -10.4200000000   -0.0095155080    0.0001539751
  -10.4100000000   -0.0095728922    0.0001537010
  -10.4000000000   -0.0096302328    0.0001534276
  -10.3900000000   -0.0096875300    0.0001531550
  -10.3800000000   -0.0097447840    0.0001528832
  -10.3700000000   -0.0098019950    0.0001526121
  -10.3600000000   -0.0098591630    0.0001523417
  -10.3500000000   -0.0099162884    0.0001520721
  -10.3400000000   -0.0099733711    0.0001518032
  -10.3300000000   -0.0100304114    0.0001515350
  -10.3200000000   -0.0100874095    0.0001512676
  -10.3100000000   -0.0101443654    0.0001510009
  -10.3000000000   -0.0102012794    0.0001507349
  -10.2900000000   -0.0102581515    0.0001504696
  -10.2800000000   -0.0103149821    0.0001502051
  -10.2700000000   -0.0103717711    0.0001499413
  -10.2600000000   -0.0104285187    0.0001496781
  -10.2500000000   -0.0104852252    0.0001494157
  -10.2400000000   -0.0105418906    0.0001491540
  -10.2300000000   -0.0105985152    0.0001488930
  -10.2200000000   -0.0106550990    0.0001486327
  -10.2100000000   -0.0107116422    0.0001483731
  -10.2000000000   -0.0107681449    0.0001481141
  -10.1900000000   -0.0108246073    0.0001478559
  -10.1800000000   -0.0108810296    0.0001475983
  -10.1700000000   -0.0109374119    0.0001473415
  -10.1600000000   -0.0109937544    0.0001470853
  -10.1500000000   -0.0110500571    0.0001468298
  -10.1400000000   -0.0111063202    0.0001465749
  -10.1300000000   -0.0111625439    0.0001463207
  -10.1200000000   -0.0112187284    0.0001460672
  -10.1100000000   -0.0112748737    0.0001458144
  -10.1000000000   -0.0113309800    0.0001455622
  -10.0900000000   -0.0113870475    0.0001453107
  -10.0800000000   -0.0114430763    0.0001450599
  -10.0700000000   -0.0114990665    0.0001448097
  -10.0600000000   -0.0115550183    0.0001445601
  -10.0500000000   -0.0116109318    0.0001443112
  -10.0400000000   -0.0116668071    0.0001440630
  -10.0300000000   -0.0117226445    0.0001438154
  -10.0200000000   -0.0117784440    0.0001435684
  -10.0100000000   -0.0118342058    0.0001433221
  -10.0000000000   -0.0118899299    0.0001430764
   -9.9900000000   -0.0119456167    0.0001428313
   -9.9800000000   -0.0120012661    0.0001425869
   -9.9700000000   -0.0120568783    0.0001423431
   -9.9600000000   -0.0121124536    0.0001420999
   -9.9500000000   -0.0121679919    0.0001418574
   -9.9400000000   -0.0122234934    0.0001416155
   -9.9300000000   -0.0122789583    0.0001413742
   -9.9200000000   -0.0123343867    0.0001411335
   -9.9100000000   -0.0123897788    0.0001408934
   -9.9000000000   -0.0124451346    0.0001406539
   -9.8900000000   -0.0125004543    0.0001404151
   -9.8800000000   -0.0125557381    0.0001401768
   -9.8700000000   -0.0126109860    0.0001399392
   -9.8600000000   -0.0126661982    0.0001397021
   -9.8500000000   -0.0127213749    0.0001394657
   -9.8400000000   -0.0127765161    0.0001392298
   -9.8300000000   -0.0128316221    0.0001389946
   -9.8200000000   -0.0128866928    0.0001387599
   -9.8100000000   -0.0129417285    0.0001385259
   -9.8000000000   -0.0129967293    0.0001382924
   -9.7900000000   -0.0130516953    0.0001380595
   -9.7800000000   -0.0131066266    0.0001378272
   -9.7700000000   -0.0131615234    0.0001375954
   -9.7600000000   -0.0132163858    0.0001373643
   -9.7500000000   -0.0132712139    0.0001371337
   -9.7400000000   -0.0133260079    0.0001369037
   -9.7300000000   -0.0133807679    0.0001366743
   -9.7200000000   -0.0134354940    0.0001364455
   -9.7100000000   -0.0134901862    0.0001362172
   -9.7000000000   -0.0135448449    0.0001359895
   -9.6900000000   -0.0135994700    0.0001357623
   -9.6800000000   -0.0136540618    0.0001355357
   -9.6700000000   -0.0137086202    0.0001353097
   -9.6600000000   -0.0137631456    0.0001350842
   -9.6500000000   -0.0138176379    0.0001348593
   -9.6400000000   -0.0138720973    0.0001346350
   -9.6300000000   -0.0139265239    0.0001344111
   -9.6200000000   -0.0139809179    0.0001341879
   -9.6100000000   -0.0140352794    0.0001339652
   -9.6000000000   -0.0140896084    0.0001337430
   -9.5900000000   -0.0141439052    0.0001335214
   -9.5800000000   -0.0141981697    0.0001333003
   -9.5700000000   -0.0142524023    0.0001330798
   -9.5600000000   -0.0143066029    0.0001328598
   -9.5500000000   -0.0143607717    0.0001326403
   -9.5400000000   -0.0144149089    0.0001324214
   -9.5300000000   -0.0144690145    0.0001322030
   -9.5200000000   -0.0145230886    0.0001319852
   -9.5100000000   -0.0145771314    0.0001317679
   -9.5000000000   -0.0146311430    0.0001315511
   -9.4900000000   -0.0146851235    0.0001313348
   -9.4800000000   -0.0147390731    0.0001311190
   -9.4700000000   -0.0147929918    0.0001309038
   -9.4600000000   -0.0148468797    0.0001306891
   -9.4500000000   -0.0149007371    0.0001304749
   -9.4400000000   -0.0149545639    0.0001302612
   -9.4300000000   -0.0150083604    0.0001300481
   -9.4200000000   -0.0150621266    0.0001298354
   -9.4100000000   -0.0151158626    0.0001296233
   -9.4000000000   -0.0151695686    0.0001294117
   -9.3900000000   -0.0152232447    0.0001292006
   -9.3800000000   -0.0152768910    0.0001289900
   -9.3700000000   -0.0153305076    0.0001287799
   -9.3600000000   -0.0153840946    0.0001285703
   -9.3500000000   -0.0154376521    0.0001283612
   -9.3400000000   -0.0154911804    0.0001281526
   -9.3300000000   -0.0155446793    0.0001279445
   -9.3200000000   -0.0155981492    0.0001277369
   -9.3100000000   -0.0156515900    0.0001275298
   -9.3000000000   -0.0157050020    0.0001273232
   -9.2900000000   -0.0157583852    0.0001271171
   -9.2800000000   -0.0158117397    0.0001269114
   -9.2700000000   -0.0158650656    0.0001267063
   -9.2600000000   -0.0159183631    0.0001265016
   -9.2500000000   -0.0159716323    0.0001262975
   -9.2400000000   -0.0160248733    0.0001260938
   -9.2300000000   -0.0160780861    0.0001258906
   -9.2200000000   -0.0161312710    0.0001256879
   -9.2100000000   -0.0161844279    0.0001254856
   -9.2000000000   -0.0162375571    0.0001252839
   -9.1900000000   -0.0162906586    0.0001250826
   -9.1800000000   -0.0163437326    0.0001248818
   -9.1700000000   -0.0163967791    0.0001246814
   -9.1600000000   -0.0164497983    0.0001244816
   -9.1500000000   -0.0165027902    0.0001242822
   -9.1400000000   -0.0165557551    0.0001240833
   -9.1300000000   -0.0166086929    0.0001238848
   -9.1200000000   -0.0166616038    0.0001236868
   -9.1100000000   -0.0167144879    0.0001234893
   -9.1000000000   -0.0167673454    0.0001232922
   -9.0900000000   -0.0168201763    0.0001230956
   -9.0800000000   -0.0168729807    0.0001228995
   -9.0700000000   -0.0169257587    0.0001227038
   -9.0600000000   -0.0169785105    0.0001225086
   -9.0500000000   -0.0170312361    0.0001223138
   -9.0400000000   -0.0170839357    0.0001221195
   -9.0300000000   -0.0171366094    0.0001219257
   -9.0200000000   -0.0171892573    0.0001217323
   -9.0100000000   -0.0172418794    0.0001215393
   -9.0000000000   -0.0172944759    0.0001213468
   -8.9900000000   -0.0173470469    0.0001211548
   -8.9800000000   -0.0173995925    0.0001209631
   -8.9700000000   -0.0174521129    0.0001207720
   -8.9600000000   -0.0175046080    0.0001205813
   -8.9500000000   -0.0175570780    0.0001203910
   -8.9400000000   -0.0176095231    0.0001202012
   -8.9300000000   -0.0176619433    0.0001200118
   -8.9200000000   -0.0177143387    0.0001198228
   -8.9100000000   -0.0177667095    0.0001196343
   -8.9000000000   -0.0178190557    0.0001194463
   -8.8900000000   -0.0178713775    0.0001192586
   -8.8800000000   -0.0179236749    0.0001190714
   -8.8700000000   -0.0179759480    0.0001188846
   -8.8600000000   -0.0180281970    0.0001186983
   -8.8500000000   -0.0180804220    0.0001185124
   -8.8400000000   -0.0181326231    0.0001183269
   -8.8300000000   -0.0181848003    0.0001181419
   -8.8200000000   -0.0182369538    0.0001179573
   -8.8100000000   -0.0182890836    0.0001177731
   -8.8000000000   -0.0183411900    0.0001175893
   -8.7900000000   -0.0183932729    0.0001174059
   -8.7800000000   -0.0184453325    0.0001172230
   -8.7700000000   -0.0184973689    0.0001170405
   -8.7600000000   -0.0185493822    0.0001168584
   -8.7500000000   -0.0186013725    0.0001166768
   -8.7400000000   -0.0186533399    0.0001164955
   -8.7300000000   -0.0187052844    0.0001163147
   -8.7200000000   -0.0187572063    0.0001161343
   -8.7100000000   -0.0188091056    0.0001159543
   -8.7000000000   -0.0188609823    0.0001157747
   -8.6900000000   -0.0189128367    0.0001155956
   -8.6800000000   -0.0189646688    0.0001154168
   -8.6700000000   -0.0190164787    0.0001152384
   -8.6600000000   -0.0190682665    0.0001150605
   -8.6500000000   -0.0191200323    0.0001148830
   -8.6400000000   -0.0191717762    0.0001147059
   -8.6300000000   -0.0192234983    0.0001145291
   -8.6200000000   -0.0192751988    0.0001143528
   -8.6100000000   -0.0193268776    0.0001141769
   -8.6000000000   -0.0193785350    0.0001140014
   -8.5900000000   -0.0194301709    0.0001138263
   -8.5800000000   -0.0194817856    0.0001136516
   -8.5700000000   -0.0195333792    0.0001134773
   -8.5600000000   -0.0195849516    0.0001133034
   -8.5500000000   -0.0196365030    0.0001131299
   -8.5400000000   -0.0196880336    0.0001129568
   -8.5300000000   -0.0197395434    0.0001127841
   -8.5200000000   -0.0197910324    0.0001126118
   -8.5100000000   -0.0198425009    0.0001124399
   -8.5000000000   -0.0198939490    0.0001122683
   -8.4900000000   -0.0199453766    0.0001120972
   -8.4800000000   -0.0199967840    0.0001119265
   -8.4700000000   -0.0200481711    0.0001117561
   -8.4600000000   -0.0200995382    0.0001115861
   -8.4500000000   -0.0201508853    0.0001114166
   -8.4400000000   -0.0202022125    0.0001112474
   -8.4300000000   -0.0202535200    0.0001110786
   -8.4200000000   -0.0203048077    0.0001109101
   -8.4100000000   -0.0203560759    0.0001107421
   -8.4000000000   -0.0204073245    0.0001105745
   -8.3900000000   -0.0204585538    0.0001104072
   -8.3800000000   -0.0205097638    0.0001102403
   -8.3700000000   -0.0205609546    0.0001100738
   -8.3600000000   -0.0206121263    0.0001099077
   -8.3500000000   -0.0206632790    0.0001097419
   -8.3400000000   -0.0207144128    0.0001095765
   -8.3300000000   -0.0207655278    0.0001094116
   -8.3200000000   -0.0208166242    0.0001092469
   -8.3100000000   -0.0208677019    0.0001090827
   -8.3000000000   -0.0209187611    0.0001089188
   -8.2900000000   -0.0209698020    0.0001087553
   -8.2800000000   -0.0210208245    0.0001085922
   -8.2700000000   -0.0210718288    0.0001084295
   -8.2600000000   -0.0211228151    0.0001082671
   -8.2500000000   -0.0211737833    0.0001081051
   -8.2400000000   -0.0212247336    0.0001079435
   -8.2300000000   -0.0212756661    0.0001077822
   -8.2200000000   -0.0213265809    0.0001076213
   -8.2100000000   -0.0213774782    0.0001074608
   -8.2000000000   -0.0214283578    0.0001073006
   -8.1900000000   -0.0214792201    0.0001071408
   -8.1800000000   -0.0215300651    0.0001069814
   -8.1700000000   -0.0215808929    0.0001068223
   -8.1600000000   -0.0216317035    0.0001066636
   -8.1500000000   -0.0216824972    0.0001065052
   -8.1400000000   -0.0217332739    0.0001063472
   -8.1300000000   -0.0217840338    0.0001061896
   -8.1200000000   -0.0218347770    0.0001060323
   -8.1100000000   -0.0218855036    0.0001058754
   -8.1000000000   -0.0219362136    0.0001057189
   -8.0900000000   -0.0219869073    0.0001055627
   -8.0800000000   -0.0220375846    0.0001054068
   -8.0700000000   -0.0220882457    0.0001052514
   -8.0600000000   -0.0221388907    0.0001050962
   -8.0500000000   -0.0221895196    0.0001049415
   -8.0400000000   -0.0222401326    0.0001047870
   -8.0300000000   -0.0222907298    0.0001046330
   -8.0200000000   -0.0223413113    0.0001044792
   -8.0100000000   -0.0223918772    0.0001043259
   -8.0000000000   -0.0224424275    0.0001041729
   -7.9900000000   -0.0224929624    0.0001040202
   -7.9800000000   -0.0225434820    0.0001038679
   -7.9700000000   -0.0225939863    0.0001037159
   -7.9600000000   -0.0226444755    0.0001035643
   -7.9500000000   -0.0226949497    0.0001034130
   -7.9400000000   -0.0227454090    0.0001032621
   -7.9300000000   -0.0227958535    0.0001031115
   -7.9200000000   -0.0228462832    0.0001029613
   -7.9100000000   -0.0228966983    0.0001028114
   -7.9000000000   -0.0229470988    0.0001026618
   -7.8900000000   -0.0229974850    0.0001025126
   -7.8800000000   -0.0230478568    0.0001023637
   -7.8700000000   -0.0230982144    0.0001022152
   -7.8600000000   -0.0231485579    0.0001020670
   -7.8500000000   -0.0231988873    0.0001019191
   -7.8400000000   -0.0232492029    0.0001017716
   -7.8300000000   -0.0232995046    0.0001016244
   -7.8200000000   -0.0233497926    0.0001014776
   -7.8100000000   -0.0234000670    0.0001013311
   -7.8000000000   -0.0234503278    0.0001011849
   -7.7900000000   -0.0235005753    0.0001010391
   -7.7800000000   -0.0235508094    0.0001008936
   -7.7700000000   -0.0236010303    0.0001007484
   -7.7600000000   -0.0236512381    0.0001006036
   -7.7500000000   -0.0237014330    0.0001004591
   -7.7400000000   -0.0237516149    0.0001003149
   -7.7300000000   -0.0238017840    0.0001001711
   -7.7200000000   -0.0238519404    0.0001000275
   -7.7100000000   -0.0239020842    0.0000998844
   -7.7000000000   -0.0239522155    0.0000997415
   -7.6900000000   -0.0240023345    0.0000995990
   -7.6800000000   -0.0240524411    0.0000994568
   -7.6700000000   -0.0241025356    0.0000993149
   -7.6600000000   -0.0241526180    0.0000991733
   -7.6500000000   -0.0242026884    0.0000990321
   -7.6400000000   -0.0242527470    0.0000988912
   -7.6300000000   -0.0243027938    0.0000987506
   -7.6200000000   -0.0243528289    0.0000986104
   -7.6100000000   -0.0244028524    0.0000984704
   -7.6000000000   -0.0244528646    0.0000983308
   -7.5900000000   -0.0245028653    0.0000981915
   -7.5800000000   -0.0245528549    0.0000980526
   -7.5700000000   -0.0246028333    0.0000979139
   -7.5600000000   -0.0246528006    0.0000977756
   -7.5500000000   -0.0247027571    0.0000976376
   -7.5400000000   -0.0247527027    0.0000974998
   -7.5300000000   -0.0248026376    0.0000973625
   -7.5200000000   -0.0248525620    0.0000972254
   -7.5100000000   -0.0249024758    0.0000970886
   -7.5000000000   -0.0249523792    0.0000969522
   -7.4900000000   -0.0250022724    0.0000968161
   -7.4800000000   -0.0250521553    0.0000966802
   -7.4700000000   -0.0251020283    0.0000965447
   -7.4600000000   -0.0251518912    0.0000964095
   -7.4500000000   -0.0252017443    0.0000962747
   -7.4400000000   -0.0252515877    0.0000961401
   -7.4300000000   -0.0253014215    0.0000960058
   -7.4200000000   -0.0253512457    0.0000958718
   -7.4100000000   -0.0254010605    0.0000957382
   -7.4000000000   -0.0254508660    0.0000956048
   -7.3900000000   -0.0255006624    0.0000954718
   -7.3800000000   -0.0255504496    0.0000953391
   -7.3700000000   -0.0256002279    0.0000952066
   -7.3600000000   -0.0256499973    0.0000950745
   -7.3500000000   -0.0256997580    0.0000949427
   -7.3400000000   -0.0257495101    0.0000948112
   -7.3300000000   -0.0257992536    0.0000946799
   -7.3200000000   -0.0258489888    0.0000945490
   -7.3100000000   -0.0258987156    0.0000944184
   -7.3000000000   -0.0259484343    0.0000942881
   -7.2900000000   -0.0259981449    0.0000941580
   -7.2800000000   -0.0260478476    0.0000940283
   -7.2700000000   -0.0260975424    0.0000938989
   -7.2600000000   -0.0261472295    0.0000937697
   -7.2500000000   -0.0261969090    0.0000936409
   -7.2400000000   -0.0262465810    0.0000935123
   -7.2300000000   -0.0262962457    0.0000933841
   -7.2200000000   -0.0263459031    0.0000932561
   -7.2100000000   -0.0263955533    0.0000931284
   -7.2000000000   -0.0264451966    0.0000930010
   -7.1900000000   -0.0264948329    0.0000928739
   -7.1800000000   -0.0265444625    0.0000927471
   -7.1700000000   -0.0265940854    0.0000926206
   -7.1600000000   -0.0266437017    0.0000924944
   -7.1500000000   -0.0266933116    0.0000923684
   -7.1400000000   -0.0267429153    0.0000922428
   -7.1300000000   -0.0267925127    0.0000921174
   -7.1200000000   -0.0268421041    0.0000919923
   -7.1100000000   -0.0268916896    0.0000918675
   -7.1000000000   -0.0269412692    0.0000917429
   -7.0900000000   -0.0269908432    0.0000916187
   -7.0800000000   -0.0270404116    0.0000914947
   -7.0700000000   -0.0270899745    0.0000913710
   -7.0600000000   -0.0271395321    0.0000912476
   -7.0500000000   -0.0271890846    0.0000911244
   -7.0400000000   -0.0272386319    0.0000910015
   -7.0300000000   -0.0272881744    0.0000908790
   -7.0200000000   -0.0273377120    0.0000907566
   -7.0100000000   -0.0273872449    0.0000906346
   -7.0000000000   -0.0274367733    0.0000905128
   -6.9900000000   -0.0274862972    0.0000903913
   -6.9800000000   -0.0275358169    0.0000902700
   -6.9700000000   -0.0275853324    0.0000901490
   -6.9600000000   -0.0276348438    0.0000900283
   -6.9500000000   -0.0276843513    0.0000899079
   -6.9400000000   -0.0277338551    0.0000897877
   -6.9300000000   -0.0277833552    0.0000896678
   -6.9200000000   -0.0278328519    0.0000895481
   -6.9100000000   -0.0278823451    0.0000894287
   -6.9000000000   -0.0279318351    0.0000893096
   -6.8900000000   -0.0279813220    0.0000891907
   -6.8800000000   -0.0280308060    0.0000890721
   -6.8700000000   -0.0280802871    0.0000889537
   -6.8600000000   -0.0281297656    0.0000888356
   -6.8500000000   -0.0281792414    0.0000887177
   -6.8400000000   -0.0282287149    0.0000886001
   -6.8300000000   -0.0282781861    0.0000884827
   -6.8200000000   -0.0283276552    0.0000883656
   -6.8100000000   -0.0283771223    0.0000882487
   -6.8000000000   -0.0284265875    0.0000881321
   -6.7900000000   -0.0284760511    0.0000880157
   -6.7800000000   -0.0285255130    0.0000878996
   -6.7700000000   -0.0285749736    0.0000877837
   -6.7600000000   -0.0286244329    0.0000876680
   -6.7500000000   -0.0286738911    0.0000875526
   -6.7400000000   -0.0287233483    0.0000874374
   -6.7300000000   -0.0287728047    0.0000873224
   -6.7200000000   -0.0288222605    0.0000872077
   -6.7100000000   -0.0288717157    0.0000870932
   -6.7000000000   -0.0289211705    0.0000869789
   -6.6900000000   -0.0289706252    0.0000868649
   -6.6800000000   -0.0290200797    0.0000867511
   -6.6700000000   -0.0290695344    0.0000866375
   -6.6600000000   -0.0291189893    0.0000865241
   -6.6500000000   -0.0291684446    0.0000864110
   -6.6400000000   -0.0292179005    0.0000862981
   -6.6300000000   -0.0292673572    0.0000861853
   -6.6200000000   -0.0293168147    0.0000860728
   -6.6100000000   -0.0293662732    0.0000859605
   -6.6000000000   -0.0294157330    0.0000858485
   -6.5900000000   -0.0294651941    0.0000857366
   -6.5800000000   -0.0295146568    0.0000856249
   -6.5700000000   -0.0295641211    0.0000855135
   -6.5600000000   -0.0296135874    0.0000854022
   -6.5500000000   -0.0296630557    0.0000852911
   -6.5400000000   -0.0297125261    0.0000851803
   -6.5300000000   -0.0297619990    0.0000850696
   -6.5200000000   -0.0298114744    0.0000849591
   -6.5100000000   -0.0298609526    0.0000848488
   -6.5000000000   -0.0299104337    0.0000847387
   -6.4900000000   -0.0299599178    0.0000846288
   -6.4800000000   -0.0300094052    0.0000845190
   -6.4700000000   -0.0300588960    0.0000844094
   -6.4600000000   -0.0301083904    0.0000843000
   -6.4500000000   -0.0301578887    0.0000841908
   -6.4400000000   -0.0302073909    0.0000840818
   -6.4300000000   -0.0302568973    0.0000839729
   -6.4200000000   -0.0303064080    0.0000838642
   -6.4100000000   -0.0303559233    0.0000837556
   -6.4000000000   -0.0304054433    0.0000836472
   -6.3900000000   -0.0304549683    0.0000835389
   -6.3800000000   -0.0305044983    0.0000834308
   -6.3700000000   -0.0305540337    0.0000833229
   -6.3600000000   -0.0306035746    0.0000832151
   -6.3500000000   -0.0306531211    0.0000831074
   -6.3400000000   -0.0307026736    0.0000829999
   -6.3300000000   -0.0307522322    0.0000828925
   -6.3200000000   -0.0308017971    0.0000827852
   -6.3100000000   -0.0308513685    0.0000826781
   -6.3000000000   -0.0309009466    0.0000825711
   -6.2900000000   -0.0309505316    0.0000824642
   -6.2800000000   -0.0310001238    0.0000823574
   -6.2700000000   -0.0310497234    0.0000822507
   -6.2600000000   -0.0310993305    0.0000821441
   -6.2500000000   -0.0311489454    0.0000820377
   -6.2400000000   -0.0311985683    0.0000819313
   -6.2300000000   -0.0312481994    0.0000818250
   -6.2200000000   -0.0312978390    0.0000817188
   -6.2100000000   -0.0313474872    0.0000816127
   -6.2000000000   -0.0313971444    0.0000815067
   -6.1900000000   -0.0314468106    0.0000814007
   -6.1800000000   -0.0314964862    0.0000812949
   -6.1700000000   -0.0315461715    0.0000811890
   -6.1600000000   -0.0315958665    0.0000810833
   -6.1500000000   -0.0316455716    0.0000809776
   -6.1400000000   -0.0316952871    0.0000808719
   -6.1300000000   -0.0317450130    0.0000807663
   -6.1200000000   -0.0317947498    0.0000806607
   -6.1100000000   -0.0318444977    0.0000805551
   -6.1000000000   -0.0318942568    0.0000804496
   -6.0900000000   -0.0319440275    0.0000803441
   -6.0800000000   -0.0319938100    0.0000802386
   -6.0700000000   -0.0320436045    0.0000801331
   -6.0600000000   -0.0320934114    0.0000800276
   -6.0500000000   -0.0321432309    0.0000799221
   -6.0400000000   -0.0321930633    0.0000798166
   -6.0300000000   -0.0322429088    0.0000797110
   -6.0200000000   -0.0322927677    0.0000796054
   -6.0100000000   -0.0323426403    0.0000794998
   -6.0000000000   -0.0323925269    0.0000793942
   -5.9900000000   -0.0324424277    0.0000792885
   -5.9800000000   -0.0324923431    0.0000791827
   -5.9700000000   -0.0325422732    0.0000790769
   -5.9600000000   -0.0325922185    0.0000789710
   -5.9500000000   -0.0326421793    0.0000788650
   -5.9400000000   -0.0326921557    0.0000787589
   -5.9300000000   -0.0327421481    0.0000786527
   -5.9200000000   -0.0327921569    0.0000785464
   -5.9100000000   -0.0328421823    0.0000784400
   -5.9000000000   -0.0328922247    0.0000783334
   -5.8900000000   -0.0329422844    0.0000782267
   -5.8800000000   -0.0329923616    0.0000781199
   -5.8700000000   -0.0330424567    0.0000780129
   -5.8600000000   -0.0330925701    0.0000779057
   -5.8500000000   -0.0331427021    0.0000777983
   -5.8400000000   -0.0331928530    0.0000776908
   -5.8300000000   -0.0332430232    0.0000775830
   -5.8200000000   -0.0332932130    0.0000774751
   -5.8100000000   -0.0333434227    0.0000773669
   -5.8000000000   -0.0333936528    0.0000772584
   -5.7900000000   -0.0334439035    0.0000771497
   -5.7800000000   -0.0334941753    0.0000770408
   -5.7700000000   -0.0335444685    0.0000769315
   -5.7600000000   -0.0335947834    0.0000768220
   -5.7500000000   -0.0336451206    0.0000767122
   -5.7400000000   -0.0336954803    0.0000766020
   -5.7300000000   -0.0337458629    0.0000764915
   -5.7200000000   -0.0337962689    0.0000763807
   -5.7100000000   -0.0338466986    0.0000762695
   -5.7000000000   -0.0338971524    0.0000761579
   -5.6900000000   -0.0339476308    0.0000760459
   -5.6800000000   -0.0339981342    0.0000759336
   -5.6700000000   -0.0340486629    0.0000758207
   -5.6600000000   -0.0340992175    0.0000757075
   -5.6500000000   -0.0341497984    0.0000755937
   -5.6400000000   -0.0342004059    0.0000754795
   -5.6300000000   -0.0342510406    0.0000753648
   -5.6200000000   -0.0343017029    0.0000752496
   -5.6100000000   -0.0343523932    0.0000751338
   -5.6000000000   -0.0344031121    0.0000750175
   -5.5900000000   -0.0344538600    0.0000749006
   -5.5800000000   -0.0345046373    0.0000747831
   -5.5700000000   -0.0345554446    0.0000746650
   -5.5600000000   -0.0346062824    0.0000745462
   -5.5500000000   -0.0346571511    0.0000744268
   -5.5400000000   -0.0347080513    0.0000743066
   -5.5300000000   -0.0347589836    0.0000741858
   -5.5200000000   -0.0348099483    0.0000740642
   -5.5100000000   -0.0348609461    0.0000739418
   -5.5000000000   -0.0349119774    0.0000738187
   -5.4900000000   -0.0349630429    0.0000736947
   -5.4800000000   -0.0350141432    0.0000735699
   -5.4700000000   -0.0350652787    0.0000734442
   -5.4600000000   -0.0351164500    0.0000733176
   -5.4500000000   -0.0351676578    0.0000731901
   -5.4400000000   -0.0352189026    0.0000730616
   -5.4300000000   -0.0352701850    0.0000729322
   -5.4200000000   -0.0353215057    0.0000728017
   -5.4100000000   -0.0353728652    0.0000726701
   -5.4000000000   -0.0354242643    0.0000725375
   -5.3900000000   -0.0354757035    0.0000724037
   -5.3800000000   -0.0355271835    0.0000722687
   -5.3700000000   -0.0355787049    0.0000721326
   -5.3600000000   -0.0356302686    0.0000719952
   -5.3500000000   -0.0356818751    0.0000718565
   -5.3400000000   -0.0357335251    0.0000717165
   -5.3300000000   -0.0357852194    0.0000715752
   -5.3200000000   -0.0358369586    0.0000714324
   -5.3100000000   -0.0358887436    0.0000712883
   -5.3000000000   -0.0359405750    0.0000711426
   -5.2900000000   -0.0359924537    0.0000709954
   -5.2800000000   -0.0360443804    0.0000708465
   -5.2700000000   -0.0360963559    0.0000706961
   -5.2600000000   -0.0361483810    0.0000705440
   -5.2500000000   -0.0362004566    0.0000703901
   -5.2400000000   -0.0362525834    0.0000702345
   -5.2300000000   -0.0363047623    0.0000700770
   -5.2200000000   -0.0363569942    0.0000699176
   -5.2100000000   -0.0364092799    0.0000697563
   -5.2000000000   -0.0364616204    0.0000695929
   -5.1900000000   -0.0365140166    0.0000694275
   -5.1800000000   -0.0365664694    0.0000692599
   -5.1700000000   -0.0366189797    0.0000690902
   -5.1600000000   -0.0366715486    0.0000689181
   -5.1500000000   -0.0367241770    0.0000687437
   -5.1400000000   -0.0367768658    0.0000685669
   -5.1300000000   -0.0368296162    0.0000683876
   -5.1200000000   -0.0368824292    0.0000682058
   -5.1100000000   -0.0369353059    0.0000680213
   -5.1000000000   -0.0369882472    0.0000678341
   -5.0900000000   -0.0370412544    0.0000676440
   -5.0800000000   -0.0370943285    0.0000674511
   -5.0700000000   -0.0371474708    0.0000672553
   -5.0600000000   -0.0372006823    0.0000670563
   -5.0500000000   -0.0372539644    0.0000668542
   -5.0400000000   -0.0373073181    0.0000666489
   -5.0300000000   -0.0373607448    0.0000664402
   -5.0200000000   -0.0374142457    0.0000662280
   -5.0100000000   -0.0374678221    0.0000660123
   -5.0000000000   -0.0375214754    0.0000657929
   -4.9900000000   -0.0375752070    0.0000655697
   -4.9800000000   -0.0376290181    0.0000653426
   -4.9700000000   -0.0376829102    0.0000651115
   -4.9600000000   -0.0377368848    0.0000648763
   -4.9500000000   -0.0377909433    0.0000646368
   -4.9400000000   -0.0378450872    0.0000643928
   -4.9300000000   -0.0378993181    0.0000641444
   -4.9200000000   -0.0379536376    0.0000638913
   -4.9100000000   -0.0380080472    0.0000636333
   -4.9000000000   -0.0380625486    0.0000633704
   -4.8900000000   -0.0381171435    0.0000631023
   -4.8800000000   -0.0381718337    0.0000628290
   -4.8700000000   -0.0382266207    0.0000625502
   -4.8600000000   -0.0382815066    0.0000622658
   -4.8500000000   -0.0383364930    0.0000619755
   -4.8400000000   -0.0383915820    0.0000616793
   -4.8300000000   -0.0384467753    0.0000613769
   -4.8200000000   -0.0385020751    0.0000610682
   -4.8100000000   -0.0385574832    0.0000607528
   -4.8000000000   -0.0386130019    0.0000604307
   -4.7900000000   -0.0386686331    0.0000601016
   -4.7800000000   -0.0387243791    0.0000597652
   -4.7700000000   -0.0387802421    0.0000594214
   -4.7600000000   -0.0388362243    0.0000590699
   -4.7500000000   -0.0388923281    0.0000587104
   -4.7400000000   -0.0389485559    0.0000583428
   -4.7300000000   -0.0390049102    0.0000579666
   -4.7200000000   -0.0390613934    0.0000575817
   -4.7100000000   -0.0391180081    0.0000571878
   -4.7000000000   -0.0391747569    0.0000567845
   -4.6900000000   -0.0392316426    0.0000563715
   -4.6800000000   -0.0392886680    0.0000559486
   -4.6700000000   -0.0393458358    0.0000555154
   -4.6600000000   -0.0394031491    0.0000550715
   -4.6500000000   -0.0394606108    0.0000546166
   -4.6400000000   -0.0395182240    0.0000541504
   -4.6300000000   -0.0395759919    0.0000536723
   -4.6200000000   -0.0396339177    0.0000531821
   -4.6100000000   -0.0396920047    0.0000526793
   -4.6000000000   -0.0397502565    0.0000521635
   -4.5900000000   -0.0398086764    0.0000516342
   -4.5800000000   -0.0398672682    0.0000510910
   -4.5700000000   -0.0399260356    0.0000505334
   -4.5600000000   -0.0399849823    0.0000499608
   -4.5500000000   -0.0400441124    0.0000493728
   -4.5400000000   -0.0401034299    0.0000487687
   -4.5300000000   -0.0401629389    0.0000481481
   -4.5200000000   -0.0402226438    0.0000475103
   -4.5100000000   -0.0402825489    0.0000468547
   -4.5000000000   -0.0403426588    0.0000461808
   -4.4900000000   -0.0404029782    0.0000454877
   -4.4800000000   -0.0404635120    0.0000447748
   -4.4700000000   -0.0405242650    0.0000440414
   -4.4600000000   -0.0405852423    0.0000432867
   -4.4500000000   -0.0406464494    0.0000425099
   -4.4400000000   -0.0407078916    0.0000417102
   -4.4300000000   -0.0407695744    0.0000408868
   -4.4200000000   -0.0408315038    0.0000400388
   -4.4100000000   -0.0408936857    0.0000391651
   -4.4000000000   -0.0409561262    0.0000382648
   -4.3900000000   -0.0410188316    0.0000373370
   -4.3800000000   -0.0410818087    0.0000363805
   -4.3700000000   -0.0411450640    0.0000353942
   -4.3600000000   -0.0412086047    0.0000343770
   -4.3500000000   -0.0412724380    0.0000333276
   -4.3400000000   -0.0413365713    0.0000322447
   -4.3300000000   -0.0414010124    0.0000311270
   -4.3200000000   -0.0414657693    0.0000299731
   -4.3100000000   -0.0415308503    0.0000287816
   -4.3000000000   -0.0415962639    0.0000275509
   -4.2900000000   -0.0416620190    0.0000262793
   -4.2800000000   -0.0417281248    0.0000249652
   -4.2700000000   -0.0417945907    0.0000236069
   -4.2600000000   -0.0418614266    0.0000222024
   -4.2500000000   -0.0419286428    0.0000207497
   -4.2400000000   -0.0419962498    0.0000192469
   -4.2300000000   -0.0420642586    0.0000176918
   -4.2200000000   -0.0421326805    0.0000160821
   -4.2100000000   -0.0422015275    0.0000144155
   -4.2000000000   -0.0422708116    0.0000126893
   -4.1900000000   -0.0423405458    0.0000109010
   -4.1800000000   -0.0424107432    0.0000090478
   -4.1700000000   -0.0424814176    0.0000071268
   -4.1600000000   -0.0425525832    0.0000051349
   -4.1500000000   -0.0426242550    0.0000030687
   -4.1400000000   -0.0426964484    0.0000009249
   -4.1300000000   -0.0427691795   -0.0000013001
   -4.1200000000   -0.0428424651   -0.0000036102
   -4.1100000000   -0.0429163226   -0.0000060094
   -4.1000000000   -0.0429907703   -0.0000085020
   -4.0900000000   -0.0430658271   -0.0000110926
   -4.0800000000   -0.0431415129   -0.0000137858
   -4.0700000000   -0.0432178482   -0.0000165869
   -4.0600000000   -0.0432948546   -0.0000195011
   -4.0500000000   -0.0433725547   -0.0000225342
   -4.0400000000   -0.0434509719   -0.0000256921
   -4.0300000000   -0.0435301309   -0.0000289814
   -4.0200000000   -0.0436100574   -0.0000324088
   -4.0100000000   -0.0436907783   -0.0000359815
   -4.0000000000   -0.0437723218   -0.0000397073
   -3.9900000000   -0.0438547174   -0.0000435943
   -3.9800000000   -0.0439379960   -0.0000476513
   -3.9700000000   -0.0440221901   -0.0000518876
   -3.9600000000   -0.0441073338   -0.0000563130
   -3.9500000000   -0.0441934626   -0.0000609382
   -3.9400000000   -0.0442806143   -0.0000657744
   -3.9300000000   -0.0443688282   -0.0000708338
   -3.9200000000   -0.0444581457   -0.0000761292
   -3.9100000000   -0.0445486106   -0.0000816744
   -3.9000000000   -0.0446402688   -0.0000874844
   -3.8900000000   -0.0447331686   -0.0000935749
   -3.8800000000   -0.0448273612   -0.0000999630
   -3.8700000000   -0.0449229004   -0.0001066672
   -3.8600000000   -0.0450198431   -0.0001137069
   -3.8500000000   -0.0451182492   -0.0001211035
   -3.8400000000   -0.0452181824   -0.0001288799
   -3.8300000000   -0.0453197097   -0.0001370606
   -3.8200000000   -0.0454229023   -0.0001456722
   -3.8100000000   -0.0455278355   -0.0001547436
   -3.8000000000   -0.0456345893   -0.0001643057
   -3.7900000000   -0.0457432486   -0.0001743924
   -3.7800000000   -0.0458539032   -0.0001850401
   -3.7700000000   -0.0459666492   -0.0001962885
   -3.7600000000   -0.0460815883   -0.0002081808
   -3.7500000000   -0.0461988291   -0.0002207638
   -3.7400000000   -0.0463184872   -0.0002340887
   -3.7300000000   -0.0464406860   -0.0002482115
   -3.7200000000   -0.0465655575   -0.0002631930
   -3.7100000000   -0.0466932423   -0.0002791001
   -3.7000000000   -0.0468238914   -0.0002960059
   -3.6900000000   -0.0469576661   -0.0003139910
   -3.6800000000   -0.0470947397   -0.0003331435
   -3.6700000000   -0.0475808351   -0.0010638326
   -3.6600000000   -0.0473795408   -0.0003753504
   -3.6500000000   -0.0475276828   -0.0003986309
   -3.6400000000   -0.0476799556   -0.0004235337
   -3.6300000000   -0.0478366086   -0.0004502046
   -3.6200000000   -0.0479979113   -0.0004788056
   -3.6100000000   -0.0481641548   -0.0005095172
   -3.6000000000   -0.0483356542   -0.0005425410
   -3.5900000000   -0.0485127509   -0.0005781022
   -3.5800000000   -0.0486958152   -0.0006164536
   -3.5700000000   -0.0488852494   -0.0006578792
   -3.5600000000   -0.0490814909   -0.0007026990
   -3.5500000000   -0.0492850160   -0.0007512745
   -3.5400000000   -0.0494963439   -0.0008040152
   -3.5300000000   -0.0497160414   -0.0008613860
   -3.5200000000   -0.0499447275   -0.0009239168
   -3.5100000000   -0.0501830794   -0.0009922128
   -3.5000000000   -0.0504318384   -0.0010669678
   -3.4900000000   -0.0506918165   -0.0011489798
   -3.4800000000   -0.0509639040   -0.0012391692
   -3.4700000000   -0.0512490768   -0.0013386022
   -3.4600000000   -0.0515484051   -0.0014485182
   -3.4500000000   -0.0518630617   -0.0015703631
   -3.4400000000   -0.0521943301   -0.0017058309
   -3.4300000000   -0.0525436127   -0.0018569145
   -3.4200000000   -0.0529124362   -0.0020259683
   -3.4100000000   -0.0533024555   -0.0022157863
   -3.4000000000   -0.0537154508   -0.0024296992
   -3.3900000000   -0.0541533174   -0.0026716956
   -3.3800000000   -0.0546180412   -0.0029465744
   -3.3700000000   -0.0551116523   -0.0032601357
   -3.3600000000   -0.0556361451   -0.0036194216
   -3.3500000000   -0.0561933466   -0.0040330176
   -3.3400000000   -0.0567847030   -0.0045114295
   -3.3300000000   -0.0574109444   -0.0050675507
   -3.3200000000   -0.0580715595   -0.0057172299
   -3.3100000000   -0.0587639843   -0.0064799416
   -3.3000000000   -0.0594823564   -0.0073795333
   -3.2900000000   -0.0602156229   -0.0084449651
   -3.2800000000   -0.0609447086   -0.0097108381
   -3.2700000000   -0.0616383710   -0.0112172791
   -3.2600000000   -0.0622473660   -0.0130083351
   -3.2500000000   -0.0626967834   -0.0151273516
   -3.2400000000   -0.0628772749   -0.0176068633
   -3.2300000000   -0.0626380327   -0.0204496795
   -3.2200000000   -0.0617885275   -0.0235984588
   -3.2100000000   -0.0601216109   -0.0268962361
   -3.2000000000   -0.0574725759   -0.0300539359
   -3.1900000000   -0.0538146924   -0.0326603690
   -3.1800000000   -0.0493517956   -0.0342735152
   -3.1700000000   -0.0445280798   -0.0345843198
   -3.1600000000   -0.0399032940   -0.0335598904
   -3.1500000000   -0.0359535748   -0.0314542725
   -3.1400000000   -0.0329323804   -0.0286800962
   -3.1300000000   -0.0308623292   -0.0256458596
   -3.1200000000   -0.0296162105   -0.0226558973
   -3.1100000000   -0.0290096159   -0.0198898217
   -3.1000000000   -0.0288625219   -0.0174275641
   -3.0900000000   -0.0290265190   -0.0152852872
   -3.0800000000   -0.0293901426   -0.0134449234
   -3.0700000000   -0.0298743083   -0.0118735139
   -3.0600000000   -0.0304249835   -0.0105341703
   -3.0500000000   -0.0310062730   -0.0093915492
   -3.0400000000   -0.0315949163   -0.0084141577
   -3.0300000000   -0.0321762484   -0.0075749944
   -3.0200000000   -0.0327413603   -0.0068513958
   -3.0100000000   -0.0332851516   -0.0062245564
   -3.0000000000   -0.0338050134   -0.0056789592
   -2.9900000000   -0.0342999452   -0.0052018247
   -2.9800000000   -0.0347699667   -0.0047826233
   -2.9700000000   -0.0352157260   -0.0044126612
   -2.9600000000   -0.0356382419   -0.0040847392
   -2.9500000000   -0.0360387338   -0.0037928736
   -2.9400000000   -0.0364185114   -0.0035320715
   -2.9300000000   -0.0367789041   -0.0032981488
   -2.9200000000   -0.0371212164   -0.0030875842
   -2.9100000000   -0.0374467014   -0.0028974011
   -2.9000000000   -0.0377565455   -0.0027250730
   -2.8900000000   -0.0380518613   -0.0025684457
   -2.8800000000   -0.0383336846   -0.0024256756
   -2.8700000000   -0.0386029757   -0.0022951780
   -2.8600000000   -0.0388606218   -0.0021755859
   -2.8500000000   -0.0391074408   -0.0020657154
   -2.8400000000   -0.0393441857   -0.0019645377
   -2.8300000000   -0.0395715491   -0.0018711553
   -2.8200000000   -0.0397901681   -0.0017847831
   -2.8100000000   -0.0400006283   -0.0017047319
   -2.8000000000   -0.0402034688   -0.0016303947
   -2.7900000000   -0.0403991853   -0.0015612355
   -2.7800000000   -0.0405882347   -0.0014967795
   -2.7700000000   -0.0407710377   -0.0014366051
   -2.7600000000   -0.0409479826   -0.0013803369
   -2.7500000000   -0.0411194277   -0.0013276396
   -2.7400000000   -0.0412857043   -0.0012782134
   -2.7300000000   -0.0414471186   -0.0012317891
   -2.7200000000   -0.0416039543   -0.0011881249
   -2.7100000000   -0.0417564742   -0.0011470029
   -2.7000000000   -0.0419049224   -0.0011082263
   -2.6900000000   -0.0420495252   -0.0010716171
   -2.6800000000   -0.0421904935   -0.0010370140
   -2.6700000000   -0.0423280231   -0.0010042703
   -2.6600000000   -0.0424622967   -0.0009732528
   -2.6500000000   -0.0425934846   -0.0009438399
   -2.6400000000   -0.0427217458   -0.0009159208
   -2.6300000000   -0.0428472288   -0.0008893940
   -2.6200000000   -0.0429700727   -0.0008641665
   -2.6100000000   -0.0430904074   -0.0008401532
   -2.6000000000   -0.0432083549   -0.0008172758
   -2.5900000000   -0.0433240294   -0.0007954622
   -2.5800000000   -0.0434375384   -0.0007746460
   -2.5700000000   -0.0435489825   -0.0007547662
   -2.5600000000   -0.0436584567   -0.0007357661
   -2.5500000000   -0.0437660500   -0.0007175935
   -2.5400000000   -0.0438718467   -0.0007001998
   -2.5300000000   -0.0439759259   -0.0006835404
   -2.5200000000   -0.0440783623   -0.0006675734
   -2.5100000000   -0.0441792266   -0.0006522601
   -2.5000000000   -0.0442785853   -0.0006375647
   -2.4900000000   -0.0443765015   -0.0006234534
   -2.4800000000   -0.0444730349   -0.0006098951
   -2.4700000000   -0.0445682420   -0.0005968605
   -2.4600000000   -0.0446621761   -0.0005843225
   -2.4500000000   -0.0447548882   -0.0005722556
   -2.4400000000   -0.0448464263   -0.0005606359
   -2.4300000000   -0.0449368360   -0.0005494411
   -2.4200000000   -0.0450261609   -0.0005386502
   -2.4100000000   -0.0451144422   -0.0005282437
   -2.4000000000   -0.0452017192   -0.0005182031
   -2.3900000000   -0.0452880291   -0.0005085110
   -2.3800000000   -0.0453734076   -0.0004991512
   -2.3700000000   -0.0454578886   -0.0004901083
   -2.3600000000   -0.0455415043   -0.0004813679
   -2.3500000000   -0.0456242856   -0.0004729163
   -2.3400000000   -0.0457062618   -0.0004647408
   -2.3300000000   -0.0457874612   -0.0004568290
   -2.3200000000   -0.0458679104   -0.0004491697
   -2.3100000000   -0.0459476352   -0.0004417520
   -2.3000000000   -0.0460266600   -0.0004345655
   -2.2900000000   -0.0461050084   -0.0004276007
   -2.2800000000   -0.0461827026   -0.0004208483
   -2.2700000000   -0.0462597644   -0.0004142997
   -2.2600000000   -0.0463362142   -0.0004079465
   -2.2500000000   -0.0464120718   -0.0004017809
   -2.2400000000   -0.0464873562   -0.0003957955
   -2.2300000000   -0.0465620855   -0.0003899833
   -2.2200000000   -0.0466362771   -0.0003843374
   -2.2100000000   -0.0467099478   -0.0003788516
   -2.2000000000   -0.0467831136   -0.0003735197
   -2.1900000000   -0.0468557900   -0.0003683360
   -2.1800000000   -0.0469279918   -0.0003632949
   -2.1700000000   -0.0469997334   -0.0003583913
   -2.1600000000   -0.0470710284   -0.0003536200
   -2.1500000000   -0.0471418900   -0.0003489764
   -2.1400000000   -0.0472123311   -0.0003444558
   -2.1300000000   -0.0472823638   -0.0003400539
   -2.1200000000   -0.0473520000   -0.0003357666
   -2.1100000000   -0.0474212510   -0.0003315899
   -2.1000000000   -0.0474901278   -0.0003275200
   -2.0900000000   -0.0475586410   -0.0003235533
   -2.0800000000   -0.0476268007   -0.0003196862
   -2.0700000000   -0.0476946169   -0.0003159155
   -2.0600000000   -0.0477620990   -0.0003122380
   -2.0500000000   -0.0478292563   -0.0003086507
   -2.0400000000   -0.0478960975   -0.0003051505
   -2.0300000000   -0.0479626313   -0.0003017347
   -2.0200000000   -0.0480288659   -0.0002984007
   -2.0100000000   -0.0480948093   -0.0002951458
   -2.0000000000   -0.0481604693   -0.0002919676
   -1.9900000000   -0.0482258534   -0.0002888636
   -1.9800000000   -0.0482909687   -0.0002858317
   -1.9700000000   -0.0483558224   -0.0002828696
   -1.9600000000   -0.0484204212   -0.0002799751
   -1.9500000000   -0.0484847717   -0.0002771464
   -1.9400000000   -0.0485488802   -0.0002743814
   -1.9300000000   -0.0486127530   -0.0002716782
   -1.9200000000   -0.0486763960   -0.0002690351
   -1.9100000000   -0.0487398149   -0.0002664503
   -1.9000000000   -0.0488030155   -0.0002639221
   -1.8900000000   -0.0488660032   -0.0002614490
   -1.8800000000   -0.0489287833   -0.0002590293
   -1.8700000000   -0.0489913608   -0.0002566616
   -1.8600000000   -0.0490537409   -0.0002543444
   -1.8500000000   -0.0491159283   -0.0002520764
   -1.8400000000   -0.0491779277   -0.0002498562
   -1.8300000000   -0.0492397436   -0.0002476825
   -1.8200000000   -0.0493013807   -0.0002455540
   -1.8100000000   -0.0493628430   -0.0002434696
   -1.8000000000   -0.0494241349   -0.0002414280
   -1.7900000000   -0.0494852603   -0.0002394282
   -1.7800000000   -0.0495462233   -0.0002374691
   -1.7700000000   -0.0496070277   -0.0002355496
   -1.7600000000   -0.0496676772   -0.0002336687
   -1.7500000000   -0.0497281755   -0.0002318254
   -1.7400000000   -0.0497885262   -0.0002300187
   -1.7300000000   -0.0498487326   -0.0002282478
   -1.7200000000   -0.0499087982   -0.0002265117
   -1.7100000000   -0.0499687261   -0.0002248097
   -1.7000000000   -0.0500285197   -0.0002231408
   -1.6900000000   -0.0500881820   -0.0002215042
   -1.6800000000   -0.0501477161   -0.0002198992
   -1.6700000000   -0.0502071248   -0.0002183250
   -1.6600000000   -0.0502664111   -0.0002167809
   -1.6500000000   -0.0503255777   -0.0002152661
   -1.6400000000   -0.0503846275   -0.0002137801
   -1.6300000000   -0.0504435630   -0.0002123220
   -1.6200000000   -0.0505023868   -0.0002108913
   -1.6100000000   -0.0505611016   -0.0002094873
   -1.6000000000   -0.0506197097   -0.0002081094
   -1.5900000000   -0.0506782136   -0.0002067570
   -1.5800000000   -0.0507366156   -0.0002054296
   -1.5700000000   -0.0507949181   -0.0002041266
   -1.5600000000   -0.0508531233   -0.0002028474
   -1.5500000000   -0.0509112334   -0.0002015916
   -1.5400000000   -0.0509692505   -0.0002003585
   -1.5300000000   -0.0510271767   -0.0001991478
   -1.5200000000   -0.0510850142   -0.0001979589
   -1.5100000000   -0.0511427648   -0.0001967914
   -1.5000000000   -0.0512004305   -0.0001956448
   -1.4900000000   -0.0512580133   -0.0001945187
   -1.4800000000   -0.0513155149   -0.0001934126
   -1.4700000000   -0.0513729374   -0.0001923261
   -1.4600000000   -0.0514302824   -0.0001912588
   -1.4500000000   -0.0514875516   -0.0001902103
   -1.4400000000   -0.0515447469   -0.0001891803
   -1.4300000000   -0.0516018698   -0.0001881683
   -1.4200000000   -0.0516589220   -0.0001871740
   -1.4100000000   -0.0517159052   -0.0001861970
   -1.4000000000   -0.0517728208   -0.0001852370
   -1.3900000000   -0.0518296705   -0.0001842937
   -1.3800000000   -0.0518864557   -0.0001833667
   -1.3700000000   -0.0519431779   -0.0001824557
   -1.3600000000   -0.0519998386   -0.0001815604
   -1.3500000000   -0.0520564391   -0.0001806805
   -1.3400000000   -0.0521129809   -0.0001798156
   -1.3300000000   -0.0521694653   -0.0001789656
   -1.3200000000   -0.0522258937   -0.0001781301
   -1.3100000000   -0.0522822673   -0.0001773089
   -1.3000000000   -0.0523385875   -0.0001765016
   -1.2900000000   -0.0523948555   -0.0001757081
   -1.2800000000   -0.0524510725   -0.0001749280
   -1.2700000000   -0.0525072397   -0.0001741612
   -1.2600000000   -0.0525633584   -0.0001734073
   -1.2500000000   -0.0526194297   -0.0001726662
   -1.2400000000   -0.0526754547   -0.0001719376
   -1.2300000000   -0.0527314346   -0.0001712213
   -1.2200000000   -0.0527873704   -0.0001705170
   -1.2100000000   -0.0528432633   -0.0001698247
   -1.2000000000   -0.0528991143   -0.0001691439
   -1.1900000000   -0.0529549244   -0.0001684747
   -1.1800000000   -0.0530106946   -0.0001678166
   -1.1700000000   -0.0530664261   -0.0001671697
   -1.1600000000   -0.0531221196   -0.0001665336
   -1.1500000000   -0.0531777764   -0.0001659081
   -1.1400000000   -0.0532333971   -0.0001652932
   -1.1300000000   -0.0532889829   -0.0001646886
   -1.1200000000   -0.0533445347   -0.0001640941
   -1.1100000000   -0.0534000532   -0.0001635097
   -1.1000000000   -0.0534555395   -0.0001629350
   -1.0900000000   -0.0535109944   -0.0001623700
   -1.0800000000   -0.0535664188   -0.0001618145
   -1.0700000000   -0.0536218135   -0.0001612683
   -1.0600000000   -0.0536771793   -0.0001607314
   -1.0500000000   -0.0537325171   -0.0001602035
   -1.0400000000   -0.0537878276   -0.0001596844
   -1.0300000000   -0.0538431117   -0.0001591742
   -1.0200000000   -0.0538983701   -0.0001586725
   -1.0100000000   -0.0539536037   -0.0001581794
   -1.0000000000   -0.0540088131   -0.0001576946
   -0.9900000000   -0.0540639991   -0.0001572180
   -0.9800000000   -0.0541191624   -0.0001567495
   -0.9700000000   -0.0541743039   -0.0001562891
   -0.9600000000   -0.0542294240   -0.0001558364
   -0.9500000000   -0.0542845237   -0.0001553915
   -0.9400000000   -0.0543396035   -0.0001549542
   -0.9300000000   -0.0543946642   -0.0001545245
   -0.9200000000   -0.0544497063   -0.0001541021
   -0.9100000000   -0.0545047307   -0.0001536870
   -0.9000000000   -0.0545597378   -0.0001532791
   -0.8900000000   -0.0546147285   -0.0001528783
   -0.8800000000   -0.0546697032   -0.0001524844
   -0.8700000000   -0.0547246626   -0.0001520975
   -0.8600000000   -0.0547796074   -0.0001517173
   -0.8500000000   -0.0548345381   -0.0001513437
   -0.8400000000   -0.0548894554   -0.0001509768
   -0.8300000000   -0.0549443597   -0.0001506164
   -0.8200000000   -0.0549992518   -0.0001502623
   -0.8100000000   -0.0550541322   -0.0001499146
   -0.8000000000   -0.0551090014   -0.0001495732
   -0.7900000000   -0.0551638601   -0.0001492378
   -0.7800000000   -0.0552187087   -0.0001489085
   -0.7700000000   -0.0552735478   -0.0001485852
   -0.7600000000   -0.0553283779   -0.0001482678
   -0.7500000000   -0.0553831997   -0.0001479563
   -0.7400000000   -0.0554380135   -0.0001476504
   -0.7300000000   -0.0554928200   -0.0001473503
   -0.7200000000   -0.0555476196   -0.0001470557
   -0.7100000000   -0.0556024128   -0.0001467667
   -0.7000000000   -0.0556572002   -0.0001464831
   -0.6900000000   -0.0557119822   -0.0001462048
   -0.6800000000   -0.0557667593   -0.0001459320
   -0.6700000000   -0.0558215321   -0.0001456643
   -0.6600000000   -0.0558763009   -0.0001454018
   -0.6500000000   -0.0559310663   -0.0001451445
   -0.6400000000   -0.0559858287   -0.0001448922
   -0.6300000000   -0.0560405886   -0.0001446449
   -0.6200000000   -0.0560953464   -0.0001444025
   -0.6100000000   -0.0561501026   -0.0001441650
   -0.6000000000   -0.0562048576   -0.0001439323
   -0.5900000000   -0.0562596119   -0.0001437043
   -0.5800000000   -0.0563143659   -0.0001434811
   -0.5700000000   -0.0563691201   -0.0001432625
   -0.5600000000   -0.0564238749   -0.0001430484
   -0.5500000000   -0.0564786306   -0.0001428389
   -0.5400000000   -0.0565333878   -0.0001426339
   -0.5300000000   -0.0565881467   -0.0001424334
   -0.5200000000   -0.0566429080   -0.0001422372
   -0.5100000000   -0.0566976719   -0.0001420453
   -0.5000000000   -0.0567524388   -0.0001418577
   -0.4900000000   -0.0568072092   -0.0001416744
   -0.4800000000   -0.0568619834   -0.0001414952
   -0.4700000000   -0.0569167618   -0.0001413202
   -0.4600000000   -0.0569715449   -0.0001411492
   -0.4500000000   -0.0570263330   -0.0001409824
   -0.4400000000   -0.0570811265   -0.0001408195
   -0.4300000000   -0.0571359258   -0.0001406606
   -0.4200000000   -0.0571907312   -0.0001405056
   -0.4100000000   -0.0572455431   -0.0001403545
   -0.4000000000   -0.0573003619   -0.0001402072
   -0.3900000000   -0.0573551880   -0.0001400638
   -0.3800000000   -0.0574100216   -0.0001399241
   -0.3700000000   -0.0574648633   -0.0001397881
   -0.3600000000   -0.0575197132   -0.0001396558
   -0.3500000000   -0.0575745719   -0.0001395272
   -0.3400000000   -0.0576294395   -0.0001394021
   -0.3300000000   -0.0576843166   -0.0001392807
   -0.3200000000   -0.0577392033   -0.0001391628
   -0.3100000000   -0.0577941002   -0.0001390484
   -0.3000000000   -0.0578490074   -0.0001389375
   -0.2900000000   -0.0579039254   -0.0001388300
   -0.2800000000   -0.0579588545   -0.0001387259
   -0.2700000000   -0.0580137950   -0.0001386252
   -0.2600000000   -0.0580687472   -0.0001385278
   -0.2500000000   -0.0581237115   -0.0001384338
   -0.2400000000   -0.0581786882   -0.0001383430
   -0.2300000000   -0.0582336776   -0.0001382555
   -0.2200000000   -0.0582886800   -0.0001381712
   -0.2100000000   -0.0583436959   -0.0001380901
   -0.2000000000   -0.0583987254   -0.0001380122
   -0.1900000000   -0.0584537689   -0.0001379374
   -0.1800000000   -0.0585088267   -0.0001378657
   -0.1700000000   -0.0585638991   -0.0001377971
   -0.1600000000   -0.0586189865   -0.0001377315
   -0.1500000000   -0.0586740891   -0.0001376690
   -0.1400000000   -0.0587292073   -0.0001376095
   -0.1300000000   -0.0587843413   -0.0001375530
   -0.1200000000   -0.0588394915   -0.0001374994
   -0.1100000000   -0.0588946581   -0.0001374488
   -0.1000000000   -0.0589498415   -0.0001374011
   -0.0900000000   -0.0590050420   -0.0001373562
   -0.0800000000   -0.0590602598   -0.0001373143
   -0.0700000000   -0.0591154952   -0.0001372751
   -0.0600000000   -0.0591707487   -0.0001372388
   -0.0500000000   -0.0592260203   -0.0001372053
   -0.0400000000   -0.0592813105   -0.0001371745
   -0.0300000000   -0.0593366195   -0.0001371466
   -0.0200000000   -0.0593919476   -0.0001371213
   -0.0100000000   -0.0594472952   -0.0001370988
    0.0000000000   -0.0595026624   -0.0001370789
