  -20.0000000000    0.0876491023    0.0023626594
  -19.9900000000    0.0872207147    0.0023806576
  -19.9800000000    0.0867895042    0.0023991577
  -19.9700000000    0.0863553882    0.0024181727
  -19.9600000000    0.0859182820    0.0024377160
  -19.9500000000    0.0854780986    0.0024578017
  -19.9400000000    0.0850347487    0.0024784442
  -19.9300000000    0.0845881409    0.0024996588
  -19.9200000000    0.0841381809    0.0025214612
  -19.9100000000    0.0836847723    0.0025438676
  -19.9000000000    0.0832278156    0.0025668952
  -19.8900000000    0.0827672089    0.0025905615
  -19.8800000000    0.0823028471    0.0026148850
  -19.8700000000    0.0818346225    0.0026398848
  -19.8600000000    0.0813624239    0.0026655809
  -19.8500000000    0.0808861370    0.0026919939
  -19.8400000000    0.0804056441    0.0027191455
  -19.8300000000    0.0799208241    0.0027470581
  -19.8200000000    0.0794315520    0.0027757552
  -19.8100000000    0.0789376993    0.0028052612
  -19.8000000000    0.0784391333    0.0028356015
  -19.7900000000    0.0779357171    0.0028668027
  -19.7800000000    0.0774273096    0.0028988924
  -19.7700000000    0.0769137653    0.0029318995
  -19.7600000000    0.0764250663    0.0030259480
  -19.7500000000    0.0758706597    0.0030007877
  -19.7400000000    0.0753407829    0.0030367331
  -19.7300000000    0.0748051376    0.0030737246
  -19.7200000000    0.0742635524    0.0031117981
  -19.7100000000    0.0737158504    0.0031509909
  -19.7000000000    0.0731618482    0.0031913424
  -19.6900000000    0.0726013562    0.0032328934
  -19.6800000000    0.0720341783    0.0032756869
  -19.6700000000    0.0714601111    0.0033197677
  -19.6600000000    0.0708789442    0.0033651828
  -19.6500000000    0.0702904594    0.0034119816
  -19.6400000000    0.0696944305    0.0034602156
  -19.6300000000    0.0690906228    0.0035099389
  -19.6200000000    0.0684787932    0.0035612083
  -19.6100000000    0.0678586889    0.0036140834
  -19.6000000000    0.0672300478    0.0036686267
  -19.5900000000    0.0665925974    0.0037249040
  -19.5800000000    0.0659460548    0.0037829843
  -19.5700000000    0.0652901256    0.0038429401
  -19.5600000000    0.0646245038    0.0039048479
  -19.5500000000    0.0639488711    0.0039687879
  -19.5400000000    0.0632628961    0.0040348448
  -19.5300000000    0.0625662336    0.0041031077
  -19.5200000000    0.0618585243    0.0041736705
  -19.5100000000    0.0611393933    0.0042466324
  -19.5000000000    0.0604084500    0.0043220978
  -19.4900000000    0.0596652868    0.0044001771
  -19.4800000000    0.0589094783    0.0044809869
  -19.4700000000    0.0581405803    0.0045646504
  -19.4600000000    0.0573581287    0.0046512981
  -19.4500000000    0.0565616385    0.0047410677
  -19.4400000000    0.0557506023    0.0048341056
  -19.4300000000    0.0549244895    0.0049305663
  -19.4200000000    0.0540827442    0.0050306141
  -19.4100000000    0.0532247847    0.0051344232
  -19.4000000000    0.0523500007    0.0052421785
  -19.3900000000    0.0514577529    0.0053540766
  -19.3800000000    0.0505473701    0.0054703265
  -19.3700000000    0.0496181477    0.0055911506
  -19.3600000000    0.0486693458    0.0057167857
  -19.3500000000    0.0477001864    0.0058474844
  -19.3400000000    0.0467098515    0.0059835160
  -19.3300000000    0.0456974801    0.0061251681
  -19.3200000000    0.0446621654    0.0062727478
  -19.3100000000    0.0436029519    0.0064265837
  -19.3000000000    0.0425188321    0.0065870277
  -19.2900000000    0.0414087425    0.0067544565
  -19.2800000000    0.0402715605    0.0069292743
  -19.2700000000    0.0391060993    0.0071119150
  -19.2600000000    0.0379111039    0.0073028446
  -19.2500000000    0.0366852462    0.0075025647
  -19.2400000000    0.0354271191    0.0077116152
  -19.2300000000    0.0341352311    0.0079305783
  -19.2200000000    0.0328080000    0.0081600821
  -19.2100000000    0.0314437452    0.0084008053
  -19.2000000000    0.0300406811    0.0086534822
  -19.1900000000    0.0285969078    0.0089189080
  -19.1800000000    0.0271104029    0.0091979450
  -19.1700000000    0.0255790106    0.0094915296
  -19.1600000000    0.0240004316    0.0098006801
  -19.1500000000    0.0223722104    0.0101265051
  -19.1400000000    0.0206917224    0.0104702136
  -19.1300000000    0.0189561593    0.0108331257
  -19.1200000000    0.0171625129    0.0112166855
  -19.1100000000    0.0153075571    0.0116224748
  -19.1000000000    0.0133878288    0.0120522293
  -19.0900000000    0.0113996055    0.0125078570
  -19.0800000000    0.0093388815    0.0129914587
  -19.0700000000    0.0072013410    0.0135053519
  -19.0600000000    0.0049823281    0.0140520979
  -19.0500000000    0.0026768134    0.0146345334
  -19.0400000000    0.0002793571    0.0152558062
  -19.0300000000   -0.0022159324    0.0159194169
  -19.0200000000   -0.0048154454    0.0166292670
  -19.0100000000   -0.0075261224    0.0173897151
  -19.0000000000   -0.0103555131    0.0182056420
  -18.9900000000   -0.0133118413    0.0190825271
  -18.9800000000   -0.0164040790    0.0200265376
  -18.9700000000   -0.0196420295    0.0210446342
  -18.9600000000   -0.0230364207    0.0221446951
  -18.9500000000   -0.0265990108    0.0233356639
  -18.9400000000   -0.0303427069    0.0246277252
  -18.9300000000   -0.0342816994    0.0260325139
  -18.9200000000   -0.0384316130    0.0275633679
  -18.9100000000   -0.0428096767    0.0292356312
  -18.9000000000   -0.0474349146    0.0310670218
  -18.8900000000   -0.0523283596    0.0330780786
  -18.8800000000   -0.0575132909    0.0352927090
  -18.8700000000   -0.0630154955    0.0377388602
  -18.8600000000   -0.0688635542    0.0404493491
  -18.8500000000   -0.0750891464    0.0434628933
  -18.8400000000   -0.0817273671    0.0468253974
  -18.8300000000   -0.0888170406    0.0505915687
  -18.8200000000   -0.0964010033    0.0548269573
  -18.8100000000   -0.1045263122    0.0596105459
  -18.8000000000   -0.1132443012    0.0650380576
  -18.7900000000   -0.1226103652    0.0712261999
  -18.7800000000   -0.1326832715    0.0783181375
  -18.7700000000   -0.1435236756    0.0864905756
  -18.7600000000   -0.1551913214    0.0959629497
  -18.7500000000   -0.1677400834    0.1070093478
  -18.7400000000   -0.1812094841    0.1199739225
  -18.7300000000   -0.1956104777    0.1352906204
  -18.7200000000   -0.2109019259    0.1535079279
  -18.7100000000   -0.2269520320    0.1753186814
  -18.7000000000   -0.2434756819    0.2015931081
  -18.6900000000   -0.2599338977    0.2334086645
  -18.6800000000   -0.2753758320    0.2720599861
  -18.6700000000   -0.2881998362    0.3190110852
  -18.6600000000   -0.2958181620    0.3757122437
  -18.6500000000   -0.2942566482    0.4431415437
  -18.6400000000   -0.2778615963    0.5208694627
  -18.6300000000   -0.2395866013    0.6055033311
  -18.6200000000   -0.1727123867    0.6888436578
  -18.6100000000   -0.0746865797    0.7572554027
  -18.6000000000    0.0481529901    0.7948007292
  -18.5900000000    0.1793974978    0.7907282199
  -18.5800000000    0.2986470540    0.7462258266
  -18.5700000000    0.3910735430    0.6736272425
  -18.5600000000    0.4522170862    0.5889360058
  -18.5500000000    0.4857692791    0.5049121569
  -18.5400000000    0.4987550064    0.4287765602
  -18.5300000000    0.4980613535    0.3632390706
  -18.5200000000    0.4890453351    0.3083652211
  -18.5100000000    0.4754066638    0.2630266302
  -18.5000000000    0.4595266209    0.2257367415
  -18.4900000000    0.4428655504    0.1950463006
  -18.4800000000    0.4262822054    0.1696933918
  -18.4700000000    0.4102571290    0.1486359970
  -18.4600000000    0.3950389428    0.1310359746
  -18.4500000000    0.3807369133    0.1162274288
  -18.4400000000    0.3673784268    0.1036836832
  -18.4300000000    0.3549442634    0.0929881338
  -18.4200000000    0.3433900527    0.0838103089
  -18.4100000000    0.3326591948    0.0758868892
  -18.4000000000    0.3226905305    0.0690069271
  -18.3900000000    0.3134227923    0.0630004293
  -18.3800000000    0.3047970840    0.0577295641
  -18.3700000000    0.2967581650    0.0530818843
  -18.3600000000    0.2892550133    0.0489650902
  -18.3500000000    0.2822409643    0.0453029663
  -18.3400000000    0.2756736049    0.0420322135
  -18.3300000000    0.2695145376    0.0390999664
  -18.3200000000    0.2637290796    0.0364618365
  -18.3100000000    0.2582859405    0.0340803617
  -18.3000000000    0.2531569007    0.0319237700
  -18.2900000000    0.2483165045    0.0299649894
  -18.2800000000    0.2437417750    0.0281808489
  -18.2700000000    0.2394119537    0.0265514322
  -18.2600000000    0.2353082644    0.0250595505
  -18.2500000000    0.2314137020    0.0236903118
  -18.2400000000    0.2277128436    0.0224307658
  -18.2300000000    0.2241916808    0.0212696111
  -18.2200000000    0.2208374702    0.0201969519
  -18.2100000000    0.2176386014    0.0192040953
  -18.2000000000    0.2145844797    0.0182833813
  -18.1900000000    0.2116654223    0.0174280402
  -18.1800000000    0.2088725657    0.0166320723
  -18.1700000000    0.2061977844    0.0158901459
  -18.1600000000    0.2036336180    0.0151975106
  -18.1500000000    0.2011732066    0.0145499232
  -18.1400000000    0.1988102335    0.0139435847
  -18.1300000000    0.1965388736    0.0133750861
  -18.1200000000    0.1943537480    0.0128413612
  -18.1100000000    0.1922498828    0.0123396466
  -18.1000000000    0.1902226727    0.0118674466
  -18.0900000000    0.1882678481    0.0114225028
  -18.0800000000    0.1863814458    0.0110027680
  -18.0700000000    0.1845597823    0.0106063823
  -18.0600000000    0.1827994301    0.0102316539
  -18.0500000000    0.1810971962    0.0098770406
  -18.0400000000    0.1794501026    0.0095411345
  -18.0300000000    0.1778553690    0.0092226484
  -18.0200000000    0.1763103967    0.0089204034
  -18.0100000000    0.1748127540    0.0086333185
  -18.0000000000    0.1733601638    0.0083604006
  -17.9900000000    0.1719504911    0.0081007366
  -17.9800000000    0.1705817322    0.0078534853
  -17.9700000000    0.1692520054    0.0076178713
  -17.9600000000    0.1679595414    0.0073931783
  -17.9500000000    0.1667026753    0.0071787444
  -17.9400000000    0.1654798392    0.0069739568
  -17.9300000000    0.1642895551    0.0067782479
  -17.9200000000    0.1631304288    0.0065910908
  -17.9100000000    0.1620011439    0.0064119966
  -17.9000000000    0.1609004566    0.0062405104
  -17.8900000000    0.1598271909    0.0060762092
  -17.8800000000    0.1587802338    0.0059186987
  -17.8700000000    0.1577585315    0.0057676114
  -17.8600000000    0.1567610850    0.0056226042
  -17.8500000000    0.1557869474    0.0054833567
  -17.8400000000    0.1548352199    0.0053495692
  -17.8300000000    0.1539050489    0.0052209613
  -17.8200000000    0.1529956237    0.0050972703
  -17.8100000000    0.1521061730    0.0049782500
  -17.8000000000    0.1512359634    0.0048636694
  -17.7900000000    0.1503842967    0.0047533117
  -17.7800000000    0.1495505076    0.0046469729
  -17.7700000000    0.1487339622    0.0045444616
  -17.7600000000    0.1479340561    0.0044455973
  -17.7500000000    0.1471502124    0.0043502102
  -17.7400000000    0.1463818806    0.0042581404
  -17.7300000000    0.1456285347    0.0041692368
  -17.7200000000    0.1448896721    0.0040833571
  -17.7100000000    0.1441648123    0.0040003668
  -17.7000000000    0.1434534955    0.0039201388
  -17.6900000000    0.1427552817    0.0038425531
  -17.6800000000    0.1420697497    0.0037674960
  -17.6700000000    0.1413964958    0.0036948599
  -17.6600000000    0.1407351332    0.0036245431
  -17.6500000000    0.1400852909    0.0035564489
  -17.6400000000    0.1394466131    0.0034904857
  -17.6300000000    0.1388187583    0.0034265669
  -17.6200000000    0.1382013985    0.0033646099
  -17.6100000000    0.1375942189    0.0033045364
  -17.6000000000    0.1369969166    0.0032462722
  -17.5900000000    0.1364092007    0.0031897464
  -17.5800000000    0.1358307914    0.0031348919
  -17.5700000000    0.1352614195    0.0030816447
  -17.5600000000    0.1347008256    0.0030299437
  -17.5500000000    0.1341487604    0.0029797311
  -17.5400000000    0.1336049835    0.0029309515
  -17.5300000000    0.1330692631    0.0028835523
  -17.5200000000    0.1325413762    0.0028374831
  -17.5100000000    0.1320211073    0.0027926961
  -17.5000000000    0.1315082487    0.0027491454
  -17.4900000000    0.1310026001    0.0027067874
  -17.4800000000    0.1305039679    0.0026655804
  -17.4700000000    0.1300121653    0.0026254844
  -17.4600000000    0.1295270117    0.0025864614
  -17.4500000000    0.1290483329    0.0025484749
  -17.4400000000    0.1285759601    0.0025114900
  -17.4300000000    0.1281097302    0.0024754733
  -17.4200000000    0.1276494857    0.0024403930
  -17.4100000000    0.1271950737    0.0024062184
  -17.4000000000    0.1267463467    0.0023729203
  -17.3900000000    0.1263031616    0.0023404705
  -17.3800000000    0.1258653797    0.0023088423
  -17.3700000000    0.1254328669    0.0022780097
  -17.3600000000    0.1250054931    0.0022479481
  -17.3500000000    0.1245831320    0.0022186338
  -17.3400000000    0.1241656614    0.0021900440
  -17.3300000000    0.1237529626    0.0021621568
  -17.3200000000    0.1233449203    0.0021349514
  -17.3100000000    0.1229414228    0.0021084076
  -17.3000000000    0.1225423615    0.0020825060
  -17.2900000000    0.1221476309    0.0020572281
  -17.2800000000    0.1217571285    0.0020325561
  -17.2700000000    0.1213707547    0.0020084729
  -17.2600000000    0.1209884126    0.0019849619
  -17.2500000000    0.1206100082    0.0019620074
  -17.2400000000    0.1202354496    0.0019395941
  -17.2300000000    0.1198646477    0.0019177074
  -17.2200000000    0.1194975157    0.0018963333
  -17.2100000000    0.1191339690    0.0018754582
  -17.2000000000    0.1187739252    0.0018550691
  -17.1900000000    0.1184173040    0.0018351535
  -17.1800000000    0.1180640271    0.0018156994
  -17.1700000000    0.1177140183    0.0017966952
  -17.1600000000    0.1173672031    0.0017781299
  -17.1500000000    0.1170235088    0.0017599926
  -17.1400000000    0.1166828644    0.0017422731
  -17.1300000000    0.1163452007    0.0017249614
  -17.1200000000    0.1160104501    0.0017080482
  -17.1100000000    0.1156785464    0.0016915242
  -17.1000000000    0.1153494249    0.0016753807
  -17.0900000000    0.1150230224    0.0016596091
  -17.0800000000    0.1146992771    0.0016442014
  -17.0700000000    0.1143781283    0.0016291497
  -17.0600000000    0.1140595169    0.0016144466
  -17.0500000000    0.1137433846    0.0016000849
  -17.0400000000    0.1134296746    0.0015860577
  -17.0300000000    0.1131183310    0.0015723583
  -17.0200000000    0.1128092992    0.0015589804
  -17.0100000000    0.1125025253    0.0015459180
  -17.0000000000    0.1121979566    0.0015331653
  -16.9900000000    0.1118955413    0.0015207166
  -16.9800000000    0.1115952285    0.0015085666
  -16.9700000000    0.1112969681    0.0014967104
  -16.9600000000    0.1110007108    0.0014851430
  -16.9500000000    0.1107064082    0.0014738599
  -16.9400000000    0.1104140125    0.0014628567
  -16.9300000000    0.1101234766    0.0014521292
  -16.9200000000    0.1098347542    0.0014416735
  -16.9100000000    0.1095477994    0.0014314859
  -16.9000000000    0.1092625672    0.0014215628
  -16.8900000000    0.1089790129    0.0014119011
  -16.8800000000    0.1086970923    0.0014024975
  -16.8700000000    0.1084167619    0.0013933493
  -16.8600000000    0.1081379784    0.0013844537
  -16.8500000000    0.1078606991    0.0013758083
  -16.8400000000    0.1075848817    0.0013674108
  -16.8300000000    0.1073104840    0.0013592592
  -16.8200000000    0.1070374644    0.0013513516
  -16.8100000000    0.1067657814    0.0013436862
  -16.8000000000    0.1064953938    0.0013362618
  -16.7900000000    0.1062262606    0.0013290769
  -16.7800000000    0.1059583409    0.0013221307
  -16.7700000000    0.1056915941    0.0013154222
  -16.7600000000    0.1054259797    0.0013089508
  -16.7500000000    0.1051614570    0.0013027162
  -16.7400000000    0.1048979856    0.0012967180
  -16.7300000000    0.1046355249    0.0012909564
  -16.7200000000    0.1043740346    0.0012854317
  -16.7100000000    0.1041134738    0.0012801443
  -16.7000000000    0.1038538019    0.0012750949
  -16.6900000000    0.1035949779    0.0012702845
  -16.6800000000    0.1033369607    0.0012657144
  -16.6700000000    0.1030797090    0.0012613860
  -16.6600000000    0.1028231810    0.0012573011
  -16.6500000000    0.1025673347    0.0012534618
  -16.6400000000    0.1023121276    0.0012498702
  -16.6300000000    0.1020575170    0.0012465292
  -16.6200000000    0.1018034595    0.0012434416
  -16.6100000000    0.1015499112    0.0012406106
  -16.6000000000    0.1012968275    0.0012380398
  -16.5900000000    0.1010441633    0.0012357333
  -16.5800000000    0.1007918726    0.0012336953
  -16.5700000000    0.1005399089    0.0012319305
  -16.5600000000    0.1002882245    0.0012304441
  -16.5500000000    0.1000367709    0.0012292416
  -16.5400000000    0.0997854987    0.0012283290
  -16.5300000000    0.0995343573    0.0012277128
  -16.5200000000    0.0992832950    0.0012274001
  -16.5100000000    0.0990322586    0.0012273982
  -16.5000000000    0.0987811940    0.0012277154
  -16.4900000000    0.0985300453    0.0012283604
  -16.4800000000    0.0982787550    0.0012293424
  -16.4700000000    0.0980272643    0.0012306716
  -16.4600000000    0.0977755122    0.0012323587
  -16.4500000000    0.0975234361    0.0012344152
  -16.4400000000    0.0972709711    0.0012368534
  -16.4300000000    0.0970180503    0.0012396867
  -16.4200000000    0.0967646043    0.0012429293
  -16.4100000000    0.0965105614    0.0012465963
  -16.4000000000    0.0962558469    0.0012507040
  -16.3900000000    0.0960003836    0.0012552699
  -16.3800000000    0.0957440908    0.0012603129
  -16.3700000000    0.0954868848    0.0012658528
  -16.3600000000    0.0952286783    0.0012719114
  -16.3500000000    0.0949693803    0.0012785117
  -16.3400000000    0.0947088954    0.0012856786
  -16.3300000000    0.0944471244    0.0012934388
  -16.3200000000    0.0941839628    0.0013018209
  -16.3100000000    0.0939193017    0.0013108557
  -16.3000000000    0.0936530263    0.0013205766
  -16.2900000000    0.0933850165    0.0013310192
  -16.2800000000    0.0931151455    0.0013422220
  -16.2700000000    0.0928432802    0.0013542268
  -16.2600000000    0.0925692801    0.0013670783
  -16.2500000000    0.0922929971    0.0013808250
  -16.2400000000    0.0920142743    0.0013955196
  -16.2300000000    0.0917329463    0.0014112188
  -16.2200000000    0.0914488377    0.0014279842
  -16.2100000000    0.0911617623    0.0014458827
  -16.2000000000    0.0908715228    0.0014649869
  -16.1900000000    0.0905779093    0.0014853760
  -16.1800000000    0.0902806985    0.0015071359
  -16.1700000000    0.0899796525    0.0015303607
  -16.1600000000    0.0896745173    0.0015551527
  -16.1500000000    0.0893650219    0.0015816242
  -16.1400000000    0.0890508760    0.0016098981
  -16.1300000000    0.0887317692    0.0016401091
  -16.1200000000    0.0884073681    0.0016724054
  -16.1100000000    0.0880773150    0.0017069500
  -16.1000000000    0.0877412249    0.0017439226
  -16.0900000000    0.0873986833    0.0017835220
  -16.0800000000    0.0870492431    0.0018259678
  -16.0700000000    0.0866924211    0.0018715038
  -16.0600000000    0.0863276949    0.0019204010
  -16.0500000000    0.0859544979    0.0019729611
  -16.0400000000    0.0855722157    0.0020295209
  -16.0300000000    0.0851801798    0.0020904572
  -16.0200000000    0.0847776626    0.0021561926
  -16.0100000000    0.0843638701    0.0022272024
  -16.0000000000    0.0839379349    0.0023040225
  -15.9900000000    0.0834989073    0.0023872588
  -15.9800000000    0.0830457456    0.0024775984
  -15.9700000000    0.0825773055    0.0025758228
  -15.9600000000    0.0820923272    0.0026828241
  -15.9500000000    0.0815894212    0.0027996234
  -15.9400000000    0.0810670524    0.0029273943
  -15.9300000000    0.0805235212    0.0030674903
  -15.9200000000    0.0799569424    0.0032214788
  -15.9100000000    0.0793652215    0.0033911819
  -15.9000000000    0.0787460272    0.0035787275
  -15.8900000000    0.0780967605    0.0037866115
  -15.8800000000    0.0774145199    0.0040177760
  -15.8700000000    0.0766960629    0.0042757061
  -15.8600000000    0.0759377629    0.0045645523
  -15.8500000000    0.0751355634    0.0048892856
  -15.8400000000    0.0742849303    0.0052558940
  -15.8300000000    0.0733808045    0.0056716359
  -15.8200000000    0.0724175618    0.0061453664
  -15.8100000000    0.0713889872    0.0066879617
  -15.8000000000    0.0702882815    0.0073128740
  -15.7900000000    0.0691081265    0.0080368623
  -15.7800000000    0.0678408547    0.0088809579
  -15.7700000000    0.0664788019    0.0098717471
  -15.7600000000    0.0650149744    0.0110430738
  -15.7500000000    0.0634442524    0.0124382954
  -15.7400000000    0.0617655062    0.0141132366
  -15.7300000000    0.0599852605    0.0161399662
  -15.7200000000    0.0581239691    0.0186113867
  -15.7100000000    0.0562266389    0.0216462051
  -15.7000000000    0.0543805148    0.0253927740
  -15.6900000000    0.0527436204    0.0300277596
  -15.6800000000    0.0515880546    0.0357402271
  -15.6700000000    0.0513574688    0.0426819147
  -15.6600000000    0.0527199166    0.0508516483
  -15.6500000000    0.0565505218    0.0598824881
  -15.6400000000    0.0637069121    0.0687673823
  -15.6300000000    0.0744707253    0.0757596113
  -15.6200000000    0.0878655577    0.0788763320
  -15.6100000000    0.1016209152    0.0770422336
  -15.6000000000    0.1132634211    0.0708933674
  -15.5900000000    0.1214132147    0.0622903084
  -15.5800000000    0.1260644912    0.0531331065
  -15.5700000000    0.1279892815    0.0446423286
  -15.5600000000    0.1280967342    0.0373344908
  -15.5500000000    0.1271217221    0.0312843961
  -15.5400000000    0.1255667742    0.0263653470
  -15.5300000000    0.1237453903    0.0223899104
  -15.5200000000    0.1218418457    0.0191742534
  -15.5100000000    0.1199591212    0.0165608830
  -15.5000000000    0.1181513164    0.0144226483
  -15.4900000000    0.1164439738    0.0126596780
  -15.4800000000    0.1148463551    0.0111944340
  -15.4700000000    0.1133587094    0.0099669000
  -15.4600000000    0.1119765249    0.0089305383
  -15.4500000000    0.1106929864    0.0080490984
  -15.4400000000    0.1095003780    0.0072941707
  -15.4300000000    0.1083908639    0.0066433361
  -15.4200000000    0.1073569060    0.0060787744
  -15.4100000000    0.1063914706    0.0055862163
  -15.4000000000    0.1054881123    0.0051541526
  -15.3900000000    0.1046409910    0.0047732343
  -15.3800000000    0.1038448507    0.0044358152
  -15.3700000000    0.1030949803    0.0041356007
  -15.3600000000    0.1023871661    0.0038673759
  -15.3500000000    0.1017176429    0.0036267951
  -15.3400000000    0.1010830460    0.0034102159
  -15.3300000000    0.1004803671    0.0032145689
  -15.3200000000    0.0999069135    0.0030372546
  -15.3100000000    0.0993602721    0.0028760602
  -15.3000000000    0.0988382766    0.0027290936
  -15.2900000000    0.0983389794    0.0025947299
  -15.2800000000    0.0978606261    0.0024715676
  -15.2700000000    0.0974016336    0.0023583932
  -15.2600000000    0.0969605707    0.0022541519
  -15.2500000000    0.0965361410    0.0021579236
  -15.2400000000    0.0961271680    0.0020689030
  -15.2300000000    0.0957325824    0.0019863828
  -15.2200000000    0.0953514101    0.0019097398
  -15.2100000000    0.0949827624    0.0018384235
  -15.2000000000    0.0946258270    0.0017719461
  -15.1900000000    0.0942798603    0.0017098740
  -15.1800000000    0.0939441803    0.0016518210
  -15.1700000000    0.0936181604    0.0015974422
  -15.1600000000    0.0933012245    0.0015464287
  -15.1500000000    0.0929928414    0.0014985035
  -15.1400000000    0.0926925211    0.0014534171
  -15.1300000000    0.0923998108    0.0014109451
  -15.1200000000    0.0921142913    0.0013708845
  -15.1100000000    0.0918355743    0.0013330516
  -15.1000000000    0.0915632994    0.0012972800
  -15.0900000000    0.0912971316    0.0012634185
  -15.0800000000    0.0910367596    0.0012313295
  -15.0700000000    0.0907818931    0.0012008875
  -15.0600000000    0.0905322615    0.0011719780
  -15.0500000000    0.0902876122    0.0011444963
  -15.0400000000    0.0900477091    0.0011183465
  -15.0300000000    0.0898123312    0.0010934406
  -15.0200000000    0.0895812716    0.0010696977
  -15.0100000000    0.0893543362    0.0010470435
  -15.0000000000    0.0891313430    0.0010254095
  -14.9900000000    0.0889121207    0.0010047326
  -14.9800000000    0.0886965086    0.0009849545
  -14.9700000000    0.0884843551    0.0009660212
  -14.9600000000    0.0882755176    0.0009478827
  -14.9500000000    0.0880698614    0.0009304928
  -14.9400000000    0.0878672597    0.0009138086
  -14.9300000000    0.0876675925    0.0008977902
  -14.9200000000    0.0874707464    0.0008824004
  -14.9100000000    0.0872766142    0.0008676048
  -14.9000000000    0.0870850944    0.0008533712
  -14.8900000000    0.0868960906    0.0008396696
  -14.8800000000    0.0867095118    0.0008264720
  -14.8700000000    0.0865252712    0.0008137522
  -14.8600000000    0.0863432868    0.0008014857
  -14.8500000000    0.0861634805    0.0007896496
  -14.8400000000    0.0859857779    0.0007782224
  -14.8300000000    0.0858101084    0.0007671841
  -14.8200000000    0.0856364049    0.0007565156
  -14.8100000000    0.0854646031    0.0007461993
  -14.8000000000    0.0852946419    0.0007362185
  -14.7900000000    0.0851264633    0.0007265574
  -14.7800000000    0.0849600115    0.0007172013
  -14.7700000000    0.0847952334    0.0007081363
  -14.7600000000    0.0846320783    0.0006993493
  -14.7500000000    0.0844704978    0.0006908278
  -14.7400000000    0.0843104454    0.0006825603
  -14.7300000000    0.0841518768    0.0006745356
  -14.7200000000    0.0839947494    0.0006667433
  -14.7100000000    0.0838390225    0.0006591735
  -14.7000000000    0.0836846571    0.0006518170
  -14.6900000000    0.0835316158    0.0006446648
  -14.6800000000    0.0833798627    0.0006377085
  -14.6700000000    0.0832293634    0.0006309403
  -14.6600000000    0.0830800846    0.0006243526
  -14.6500000000    0.0829319947    0.0006179382
  -14.6400000000    0.0827850632    0.0006116903
  -14.6300000000    0.0826392605    0.0006056025
  -14.6200000000    0.0824945585    0.0005996685
  -14.6100000000    0.0823509299    0.0005938827
  -14.6000000000    0.0822083487    0.0005882393
  -14.5900000000    0.0820667895    0.0005827332
  -14.5800000000    0.0819262281    0.0005773592
  -14.5700000000    0.0817866410    0.0005721125
  -14.5600000000    0.0816480057    0.0005669886
  -14.5500000000    0.0815103004    0.0005619832
  -14.5400000000    0.0813735040    0.0005570919
  -14.5300000000    0.0812375963    0.0005523108
  -14.5200000000    0.0811025577    0.0005476362
  -14.5100000000    0.0809683692    0.0005430643
  -14.5000000000    0.0808350126    0.0005385917
  -14.4900000000    0.0807024701    0.0005342150
  -14.4800000000    0.0805707247    0.0005299312
  -14.4700000000    0.0804397597    0.0005257370
  -14.4600000000    0.0803095594    0.0005216296
  -14.4500000000    0.0801801080    0.0005176063
  -14.4400000000    0.0800513906    0.0005136642
  -14.4300000000    0.0799233927    0.0005098009
  -14.4200000000    0.0797961002    0.0005060138
  -14.4100000000    0.0796694995    0.0005023006
  -14.4000000000    0.0795435773    0.0004986591
  -14.3900000000    0.0794183208    0.0004950870
  -14.3800000000    0.0792937175    0.0004915823
  -14.3700000000    0.0791697555    0.0004881428
  -14.3600000000    0.0790464229    0.0004847668
  -14.3500000000    0.0789237084    0.0004814523
  -14.3400000000    0.0788016010    0.0004781976
  -14.3300000000    0.0786800899    0.0004750008
  -14.3200000000    0.0785591647    0.0004718605
  -14.3100000000    0.0784388152    0.0004687749
  -14.3000000000    0.0783190317    0.0004657425
  -14.2900000000    0.0781998046    0.0004627619
  -14.2800000000    0.0780811244    0.0004598316
  -14.2700000000    0.0779629823    0.0004569502
  -14.2600000000    0.0778453693    0.0004541164
  -14.2500000000    0.0777282769    0.0004513290
  -14.2400000000    0.0776116967    0.0004485867
  -14.2300000000    0.0774956206    0.0004458883
  -14.2200000000    0.0773800406    0.0004432326
  -14.2100000000    0.0772649492    0.0004406186
  -14.2000000000    0.0771503386    0.0004380452
  -14.1900000000    0.0770362017    0.0004355113
  -14.1800000000    0.0769225312    0.0004330160
  -14.1700000000    0.0768093203    0.0004305582
  -14.1600000000    0.0766965620    0.0004281371
  -14.1500000000    0.0765842498    0.0004257516
  -14.1400000000    0.0764723773    0.0004234011
  -14.1300000000    0.0763609380    0.0004210846
  -14.1200000000    0.0762499259    0.0004188012
  -14.1100000000    0.0761393349    0.0004165503
  -14.1000000000    0.0760291592    0.0004143309
  -14.0900000000    0.0759193930    0.0004121425
  -14.0800000000    0.0758100308    0.0004099842
  -14.0700000000    0.0757010670    0.0004078554
  -14.0600000000    0.0755924964    0.0004057554
  -14.0500000000    0.0754843136    0.0004036835
  -14.0400000000    0.0753765137    0.0004016391
  -14.0300000000    0.0752690915    0.0003996216
  -14.0200000000    0.0751620423    0.0003976304
  -14.0100000000    0.0750553612    0.0003956648
  -14.0000000000    0.0749490436    0.0003937244
  -13.9900000000    0.0748430848    0.0003918086
  -13.9800000000    0.0747374805    0.0003899169
  -13.9700000000    0.0746322263    0.0003880487
  -13.9600000000    0.0745273178    0.0003862036
  -13.9500000000    0.0744227509    0.0003843810
  -13.9400000000    0.0743185214    0.0003825805
  -13.9300000000    0.0742146254    0.0003808016
  -13.9200000000    0.0741110589    0.0003790439
  -13.9100000000    0.0740078181    0.0003773070
  -13.9000000000    0.0739048991    0.0003755904
  -13.8900000000    0.0738022982    0.0003738937
  -13.8800000000    0.0737000119    0.0003722165
  -13.8700000000    0.0735980366    0.0003705584
  -13.8600000000    0.0734963687    0.0003689191
  -13.8500000000    0.0733950049    0.0003672982
  -13.8400000000    0.0732939418    0.0003656953
  -13.8300000000    0.0731931760    0.0003641101
  -13.8200000000    0.0730927045    0.0003625422
  -13.8100000000    0.0729925240    0.0003609913
  -13.8000000000    0.0728926313    0.0003594572
  -13.7900000000    0.0727930235    0.0003579394
  -13.7800000000    0.0726936976    0.0003564376
  -13.7700000000    0.0725946506    0.0003549517
  -13.7600000000    0.0724958796    0.0003534812
  -13.7500000000    0.0723973818    0.0003520259
  -13.7400000000    0.0722991544    0.0003505855
  -13.7300000000    0.0722011947    0.0003491598
  -13.7200000000    0.0721035000    0.0003477485
  -13.7100000000    0.0720060676    0.0003463513
  -13.7000000000    0.0719088951    0.0003449680
  -13.6900000000    0.0718119797    0.0003435984
  -13.6800000000    0.0717153191    0.0003422422
  -13.6700000000    0.0716189108    0.0003408991
  -13.6600000000    0.0715227523    0.0003395690
  -13.6500000000    0.0714268413    0.0003382516
  -13.6400000000    0.0713311754    0.0003369467
  -13.6300000000    0.0712357524    0.0003356541
  -13.6200000000    0.0711405700    0.0003343737
  -13.6100000000    0.0710456259    0.0003331051
  -13.6000000000    0.0709509180    0.0003318482
  -13.5900000000    0.0708564442    0.0003306028
  -13.5800000000    0.0707622023    0.0003293687
  -13.5700000000    0.0706681902    0.0003281458
  -13.5600000000    0.0705744059    0.0003269338
  -13.5500000000    0.0704808473    0.0003257326
  -13.5400000000    0.0703875126    0.0003245421
  -13.5300000000    0.0702943997    0.0003233619
  -13.5200000000    0.0702015068    0.0003221921
  -13.5100000000    0.0701088318    0.0003210323
  -13.5000000000    0.0700163731    0.0003198825
  -13.4900000000    0.0699241286    0.0003187426
  -13.4800000000    0.0698320967    0.0003176123
  -13.4700000000    0.0697402755    0.0003164915
  -13.4600000000    0.0696486634    0.0003153800
  -13.4500000000    0.0695572585    0.0003142778
  -13.4400000000    0.0694660591    0.0003131847
  -13.4300000000    0.0693750637    0.0003121005
  -13.4200000000    0.0692842705    0.0003110252
  -13.4100000000    0.0691936779    0.0003099585
  -13.4000000000    0.0691032843    0.0003089005
  -13.3900000000    0.0690130881    0.0003078508
  -13.3800000000    0.0689230878    0.0003068095
  -13.3700000000    0.0688332819    0.0003057764
  -13.3600000000    0.0687436687    0.0003047514
  -13.3500000000    0.0686542469    0.0003037343
  -13.3400000000    0.0685650149    0.0003027251
  -13.3300000000    0.0684759713    0.0003017236
  -13.3200000000    0.0683871147    0.0003007298
  -13.3100000000    0.0682984436    0.0002997436
  -13.3000000000    0.0682099567    0.0002987647
  -13.2900000000    0.0681216526    0.0002977932
  -13.2800000000    0.0680335299    0.0002968289
  -13.2700000000    0.0679455872    0.0002958718
  -13.2600000000    0.0678578234    0.0002949216
  -13.2500000000    0.0677702370    0.0002939785
  -13.2400000000    0.0676828268    0.0002930422
  -13.2300000000    0.0675955915    0.0002921126
  -13.2200000000    0.0675085298    0.0002911897
  -13.2100000000    0.0674216406    0.0002902734
  -13.2000000000    0.0673349226    0.0002893636
  -13.1900000000    0.0672483746    0.0002884602
  -13.1800000000    0.0671619953    0.0002875632
  -13.1700000000    0.0670757837    0.0002866724
  -13.1600000000    0.0669897386    0.0002857877
  -13.1500000000    0.0669038588    0.0002849092
  -13.1400000000    0.0668181432    0.0002840367
  -13.1300000000    0.0667325906    0.0002831701
  -13.1200000000    0.0666472000    0.0002823094
  -13.1100000000    0.0665619703    0.0002814545
  -13.1000000000    0.0664769004    0.0002806053
  -13.0900000000    0.0663919893    0.0002797618
  -13.0800000000    0.0663072358    0.0002789239
  -13.0700000000    0.0662226389    0.0002780914
  -13.0600000000    0.0661381977    0.0002772645
  -13.0500000000    0.0660539111    0.0002764429
  -13.0400000000    0.0659697781    0.0002756266
  -13.0300000000    0.0658857977    0.0002748156
  -13.0200000000    0.0658019690    0.0002740098
  -13.0100000000    0.0657182909    0.0002732091
  -13.0000000000    0.0656347625    0.0002724136
  -12.9900000000    0.0655513829    0.0002716230
  -12.9800000000    0.0654681511    0.0002708374
  -12.9700000000    0.0653850662    0.0002700567
  -12.9600000000    0.0653021273    0.0002692808
  -12.9500000000    0.0652193335    0.0002685097
  -12.9400000000    0.0651366839    0.0002677434
  -12.9300000000    0.0650541776    0.0002669817
  -12.9200000000    0.0649718137    0.0002662247
  -12.9100000000    0.0648895914    0.0002654722
  -12.9000000000    0.0648075098    0.0002647243
  -12.8900000000    0.0647255680    0.0002639809
  -12.8800000000    0.0646437653    0.0002632419
  -12.8700000000    0.0645621008    0.0002625073
  -12.8600000000    0.0644805737    0.0002617770
  -12.8500000000    0.0643991832    0.0002610509
  -12.8400000000    0.0643179284    0.0002603292
  -12.8300000000    0.0642368086    0.0002596116
  -12.8200000000    0.0641558230    0.0002588982
  -12.8100000000    0.0641198033    0.0003510159
  -12.8000000000    0.0639942513    0.0002574836
  -12.7900000000    0.0639136637    0.0002567823
  -12.7800000000    0.0638332072    0.0002560851
  -12.7700000000    0.0637528811    0.0002553917
  -12.7600000000    0.0636726846    0.0002547023
  -12.7500000000    0.0635926171    0.0002540167
  -12.7400000000    0.0635126777    0.0002533349
  -12.7300000000    0.0634328659    0.0002526569
  -12.7200000000    0.0633531808    0.0002519827
  -12.7100000000    0.0632736218    0.0002513121
  -12.7000000000    0.0631941882    0.0002506452
  -12.6900000000    0.0631148793    0.0002499819
  -12.6800000000    0.0630356944    0.0002493222
  -12.6700000000    0.0629566328    0.0002486661
  -12.6500000000    0.0627988770    0.0002473643
  -12.6400000000    0.0627201815    0.0002467187
  -12.6300000000    0.0626416067    0.0002460764
  -12.6200000000    0.0625631519    0.0002454375
  -12.6100000000    0.0624848166    0.0002448019
  -12.6000000000    0.0624066001    0.0002441697
  -12.5900000000    0.0623285017    0.0002435407
  -12.5800000000    0.0622505209    0.0002429150
  -12.5700000000    0.0621726571    0.0002422926
  -12.5600000000    0.0620949096    0.0002416733
  -12.5500000000    0.0620172778    0.0002410571
  -12.5400000000    0.0619397611    0.0002404441
  -12.5300000000    0.0618623590    0.0002398342
  -12.5200000000    0.0617850709    0.0002392274
  -12.5100000000    0.0617078962    0.0002386236
  -12.5000000000    0.0616308343    0.0002380229
  -12.4900000000    0.0615538846    0.0002374251
  -12.4800000000    0.0614770466    0.0002368302
  -12.4700000000    0.0614003197    0.0002362384
  -12.4600000000    0.0613237033    0.0002356494
  -12.4500000000    0.0612471970    0.0002350633
  -12.4400000000    0.0611708002    0.0002344800
  -12.4300000000    0.0610945123    0.0002338996
  -12.4200000000    0.0610183328    0.0002333219
  -12.4100000000    0.0609422611    0.0002327471
  -12.4000000000    0.0608662968    0.0002321750
  -12.3900000000    0.0607904393    0.0002316056
  -12.3800000000    0.0607146881    0.0002310390
  -12.3700000000    0.0606390427    0.0002304750
  -12.3600000000    0.0605635026    0.0002299136
  -12.3500000000    0.0604880673    0.0002293549
  -12.3400000000    0.0604127362    0.0002287989
  -12.3300000000    0.0603375090    0.0002282454
  -12.3200000000    0.0602623850    0.0002276944
  -12.3100000000    0.0601873638    0.0002271460
  -12.3000000000    0.0601124449    0.0002266002
  -12.2900000000    0.0600376279    0.0002260568
  -12.2800000000    0.0599629123    0.0002255159
  -12.2700000000    0.0598882975    0.0002249775
  -12.2600000000    0.0598137832    0.0002244415
  -12.2500000000    0.0597393689    0.0002239079
  -12.2400000000    0.0596650540    0.0002233767
  -12.2300000000    0.0595908383    0.0002228479
  -12.2200000000    0.0595167211    0.0002223214
  -12.2100000000    0.0594427020    0.0002217973
  -12.2000000000    0.0593687807    0.0002212755
  -12.1900000000    0.0592949566    0.0002207560
  -12.1800000000    0.0592212294    0.0002202388
  -12.1700000000    0.0591475985    0.0002197239
  -12.1600000000    0.0590740636    0.0002192111
  -12.1500000000    0.0590006243    0.0002187006
  -12.1400000000    0.0589272800    0.0002181924
  -12.1300000000    0.0588540304    0.0002176863
  -12.1200000000    0.0587808751    0.0002171823
  -12.1100000000    0.0587078137    0.0002166806
  -12.1000000000    0.0586348456    0.0002161809
  -12.0900000000    0.0585619707    0.0002156834
  -12.0800000000    0.0584891883    0.0002151880
  -12.0700000000    0.0584164982    0.0002146947
  -12.0600000000    0.0583438999    0.0002142034
  -12.0500000000    0.0582713930    0.0002137142
  -12.0400000000    0.0581989771    0.0002132271
  -12.0300000000    0.0581266519    0.0002127419
  -12.0200000000    0.0580544170    0.0002122588
  -12.0100000000    0.0579822719    0.0002117777
  -12.0000000000    0.0579102163    0.0002112985
  -11.9900000000    0.0578382499    0.0002108213
  -11.9800000000    0.0577663721    0.0002103460
  -11.9700000000    0.0576945828    0.0002098727
  -11.9600000000    0.0576228814    0.0002094013
  -11.9500000000    0.0575512676    0.0002089318
  -11.9400000000    0.0574797411    0.0002084641
  -11.9300000000    0.0574083015    0.0002079984
  -11.9200000000    0.0573369484    0.0002075345
  -11.9100000000    0.0572656815    0.0002070724
  -11.9000000000    0.0571945005    0.0002066122
  -11.8900000000    0.0571234049    0.0002061538
  -11.8800000000    0.0570523944    0.0002056972
  -11.8700000000    0.0569814687    0.0002052424
  -11.8600000000    0.0569106274    0.0002047894
  -11.8500000000    0.0568398702    0.0002043382
  -11.8400000000    0.0567691967    0.0002038887
  -11.8300000000    0.0566986066    0.0002034409
  -11.8200000000    0.0566280996    0.0002029949
  -11.8100000000    0.0565576754    0.0002025505
  -11.8000000000    0.0564873335    0.0002021079
  -11.7900000000    0.0564170737    0.0002016670
  -11.7800000000    0.0563468957    0.0002012277
  -11.7700000000    0.0562767991    0.0002007901
  -11.7600000000    0.0562067836    0.0002003542
  -11.7500000000    0.0561368488    0.0001999199
  -11.7400000000    0.0560669946    0.0001994872
  -11.7300000000    0.0559972205    0.0001990562
  -11.7200000000    0.0559275262    0.0001986268
  -11.7100000000    0.0558579114    0.0001981989
  -11.7000000000    0.0557883759    0.0001977727
  -11.6900000000    0.0557189192    0.0001973480
  -11.6800000000    0.0556495411    0.0001969249
  -11.6700000000    0.0555802414    0.0001965033
  -11.6600000000    0.0555110196    0.0001960833
  -11.6500000000    0.0554418756    0.0001956648
  -11.6400000000    0.0553728089    0.0001952479
  -11.6300000000    0.0553038193    0.0001948324
  -11.6200000000    0.0552349065    0.0001944184
  -11.6100000000    0.0551660703    0.0001940060
  -11.6000000000    0.0550973103    0.0001935950
  -11.5900000000    0.0550286262    0.0001931855
  -11.5800000000    0.0549600177    0.0001927774
  -11.5700000000    0.0548914846    0.0001923708
  -11.5600000000    0.0548230266    0.0001919657
  -11.5500000000    0.0547546434    0.0001915619
  -11.5400000000    0.0546863348    0.0001911596
  -11.5300000000    0.0546181003    0.0001907587
  -11.5200000000    0.0545499399    0.0001903592
  -11.5100000000    0.0544818531    0.0001899611
  -11.5000000000    0.0544138398    0.0001895644
  -11.4900000000    0.0543458996    0.0001891690
  -11.4800000000    0.0542780322    0.0001887751
  -11.4700000000    0.0542102375    0.0001883824
  -11.4600000000    0.0541425152    0.0001879912
  -11.4500000000    0.0540748649    0.0001876012
  -11.4400000000    0.0540072865    0.0001872126
  -11.4300000000    0.0539397796    0.0001868253
  -11.4200000000    0.0538723440    0.0001864394
  -11.4100000000    0.0538049795    0.0001860547
  -11.4000000000    0.0537376857    0.0001856713
  -11.3900000000    0.0536704625    0.0001852893
  -11.3800000000    0.0536033095    0.0001849085
  -11.3700000000    0.0535362266    0.0001845289
  -11.3600000000    0.0534692135    0.0001841507
  -11.3500000000    0.0534022698    0.0001837737
  -11.3400000000    0.0533353955    0.0001833979
  -11.3300000000    0.0532685902    0.0001830234
  -11.3200000000    0.0532018537    0.0001826501
  -11.3100000000    0.0531351857    0.0001822781
  -11.3000000000    0.0530685860    0.0001819072
  -11.2900000000    0.0530020544    0.0001815376
  -11.2800000000    0.0529355907    0.0001811692
  -11.2700000000    0.0528691945    0.0001808019
  -11.2600000000    0.0528028657    0.0001804359
  -11.2500000000    0.0527366039    0.0001800710
  -11.2400000000    0.0526704091    0.0001797073
  -11.2300000000    0.0526042809    0.0001793448
  -11.2200000000    0.0525382192    0.0001789834
  -11.2100000000    0.0524722236    0.0001786232
  -11.2000000000    0.0524062940    0.0001782642
  -11.1900000000    0.0523404301    0.0001779062
  -11.1800000000    0.0522746317    0.0001775494
  -11.1700000000    0.0522088986    0.0001771937
  -11.1600000000    0.0521432306    0.0001768392
  -11.1500000000    0.0520776274    0.0001764857
  -11.1400000000    0.0520120889    0.0001761334
  -11.1300000000    0.0519466147    0.0001757821
  -11.1200000000    0.0518812047    0.0001754320
  -11.1100000000    0.0518158587    0.0001750829
  -11.1000000000    0.0517505764    0.0001747349
  -11.0900000000    0.0516853577    0.0001743880
  -11.0800000000    0.0516202023    0.0001740421
  -11.0700000000    0.0515551100    0.0001736973
  -11.0600000000    0.0514900805    0.0001733536
  -11.0500000000    0.0514251138    0.0001730108
  -11.0400000000    0.0513602095    0.0001726692
  -11.0300000000    0.0512953676    0.0001723286
  -11.0200000000    0.0512305876    0.0001719889
  -11.0100000000    0.0511658695    0.0001716504
  -11.0000000000    0.0511012131    0.0001713128
  -10.9900000000    0.0510366181    0.0001709763
  -10.9800000000    0.0509720844    0.0001706407
  -10.9700000000    0.0509076117    0.0001703062
  -10.9600000000    0.0508431998    0.0001699726
  -10.9500000000    0.0507788486    0.0001696400
  -10.9400000000    0.0507145579    0.0001693084
  -10.9300000000    0.0506503273    0.0001689778
  -10.9200000000    0.0505861569    0.0001686482
  -10.9100000000    0.0505220463    0.0001683195
  -10.9000000000    0.0504579953    0.0001679918
  -10.8900000000    0.0503940038    0.0001676650
  -10.8800000000    0.0503300716    0.0001673392
  -10.8700000000    0.0502661985    0.0001670143
  -10.8600000000    0.0502023842    0.0001666904
  -10.8500000000    0.0501386287    0.0001663674
  -10.8400000000    0.0500749317    0.0001660453
  -10.8300000000    0.0500112930    0.0001657242
  -10.8200000000    0.0499477124    0.0001654039
  -10.8100000000    0.0498841898    0.0001650846
  -10.8000000000    0.0498207250    0.0001647662
  -10.7900000000    0.0497573177    0.0001644487
  -10.7800000000    0.0496939679    0.0001641321
  -10.7700000000    0.0496306753    0.0001638163
  -10.7600000000    0.0495674397    0.0001635015
  -10.7500000000    0.0495042609    0.0001631875
  -10.7400000000    0.0494411389    0.0001628745
  -10.7300000000    0.0493780734    0.0001625623
  -10.7200000000    0.0493150641    0.0001622509
  -10.7100000000    0.0492521111    0.0001619405
  -10.7000000000    0.0491892140    0.0001616308
  -10.6900000000    0.0491263727    0.0001613221
  -10.6800000000    0.0490635870    0.0001610142
  -10.6700000000    0.0490008567    0.0001607071
  -10.6600000000    0.0489381818    0.0001604009
  -10.6500000000    0.0488755619    0.0001600955
  -10.6400000000    0.0488129970    0.0001597909
  -10.6300000000    0.0487504868    0.0001594872
  -10.6200000000    0.0486880313    0.0001591843
  -10.6100000000    0.0486256301    0.0001588822
  -10.6000000000    0.0485632832    0.0001585809
  -10.5900000000    0.0485009904    0.0001582804
  -10.5800000000    0.0484387515    0.0001579808
  -10.5700000000    0.0483765664    0.0001576819
  -10.5600000000    0.0483144349    0.0001573838
  -10.5500000000    0.0482523568    0.0001570865
  -10.5400000000    0.0481903320    0.0001567900
  -10.5300000000    0.0481283603    0.0001564943
  -10.5200000000    0.0480664415    0.0001561994
  -10.5100000000    0.0480045755    0.0001559053
  -10.5000000000    0.0479427621    0.0001556119
  -10.4900000000    0.0478810012    0.0001553193
  -10.4800000000    0.0478192926    0.0001550274
  -10.4700000000    0.0477576361    0.0001547363
  -10.4600000000    0.0476960316    0.0001544460
  -10.4500000000    0.0476344790    0.0001541564
  -10.4400000000    0.0475729780    0.0001538676
  -10.4300000000    0.0475115285    0.0001535795
  -10.4200000000    0.0474501304    0.0001532921
  -10.4100000000    0.0473887835    0.0001530055
  -10.4000000000    0.0473274877    0.0001527196
  -10.3900000000    0.0472662428    0.0001524345
  -10.3800000000    0.0472050487    0.0001521501
  -10.3700000000    0.0471439051    0.0001518663
  -10.3600000000    0.0470828120    0.0001515834
  -10.3500000000    0.0470217692    0.0001513011
  -10.3400000000    0.0469607765    0.0001510195
  -10.3300000000    0.0468998339    0.0001507387
  -10.3200000000    0.0468389411    0.0001504585
  -10.3100000000    0.0467780980    0.0001501790
  -10.3000000000    0.0467173045    0.0001499003
  -10.2900000000    0.0466565604    0.0001496222
  -10.2800000000    0.0465958656    0.0001493448
  -10.2700000000    0.0465352199    0.0001490681
  -10.2600000000    0.0464746232    0.0001487921
  -10.2500000000    0.0464140753    0.0001485168
  -10.2400000000    0.0463535761    0.0001482421
  -10.2300000000    0.0462931255    0.0001479681
  -10.2200000000    0.0462327233    0.0001476948
  -10.2100000000    0.0461723693    0.0001474222
  -10.2000000000    0.0461120635    0.0001471502
  -10.1900000000    0.0460518057    0.0001468789
  -10.1800000000    0.0459915957    0.0001466082
  -10.1700000000    0.0459314335    0.0001463381
  -10.1600000000    0.0458713188    0.0001460688
  -10.1500000000    0.0458112516    0.0001458000
  -10.1400000000    0.0457512316    0.0001455320
  -10.1300000000    0.0456912589    0.0001452645
  -10.1200000000    0.0456313331    0.0001449977
  -10.1100000000    0.0455714543    0.0001447315
  -10.1000000000    0.0455116222    0.0001444660
  -10.0900000000    0.0454518367    0.0001442010
  -10.0800000000    0.0453920977    0.0001439367
  -10.0700000000    0.0453324051    0.0001436731
  -10.0600000000    0.0452727587    0.0001434100
  -10.0500000000    0.0452131583    0.0001431475
  -10.0400000000    0.0451536040    0.0001428857
  -10.0300000000    0.0450940955    0.0001426245
  -10.0200000000    0.0450346326    0.0001423639
  -10.0100000000    0.0449752154    0.0001421038
  -10.0000000000    0.0449158436    0.0001418444
   -9.9900000000    0.0448565170    0.0001415856
   -9.9800000000    0.0447972357    0.0001413274
   -9.9700000000    0.0447379994    0.0001410697
   -9.9600000000    0.0446788081    0.0001408127
   -9.9500000000    0.0446196615    0.0001405562
   -9.9400000000    0.0445605597    0.0001403003
   -9.9300000000    0.0445015023    0.0001400450
   -9.9200000000    0.0444424894    0.0001397903
   -9.9100000000    0.0443835208    0.0001395362
   -9.9000000000    0.0443245963    0.0001392826
   -9.8900000000    0.0442657159    0.0001390296
   -9.8800000000    0.0442068795    0.0001387772
   -9.8700000000    0.0441480868    0.0001385253
   -9.8600000000    0.0440893378    0.0001382740
   -9.8500000000    0.0440306323    0.0001380232
   -9.8400000000    0.0439719703    0.0001377730
   -9.8300000000    0.0439133516    0.0001375233
   -9.8200000000    0.0438547761    0.0001372742
   -9.8100000000    0.0437962437    0.0001370257
   -9.8000000000    0.0437377542    0.0001367777
   -9.7900000000    0.0436793075    0.0001365302
   -9.7800000000    0.0436209036    0.0001362833
   -9.7700000000    0.0435625422    0.0001360369
   -9.7600000000    0.0435042234    0.0001357910
   -9.7500000000    0.0434459468    0.0001355457
   -9.7400000000    0.0433877126    0.0001353009
   -9.7300000000    0.0433295204    0.0001350567
   -9.7200000000    0.0432713703    0.0001348129
   -9.7100000000    0.0432132620    0.0001345697
   -9.7000000000    0.0431551955    0.0001343270
   -9.6900000000    0.0430971707    0.0001340848
   -9.6800000000    0.0430391874    0.0001338432
   -9.6700000000    0.0429812456    0.0001336020
   -9.6600000000    0.0429233450    0.0001333614
   -9.6500000000    0.0428654857    0.0001331213
   -9.6400000000    0.0428076675    0.0001328816
   -9.6300000000    0.0427498902    0.0001326425
   -9.6200000000    0.0426921538    0.0001324039
   -9.6100000000    0.0426344582    0.0001321658
   -9.6000000000    0.0425768032    0.0001319281
   -9.5900000000    0.0425191887    0.0001316910
   -9.5800000000    0.0424616147    0.0001314544
   -9.5700000000    0.0424040809    0.0001312182
   -9.5600000000    0.0423465874    0.0001309825
   -9.5500000000    0.0422891339    0.0001307474
   -9.5400000000    0.0422317205    0.0001305127
   -9.5300000000    0.0421743469    0.0001302784
   -9.5200000000    0.0421170130    0.0001300447
   -9.5100000000    0.0420597188    0.0001298114
   -9.5000000000    0.0420024642    0.0001295786
   -9.4900000000    0.0419452490    0.0001293463
   -9.4800000000    0.0418880731    0.0001291145
   -9.4700000000    0.0418309365    0.0001288831
   -9.4600000000    0.0417738390    0.0001286522
   -9.4500000000    0.0417167805    0.0001284217
   -9.4400000000    0.0416597609    0.0001281917
   -9.4300000000    0.0416027801    0.0001279622
   -9.4200000000    0.0415458380    0.0001277331
   -9.4100000000    0.0414889344    0.0001275045
   -9.4000000000    0.0414320694    0.0001272763
   -9.3900000000    0.0413752428    0.0001270486
   -9.3800000000    0.0413184544    0.0001268213
   -9.3700000000    0.0412617043    0.0001265945
   -9.3600000000    0.0412049922    0.0001263681
   -9.3500000000    0.0411483180    0.0001261422
   -9.3400000000    0.0410916818    0.0001259167
   -9.3300000000    0.0410350833    0.0001256917
   -9.3200000000    0.0409785224    0.0001254670
   -9.3100000000    0.0409219992    0.0001252428
   -9.3000000000    0.0408655134    0.0001250191
   -9.2900000000    0.0408090650    0.0001247958
   -9.2800000000    0.0407526538    0.0001245729
   -9.2700000000    0.0406962798    0.0001243504
   -9.2600000000    0.0406399428    0.0001241284
   -9.2500000000    0.0405836429    0.0001239067
   -9.2400000000    0.0405273798    0.0001236855
   -9.2300000000    0.0404711534    0.0001234647
   -9.2200000000    0.0404149637    0.0001232444
   -9.2100000000    0.0403588106    0.0001230244
   -9.2000000000    0.0403026940    0.0001228049
   -9.1900000000    0.0402466138    0.0001225858
   -9.1800000000    0.0401905698    0.0001223670
   -9.1700000000    0.0401345620    0.0001221487
   -9.1600000000    0.0400785903    0.0001219308
   -9.1500000000    0.0400226546    0.0001217133
   -9.1400000000    0.0399667547    0.0001214962
   -9.1300000000    0.0399108907    0.0001212795
   -9.1200000000    0.0398550624    0.0001210632
   -9.1100000000    0.0397992696    0.0001208473
   -9.1000000000    0.0397435124    0.0001206318
   -9.0900000000    0.0396877906    0.0001204167
   -9.0800000000    0.0396321042    0.0001202020
   -9.0700000000    0.0395764529    0.0001199877
   -9.0600000000    0.0395208368    0.0001197737
   -9.0500000000    0.0394652557    0.0001195601
   -9.0400000000    0.0394097096    0.0001193470
   -9.0300000000    0.0393541983    0.0001191342
   -9.0200000000    0.0392987218    0.0001189218
   -9.0100000000    0.0392432800    0.0001187097
   -9.0000000000    0.0391878727    0.0001184981
   -8.9900000000    0.0391325000    0.0001182868
   -8.9800000000    0.0390771616    0.0001180759
   -8.9700000000    0.0390218575    0.0001178654
   -8.9600000000    0.0389665877    0.0001176552
   -8.9500000000    0.0389113519    0.0001174454
   -8.9400000000    0.0388561502    0.0001172360
   -8.9300000000    0.0388009825    0.0001170269
   -8.9200000000    0.0387458485    0.0001168182
   -8.9100000000    0.0386907484    0.0001166099
   -8.9000000000    0.0386356819    0.0001164019
   -8.8900000000    0.0385806490    0.0001161943
   -8.8800000000    0.0385256496    0.0001159870
   -8.8700000000    0.0384706836    0.0001157801
   -8.8600000000    0.0384157509    0.0001155736
   -8.8500000000    0.0383608514    0.0001153674
   -8.8400000000    0.0383059851    0.0001151615
   -8.8300000000    0.0382511518    0.0001149560
   -8.8200000000    0.0381963515    0.0001147509
   -8.8100000000    0.0381415841    0.0001145461
   -8.8000000000    0.0380868494    0.0001143416
   -8.7900000000    0.0380321475    0.0001141375
   -8.7800000000    0.0379774781    0.0001139337
   -8.7700000000    0.0379228413    0.0001137303
   -8.7600000000    0.0378682370    0.0001135272
   -8.7500000000    0.0378136650    0.0001133244
   -8.7400000000    0.0377591252    0.0001131220
   -8.7300000000    0.0377046177    0.0001129199
   -8.7200000000    0.0376501423    0.0001127182
   -8.7100000000    0.0375956988    0.0001125167
   -8.7000000000    0.0375412873    0.0001123156
   -8.6900000000    0.0374869077    0.0001121149
   -8.6800000000    0.0374325598    0.0001119144
   -8.6700000000    0.0373782436    0.0001117143
   -8.6600000000    0.0373239589    0.0001115145
   -8.6500000000    0.0372697058    0.0001113150
   -8.6400000000    0.0372154841    0.0001111159
   -8.6300000000    0.0371612938    0.0001109171
   -8.6200000000    0.0371071347    0.0001107185
   -8.6100000000    0.0370530068    0.0001105203
   -8.6000000000    0.0369989100    0.0001103224
   -8.5900000000    0.0369448442    0.0001101249
   -8.5800000000    0.0368908093    0.0001099276
   -8.5700000000    0.0368368052    0.0001097307
   -8.5600000000    0.0367828320    0.0001095340
   -8.5500000000    0.0367288894    0.0001093377
   -8.5400000000    0.0366749774    0.0001091416
   -8.5300000000    0.0366210959    0.0001089459
   -8.5200000000    0.0365672449    0.0001087505
   -8.5100000000    0.0365134242    0.0001085554
   -8.5000000000    0.0364596338    0.0001083605
   -8.4900000000    0.0364058736    0.0001081660
   -8.4800000000    0.0363521435    0.0001079718
   -8.4700000000    0.0362984434    0.0001077779
   -8.4600000000    0.0362447733    0.0001075842
   -8.4500000000    0.0361911331    0.0001073909
   -8.4400000000    0.0361375227    0.0001071978
   -8.4300000000    0.0360839419    0.0001070051
   -8.4200000000    0.0360303909    0.0001068126
   -8.4100000000    0.0359768693    0.0001066204
   -8.4000000000    0.0359233773    0.0001064285
   -8.3900000000    0.0358699146    0.0001062369
   -8.3800000000    0.0358164813    0.0001060456
   -8.3700000000    0.0357630772    0.0001058545
   -8.3600000000    0.0357097023    0.0001056638
   -8.3500000000    0.0356563564    0.0001054733
   -8.3400000000    0.0356030396    0.0001052831
   -8.3300000000    0.0355497517    0.0001050931
   -8.3200000000    0.0354964927    0.0001049035
   -8.3100000000    0.0354432624    0.0001047141
   -8.3000000000    0.0353900608    0.0001045250
   -8.2900000000    0.0353368878    0.0001043362
   -8.2800000000    0.0352837434    0.0001041476
   -8.2700000000    0.0352306275    0.0001039593
   -8.2600000000    0.0351775399    0.0001037713
   -8.2500000000    0.0351244807    0.0001035835
   -8.2400000000    0.0350714497    0.0001033960
   -8.2300000000    0.0350184468    0.0001032088
   -8.2200000000    0.0349654720    0.0001030218
   -8.2100000000    0.0349125253    0.0001028351
   -8.2000000000    0.0348596065    0.0001026487
   -8.1900000000    0.0348067155    0.0001024625
   -8.1800000000    0.0347538523    0.0001022765
   -8.1700000000    0.0347010168    0.0001020909
   -8.1600000000    0.0346482090    0.0001019054
   -8.1500000000    0.0345954287    0.0001017203
   -8.1400000000    0.0345426759    0.0001015353
   -8.1300000000    0.0344899505    0.0001013507
   -8.1200000000    0.0344372524    0.0001011663
   -8.1100000000    0.0343845816    0.0001009821
   -8.1000000000    0.0343319380    0.0001007982
   -8.0900000000    0.0342793215    0.0001006145
   -8.0800000000    0.0342267320    0.0001004311
   -8.0700000000    0.0341741695    0.0001002479
   -8.0600000000    0.0341216338    0.0001000650
   -8.0500000000    0.0340691250    0.0000998823
   -8.0400000000    0.0340166429    0.0000996998
   -8.0300000000    0.0339641875    0.0000995176
   -8.0200000000    0.0339117587    0.0000993356
   -8.0100000000    0.0338593564    0.0000991539
   -8.0000000000    0.0338069806    0.0000989723
   -7.9900000000    0.0337546311    0.0000987911
   -7.9800000000    0.0337023079    0.0000986100
   -7.9700000000    0.0336500110    0.0000984292
   -7.9600000000    0.0335977402    0.0000982486
   -7.9500000000    0.0335454955    0.0000980683
   -7.9400000000    0.0334932768    0.0000978882
   -7.9300000000    0.0334410841    0.0000977083
   -7.9200000000    0.0333889172    0.0000975286
   -7.9100000000    0.0333367761    0.0000973491
   -7.9000000000    0.0332846608    0.0000971699
   -7.8900000000    0.0332325711    0.0000969909
   -7.8800000000    0.0331805070    0.0000968121
   -7.8700000000    0.0331284684    0.0000966336
   -7.8600000000    0.0330764552    0.0000964552
   -7.8500000000    0.0330244674    0.0000962771
   -7.8400000000    0.0329725049    0.0000960992
   -7.8300000000    0.0329205677    0.0000959215
   -7.8200000000    0.0328686556    0.0000957440
   -7.8100000000    0.0328167685    0.0000955667
   -7.8000000000    0.0327649065    0.0000953897
   -7.7900000000    0.0327130695    0.0000952128
   -7.7800000000    0.0326612573    0.0000950362
   -7.7700000000    0.0326094699    0.0000948598
   -7.7600000000    0.0325577072    0.0000946835
   -7.7500000000    0.0325059692    0.0000945075
   -7.7400000000    0.0324542558    0.0000943317
   -7.7300000000    0.0324025670    0.0000941561
   -7.7200000000    0.0323509026    0.0000939807
   -7.7100000000    0.0322992625    0.0000938055
   -7.7000000000    0.0322476468    0.0000936305
   -7.6900000000    0.0321960553    0.0000934557
   -7.6800000000    0.0321444880    0.0000932810
   -7.6700000000    0.0320929448    0.0000931066
   -7.6600000000    0.0320414257    0.0000929324
   -7.6500000000    0.0319899305    0.0000927584
   -7.6400000000    0.0319384592    0.0000925846
   -7.6300000000    0.0318870117    0.0000924109
   -7.6200000000    0.0318355880    0.0000922375
   -7.6100000000    0.0317841880    0.0000920642
   -7.6000000000    0.0317328116    0.0000918911
   -7.5900000000    0.0316814588    0.0000917183
   -7.5800000000    0.0316301294    0.0000915456
   -7.5700000000    0.0315788235    0.0000913731
   -7.5600000000    0.0315275409    0.0000912007
   -7.5500000000    0.0314762816    0.0000910286
   -7.5400000000    0.0314250456    0.0000908566
   -7.5300000000    0.0313738326    0.0000906848
   -7.5200000000    0.0313226427    0.0000905132
   -7.5100000000    0.0312714759    0.0000903418
   -7.5000000000    0.0312203320    0.0000901706
   -7.4900000000    0.0311692109    0.0000899995
   -7.4800000000    0.0311181127    0.0000898286
   -7.4700000000    0.0310670372    0.0000896579
   -7.4600000000    0.0310159844    0.0000894873
   -7.4500000000    0.0309649541    0.0000893169
   -7.4400000000    0.0309139464    0.0000891467
   -7.4300000000    0.0308629612    0.0000889767
   -7.4200000000    0.0308119984    0.0000888068
   -7.4100000000    0.0307610579    0.0000886371
   -7.4000000000    0.0307101397    0.0000884676
   -7.3900000000    0.0306592436    0.0000882982
   -7.3800000000    0.0306083697    0.0000881290
   -7.3700000000    0.0305575179    0.0000879600
   -7.3600000000    0.0305066881    0.0000877911
   -7.3500000000    0.0304558801    0.0000876224
   -7.3400000000    0.0304050941    0.0000874538
   -7.3300000000    0.0303543298    0.0000872854
   -7.3200000000    0.0303035873    0.0000871172
   -7.3100000000    0.0302528665    0.0000869491
   -7.3000000000    0.0302021672    0.0000867811
   -7.2900000000    0.0301514895    0.0000866133
   -7.2800000000    0.0301008332    0.0000864457
   -7.2700000000    0.0300501983    0.0000862782
   -7.2600000000    0.0299995848    0.0000861109
   -7.2500000000    0.0299489925    0.0000859437
   -7.2400000000    0.0298984214    0.0000857767
   -7.2300000000    0.0298478714    0.0000856098
   -7.2200000000    0.0297973425    0.0000854431
   -7.2100000000    0.0297468346    0.0000852765
   -7.2000000000    0.0296963477    0.0000851101
   -7.1900000000    0.0296458816    0.0000849438
   -7.1800000000    0.0295954363    0.0000847776
   -7.1700000000    0.0295450117    0.0000846116
   -7.1600000000    0.0294946078    0.0000844457
   -7.1500000000    0.0294442245    0.0000842799
   -7.1400000000    0.0293938618    0.0000841143
   -7.1300000000    0.0293435195    0.0000839489
   -7.1200000000    0.0292931976    0.0000837835
   -7.1100000000    0.0292428960    0.0000836183
   -7.1000000000    0.0291926147    0.0000834533
   -7.0900000000    0.0291423537    0.0000832883
   -7.0800000000    0.0290921127    0.0000831235
   -7.0700000000    0.0290418919    0.0000829588
   -7.0600000000    0.0289916910    0.0000827943
   -7.0500000000    0.0289415101    0.0000826299
   -7.0400000000    0.0288913491    0.0000824656
   -7.0300000000    0.0288412078    0.0000823014
   -7.0200000000    0.0287910864    0.0000821374
   -7.0100000000    0.0287409846    0.0000819734
   -7.0000000000    0.0286909024    0.0000818096
   -6.9900000000    0.0286408397    0.0000816460
   -6.9800000000    0.0285907966    0.0000814824
   -6.9700000000    0.0285407729    0.0000813190
   -6.9600000000    0.0284907685    0.0000811556
   -6.9500000000    0.0284407834    0.0000809924
   -6.9400000000    0.0283908175    0.0000808293
   -6.9300000000    0.0283408708    0.0000806663
   -6.9200000000    0.0282909431    0.0000805035
   -6.9100000000    0.0282410345    0.0000803407
   -6.9000000000    0.0281911449    0.0000801781
   -6.8900000000    0.0281412741    0.0000800155
   -6.8800000000    0.0280914222    0.0000798531
   -6.8700000000    0.0280415890    0.0000796908
   -6.8600000000    0.0279917746    0.0000795286
   -6.8500000000    0.0279419787    0.0000793665
   -6.8400000000    0.0278922014    0.0000792044
   -6.8300000000    0.0278424427    0.0000790425
   -6.8200000000    0.0277927023    0.0000788807
   -6.8100000000    0.0277429803    0.0000787190
   -6.8000000000    0.0276932767    0.0000785574
   -6.7900000000    0.0276435912    0.0000783959
   -6.7800000000    0.0275939240    0.0000782345
   -6.7700000000    0.0275442748    0.0000780732
   -6.7600000000    0.0274946437    0.0000779120
   -6.7500000000    0.0274450306    0.0000777508
   -6.7400000000    0.0273954354    0.0000775898
   -6.7300000000    0.0273458580    0.0000774289
   -6.7200000000    0.0272962984    0.0000772680
   -6.7100000000    0.0272467565    0.0000771072
   -6.7000000000    0.0271972322    0.0000769466
   -6.6900000000    0.0271477256    0.0000767860
   -6.6800000000    0.0270982364    0.0000766255
   -6.6700000000    0.0270487647    0.0000764650
   -6.6600000000    0.0269993104    0.0000763047
   -6.6500000000    0.0269498734    0.0000761444
   -6.6400000000    0.0269004537    0.0000759843
   -6.6300000000    0.0268510512    0.0000758241
   -6.6200000000    0.0268016657    0.0000756641
   -6.6100000000    0.0267522974    0.0000755042
   -6.6000000000    0.0267029460    0.0000753443
   -6.5900000000    0.0266536115    0.0000751845
   -6.5800000000    0.0266042939    0.0000750248
   -6.5700000000    0.0265549931    0.0000748651
   -6.5600000000    0.0265057090    0.0000747056
   -6.5500000000    0.0264564416    0.0000745460
   -6.5400000000    0.0264071908    0.0000743866
   -6.5300000000    0.0263579565    0.0000742272
   -6.5200000000    0.0263087386    0.0000740679
   -6.5100000000    0.0262595372    0.0000739087
   -6.5000000000    0.0262103521    0.0000737495
   -6.4900000000    0.0261611832    0.0000735904
   -6.4800000000    0.0261120306    0.0000734313
   -6.4700000000    0.0260628940    0.0000732723
   -6.4600000000    0.0260137736    0.0000731134
   -6.4500000000    0.0259646691    0.0000729545
   -6.4400000000    0.0259155806    0.0000727956
   -6.4300000000    0.0258665079    0.0000726369
   -6.4200000000    0.0258174510    0.0000724782
   -6.4100000000    0.0257684099    0.0000723195
   -6.4000000000    0.0257193844    0.0000721609
   -6.3900000000    0.0256703745    0.0000720023
   -6.3800000000    0.0256213801    0.0000718438
   -6.3700000000    0.0255724012    0.0000716853
   -6.3600000000    0.0255234377    0.0000715269
   -6.3500000000    0.0254744896    0.0000713685
   -6.3400000000    0.0254255567    0.0000712102
   -6.3300000000    0.0253766389    0.0000710519
   -6.3200000000    0.0253277363    0.0000708936
   -6.3100000000    0.0252788488    0.0000707354
   -6.3000000000    0.0252299763    0.0000705772
   -6.2900000000    0.0251811187    0.0000704191
   -6.2800000000    0.0251322759    0.0000702609
   -6.2700000000    0.0250834479    0.0000701029
   -6.2600000000    0.0250346347    0.0000699448
   -6.2500000000    0.0249858361    0.0000697868
   -6.2400000000    0.0249370520    0.0000696288
   -6.2300000000    0.0248882825    0.0000694709
   -6.2200000000    0.0248395275    0.0000693130
   -6.2100000000    0.0247907868    0.0000691551
   -6.2000000000    0.0247420604    0.0000689972
   -6.1900000000    0.0246933483    0.0000688393
   -6.1800000000    0.0246446504    0.0000686815
   -6.1700000000    0.0245959665    0.0000685237
   -6.1600000000    0.0245472967    0.0000683659
   -6.1500000000    0.0244986409    0.0000682081
   -6.1400000000    0.0244499990    0.0000680504
   -6.1300000000    0.0244013709    0.0000678926
   -6.1200000000    0.0243527565    0.0000677349
   -6.1100000000    0.0243041559    0.0000675772
   -6.1000000000    0.0242555689    0.0000674195
   -6.0900000000    0.0242069954    0.0000672618
   -6.0800000000    0.0241584354    0.0000671041
   -6.0700000000    0.0241098888    0.0000669464
   -6.0600000000    0.0240613556    0.0000667887
   -6.0500000000    0.0240128356    0.0000666311
   -6.0400000000    0.0239643289    0.0000664734
   -6.0300000000    0.0239158353    0.0000663157
   -6.0200000000    0.0238673547    0.0000661580
   -6.0100000000    0.0238188871    0.0000660004
   -6.0000000000    0.0237704325    0.0000658427
   -5.9900000000    0.0237219907    0.0000656850
   -5.9800000000    0.0236735617    0.0000655273
   -5.9700000000    0.0236251454    0.0000653696
   -5.9600000000    0.0235767418    0.0000652119
   -5.9500000000    0.0235283507    0.0000650542
   -5.9400000000    0.0234799721    0.0000648964
   -5.9300000000    0.0234316059    0.0000647387
   -5.9200000000    0.0233832521    0.0000645809
   -5.9100000000    0.0233349105    0.0000644231
   -5.9000000000    0.0232865812    0.0000642653
   -5.8900000000    0.0232382640    0.0000641075
   -5.8800000000    0.0231899589    0.0000639496
   -5.8700000000    0.0231416658    0.0000637918
   -5.8600000000    0.0230933845    0.0000636339
   -5.8500000000    0.0230451152    0.0000634759
   -5.8400000000    0.0229968576    0.0000633180
   -5.8300000000    0.0229486117    0.0000631600
   -5.8200000000    0.0229003774    0.0000630020
   -5.8100000000    0.0228521547    0.0000628439
   -5.8000000000    0.0228039435    0.0000626858
   -5.7900000000    0.0227557437    0.0000625277
   -5.7800000000    0.0227075552    0.0000623695
   -5.7700000000    0.0226593779    0.0000622113
   -5.7600000000    0.0226112119    0.0000620531
   -5.7500000000    0.0225630570    0.0000618948
   -5.7400000000    0.0225149131    0.0000617365
   -5.7300000000    0.0224667801    0.0000615781
   -5.7200000000    0.0224186581    0.0000614196
   -5.7100000000    0.0223705468    0.0000612612
   -5.7000000000    0.0223224463    0.0000611026
   -5.6900000000    0.0222743565    0.0000609440
   -5.6800000000    0.0222262772    0.0000607854
   -5.6700000000    0.0221782084    0.0000606267
   -5.6600000000    0.0221301501    0.0000604679
   -5.6500000000    0.0220821021    0.0000603091
   -5.6400000000    0.0220340644    0.0000601502
   -5.6300000000    0.0219860369    0.0000599912
   -5.6200000000    0.0219380195    0.0000598322
   -5.6100000000    0.0218900122    0.0000596731
   -5.6000000000    0.0218420149    0.0000595140
   -5.5900000000    0.0217940274    0.0000593547
   -5.5800000000    0.0217460497    0.0000591954
   -5.5700000000    0.0216980818    0.0000590360
   -5.5600000000    0.0216501236    0.0000588766
   -5.5500000000    0.0216021749    0.0000587170
   -5.5400000000    0.0215542357    0.0000585574
   -5.5300000000    0.0215063059    0.0000583977
   -5.5200000000    0.0214583855    0.0000582379
   -5.5100000000    0.0214104743    0.0000580780
   -5.5000000000    0.0213625723    0.0000579180
   -5.4900000000    0.0213146794    0.0000577579
   -5.4800000000    0.0212667956    0.0000575978
   -5.4700000000    0.0212189206    0.0000574375
   -5.4600000000    0.0211710546    0.0000572772
   -5.4500000000    0.0211231973    0.0000571167
   -5.4400000000    0.0210753487    0.0000569561
   -5.4300000000    0.0210275087    0.0000567955
   -5.4200000000    0.0209796772    0.0000566347
   -5.4100000000    0.0209318542    0.0000564738
   -5.4000000000    0.0208840396    0.0000563128
   -5.3900000000    0.0208362332    0.0000561517
   -5.3800000000    0.0207884351    0.0000559905
   -5.3700000000    0.0207406451    0.0000558292
   -5.3600000000    0.0206928630    0.0000556677
   -5.3500000000    0.0206450890    0.0000555061
   -5.3400000000    0.0205973228    0.0000553444
   -5.3300000000    0.0205495644    0.0000551826
   -5.3200000000    0.0205018137    0.0000550206
   -5.3100000000    0.0204540706    0.0000548585
   -5.3000000000    0.0204063350    0.0000546963
   -5.2900000000    0.0203586068    0.0000545340
   -5.2800000000    0.0203108860    0.0000543715
   -5.2700000000    0.0202631725    0.0000542088
   -5.2600000000    0.0202154661    0.0000540460
   -5.2500000000    0.0201677669    0.0000538831
   -5.2400000000    0.0201200746    0.0000537200
   -5.2300000000    0.0200723893    0.0000535568
   -5.2200000000    0.0200247107    0.0000533935
   -5.2100000000    0.0199770390    0.0000532299
   -5.2000000000    0.0199293738    0.0000530662
   -5.1900000000    0.0198817153    0.0000529024
   -5.1800000000    0.0198340631    0.0000527384
   -5.1700000000    0.0197864174    0.0000525742
   -5.1600000000    0.0197387780    0.0000524099
   -5.1500000000    0.0196911447    0.0000522454
   -5.1400000000    0.0196435176    0.0000520807
   -5.1300000000    0.0195958965    0.0000519158
   -5.1200000000    0.0195482813    0.0000517508
   -5.1100000000    0.0195006719    0.0000515856
   -5.1000000000    0.0194530683    0.0000514202
   -5.0900000000    0.0194054703    0.0000512546
   -5.0800000000    0.0193578779    0.0000510888
   -5.0700000000    0.0193102909    0.0000509229
   -5.0600000000    0.0192627092    0.0000507567
   -5.0500000000    0.0192151329    0.0000505903
   -5.0400000000    0.0191675617    0.0000504238
   -5.0300000000    0.0191199956    0.0000502570
   -5.0200000000    0.0190724345    0.0000500901
   -5.0100000000    0.0190248782    0.0000499229
   -5.0000000000    0.0189773268    0.0000497555
   -4.9900000000    0.0189297800    0.0000495879
   -4.9800000000    0.0188822378    0.0000494201
   -4.9700000000    0.0188347001    0.0000492521
   -4.9600000000    0.0187871668    0.0000490838
   -4.9500000000    0.0187396378    0.0000489153
   -4.9400000000    0.0186921130    0.0000487466
   -4.9300000000    0.0186445922    0.0000485777
   -4.9200000000    0.0185970755    0.0000484085
   -4.9100000000    0.0185495626    0.0000482391
   -4.9000000000    0.0185020536    0.0000480694
   -4.8900000000    0.0184545482    0.0000478995
   -4.8800000000    0.0184070464    0.0000477294
   -4.8700000000    0.0183595481    0.0000475590
   -4.8600000000    0.0183120531    0.0000473883
   -4.8500000000    0.0182645615    0.0000472174
   -4.8400000000    0.0182170730    0.0000470462
   -4.8300000000    0.0181695875    0.0000468747
   -4.8200000000    0.0181221050    0.0000467030
   -4.8100000000    0.0180746253    0.0000465310
   -4.8000000000    0.0180271484    0.0000463588
   -4.7900000000    0.0179796741    0.0000461862
   -4.7800000000    0.0179322024    0.0000460134
   -4.7700000000    0.0178847330    0.0000458403
   -4.7600000000    0.0178372660    0.0000456669
   -4.7500000000    0.0177898011    0.0000454932
   -4.7400000000    0.0177423384    0.0000453192
   -4.7300000000    0.0176948776    0.0000451449
   -4.7200000000    0.0176474186    0.0000449703
   -4.7100000000    0.0175999614    0.0000447954
   -4.7000000000    0.0175525059    0.0000446202
   -4.6900000000    0.0175050518    0.0000444447
   -4.6800000000    0.0174575992    0.0000442688
   -4.6700000000    0.0174101478    0.0000440927
   -4.6600000000    0.0173626976    0.0000439162
   -4.6500000000    0.0173152485    0.0000437393
   -4.6400000000    0.0172678003    0.0000435622
   -4.6300000000    0.0172203529    0.0000433846
   -4.6200000000    0.0171729063    0.0000432068
   -4.6100000000    0.0171254602    0.0000430286
   -4.6000000000    0.0170780146    0.0000428500
   -4.5900000000    0.0170305693    0.0000426711
   -4.5800000000    0.0169831242    0.0000424918
   -4.5700000000    0.0169356793    0.0000423122
   -4.5600000000    0.0168882343    0.0000421322
   -4.5500000000    0.0168407891    0.0000419518
   -4.5400000000    0.0167933437    0.0000417711
   -4.5300000000    0.0167458979    0.0000415899
   -4.5200000000    0.0166984516    0.0000414084
   -4.5100000000    0.0166510046    0.0000412265
   -4.5000000000    0.0166035568    0.0000410441
   -4.4900000000    0.0165561081    0.0000408614
   -4.4800000000    0.0165086584    0.0000406783
   -4.4700000000    0.0164612075    0.0000404947
   -4.4600000000    0.0164137553    0.0000403108
   -4.4500000000    0.0163663017    0.0000401264
   -4.4400000000    0.0163188465    0.0000399416
   -4.4300000000    0.0162713897    0.0000397564
   -4.4200000000    0.0162239309    0.0000395707
   -4.4100000000    0.0161764703    0.0000393846
   -4.4000000000    0.0161290075    0.0000391980
   -4.3900000000    0.0160815425    0.0000390110
   -4.3800000000    0.0160340751    0.0000388235
   -4.3700000000    0.0159866052    0.0000386356
   -4.3600000000    0.0159391326    0.0000384472
   -4.3500000000    0.0158916572    0.0000382583
   -4.3400000000    0.0158441789    0.0000380690
   -4.3300000000    0.0157966975    0.0000378792
   -4.3200000000    0.0157492129    0.0000376888
   -4.3100000000    0.0157017249    0.0000374980
   -4.3000000000    0.0156542334    0.0000373067
   -4.2900000000    0.0156067383    0.0000371149
   -4.2800000000    0.0155592393    0.0000369225
   -4.2700000000    0.0155117364    0.0000367297
   -4.2600000000    0.0154642293    0.0000365363
   -4.2500000000    0.0154167180    0.0000363424
   -4.2400000000    0.0153692023    0.0000361479
   -4.2300000000    0.0153216820    0.0000359529
   -4.2200000000    0.0152741570    0.0000357574
   -4.2100000000    0.0152266271    0.0000355613
   -4.2000000000    0.0151790922    0.0000353646
   -4.1900000000    0.0151315521    0.0000351674
   -4.1800000000    0.0150840066    0.0000349696
   -4.1700000000    0.0150364557    0.0000347712
   -4.1600000000    0.0149888990    0.0000345722
   -4.1500000000    0.0149413366    0.0000343726
   -4.1400000000    0.0148937681    0.0000341725
   -4.1300000000    0.0148461935    0.0000339717
   -4.1200000000    0.0147986125    0.0000337703
   -4.1100000000    0.0147510251    0.0000335682
   -4.1000000000    0.0147034309    0.0000333656
   -4.0900000000    0.0146558300    0.0000331623
   -4.0800000000    0.0146082220    0.0000329584
   -4.0700000000    0.0145606069    0.0000327538
   -4.0600000000    0.0145129844    0.0000325485
   -4.0500000000    0.0144653544    0.0000323426
   -4.0400000000    0.0144177167    0.0000321360
   -4.0300000000    0.0143700711    0.0000319287
   -4.0200000000    0.0143224174    0.0000317208
   -4.0100000000    0.0142747555    0.0000315121
   -4.0000000000    0.0142270852    0.0000313027
   -3.9900000000    0.0141794063    0.0000310926
   -3.9800000000    0.0141317185    0.0000308818
   -3.9700000000    0.0140840218    0.0000306703
   -3.9600000000    0.0140363159    0.0000304580
   -3.9500000000    0.0139886007    0.0000302449
   -3.9400000000    0.0139408759    0.0000300311
   -3.9300000000    0.0138931414    0.0000298166
   -3.9200000000    0.0138453969    0.0000296012
   -3.9100000000    0.0137976423    0.0000293851
   -3.9000000000    0.0137498773    0.0000291682
   -3.8900000000    0.0137021018    0.0000289505
   -3.8800000000    0.0136543156    0.0000287320
   -3.8700000000    0.0136065184    0.0000285126
   -3.8600000000    0.0135587101    0.0000282924
   -3.8500000000    0.0135108905    0.0000280714
   -3.8400000000    0.0134630592    0.0000278495
   -3.8300000000    0.0134152163    0.0000276268
   -3.8200000000    0.0133673613    0.0000274032
   -3.8100000000    0.0133194941    0.0000271787
   -3.8000000000    0.0132716145    0.0000269533
   -3.7900000000    0.0132237223    0.0000267270
   -3.7800000000    0.0131758173    0.0000264999
   -3.7700000000    0.0131278992    0.0000262717
   -3.7600000000    0.0130799677    0.0000260427
   -3.7500000000    0.0130320228    0.0000258127
   -3.7400000000    0.0129840641    0.0000255817
   -3.7300000000    0.0129360914    0.0000253498
   -3.7200000000    0.0128881046    0.0000251169
   -3.7100000000    0.0128401033    0.0000248830
   -3.7000000000    0.0127920873    0.0000246482
   -3.6900000000    0.0127440563    0.0000244123
   -3.6800000000    0.0126960103    0.0000241753
   -3.6700000000    0.0126479488    0.0000239374
   -3.6600000000    0.0125998717    0.0000236983
   -3.6500000000    0.0125517787    0.0000234583
   -3.6400000000    0.0125036695    0.0000232171
   -3.6300000000    0.0124555440    0.0000229749
   -3.6200000000    0.0124074018    0.0000227315
   -3.6100000000    0.0123592427    0.0000224871
   -3.6000000000    0.0123110664    0.0000222415
   -3.5900000000    0.0122628727    0.0000219947
   -3.5800000000    0.0122146613    0.0000217469
   -3.5700000000    0.0121664320    0.0000214978
   -3.5600000000    0.0121181844    0.0000212476
   -3.5500000000    0.0120699184    0.0000209961
   -3.5400000000    0.0120216335    0.0000207435
   -3.5300000000    0.0119733296    0.0000204896
   -3.5200000000    0.0119250064    0.0000202345
   -3.5100000000    0.0118766636    0.0000199781
   -3.5000000000    0.0118283009    0.0000197205
   -3.4900000000    0.0117799179    0.0000194615
   -3.4800000000    0.0117315145    0.0000192013
   -3.4700000000    0.0116830904    0.0000189397
   -3.4600000000    0.0116346451    0.0000186769
   -3.4500000000    0.0115861785    0.0000184126
   -3.4400000000    0.0115376902    0.0000181470
   -3.4300000000    0.0114891799    0.0000178800
   -3.4200000000    0.0114406474    0.0000176116
   -3.4100000000    0.0113920922    0.0000173418
   -3.4000000000    0.0113435141    0.0000170705
   -3.3900000000    0.0112949128    0.0000167978
   -3.3800000000    0.0112462879    0.0000165236
   -3.3700000000    0.0111976391    0.0000162479
   -3.3600000000    0.0111489661    0.0000159707
   -3.3500000000    0.0111002686    0.0000156920
   -3.3400000000    0.0110515461    0.0000154117
   -3.3300000000    0.0110027984    0.0000151299
   -3.3200000000    0.0109540252    0.0000148465
   -3.3100000000    0.0109052260    0.0000145614
   -3.3000000000    0.0108564006    0.0000142748
   -3.2900000000    0.0108075485    0.0000139865
   -3.2800000000    0.0107586695    0.0000136965
   -3.2700000000    0.0107097631    0.0000134048
   -3.2600000000    0.0106608290    0.0000131114
   -3.2500000000    0.0106118668    0.0000128163
   -3.2400000000    0.0105628761    0.0000125194
   -3.2300000000    0.0105138566    0.0000122208
   -3.2200000000    0.0104648078    0.0000119203
   -3.2100000000    0.0104157295    0.0000116180
   -3.2000000000    0.0103666211    0.0000113139
   -3.1900000000    0.0103174824    0.0000110078
   -3.1800000000    0.0102683128    0.0000106999
   -3.1700000000    0.0102191120    0.0000103901
   -3.1600000000    0.0101698796    0.0000100783
   -3.1500000000    0.0101206152    0.0000097646
   -3.1400000000    0.0100713183    0.0000094488
   -3.1300000000    0.0100219885    0.0000091310
   -3.1200000000    0.0099726255    0.0000088112
   -3.1100000000    0.0099232286    0.0000084893
   -3.1000000000    0.0098737976    0.0000081653
   -3.0900000000    0.0098243320    0.0000078391
   -3.0800000000    0.0097748313    0.0000075108
   -3.0700000000    0.0097252950    0.0000071803
   -3.0600000000    0.0096757228    0.0000068476
   -3.0500000000    0.0096261141    0.0000065126
   -3.0400000000    0.0095764684    0.0000061753
   -3.0300000000    0.0095267853    0.0000058358
   -3.0200000000    0.0094770644    0.0000054938
   -3.0100000000    0.0094273050    0.0000051495
   -3.0000000000    0.0093775068    0.0000048029
   -2.9900000000    0.0093276692    0.0000044537
   -2.9800000000    0.0092777917    0.0000041021
   -2.9700000000    0.0092278738    0.0000037480
   -2.9600000000    0.0091779150    0.0000033913
   -2.9500000000    0.0091279147    0.0000030321
   -2.9400000000    0.0090778724    0.0000026702
   -2.9300000000    0.0090277876    0.0000023057
   -2.9200000000    0.0089776597    0.0000019385
   -2.9100000000    0.0089274882    0.0000015686
   -2.9000000000    0.0088772726    0.0000011959
   -2.8900000000    0.0088270121    0.0000008205
   -2.8800000000    0.0087767064    0.0000004422
   -2.8700000000    0.0087263547    0.0000000610
   -2.8600000000    0.0086759565   -0.0000003231
   -2.8500000000    0.0086255112   -0.0000007102
   -2.8400000000    0.0085750182   -0.0000011003
   -2.8300000000    0.0085244769   -0.0000014934
   -2.8200000000    0.0084738866   -0.0000018896
   -2.8100000000    0.0084232468   -0.0000022890
   -2.8000000000    0.0083725568   -0.0000026915
   -2.7900000000    0.0083218159   -0.0000030972
   -2.7800000000    0.0082710235   -0.0000035062
   -2.7700000000    0.0082201789   -0.0000039186
   -2.7600000000    0.0081692814   -0.0000043343
   -2.7500000000    0.0081183305   -0.0000047534
   -2.7400000000    0.0080673253   -0.0000051760
   -2.7300000000    0.0080162652   -0.0000056021
   -2.7200000000    0.0079651494   -0.0000060318
   -2.7100000000    0.0079139774   -0.0000064651
   -2.7000000000    0.0078627482   -0.0000069020
   -2.6900000000    0.0078114612   -0.0000073428
   -2.6800000000    0.0077601156   -0.0000077872
   -2.6700000000    0.0077087107   -0.0000082356
   -2.6600000000    0.0076572457   -0.0000086878
   -2.6500000000    0.0076057198   -0.0000091440
   -2.6400000000    0.0075541322   -0.0000096042
   -2.6300000000    0.0075024822   -0.0000100685
   -2.6200000000    0.0074507688   -0.0000105369
   -2.6100000000    0.0073989913   -0.0000110096
   -2.6000000000    0.0073471489   -0.0000114865
   -2.5900000000    0.0072952406   -0.0000119677
   -2.5800000000    0.0072432656   -0.0000124534
   -2.5700000000    0.0071912231   -0.0000129435
   -2.5600000000    0.0071391121   -0.0000134382
   -2.5500000000    0.0070869318   -0.0000139375
   -2.5400000000    0.0070346812   -0.0000144414
   -2.5300000000    0.0069823594   -0.0000149501
   -2.5200000000    0.0069299655   -0.0000154637
   -2.5100000000    0.0068774984   -0.0000159821
   -2.5000000000    0.0068249573   -0.0000165056
   -2.4900000000    0.0067723412   -0.0000170341
   -2.4800000000    0.0067196490   -0.0000175678
   -2.4700000000    0.0066668797   -0.0000181066
   -2.4600000000    0.0066140323   -0.0000186508
   -2.4500000000    0.0065611057   -0.0000192004
   -2.4400000000    0.0065080990   -0.0000197555
   -2.4300000000    0.0064550109   -0.0000203162
   -2.4200000000    0.0064018405   -0.0000208825
   -2.4100000000    0.0063485865   -0.0000214546
   -2.4000000000    0.0062952479   -0.0000220326
   -2.3900000000    0.0062418235   -0.0000226165
   -2.3800000000    0.0061883122   -0.0000232064
   -2.3700000000    0.0061347127   -0.0000238025
   -2.3600000000    0.0060810239   -0.0000244049
   -2.3500000000    0.0060272445   -0.0000250136
   -2.3400000000    0.0059733733   -0.0000256288
   -2.3300000000    0.0059194090   -0.0000262506
   -2.3200000000    0.0058677892   -0.0000319614
   -2.3100000000    0.0058111960   -0.0000275143
   -2.3000000000    0.0057569447   -0.0000281565
   -2.2900000000    0.0057025951   -0.0000288057
   -2.2800000000    0.0056481457   -0.0000294620
   -2.2700000000    0.0055935953   -0.0000301257
   -2.2600000000    0.0055389423   -0.0000307967
   -2.2500000000    0.0054841853   -0.0000314753
   -2.2400000000    0.0054293229   -0.0000321616
   -2.2300000000    0.0053743536   -0.0000328557
   -2.2200000000    0.0053192759   -0.0000335577
   -2.2100000000    0.0052640882   -0.0000342678
   -2.2000000000    0.0052087890   -0.0000349862
   -2.1900000000    0.0051533766   -0.0000357129
   -2.1800000000    0.0050978495   -0.0000364481
   -2.1700000000    0.0050422059   -0.0000371920
   -2.1600000000    0.0049864443   -0.0000379448
   -2.1500000000    0.0049305629   -0.0000387065
   -2.1400000000    0.0048745600   -0.0000394775
   -2.1300000000    0.0048184338   -0.0000402577
   -2.1200000000    0.0047621824   -0.0000410475
   -2.1100000000    0.0047058042   -0.0000418469
   -2.1000000000    0.0046492971   -0.0000426562
   -2.0900000000    0.0045926594   -0.0000434755
   -2.0800000000    0.0045358891   -0.0000443051
   -2.0700000000    0.0044789841   -0.0000451451
   -2.0600000000    0.0044219426   -0.0000459957
   -2.0500000000    0.0043647624   -0.0000468572
   -2.0400000000    0.0043074415   -0.0000477297
   -2.0300000000    0.0042499777   -0.0000486134
   -2.0200000000    0.0041923690   -0.0000495086
   -2.0100000000    0.0041346131   -0.0000504155
   -2.0000000000    0.0040767078   -0.0000513342
   -1.9900000000    0.0040186507   -0.0000522651
   -1.9800000000    0.0039604396   -0.0000532085
   -1.9700000000    0.0039020721   -0.0000541644
   -1.9600000000    0.0038435458   -0.0000551332
   -1.9500000000    0.0037848582   -0.0000561151
   -1.9400000000    0.0037260068   -0.0000571105
   -1.9300000000    0.0036669891   -0.0000581195
   -1.9200000000    0.0036078024   -0.0000591424
   -1.9100000000    0.0035484440   -0.0000601796
   -1.9000000000    0.0034889114   -0.0000612312
   -1.8900000000    0.0034292016   -0.0000622977
   -1.8800000000    0.0033693120   -0.0000633793
   -1.8700000000    0.0033092395   -0.0000644764
   -1.8600000000    0.0032489813   -0.0000655892
   -1.8500000000    0.0031885344   -0.0000667180
   -1.8400000000    0.0031278956   -0.0000678633
   -1.8300000000    0.0030670620   -0.0000690254
   -1.8200000000    0.0030060302   -0.0000702046
   -1.8100000000    0.0029447971   -0.0000714012
   -1.8000000000    0.0028833593   -0.0000726158
   -1.7900000000    0.0028217134   -0.0000738486
   -1.7800000000    0.0027598561   -0.0000751000
   -1.7700000000    0.0026977836   -0.0000763705
   -1.7600000000    0.0026354925   -0.0000776604
   -1.7500000000    0.0025729790   -0.0000789703
   -1.7400000000    0.0025102393   -0.0000803005
   -1.7300000000    0.0024472697   -0.0000816515
   -1.7200000000    0.0023840662   -0.0000830237
   -1.7100000000    0.0023206247   -0.0000844177
   -1.7000000000    0.0022569412   -0.0000858339
   -1.6900000000    0.0021930114   -0.0000872728
   -1.6800000000    0.0021288310   -0.0000887350
   -1.6700000000    0.0020643957   -0.0000902210
   -1.6600000000    0.0019997010   -0.0000917314
   -1.6500000000    0.0019347423   -0.0000932666
   -1.6400000000    0.0018695148   -0.0000948273
   -1.6300000000    0.0018040138   -0.0000964141
   -1.6200000000    0.0017382344   -0.0000980277
   -1.6100000000    0.0016721714   -0.0000996685
   -1.6000000000    0.0016058198   -0.0001013374
   -1.5900000000    0.0015391744   -0.0001030349
   -1.5800000000    0.0014722296   -0.0001047618
   -1.5700000000    0.0014049800   -0.0001065188
   -1.5600000000    0.0013374199   -0.0001083067
   -1.5500000000    0.0012695435   -0.0001101261
   -1.5400000000    0.0012013449   -0.0001119778
   -1.5300000000    0.0011328180   -0.0001138628
   -1.5200000000    0.0010639565   -0.0001157817
   -1.5100000000    0.0009947542   -0.0001177355
   -1.5000000000    0.0009252044   -0.0001197251
   -1.4900000000    0.0008553004   -0.0001217513
   -1.4800000000    0.0007850354   -0.0001238152
   -1.4700000000    0.0007144023   -0.0001259176
   -1.4600000000    0.0006433938   -0.0001280597
   -1.4500000000    0.0005720026   -0.0001302423
   -1.4400000000    0.0005002211   -0.0001324667
   -1.4300000000    0.0004280414   -0.0001347339
   -1.4200000000    0.0003554555   -0.0001370451
   -1.4100000000    0.0002824552   -0.0001394014
   -1.4000000000    0.0002090321   -0.0001418040
   -1.3900000000    0.0001351775   -0.0001442544
   -1.3800000000    0.0000608824   -0.0001467536
   -1.3700000000   -0.0000138622   -0.0001493032
   -1.3600000000   -0.0000890658   -0.0001519044
   -1.3500000000   -0.0001647380   -0.0001545588
   -1.3400000000   -0.0002408887   -0.0001572679
   -1.3300000000   -0.0003175281   -0.0001600332
   -1.3200000000   -0.0003946668   -0.0001628563
   -1.3100000000   -0.0004723154   -0.0001657388
   -1.3000000000   -0.0005504851   -0.0001686826
   -1.2900000000   -0.0006291872   -0.0001716894
   -1.2800000000   -0.0007084336   -0.0001747611
   -1.2700000000   -0.0007882363   -0.0001778995
   -1.2600000000   -0.0008686077   -0.0001811067
   -1.2500000000   -0.0009495605   -0.0001843847
   -1.2400000000   -0.0010311081   -0.0001877358
   -1.2300000000   -0.0011132640   -0.0001911621
   -1.2200000000   -0.0011960420   -0.0001946659
   -1.2100000000   -0.0012794568   -0.0001982497
   -1.2000000000   -0.0013635230   -0.0002019159
   -1.1900000000   -0.0014482560   -0.0002056672
   -1.1800000000   -0.0015336717   -0.0002095062
   -1.1700000000   -0.0016197862   -0.0002134358
   -1.1600000000   -0.0017066164   -0.0002174589
   -1.1500000000   -0.0017941796   -0.0002215785
   -1.1400000000   -0.0018824937   -0.0002257978
   -1.1300000000   -0.0019715772   -0.0002301201
   -1.1200000000   -0.0020614491   -0.0002345487
   -1.1100000000   -0.0021521291   -0.0002390874
   -1.1000000000   -0.0022436376   -0.0002437398
   -1.0900000000   -0.0023359957   -0.0002485097
   -1.0800000000   -0.0024292250   -0.0002534013
   -1.0700000000   -0.0025233481   -0.0002584188
   -1.0600000000   -0.0026183883   -0.0002635665
   -1.0500000000   -0.0027143695   -0.0002688491
   -1.0400000000   -0.0028113167   -0.0002742714
   -1.0300000000   -0.0029092557   -0.0002798384
   -1.0200000000   -0.0030082132   -0.0002855553
   -1.0100000000   -0.0031082168   -0.0002914278
   -1.0000000000   -0.0032092953   -0.0002974613
   -0.9900000000   -0.0033114782   -0.0003036621
   -0.9800000000   -0.0034147965   -0.0003100364
   -0.9700000000   -0.0035192820   -0.0003165908
   -0.9600000000   -0.0036249679   -0.0003233321
   -0.9500000000   -0.0037318886   -0.0003302676
   -0.9400000000   -0.0038400799   -0.0003374049
   -0.9300000000   -0.0039495788   -0.0003447520
   -0.9200000000   -0.0040604238   -0.0003523172
   -0.9100000000   -0.0041726551   -0.0003601093
   -0.9000000000   -0.0042863143   -0.0003681375
   -0.8900000000   -0.0044014446   -0.0003764115
   -0.8800000000   -0.0045180913   -0.0003849414
   -0.8700000000   -0.0046363012   -0.0003937381
   -0.8600000000   -0.0047561232   -0.0004028128
   -0.8500000000   -0.0048776082   -0.0004121773
   -0.8400000000   -0.0050008092   -0.0004218442
   -0.8300000000   -0.0051257817   -0.0004318267
   -0.8200000000   -0.0052525832   -0.0004421388
   -0.8100000000   -0.0053812741   -0.0004527951
   -0.8000000000   -0.0055119173   -0.0004638112
   -0.7900000000   -0.0056445783   -0.0004752035
   -0.7800000000   -0.0057793259   -0.0004869894
   -0.7700000000   -0.0059162318   -0.0004991873
   -0.7600000000   -0.0060553711   -0.0005118166
   -0.7500000000   -0.0061968223   -0.0005248978
   -0.7400000000   -0.0063406678   -0.0005384530
   -0.7300000000   -0.0064869937   -0.0005525052
   -0.7200000000   -0.0066358904   -0.0005670791
   -0.7100000000   -0.0067874526   -0.0005822009
   -0.7000000000   -0.0069417798   -0.0005978983
   -0.6900000000   -0.0070989763   -0.0006142009
   -0.6800000000   -0.0072591519   -0.0006311403
   -0.6700000000   -0.0074224219   -0.0006487501
   -0.6600000000   -0.0075889075   -0.0006670660
   -0.6500000000   -0.0077587364   -0.0006861262
   -0.6400000000   -0.0079320431   -0.0007059718
   -0.6300000000   -0.0081089693   -0.0007266462
   -0.6200000000   -0.0082896644   -0.0007481962
   -0.6100000000   -0.0084742861   -0.0007706720
   -0.6000000000   -0.0086630010   -0.0007941272
   -0.5900000000   -0.0088559851   -0.0008186193
   -0.5800000000   -0.0090534247   -0.0008442105
   -0.5700000000   -0.0092555167   -0.0008709671
   -0.5600000000   -0.0094624699   -0.0008989608
   -0.5500000000   -0.0096745058   -0.0009282690
   -0.5400000000   -0.0098918589   -0.0009589750
   -0.5300000000   -0.0101147789   -0.0009911687
   -0.5200000000   -0.0103435306   -0.0010249475
   -0.5100000000   -0.0105783961   -0.0010604169
   -0.5000000000   -0.0108196756   -0.0010976911
   -0.4900000000   -0.0110676892   -0.0011368942
   -0.4800000000   -0.0113227781   -0.0011781610
   -0.4700000000   -0.0115853070   -0.0012216384
   -0.4600000000   -0.0118556656   -0.0012674864
   -0.4500000000   -0.0121342711   -0.0013158796
   -0.4400000000   -0.0124215702   -0.0013670091
   -0.4300000000   -0.0127180424   -0.0014210840
   -0.4200000000   -0.0130242022   -0.0014783338
   -0.4100000000   -0.0133406029   -0.0015390105
   -0.4000000000   -0.0136678400   -0.0016033916
   -0.3900000000   -0.0140065555   -0.0016717830
   -0.3800000000   -0.0143574420   -0.0017445228
   -0.3700000000   -0.0147212480   -0.0018219851
   -0.3600000000   -0.0150987835   -0.0019045849
   -0.3500000000   -0.0154909262   -0.0019927834
   -0.3400000000   -0.0158986287   -0.0020870946
   -0.3300000000   -0.0163229262   -0.0021880923
   -0.3200000000   -0.0167649457   -0.0022964187
   -0.3100000000   -0.0172259159   -0.0024127944
   -0.3000000000   -0.0177071786   -0.0025380299
   -0.2900000000   -0.0182102017   -0.0026730396
   -0.2800000000   -0.0187365935   -0.0028188580
   -0.2700000000   -0.0192881197   -0.0029766586
   -0.2600000000   -0.0198667215   -0.0031477770
   -0.2500000000   -0.0204745378   -0.0033337383
   -0.2400000000   -0.0211139289   -0.0035362898
   -0.2300000000   -0.0217875046   -0.0037574403
   -0.2200000000   -0.0224981556   -0.0039995085
   -0.2100000000   -0.0232490896   -0.0042651808
   -0.2000000000   -0.0240438725   -0.0045575828
   -0.1900000000   -0.0248864742   -0.0048803668
   -0.1800000000   -0.0257813218   -0.0052378203
   -0.1700000000   -0.0267333581   -0.0056350006
   -0.1600000000   -0.0277481077   -0.0060779033
   -0.1500000000   -0.0288317481   -0.0065736743
   -0.1400000000   -0.0299911876   -0.0071308786
   -0.1300000000   -0.0312341437   -0.0077598425
   -0.1200000000   -0.0325692197   -0.0084730930
   -0.1100000000   -0.0340059680   -0.0092859253
   -0.1000000000   -0.0355549233   -0.0102171407
   -0.0900000000   -0.0372275766   -0.0112900116
   -0.0800000000   -0.0390362410   -0.0125335517
   -0.0700000000   -0.0409937234   -0.0139841951
   -0.0600000000   -0.0431126634   -0.0156880220
   -0.0500000000   -0.0454042996   -0.0177037106
   -0.0400000000   -0.0478762631   -0.0201064335
   -0.0300000000   -0.0505287204   -0.0229929347
   -0.0200000000   -0.0533477296   -0.0264879634
   -0.0100000000   -0.0562939169   -0.0307519587
    0.0000000000   -0.0592834102   -0.0359890653
