  -20.0000000000   -0.0097508821    0.0352210294
  -19.9900000000   -0.0094123796    0.0357868470
  -19.9800000000   -0.0090187473    0.0362936370
  -19.9700000000   -0.0085761368    0.0367330133
  -19.9600000000   -0.0080922413    0.0370973986
  -19.9500000000   -0.0075761597    0.0373803640
  -19.9400000000   -0.0070381725    0.0375769396
  -19.9300000000   -0.0064894388    0.0376838695
  -19.9200000000   -0.0059377761    0.0375653037
  -19.9100000000   -0.0054028991    0.0374912587
  -19.9000000000   -0.0048921786    0.0373293502
  -19.8900000000   -0.0044163862    0.0370839606
  -19.8800000000   -0.0039852492    0.0367610826
  -19.8700000000   -0.0036071774    0.0363680340
  -19.8600000000   -0.0032890755    0.0359131266
  -19.8500000000   -0.0030362449    0.0354053166
  -19.8400000000   -0.0028523728    0.0348538612
  -19.8300000000   -0.0027395962    0.0342680030
  -19.8200000000   -0.0026986273    0.0336566979
  -19.8100000000   -0.0027289217    0.0330283963
  -19.8000000000   -0.0028288725    0.0323908797
  -19.7900000000   -0.0029960143    0.0317511531
  -19.7800000000   -0.0032272235    0.0311153867
  -19.7700000000   -0.0035189063    0.0304888999
  -19.7600000000   -0.0038671664    0.0298761793
  -19.7500000000   -0.0042679497    0.0292809221
  -19.7400000000   -0.0047171646    0.0287060963
  -19.7300000000   -0.0052107779    0.0281540121
  -19.7200000000   -0.0057448881    0.0276263983
  -19.7100000000   -0.0063157800    0.0271244783
  -19.7000000000   -0.0069199610    0.0266490448
  -19.6900000000   -0.0075541843    0.0262005295
  -19.6800000000   -0.0082154600    0.0257790656
  -19.6700000000   -0.0089010580    0.0253845458
  -19.6600000000   -0.0096085039    0.0250166715
  -19.6500000000   -0.0103355698    0.0246749962
  -19.6400000000   -0.0110802627    0.0243589628
  -19.6300000000   -0.0118408096    0.0240679346
  -19.6200000000   -0.0126156421    0.0238012217
  -19.6100000000   -0.0134033807    0.0235581021
  -19.6000000000   -0.0142028185    0.0233378398
  -19.5900000000   -0.0150129063    0.0231396986
  -19.5800000000   -0.0158327370    0.0229629537
  -19.5700000000   -0.0166615328    0.0228069005
  -19.5600000000   -0.0174986312    0.0226708614
  -19.5500000000   -0.0183434741    0.0225541915
  -19.5400000000   -0.0191955963    0.0224562816
  -19.5300000000   -0.0200546157    0.0223765622
  -19.5200000000   -0.0209202245    0.0223145043
  -19.5100000000   -0.0217921811    0.0222696214
  -19.5000000000   -0.0226703028    0.0222414701
  -19.4900000000   -0.0235544593    0.0222296502
  -19.4800000000   -0.0244445670    0.0222338048
  -19.4700000000   -0.0253405835    0.0222536204
  -19.4600000000   -0.0262425034    0.0222888264
  -19.4500000000   -0.0271503540    0.0223391944
  -19.4400000000   -0.0280641913    0.0224045385
  -19.4300000000   -0.0289840973    0.0224847144
  -19.4200000000   -0.0299101766    0.0225796191
  -19.4100000000   -0.0308425537    0.0226891907
  -19.4000000000   -0.0317813710    0.0228134081
  -19.3900000000   -0.0327267861    0.0229522913
  -19.3800000000   -0.0336789701    0.0231059008
  -19.3700000000   -0.0346381057    0.0232743382
  -19.3600000000   -0.0356043854    0.0234577464
  -19.3500000000   -0.0365780097    0.0236563100
  -19.3400000000   -0.0375591856    0.0238702559
  -19.3300000000   -0.0385481250    0.0240998542
  -19.3200000000   -0.0395450429    0.0243454191
  -19.3100000000   -0.0405501561    0.0246073097
  -19.3000000000   -0.0415636811    0.0248859319
  -19.2900000000   -0.0425858326    0.0251817392
  -19.2800000000   -0.0436168212    0.0254952347
  -19.2700000000   -0.0446568521    0.0258269731
  -19.2600000000   -0.0457061217    0.0261775623
  -19.2500000000   -0.0467648163    0.0265476657
  -19.2400000000   -0.0478331085    0.0269380050
  -19.2300000000   -0.0489111548    0.0273493622
  -19.2200000000   -0.0499990919    0.0277825828
  -19.2100000000   -0.0510970329    0.0282385788
  -19.2000000000   -0.0522050637    0.0287183315
  -19.1900000000   -0.0533232379    0.0292228954
  -19.1800000000   -0.0544515715    0.0297534016
  -19.1700000000   -0.0555900375    0.0303110617
  -19.1600000000   -0.0567385591    0.0308971719
  -19.1500000000   -0.0578970017    0.0315131171
  -19.1400000000   -0.0590651652    0.0321603759
  -19.1300000000   -0.0602427735    0.0328405247
  -19.1200000000   -0.0614294634    0.0335552425
  -19.1100000000   -0.0626247719    0.0343063158
  -19.1000000000   -0.0638281209    0.0350956423
  -19.0900000000   -0.0650388006    0.0359252352
  -19.0800000000   -0.0662559498    0.0367972252
  -19.0700000000   -0.0674785339    0.0377138624
  -19.0600000000   -0.0687053204    0.0386775156
  -19.0500000000   -0.0699348516    0.0396906692
  -19.0400000000   -0.0711654147    0.0407559172
  -19.0300000000   -0.0723950094    0.0418759539
  -19.0200000000   -0.0736213133    0.0430535599
  -19.0100000000   -0.0748416454    0.0442915839
  -19.0000000000   -0.0760529281    0.0455929190
  -18.9900000000   -0.0772516473    0.0469604737
  -18.9800000000   -0.0784338125    0.0483971360
  -18.9700000000   -0.0795949145    0.0499057316
  -18.9600000000   -0.0807298843    0.0514889732
  -18.9500000000   -0.0818330500    0.0531494028
  -18.9400000000   -0.0828980946    0.0548893224
  -18.9300000000   -0.0839180134    0.0567107145
  -18.9200000000   -0.0848850727    0.0586151476
  -18.9100000000   -0.0857907706    0.0606036643
  -18.9000000000   -0.0866258033    0.0626766495
  -18.8900000000   -0.0873800402    0.0648336720
  -18.8800000000   -0.0880425155    0.0670732982
  -18.8700000000   -0.0886014441    0.0693928714
  -18.8600000000   -0.0890442759    0.0717882589
  -18.8500000000   -0.0893578027    0.0742535649
  -18.8400000000   -0.0895283349    0.0767808206
  -18.8300000000   -0.0895419670    0.0793596608
  -18.8200000000   -0.0893849490    0.0819770121
  -18.8100000000   -0.0890441741    0.0846168198
  -18.8000000000   -0.0885077908    0.0872598529
  -18.7900000000   -0.0877659298    0.0898836302
  -18.7800000000   -0.0868115258    0.0924625144
  -18.7700000000   -0.0856411942    0.0949680197
  -18.7600000000   -0.0842561051    0.0973693681
  -18.7500000000   -0.0826627783    0.0996343138
  -18.7400000000   -0.0808737120    0.1017302315
  -18.7300000000   -0.0789077540    0.1036254294
  -18.7200000000   -0.0767901317    0.1052906195
  -18.7100000000   -0.0745520805    0.1067004374
  -18.7000000000   -0.0722300488    0.1078348874
  -18.6900000000   -0.0698644996    0.1086805748
  -18.6800000000   -0.0674983842    0.1092315986
  -18.6700000000   -0.0651754016    0.1094900087
  -18.6600000000   -0.0629381926    0.1094657775
  -18.6500000000   -0.0608266209    0.1091762891
  -18.6400000000   -0.0588762852    0.1086454068
  -18.6300000000   -0.0571173711    0.1079022204
  -18.6200000000   -0.0555739057    0.1069796008
  -18.6100000000   -0.0542634301    0.1059126983
  -18.6000000000   -0.0531970604    0.1047375059
  -18.5900000000   -0.0523798723    0.1034895846
  -18.5800000000   -0.0518115271    0.1022030151
  -18.5700000000   -0.0514870507    0.1009096055
  -18.5600000000   -0.0513976812    0.0996383586
  -18.5500000000   -0.0515317158    0.0984151749
  -18.5400000000   -0.0518753047    0.0972627599
  -18.5300000000   -0.0524131542    0.0962006912
  -18.5200000000   -0.0531291225    0.0952456038
  -18.5100000000   -0.0540066982    0.0944114547
  -18.5000000000   -0.0550293664    0.0937098322
  -18.4900000000   -0.0561808701    0.0931502832
  -18.4800000000   -0.0574453797    0.0927406372
  -18.4700000000   -0.0588075832    0.0924873135
  -18.4600000000   -0.0602527124    0.0923956007
  -18.4500000000   -0.0617665159    0.0924699023
  -18.4400000000   -0.0633351910    0.0927139467
  -18.4300000000   -0.0649452832    0.0931309585
  -18.4200000000   -0.0665835611    0.0937237913
  -18.4100000000   -0.0682368733    0.0944950235
  -18.4000000000   -0.0698919917    0.0954470147
  -18.3900000000   -0.0715354459    0.0965819258
  -18.3800000000   -0.0731533525    0.0979016991
  -18.3700000000   -0.0747312429    0.0994080000
  -18.3600000000   -0.0762538934    0.1011021165
  -18.3500000000   -0.0777051631    0.1029848151
  -18.3400000000   -0.0790678447    0.1050561496
  -18.3300000000   -0.0803235363    0.1073152202
  -18.3200000000   -0.0814525444    0.1097598808
  -18.3100000000   -0.0824338288    0.1123863917
  -18.3000000000   -0.0832450048    0.1151890179
  -18.2900000000   -0.0838624214    0.1181595779
  -18.2800000000   -0.0842613332    0.1212869480
  -18.2700000000   -0.0844161908    0.1245565366
  -18.2600000000   -0.0843010697    0.1279497498
  -18.2500000000   -0.0838902620    0.1314434769
  -18.2400000000   -0.0831590439    0.1350096382
  -18.2300000000   -0.0820846315    0.1386148443
  -18.2200000000   -0.0806473148    0.1422202299
  -18.2100000000   -0.0788317494    0.1457815291
  -18.2000000000   -0.0766283550    0.1492494613
  -18.1900000000   -0.0740347452    0.1525704894
  -18.1800000000   -0.0710570848    0.1556879931
  -18.1700000000   -0.0677112445    0.1585438695
  -18.1600000000   -0.0640236117    0.1610805298
  -18.1500000000   -0.0600314151    0.1632432083
  -18.1400000000   -0.0557824464    0.1649824452
  -18.1300000000   -0.0513341031    0.1662565596
  -18.1200000000   -0.0467517496    0.1670338975
  -18.1100000000   -0.0421064627    0.1672946366
  -18.1000000000   -0.0374723136    0.1670319601
  -18.0900000000   -0.0329233949    0.1662524704
  -18.0800000000   -0.0285308430    0.1649757933
  -18.0700000000   -0.0243601027    0.1632334168
  -18.0600000000   -0.0204686505    0.1610668888
  -18.0500000000   -0.0169043305    0.1585255591
  -18.0400000000   -0.0137043770    0.1556640862
  -18.0300000000   -0.0108951236    0.1525399231
  -18.0200000000   -0.0084923266    0.1492109740
  -18.0100000000   -0.0065019858    0.1457335621
  -18.0000000000   -0.0049215207    0.1421607965
  -17.9900000000   -0.0037411566    0.1385413730
  -17.9800000000   -0.0029453892    0.1349187984
  -17.9700000000   -0.0025144207    0.1313309941
  -17.9600000000   -0.0024254882    0.1278102195
  -17.9500000000   -0.0026540349    0.1243832418
  -17.9400000000   -0.0031746981    0.1210716849
  -17.9300000000   -0.0039621091    0.1178924945
  -17.9200000000   -0.0049915121    0.1148584653
  -17.9100000000   -0.0062392211    0.1119787907
  -17.9000000000   -0.0076829361    0.1092596032
  -17.8900000000   -0.0093019423    0.1067044852
  -17.8800000000   -0.0110772154    0.1043149363
  -17.8700000000   -0.0129914552    0.1020907914
  -17.8600000000   -0.0150290641    0.1000305863
  -17.8500000000   -0.0171760873    0.0981318727
  -17.8400000000   -0.0194201266    0.0963914842
  -17.8300000000   -0.0217502382    0.0948057601
  -17.8200000000   -0.0241568220    0.0933707287
  -17.8100000000   -0.0266315071    0.0920822579
  -17.8000000000   -0.0291670393    0.0909361759
  -17.7900000000   -0.0317571721    0.0899283678
  -17.7800000000   -0.0343965636    0.0890548515
  -17.7700000000   -0.0370806801    0.0883118368
  -17.7600000000   -0.0398057073    0.0876957702
  -17.7500000000   -0.0425684693    0.0872033696
  -17.7400000000   -0.0453663540    0.0868316487
  -17.7300000000   -0.0481972471    0.0865779363
  -17.7200000000   -0.0510594716    0.0864398882
  -17.7100000000   -0.0539517336    0.0864154972
  -17.7000000000   -0.0568730742    0.0865030982
  -17.6900000000   -0.0598228258    0.0867013728
  -17.6800000000   -0.0628005728    0.0870093518
  -17.6700000000   -0.0658061168    0.0874264172
  -17.6600000000   -0.0688394445    0.0879523037
  -17.6500000000   -0.0719006988    0.0885871009
  -17.6400000000   -0.0749901521    0.0893312558
  -17.6300000000   -0.0781081817    0.0901855755
  -17.6200000000   -0.0812552468    0.0911512315
  -17.6100000000   -0.0844318662    0.0922297651
  -17.6000000000   -0.0876385974    0.0934230935
  -17.5900000000   -0.0908760155    0.0947335181
  -17.5800000000   -0.0941446921    0.0961637336
  -17.5700000000   -0.0974451745    0.0977168390
  -17.5600000000   -0.1007779631    0.0993963504
  -17.5500000000   -0.1041434886    0.1012062151
  -17.5400000000   -0.1075420868    0.1031508279
  -17.5300000000   -0.1109739720    0.1052350488
  -17.5200000000   -0.1144392074    0.1074642228
  -17.5100000000   -0.1179376732    0.1098442011
  -17.5000000000   -0.1214690300    0.1123813646
  -17.4900000000   -0.1250326792    0.1150826483
  -17.4800000000   -0.1286277180    0.1179555681
  -17.4700000000   -0.1322528886    0.1210082482
  -17.4600000000   -0.1359065212    0.1242494502
  -17.4500000000   -0.1395864696    0.1276886024
  -17.4400000000   -0.1432900386    0.1313358301
  -17.4300000000   -0.1470139014    0.1352019853
  -17.4200000000   -0.1507540066    0.1392986752
  -17.4100000000   -0.1545054729    0.1436382892
  -17.4000000000   -0.1582624706    0.1482340227
  -17.3900000000   -0.1620180871    0.1530998957
  -17.3800000000   -0.1657641764    0.1582507656
  -17.3700000000   -0.1694911891    0.1637023302
  -17.3600000000   -0.1731879827    0.1694711199
  -17.3500000000   -0.1768416087    0.1755744737
  -17.3400000000   -0.1804370765    0.1820304954
  -17.3300000000   -0.1839570909    0.1888579863
  -17.3200000000   -0.1873817629    0.1960763447
  -17.3100000000   -0.1906882938    0.2037054287
  -17.3000000000   -0.1938506304    0.2117653703
  -17.2900000000   -0.1968390954    0.2202763320
  -17.2800000000   -0.1996199937    0.2292581946
  -17.2700000000   -0.2021552017    0.2387301599
  -17.2600000000   -0.2044017462    0.2487102562
  -17.2500000000   -0.2063113859    0.2592147273
  -17.2400000000   -0.2078302122    0.2702572886
  -17.2300000000   -0.2088982932    0.2818482314
  -17.2200000000   -0.2094493908    0.2939933591
  -17.2100000000   -0.2094107916    0.3066927406
  -17.2000000000   -0.2087032996    0.3199392722
  -17.1900000000   -0.2072414524    0.3337170485
  -17.1800000000   -0.2049340302    0.3479995546
  -17.1700000000   -0.2016849375    0.3627477122
  -17.1600000000   -0.1973945423    0.3779078346
  -17.1500000000   -0.1919615592    0.3934095759
  -17.1400000000   -0.1852855528    0.4091639970
  -17.1300000000   -0.1772701181    0.4250619073
  -17.1200000000   -0.1678267589    0.4409726835
  -17.1100000000   -0.1568794301    0.4567437983
  -17.1000000000   -0.1443696357    0.4722013135
  -17.0900000000   -0.1302618855    0.4871515916
  -17.0800000000   -0.1145492069    0.5013844436
  -17.0700000000   -0.0972583117    0.5146778568
  -17.0600000000   -0.0784539305    0.5268043260
  -17.0500000000   -0.0582417853    0.5375386464
  -17.0400000000   -0.0367696835    0.5466668386
  -17.0300000000   -0.0142263121    0.5539956762
  -17.0200000000    0.0091625209    0.5593621232
  -17.0100000000    0.0331402054    0.5626418875
  -17.0000000000    0.0574279347    0.5637562902
  -16.9900000000    0.0817350444    0.5626767653
  -16.9800000000    0.1057703044    0.5594265152
  -16.9700000000    0.1292532559    0.5540791457
  -16.9600000000    0.1519246785    0.5467544281
  -16.9500000000    0.1735553897    0.5376116338
  -16.9400000000    0.1939528016    0.5268411157
  -16.9300000000    0.2129649306    0.5146549253
  -16.9200000000    0.2304818461    0.5012772681
  -16.9100000000    0.2464347860    0.4869355005
  -16.9000000000    0.2607933512    0.4718522143
  -16.8900000000    0.2735612875    0.4562387591
  -16.8800000000    0.2847713866    0.4402903585
  -16.8700000000    0.2944799973    0.4241828128
  -16.8600000000    0.3027615585    0.4080706534
  -16.8500000000    0.3097034632    0.3920865360
  -16.8400000000    0.3154014629    0.3763416219
  -16.8300000000    0.3199557255    0.3609266920
  -16.8200000000    0.3234675889    0.3459137589
  -16.8100000000    0.3260369929    0.3313579718
  -16.8000000000    0.3277605357    0.3172996542
  -16.7900000000    0.3287300801    0.3037663461
  -16.7800000000    0.3290318253    0.2907747650
  -16.7700000000    0.3287457577    0.2783326265
  -16.7600000000    0.3279454034    0.2664402904
  -16.7500000000    0.3266978099    0.2550922187
  -16.7400000000    0.3250636969    0.2442782422
  -16.7300000000    0.3230977263    0.2339846451
  -16.7200000000    0.3208488504    0.2241950791
  -16.7100000000    0.3183607068    0.2148913252
  -16.7000000000    0.3156720365    0.2060539192
  -16.6900000000    0.3128171057    0.1976626597
  -16.6800000000    0.3098261202    0.1896970148
  -16.6700000000    0.3067256223    0.1821364431
  -16.6600000000    0.3035388655    0.1749606431
  -16.6500000000    0.3002861629    0.1681497435
  -16.6400000000    0.2969852078    0.1616844433
  -16.6300000000    0.2936513672    0.1555461135
  -16.6200000000    0.2902979470    0.1497168658
  -16.6100000000    0.2869364320    0.1441795958
  -16.6000000000    0.2835767008    0.1389180063
  -16.5900000000    0.2802272181    0.1339166138
  -16.5800000000    0.2768952058    0.1291607440
  -16.5700000000    0.2735867956    0.1246365166
  -16.5600000000    0.2703071639    0.1203308248
  -16.5500000000    0.2670606508    0.1162313086
  -16.5400000000    0.2638508660    0.1123263251
  -16.5300000000    0.2606807820    0.1086049171
  -16.5200000000    0.2575528153    0.1050567799
  -16.5100000000    0.2544688994    0.1016722277
  -16.5000000000    0.2514305477    0.0984421603
  -16.4900000000    0.2484389095    0.0953580305
  -16.4800000000    0.2454948188    0.0924118117
  -16.4700000000    0.2425988370    0.0895959673
  -16.4600000000    0.2397512910    0.0869034209
  -16.4500000000    0.2369523059    0.0843275277
  -16.4400000000    0.2342018337    0.0818620482
  -16.4300000000    0.2314996791    0.0795011219
  -16.4200000000    0.2288455212    0.0772392437
  -16.4100000000    0.2262389327    0.0750712410
  -16.4000000000    0.2236793972    0.0729922524
  -16.3900000000    0.2211663239    0.0709977073
  -16.3800000000    0.2186990599    0.0690833075
  -16.3700000000    0.2162769022    0.0672450097
  -16.3600000000    0.2138991069    0.0654790084
  -16.3500000000    0.2115648977    0.0637817212
  -16.3400000000    0.2092734734    0.0621497742
  -16.3300000000    0.2070240145    0.0605799882
  -16.3200000000    0.2048156882    0.0590693669
  -16.3100000000    0.2026476535    0.0576150847
  -16.3000000000    0.2005190651    0.0562144761
  -16.2900000000    0.1984290772    0.0548650255
  -16.2800000000    0.1963768463    0.0535643574
  -16.2700000000    0.1943615338    0.0523102283
  -16.2600000000    0.1923823080    0.0511005178
  -16.2500000000    0.1904383463    0.0499332213
  -16.2400000000    0.1885288365    0.0488064427
  -16.2300000000    0.1866529780    0.0477183879
  -16.2200000000    0.1848099830    0.0466673584
  -16.2100000000    0.1829990775    0.0456517456
  -16.2000000000    0.1812195015    0.0446700254
  -16.1900000000    0.1794705099    0.0437207531
  -16.1800000000    0.1777513727    0.0428025586
  -16.1700000000    0.1760613757    0.0419141421
  -16.1600000000    0.1743998199    0.0410542702
  -16.1500000000    0.1727660223    0.0402217715
  -16.1400000000    0.1711593158    0.0394155334
  -16.1300000000    0.1695790487    0.0386344987
  -16.1200000000    0.1680245852    0.0378776624
  -16.1100000000    0.1664953049    0.0371440686
  -16.1000000000    0.1649906029    0.0364328080
  -16.0900000000    0.1635098892    0.0357430152
  -16.0800000000    0.1620525888    0.0350738662
  -16.0700000000    0.1606181414    0.0344245762
  -16.0600000000    0.1592060011    0.0337943974
  -16.0500000000    0.1578156359    0.0331826171
  -16.0400000000    0.1564465277    0.0325885559
  -16.0300000000    0.1550981719    0.0320115656
  -16.0200000000    0.1537700770    0.0314510278
  -16.0100000000    0.1524617644    0.0309063525
  -16.0000000000    0.1511727679    0.0303769763
  -15.9900000000    0.1499026337    0.0298623610
  -15.9800000000    0.1486509198    0.0293619928
  -15.9700000000    0.1474171956    0.0288753806
  -15.9600000000    0.1462010420    0.0284020549
  -15.9500000000    0.1450020506    0.0279415671
  -15.9400000000    0.1438198239    0.0274934880
  -15.9300000000    0.1426539744    0.0270574073
  -15.9200000000    0.1415041248    0.0266329321
  -15.9100000000    0.1403699075    0.0262196868
  -15.9000000000    0.1392509643    0.0258173118
  -15.8900000000    0.1381469462    0.0254254627
  -15.8800000000    0.1370575129    0.0250438100
  -15.8700000000    0.1359823329    0.0246720381
  -15.8600000000    0.1349210829    0.0243098448
  -15.8500000000    0.1338734478    0.0239569405
  -15.8400000000    0.1328391202    0.0236130479
  -15.8300000000    0.1318178004    0.0232779015
  -15.8200000000    0.1308091957    0.0229512468
  -15.8100000000    0.1298130210    0.0226328400
  -15.8000000000    0.1288289978    0.0223224478
  -15.7900000000    0.1278568541    0.0220198464
  -15.7800000000    0.1268963245    0.0217248217
  -15.7700000000    0.1259471500    0.0214371686
  -15.7600000000    0.1250090773    0.0211566906
  -15.7500000000    0.1240818591    0.0208831998
  -15.7400000000    0.1231652537    0.0206165162
  -15.7300000000    0.1222590247    0.0203564679
  -15.7200000000    0.1213629412    0.0201028901
  -15.7100000000    0.1204767772    0.0198556257
  -15.7000000000    0.1196003116    0.0196145245
  -15.6900000000    0.1187333282    0.0193794428
  -15.6800000000    0.1178756151    0.0191502441
  -15.6700000000    0.1170269651    0.0189267979
  -15.6600000000    0.1161871751    0.0187089801
  -15.6500000000    0.1153560462    0.0184966726
  -15.6400000000    0.1145333833    0.0182897635
  -15.6300000000    0.1137189953    0.0180881463
  -15.6200000000    0.1129126948    0.0178917207
  -15.6100000000    0.1121142977    0.0177003915
  -15.6000000000    0.1113236237    0.0175140694
  -15.5900000000    0.1105404956    0.0173326702
  -15.5800000000    0.1097647393    0.0171561152
  -15.5700000000    0.1089961840    0.0169843310
  -15.5600000000    0.1082346617    0.0168172495
  -15.5500000000    0.1074800073    0.0166548078
  -15.5400000000    0.1067320586    0.0164969480
  -15.5300000000    0.1059906557    0.0163436178
  -15.5200000000    0.1052556418    0.0161947698
  -15.5100000000    0.1045268621    0.0160503621
  -15.5000000000    0.1038041644    0.0159103579
  -15.4900000000    0.1030873989    0.0157747260
  -15.4800000000    0.1023764181    0.0156434405
  -15.4700000000    0.1016710764    0.0155164809
  -15.4600000000    0.1009712308    0.0153938327
  -15.4500000000    0.1002767402    0.0152754869
  -15.4400000000    0.0995874655    0.0151614405
  -15.4300000000    0.0989032697    0.0150516967
  -15.4200000000    0.0982240181    0.0149462648
  -15.4100000000    0.0975495778    0.0148451608
  -15.4000000000    0.0968798181    0.0147484074
  -15.3900000000    0.0962146104    0.0146560342
  -15.3800000000    0.0955538283    0.0145680783
  -15.3700000000    0.0948973475    0.0144845842
  -15.3600000000    0.0942450462    0.0144056046
  -15.3500000000    0.0935968052    0.0143312005
  -15.3400000000    0.0929525076    0.0142614416
  -15.3300000000    0.0923120398    0.0141964071
  -15.3200000000    0.0916752908    0.0141361858
  -15.3100000000    0.0910421533    0.0140808767
  -15.3000000000    0.0904125236    0.0140305898
  -15.2900000000    0.0897863020    0.0139854468
  -15.2800000000    0.0891633935    0.0139455813
  -15.2700000000    0.0885437080    0.0139111400
  -15.2600000000    0.0879271614    0.0138822833
  -15.2500000000    0.0873136758    0.0138591861
  -15.2400000000    0.0867031807    0.0138420390
  -15.2300000000    0.0860956138    0.0138310488
  -15.2200000000    0.0854909223    0.0138264398
  -15.2100000000    0.0848890639    0.0138284549
  -15.2000000000    0.0842900087    0.0138373564
  -15.1900000000    0.0836937405    0.0138534276
  -15.1800000000    0.0831002589    0.0138769737
  -15.1700000000    0.0825095818    0.0139083233
  -15.1600000000    0.0819217474    0.0139478292
  -15.1500000000    0.0813368178    0.0139958701
  -15.1400000000    0.0807548817    0.0140528516
  -15.1300000000    0.0801760587    0.0141192074
  -15.1200000000    0.0796005034    0.0141954003
  -15.1100000000    0.0790284105    0.0142819229
  -15.1000000000    0.0784600200    0.0143792984
  -15.0900000000    0.0778956239    0.0144880811
  -15.0800000000    0.0773355733    0.0146088556
  -15.0700000000    0.0767802859    0.0147422365
  -15.0600000000    0.0762302558    0.0148888669
  -15.0500000000    0.0756860624    0.0150494158
  -15.0400000000    0.0751483823    0.0152245743
  -15.0300000000    0.0746180010    0.0154150505
  -15.0200000000    0.0740958261    0.0156215623
  -15.0100000000    0.0735829017    0.0158448283
  -15.0000000000    0.0730804230    0.0160855550
  -14.9900000000    0.0725897529    0.0163444219
  -14.9800000000    0.0721124373    0.0166220613
  -14.9700000000    0.0716502215    0.0169190348
  -14.9600000000    0.0712050646    0.0172358031
  -14.9500000000    0.0707791530    0.0175726909
  -14.9400000000    0.0703749100    0.0179298443
  -14.9300000000    0.0699950000    0.0183071810
  -14.9200000000    0.0696423271    0.0187043339
  -14.9100000000    0.0693200225    0.0191205860
  -14.9000000000    0.0690314205    0.0195548000
  -14.8900000000    0.0687800183    0.0200053418
  -14.8800000000    0.0685694168    0.0204700030
  -14.8700000000    0.0684032383    0.0209459238
  -14.8600000000    0.0682850196    0.0214295236
  -14.8500000000    0.0682180777    0.0219164464
  -14.8400000000    0.0682053486    0.0224015287
  -14.8300000000    0.0682492019    0.0228788007
  -14.8200000000    0.0683512381    0.0233415305
  -14.8100000000    0.0685120777    0.0237823222
  -14.8000000000    0.0687311576    0.0241932726
  -14.7900000000    0.0690065534    0.0245661920
  -14.7800000000    0.0693348471    0.0248928845
  -14.7700000000    0.0697110631    0.0251654772
  -14.7600000000    0.0701286900    0.0253767796
  -14.7500000000    0.0705798007    0.0255206468
  -14.7400000000    0.0710552733    0.0255923147
  -14.7300000000    0.0715451046    0.0255886762
  -14.7200000000    0.0720387963    0.0255084673
  -14.7100000000    0.0725257824    0.0253523450
  -14.7000000000    0.0729958633    0.0251228466
  -14.6900000000    0.0734396084    0.0248242351
  -14.6800000000    0.0738486953    0.0244622488
  -14.6700000000    0.0742161614    0.0240437809
  -14.6600000000    0.0745365559    0.0235765210
  -14.6500000000    0.0748059913    0.0230685912
  -14.6400000000    0.0750221046    0.0225282046
  -14.6300000000    0.0751839440    0.0219633676
  -14.6200000000    0.0752918024    0.0213816400
  -14.6100000000    0.0753470198    0.0207899573
  -14.6000000000    0.0753517723    0.0201945156
  -14.5900000000    0.0753088649    0.0196007109
  -14.5800000000    0.0752215401    0.0190131261
  -14.5700000000    0.0750933074    0.0184355536
  -14.5600000000    0.0749278014    0.0178710443
  -14.5500000000    0.0747286652    0.0173219737
  -14.5400000000    0.0744994610    0.0167901172
  -14.5300000000    0.0742436045    0.0162767282
  -14.5200000000    0.0739643183    0.0157826159
  -14.5100000000    0.0736646038    0.0153082176
  -14.5000000000    0.0733472253    0.0148536660
  -14.4900000000    0.0730147055    0.0144188483
  -14.4800000000    0.0726693283    0.0140034582
  -14.4700000000    0.0723131473    0.0136070409
  -14.4600000000    0.0719479979    0.0132290306
  -14.4500000000    0.0715755121    0.0128687815
  -14.4400000000    0.0711971340    0.0125255944
  -14.4300000000    0.0708141361    0.0121987370
  -14.4200000000    0.0704276355    0.0118874607
  -14.4100000000    0.0700386090    0.0115910139
  -14.4000000000    0.0696479077    0.0113086521
  -14.3900000000    0.0692562709    0.0110396458
  -14.3800000000    0.0688643383    0.0107832861
  -14.3700000000    0.0684726616    0.0105388887
  -14.3600000000    0.0680817147    0.0103057969
  -14.3500000000    0.0676919029    0.0100833832
  -14.3400000000    0.0673035715    0.0098710503
  -14.3300000000    0.0669170131    0.0096682314
  -14.3200000000    0.0665324740    0.0094743901
  -14.3100000000    0.0661501602    0.0092890193
  -14.3000000000    0.0657702426    0.0091116414
  -14.2900000000    0.0653928614    0.0089418062
  -14.2800000000    0.0650181300    0.0087790905
  -14.2700000000    0.0646461391    0.0086230964
  -14.2600000000    0.0642769588    0.0084734503
  -14.2500000000    0.0639106423    0.0083298015
  -14.2400000000    0.0635472275    0.0081918212
  -14.2300000000    0.0631867396    0.0080592006
  -14.2200000000    0.0628291926    0.0079316504
  -14.2100000000    0.0624745909    0.0078088990
  -14.2000000000    0.0621229309    0.0076906919
  -14.1900000000    0.0617742019    0.0075767905
  -14.1800000000    0.0614283874    0.0074669706
  -14.1700000000    0.0610854660    0.0073610222
  -14.1600000000    0.0607454118    0.0072587481
  -14.1500000000    0.0604081959    0.0071599631
  -14.1400000000    0.0600737860    0.0070644933
  -14.1300000000    0.0597421478    0.0069721755
  -14.1200000000    0.0594132449    0.0068828562
  -14.1100000000    0.0590870395    0.0067963909
  -14.1000000000    0.0587634925    0.0067126441
  -14.0900000000    0.0584425641    0.0066314880
  -14.0800000000    0.0581242137    0.0065528023
  -14.0700000000    0.0578084003    0.0064764739
  -14.0600000000    0.0574950828    0.0064023959
  -14.0500000000    0.0571842199    0.0063304678
  -14.0400000000    0.0568757705    0.0062605948
  -14.0300000000    0.0565696936    0.0061926872
  -14.0200000000    0.0562659486    0.0061266606
  -14.0100000000    0.0559644950    0.0060624350
  -14.0000000000    0.0556652932    0.0059999350
  -13.9900000000    0.0553683037    0.0059390892
  -13.9800000000    0.0550734876    0.0058798301
  -13.9700000000    0.0547808068    0.0058220938
  -13.9600000000    0.0544902237    0.0057658197
  -13.9500000000    0.0542017013    0.0057109505
  -13.9400000000    0.0539152032    0.0056574319
  -13.9300000000    0.0536306939    0.0056052123
  -13.9200000000    0.0533481383    0.0055542428
  -13.9100000000    0.0530675022    0.0055044769
  -13.9000000000    0.0527887520    0.0054558706
  -13.8900000000    0.0525118548    0.0054083820
  -13.8800000000    0.0522367782    0.0053619711
  -13.8700000000    0.0519634909    0.0053166001
  -13.8600000000    0.0516919618    0.0052722330
  -13.8500000000    0.0514221608    0.0052288354
  -13.8400000000    0.0511540582    0.0051863747
  -13.8300000000    0.0508876251    0.0051448197
  -13.8200000000    0.0506228331    0.0051041407
  -13.8100000000    0.0503596547    0.0050643094
  -13.8000000000    0.0500980625    0.0050252988
  -13.7900000000    0.0498380302    0.0049870832
  -13.7800000000    0.0495795318    0.0049496379
  -13.7700000000    0.0493225418    0.0049129394
  -13.7600000000    0.0490670355    0.0048769653
  -13.7500000000    0.0488129885    0.0048416941
  -13.7400000000    0.0485603770    0.0048071053
  -13.7300000000    0.0483091778    0.0047731793
  -13.7200000000    0.0480593681    0.0047398972
  -13.7100000000    0.0478109255    0.0047072412
  -13.7000000000    0.0475638282    0.0046751939
  -13.6900000000    0.0473180549    0.0046437390
  -13.6800000000    0.0470735846    0.0046128605
  -13.6700000000    0.0468303967    0.0045825434
  -13.6600000000    0.0465884711    0.0045527732
  -13.6500000000    0.0463477883    0.0045235359
  -13.6400000000    0.0461083287    0.0044948182
  -13.6300000000    0.0458700736    0.0044666073
  -13.6200000000    0.0456330044    0.0044388909
  -13.6100000000    0.0453971028    0.0044116573
  -13.6000000000    0.0451623511    0.0043848950
  -13.5900000000    0.0449287317    0.0043585932
  -13.5800000000    0.0446962273    0.0043327415
  -13.5700000000    0.0444648213    0.0043073299
  -13.5600000000    0.0442344969    0.0042823486
  -13.5500000000    0.0440052380    0.0042577885
  -13.5400000000    0.0437770285    0.0042336407
  -13.5300000000    0.0435498529    0.0042098966
  -13.5200000000    0.0433236955    0.0041865480
  -13.5100000000    0.0430985414    0.0041635869
  -13.5000000000    0.0428743756    0.0041410059
  -13.4900000000    0.0426511834    0.0041187975
  -13.4800000000    0.0424289505    0.0040969549
  -13.4700000000    0.0422076626    0.0040754711
  -13.4600000000    0.0419873058    0.0040543399
  -13.4500000000    0.0417678664    0.0040335548
  -13.4400000000    0.0415493308    0.0040131100
  -13.4300000000    0.0413316857    0.0039929997
  -13.4200000000    0.0411149180    0.0039732184
  -13.4100000000    0.0408990147    0.0039537607
  -13.4000000000    0.0406839631    0.0039346215
  -13.3900000000    0.0404697506    0.0039157960
  -13.3800000000    0.0402563648    0.0038972795
  -13.3700000000    0.0400437934    0.0038790674
  -13.3600000000    0.0398320244    0.0038611555
  -13.3500000000    0.0396210459    0.0038435396
  -13.3400000000    0.0394108460    0.0038262157
  -13.3300000000    0.0392014131    0.0038091800
  -13.3200000000    0.0389927359    0.0037924290
  -13.3100000000    0.0387848028    0.0037759590
  -13.3000000000    0.0385776026    0.0037597669
  -13.2900000000    0.0383711243    0.0037438495
  -13.2800000000    0.0381653568    0.0037282037
  -13.2700000000    0.0379602894    0.0037128267
  -13.2600000000    0.0377559111    0.0036977157
  -13.2500000000    0.0375522114    0.0036828682
  -13.2400000000    0.0373491797    0.0036682817
  -13.2300000000    0.0371468055    0.0036539539
  -13.2200000000    0.0369450784    0.0036398826
  -13.2100000000    0.0367439882    0.0036260658
  -13.2000000000    0.0365435247    0.0036125015
  -13.1900000000    0.0363436777    0.0035991879
  -13.1800000000    0.0361444372    0.0035861233
  -13.1700000000    0.0359457931    0.0035733063
  -13.1600000000    0.0357477357    0.0035607352
  -13.1500000000    0.0355502550    0.0035484089
  -13.1400000000    0.0353533413    0.0035363261
  -13.1300000000    0.0351569848    0.0035244858
  -13.1200000000    0.0349611758    0.0035128869
  -13.1100000000    0.0347659047    0.0035015287
  -13.1000000000    0.0345711619    0.0034904103
  -13.0900000000    0.0343769379    0.0034795312
  -13.0800000000    0.0341832231    0.0034688909
  -13.0700000000    0.0339900080    0.0034584890
  -13.0600000000    0.0337972833    0.0034483252
  -13.0500000000    0.0336050393    0.0034383993
  -13.0400000000    0.0334132669    0.0034287114
  -13.0300000000    0.0332219564    0.0034192614
  -13.0200000000    0.0330310987    0.0034100496
  -13.0100000000    0.0328406843    0.0034010764
  -13.0000000000    0.0326507038    0.0033923420
  -12.9900000000    0.0324611478    0.0033838472
  -12.9800000000    0.0322720071    0.0033755925
  -12.9700000000    0.0320832723    0.0033675788
  -12.9600000000    0.0318949339    0.0033598070
  -12.9500000000    0.0317069826    0.0033522782
  -12.9400000000    0.0315194089    0.0033449935
  -12.9300000000    0.0313322035    0.0033379542
  -12.9200000000    0.0311453569    0.0033311619
  -12.9100000000    0.0309588597    0.0033246181
  -12.9000000000    0.0307727022    0.0033183244
  -12.8900000000    0.0305868750    0.0033122829
  -12.8800000000    0.0304013684    0.0033064955
  -12.8700000000    0.0302161729    0.0033009644
  -12.8600000000    0.0300312786    0.0032956919
  -12.8500000000    0.0298466760    0.0032906805
  -12.8400000000    0.0296623552    0.0032859329
  -12.8300000000    0.0294783064    0.0032814517
  -12.8200000000    0.0292945196    0.0032772401
  -12.8100000000    0.0291109847    0.0032733012
  -12.8000000000    0.0289276918    0.0032696382
  -12.7900000000    0.0287446308    0.0032662548
  -12.7800000000    0.0285617912    0.0032631547
  -12.7700000000    0.0283791629    0.0032603417
  -12.7600000000    0.0281967353    0.0032578200
  -12.7500000000    0.0280144980    0.0032555939
  -12.7400000000    0.0278324403    0.0032536680
  -12.7300000000    0.0276505515    0.0032520471
  -12.7200000000    0.0274688207    0.0032507361
  -12.7100000000    0.0272872369    0.0032497404
  -12.7000000000    0.0271057889    0.0032490654
  -12.6900000000    0.0269244657    0.0032487169
  -12.6800000000    0.0267432557    0.0032487010
  -12.6700000000    0.0265621474    0.0032490241
  -12.6600000000    0.0263811291    0.0032496927
  -12.6500000000    0.0262001890    0.0032507137
  -12.6400000000    0.0260193150    0.0032520946
  -12.6300000000    0.0258384951    0.0032538428
  -12.6200000000    0.0256577167    0.0032559663
  -12.6100000000    0.0254769674    0.0032584734
  -12.6000000000    0.0252962344    0.0032613728
  -12.5900000000    0.0251155048    0.0032646736
  -12.5800000000    0.0249347655    0.0032683852
  -12.5700000000    0.0247540029    0.0032725176
  -12.5600000000    0.0245732037    0.0032770811
  -12.5500000000    0.0243923539    0.0032820866
  -12.5400000000    0.0242114395    0.0032875453
  -12.5300000000    0.0240304462    0.0032934693
  -12.5200000000    0.0238493595    0.0032998707
  -12.5100000000    0.0236681645    0.0033067626
  -12.5000000000    0.0234868462    0.0033141586
  -12.4900000000    0.0233053892    0.0033220726
  -12.4800000000    0.0231237778    0.0033305197
  -12.4700000000    0.0229419962    0.0033395152
  -12.4600000000    0.0227600280    0.0033490753
  -12.4500000000    0.0225778568    0.0033592170
  -12.4400000000    0.0223954656    0.0033699580
  -12.4300000000    0.0222128372    0.0033813170
  -12.4200000000    0.0220299542    0.0033933133
  -12.4100000000    0.0218467985    0.0034059672
  -12.4000000000    0.0216633521    0.0034193002
  -12.3900000000    0.0214795963    0.0034333345
  -12.3800000000    0.0212955121    0.0034480935
  -12.3700000000    0.0211110802    0.0034636018
  -12.3600000000    0.0209262809    0.0034798851
  -12.3500000000    0.0207410942    0.0034969703
  -12.3400000000    0.0205554994    0.0035148858
  -12.3300000000    0.0203694759    0.0035336611
  -12.3200000000    0.0201830022    0.0035533276
  -12.3100000000    0.0199960567    0.0035739178
  -12.3000000000    0.0198086174    0.0035954661
  -12.2900000000    0.0196206618    0.0036180085
  -12.2800000000    0.0194321670    0.0036415831
  -12.2700000000    0.0192431098    0.0036662296
  -12.2600000000    0.0190534665    0.0036919900
  -12.2500000000    0.0188632132    0.0037189083
  -12.2400000000    0.0186723255    0.0037470308
  -12.2300000000    0.0184807787    0.0037764065
  -12.2200000000    0.0182885478    0.0038070867
  -12.2100000000    0.0180956074    0.0038391255
  -12.2000000000    0.0179019320    0.0038725800
  -12.1900000000    0.0177074958    0.0039075103
  -12.1800000000    0.0175122728    0.0039439797
  -12.1700000000    0.0173162368    0.0039820553
  -12.1600000000    0.0171193616    0.0040218074
  -12.1500000000    0.0169216211    0.0040633107
  -12.1400000000    0.0167229891    0.0041066436
  -12.1300000000    0.0165234397    0.0041518893
  -12.1200000000    0.0163229470    0.0041991355
  -12.1100000000    0.0161214859    0.0042484750
  -12.1000000000    0.0159190315    0.0043000059
  -12.0900000000    0.0157155599    0.0043538319
  -12.0800000000    0.0155110477    0.0044100628
  -12.0700000000    0.0153054729    0.0044688148
  -12.0600000000    0.0150988148    0.0045302109
  -12.0500000000    0.0148910540    0.0045943814
  -12.0400000000    0.0146821735    0.0046614642
  -12.0300000000    0.0144721581    0.0047316055
  -12.0200000000    0.0142609955    0.0048049604
  -12.0100000000    0.0140486765    0.0048816932
  -12.0000000000    0.0138351955    0.0049619779
  -11.9900000000    0.0136205510    0.0050459994
  -11.9800000000    0.0134047466    0.0051339534
  -11.9700000000    0.0131877912    0.0052260479
  -11.9600000000    0.0129697004    0.0053225031
  -11.9500000000    0.0127504972    0.0054235529
  -11.9400000000    0.0125302130    0.0055294451
  -11.9300000000    0.0123088889    0.0056404425
  -11.9200000000    0.0120865772    0.0057568240
  -11.9100000000    0.0118633427    0.0058788848
  -11.9000000000    0.0116392646    0.0060069377
  -11.8900000000    0.0114144387    0.0061413141
  -11.8800000000    0.0111889792    0.0062823644
  -11.8700000000    0.0109630213    0.0064304591
  -11.8600000000    0.0107367244    0.0065859894
  -11.8500000000    0.0105102748    0.0067493681
  -11.8400000000    0.0102838895    0.0069210298
  -11.8300000000    0.0100578200    0.0071014314
  -11.8200000000    0.0098323568    0.0072910522
  -11.8100000000    0.0096078344    0.0074903940
  -11.8000000000    0.0093846367    0.0076999801
  -11.7900000000    0.0091632030    0.0079203547
  -11.7800000000    0.0089440348    0.0081520811
  -11.7700000000    0.0087277032    0.0083957395
  -11.7600000000    0.0085148564    0.0086519237
  -11.7500000000    0.0083062293    0.0089212370
  -11.7400000000    0.0081026519    0.0092042864
  -11.7300000000    0.0079050599    0.0095016756
  -11.7200000000    0.0077145048    0.0098139960
  -11.7100000000    0.0075321648    0.0101418155
  -11.7000000000    0.0073593560    0.0104856650
  -11.6900000000    0.0071975428    0.0108460214
  -11.6800000000    0.0070483485    0.0112232880
  -11.6700000000    0.0069135641    0.0116177706
  -11.6600000000    0.0067951556    0.0120296500
  -11.6500000000    0.0066952688    0.0124589495
  -11.6400000000    0.0066162295    0.0129054981
  -11.6300000000    0.0065605393    0.0133688896
  -11.6200000000    0.0065308640    0.0138484358
  -11.6100000000    0.0065300142    0.0143431177
  -11.6000000000    0.0065609153    0.0148515326
  -11.5900000000    0.0066265643    0.0153718404
  -11.5800000000    0.0067299742    0.0159017118
  -11.5700000000    0.0068741006    0.0164382800
  -11.5600000000    0.0070617532    0.0169781018
  -11.5500000000    0.0072954892    0.0175171307
  -11.5400000000    0.0075774912    0.0180507102
  -11.5300000000    0.0079094329    0.0185735909
  -11.5200000000    0.0082923355    0.0190799783
  -11.5100000000    0.0087264241    0.0195636159
  -11.5000000000    0.0092109920    0.0200179067
  -11.4900000000    0.0097442839    0.0204360749
  -11.4800000000    0.0103234112    0.0208113631
  -11.4700000000    0.0109443101    0.0211372605
  -11.4600000000    0.0116017542    0.0214077493
  -11.4500000000    0.0122894279    0.0216175555
  -11.4400000000    0.0130000635    0.0217623863
  -11.4300000000    0.0137256391    0.0218391343
  -11.4200000000    0.0144576265    0.0218460329
  -11.4100000000    0.0151872749    0.0217827476
  -11.4000000000    0.0159059114    0.0216503943
  -11.3900000000    0.0166052353    0.0214514841
  -11.3800000000    0.0172775867    0.0211897985
  -11.3700000000    0.0179161719    0.0208702074
  -11.3600000000    0.0185152321    0.0204984449
  -11.3500000000    0.0190701489    0.0200808618
  -11.3400000000    0.0195774869    0.0196241741
  -11.3300000000    0.0200349774    0.0191352224
  -11.3200000000    0.0204414532    0.0186207570
  -11.3100000000    0.0207967449    0.0180872566
  -11.3000000000    0.0211015522    0.0175407860
  -11.2900000000    0.0213573011    0.0169868937
  -11.2800000000    0.0215659984    0.0164305470
  -11.2700000000    0.0217300899    0.0158761001
  -11.2600000000    0.0218523310    0.0153272909
  -11.2500000000    0.0219356709    0.0147872588
  -11.2400000000    0.0219831544    0.0142585796
  -11.2300000000    0.0219978403    0.0137433100
  -11.2200000000    0.0219827367    0.0132430395
  -11.2100000000    0.0219407519    0.0127589448
  -11.2000000000    0.0218746579    0.0122918434
  -11.1900000000    0.0217870665    0.0118422459
  -11.1800000000    0.0216804139    0.0114104047
  -11.1700000000    0.0215569534    0.0109963578
  -11.1600000000    0.0214187542    0.0105999688
  -11.1500000000    0.0212677044    0.0102209616
  -11.1400000000    0.0211055173    0.0098589505
  -11.1300000000    0.0209337403    0.0095134663
  -11.1200000000    0.0207537647    0.0091839779
  -11.1100000000    0.0205668367    0.0088699108
  -11.1000000000    0.0203740691    0.0085706622
  -11.0900000000    0.0201764516    0.0082856131
  -11.0800000000    0.0199748625    0.0080141388
  -11.0700000000    0.0197700789    0.0077556164
  -11.0600000000    0.0195627862    0.0075094314
  -11.0500000000    0.0193535878    0.0072749822
  -11.0400000000    0.0191430132    0.0070516840
  -11.0300000000    0.0189315262    0.0068389712
  -11.0200000000    0.0187195313    0.0066362995
  -11.0100000000    0.0185073811    0.0064431468
  -11.0000000000    0.0182953811    0.0062590142
  -10.9900000000    0.0180837957    0.0060834261
  -10.9800000000    0.0178728529    0.0059159298
  -10.9700000000    0.0176627479    0.0057560959
  -10.9600000000    0.0174536476    0.0056035172
  -10.9500000000    0.0172456934    0.0054578081
  -10.9400000000    0.0170390046    0.0053186042
  -10.9300000000    0.0168336808    0.0051855611
  -10.9200000000    0.0166298044    0.0050583537
  -10.9100000000    0.0164274427    0.0049366753
  -10.9000000000    0.0162266499    0.0048202366
  -10.8900000000    0.0160274682    0.0047087651
  -10.8800000000    0.0158299299    0.0046020037
  -10.8700000000    0.0156340586    0.0044997104
  -10.8600000000    0.0154398698    0.0044016572
  -10.8500000000    0.0152473726    0.0043076291
  -10.8400000000    0.0150565701    0.0042174239
  -10.8300000000    0.0148674606    0.0041308508
  -10.8200000000    0.0146800378    0.0040477304
  -10.8100000000    0.0144942919    0.0039678933
  -10.8000000000    0.0143102099    0.0038911802
  -10.7900000000    0.0141277760    0.0038174408
  -10.7800000000    0.0139469721    0.0037465336
  -10.7700000000    0.0137677784    0.0036783249
  -10.7600000000    0.0135901733    0.0036126889
  -10.7500000000    0.0134141339    0.0035495068
  -10.7400000000    0.0132396365    0.0034886668
  -10.7300000000    0.0130666564    0.0034300630
  -10.7200000000    0.0128951681    0.0033735958
  -10.7100000000    0.0127251459    0.0033191712
  -10.7000000000    0.0125565638    0.0032667001
  -10.6900000000    0.0123893952    0.0032160989
  -10.6800000000    0.0122236140    0.0031672881
  -10.6700000000    0.0120591936    0.0031201932
  -10.6600000000    0.0118961079    0.0030747433
  -10.6500000000    0.0117343307    0.0030308718
  -10.6400000000    0.0115738362    0.0029885155
  -10.6300000000    0.0114145989    0.0029476150
  -10.6200000000    0.0112565936    0.0029081140
  -10.6100000000    0.0110997954    0.0028699593
  -10.6000000000    0.0109441800    0.0028331006
  -10.5900000000    0.0107897234    0.0027974907
  -10.5800000000    0.0106364023    0.0027630847
  -10.5700000000    0.0104841938    0.0027298404
  -10.5600000000    0.0103330754    0.0026977180
  -10.5500000000    0.0101830253    0.0026666798
  -10.5400000000    0.0100340224    0.0026366903
  -10.5300000000    0.0098860459    0.0026077163
  -10.5200000000    0.0097390758    0.0025797263
  -10.5100000000    0.0095930928    0.0025526908
  -10.5000000000    0.0094480779    0.0025265820
  -10.4900000000    0.0093040131    0.0025013738
  -10.4800000000    0.0091608809    0.0024770418
  -10.4700000000    0.0090186646    0.0024535633
  -10.4600000000    0.0088773481    0.0024309168
  -10.4500000000    0.0087369161    0.0024090825
  -10.4400000000    0.0085973540    0.0023880419
  -10.4300000000    0.0084586480    0.0023677778
  -10.4200000000    0.0083207851    0.0023482744
  -10.4100000000    0.0081837532    0.0023295170
  -10.4000000000    0.0080475410    0.0023114922
  -10.3900000000    0.0079121381    0.0022941878
  -10.3800000000    0.0077775351    0.0022775924
  -10.3700000000    0.0076437236    0.0022616961
  -10.3600000000    0.0075106962    0.0022464896
  -10.3500000000    0.0073784466    0.0022319648
  -10.3400000000    0.0072469699    0.0022181144
  -10.3300000000    0.0071162622    0.0022049320
  -10.3200000000    0.0069863208    0.0021924120
  -10.3100000000    0.0068571448    0.0021805494
  -10.3000000000    0.0067287346    0.0021693400
  -10.2900000000    0.0066010919    0.0021587800
  -10.2800000000    0.0064742206    0.0021488662
  -10.2700000000    0.0063481260    0.0021395957
  -10.2600000000    0.0062228155    0.0021309657
  -10.2500000000    0.0060982985    0.0021229736
  -10.2400000000    0.0059745864    0.0021156166
  -10.2300000000    0.0058516930    0.0021088916
  -10.2200000000    0.0057296345    0.0021027950
  -10.2100000000    0.0056084295    0.0020973225
  -10.2000000000    0.0054880992    0.0020924684
  -10.1900000000    0.0053686676    0.0020882260
  -10.1800000000    0.0052501612    0.0020845864
  -10.1700000000    0.0051326096    0.0020815387
  -10.1600000000    0.0050160450    0.0020790692
  -10.1500000000    0.0049005022    0.0020771609
  -10.1400000000    0.0047860189    0.0020757933
  -10.1300000000    0.0046726349    0.0020749412
  -10.1200000000    0.0045603922    0.0020745744
  -10.1100000000    0.0044493347    0.0020746569
  -10.1000000000    0.0043395071    0.0020751464
  -10.0900000000    0.0042309547    0.0020759932
  -10.0800000000    0.0041237225    0.0020771400
  -10.0700000000    0.0040178538    0.0020785210
  -10.0600000000    0.0039133892    0.0020800613
  -10.0500000000    0.0038103654    0.0020816771
  -10.0400000000    0.0037088129    0.0020832747
  -10.0300000000    0.0036087549    0.0020847515
  -10.0200000000    0.0035102051    0.0020859958
  -10.0100000000    0.0034131654    0.0020868880
  -10.0000000000    0.0033176244    0.0020873016
   -9.9900000000    0.0032235551    0.0020871051
   -9.9800000000    0.0031309134    0.0020861642
   -9.9700000000    0.0030396367    0.0020843443
   -9.9600000000    0.0029496428    0.0020815138
   -9.9500000000    0.0028608299    0.0020775477
   -9.9400000000    0.0027730766    0.0020723306
   -9.9300000000    0.0026862435    0.0020657613
   -9.9200000000    0.0026001747    0.0020577556
   -9.9100000000    0.0025147010    0.0020482501
   -9.9000000000    0.0024296433    0.0020372042
   -9.8900000000    0.0023448166    0.0020246026
   -9.8800000000    0.0022600346    0.0020104561
   -9.8700000000    0.0021751143    0.0019948015
   -9.8600000000    0.0020898808    0.0019777006
   -9.8500000000    0.0020041711    0.0019592385
   -9.8400000000    0.0019178386    0.0019395208
   -9.8300000000    0.0018307552    0.0019186699
   -9.8200000000    0.0017428140    0.0018968211
   -9.8100000000    0.0016539307    0.0018741191
   -9.8000000000    0.0015640432    0.0018507130
   -9.7900000000    0.0014731119    0.0018267531
   -9.7800000000    0.0013811183    0.0018023870
   -9.7700000000    0.0012880629    0.0017777566
   -9.7600000000    0.0011939636    0.0017529955
   -9.7500000000    0.0010988530    0.0017282274
   -9.7400000000    0.0010027757    0.0017035643
   -9.7300000000    0.0009057862    0.0016791063
   -9.7200000000    0.0008079462    0.0016549405
   -9.7100000000    0.0007093225    0.0016311419
   -9.7000000000    0.0006099848    0.0016077732
   -9.6900000000    0.0005100044    0.0015848859
   -9.6800000000    0.0004094523    0.0015625207
   -9.6700000000    0.0003083983    0.0015407089
   -9.6600000000    0.0002069099    0.0015194730
   -9.6500000000    0.0001050517    0.0014988280
   -9.6400000000    0.0000028849    0.0014787822
   -9.6300000000   -0.0000995334    0.0014593383
   -9.6200000000   -0.0002021497    0.0014404940
   -9.6100000000   -0.0003049150    0.0014222433
   -9.6000000000   -0.0004077840    0.0014045768
   -9.5900000000   -0.0005107157    0.0013874824
   -9.5800000000   -0.0006136728    0.0013709461
   -9.5700000000   -0.0007166217    0.0013549524
   -9.5600000000   -0.0008195324    0.0013394845
   -9.5500000000   -0.0009223778    0.0013245250
   -9.5400000000   -0.0010251343    0.0013100560
   -9.5300000000   -0.0011277807    0.0012960595
   -9.5200000000   -0.0012302986    0.0012825174
   -9.5100000000   -0.0013326719    0.0012694121
   -9.5000000000   -0.0014348867    0.0012567259
   -9.4900000000   -0.0015369309    0.0012444421
   -9.4800000000   -0.0016387943    0.0012325441
   -9.4700000000   -0.0017404684    0.0012210162
   -9.4600000000   -0.0018419461    0.0012098434
   -9.4500000000   -0.0019432214    0.0011990112
   -9.4400000000   -0.0020442899    0.0011885062
   -9.4300000000   -0.0021451480    0.0011783156
   -9.4200000000   -0.0022457932    0.0011684274
   -9.4100000000   -0.0023462238    0.0011588306
   -9.4000000000   -0.0024464391    0.0011495148
   -9.3900000000   -0.0025464390    0.0011404706
   -9.3800000000   -0.0026462241    0.0011316897
   -9.3700000000   -0.0027216802    0.0010594299
   -9.3600000000   -0.0028238192    0.0010547322
   -9.3500000000   -0.0029255379    0.0010500778
   -9.3400000000   -0.0030268532    0.0010454661
   -9.3300000000   -0.0031277805    0.0010408964
   -9.3200000000   -0.0032283344    0.0010363679
   -9.3100000000   -0.0033285286    0.0010318800
   -9.3000000000   -0.0034283758    0.0010274320
   -9.2900000000   -0.0035278881    0.0010230234
   -9.2800000000   -0.0036270768    0.0010186534
   -9.2700000000   -0.0037259526    0.0010143214
   -9.2600000000   -0.0038245256    0.0010100270
   -9.2500000000   -0.0039228054    0.0010057693
   -9.2400000000   -0.0040208010    0.0010015480
   -9.2300000000   -0.0041185210    0.0009973624
   -9.2200000000   -0.0042159735    0.0009932120
   -9.2100000000   -0.0043131664    0.0009890962
   -9.2000000000   -0.0044101070    0.0009850146
   -9.1900000000   -0.0045068024    0.0009809665
   -9.1800000000   -0.0046032593    0.0009769516
   -9.1700000000   -0.0046994842    0.0009729692
   -9.1600000000   -0.0047954832    0.0009690190
   -9.1500000000   -0.0048912624    0.0009651003
   -9.1400000000   -0.0049868272    0.0009612129
   -9.1300000000   -0.0050821834    0.0009573562
   -9.1200000000   -0.0051773360    0.0009535298
   -9.1100000000   -0.0052722901    0.0009497332
   -9.1000000000   -0.0053670507    0.0009459660
   -9.0900000000   -0.0054616224    0.0009422278
   -9.0800000000   -0.0055560098    0.0009385182
   -9.0700000000   -0.0056502174    0.0009348367
   -9.0600000000   -0.0057442493    0.0009311830
   -9.0500000000   -0.0058381097    0.0009275567
   -9.0400000000   -0.0059318027    0.0009239575
   -9.0300000000   -0.0060253322    0.0009203848
   -9.0200000000   -0.0061187018    0.0009168385
   -9.0100000000   -0.0062119154    0.0009133180
   -9.0000000000   -0.0063049766    0.0009098231
   -8.9900000000   -0.0063978887    0.0009063535
   -8.9800000000   -0.0064906553    0.0009029087
   -8.9700000000   -0.0065832797    0.0008994884
   -8.9600000000   -0.0066757652    0.0008960924
   -8.9500000000   -0.0067681150    0.0008927203
   -8.9400000000   -0.0068603322    0.0008893718
   -8.9300000000   -0.0069524199    0.0008860465
   -8.9200000000   -0.0070443810    0.0008827442
   -8.9100000000   -0.0071362187    0.0008794646
   -8.9000000000   -0.0072279357    0.0008762074
   -8.8900000000   -0.0073195349    0.0008729723
   -8.8800000000   -0.0074110192    0.0008697591
   -8.8700000000   -0.0075023913    0.0008665673
   -8.8600000000   -0.0075936540    0.0008633969
   -8.8500000000   -0.0076848100    0.0008602474
   -8.8400000000   -0.0077758618    0.0008571187
   -8.8300000000   -0.0078668123    0.0008540105
   -8.8200000000   -0.0079576639    0.0008509226
   -8.8100000000   -0.0080484193    0.0008478546
   -8.8000000000   -0.0081390810    0.0008448064
   -8.7900000000   -0.0082296516    0.0008417777
   -8.7800000000   -0.0083201335    0.0008387683
   -8.7700000000   -0.0084105292    0.0008357779
   -8.7600000000   -0.0085008413    0.0008328064
   -8.7500000000   -0.0085910721    0.0008298534
   -8.7400000000   -0.0086812242    0.0008269188
   -8.7300000000   -0.0087713000    0.0008240024
   -8.7200000000   -0.0088613018    0.0008211039
   -8.7100000000   -0.0089512321    0.0008182232
   -8.7000000000   -0.0090410934    0.0008153600
   -8.6900000000   -0.0091308880    0.0008125142
   -8.6800000000   -0.0092206183    0.0008096855
   -8.6700000000   -0.0093102868    0.0008068737
   -8.6600000000   -0.0093998958    0.0008040787
   -8.6500000000   -0.0094894477    0.0008013002
   -8.6400000000   -0.0095789449    0.0007985381
   -8.6300000000   -0.0096683899    0.0007957923
   -8.6200000000   -0.0097577850    0.0007930624
   -8.6100000000   -0.0098471326    0.0007903484
   -8.6000000000   -0.0099364353    0.0007876500
   -8.5900000000   -0.0100256954    0.0007849672
   -8.5800000000   -0.0101149153    0.0007822996
   -8.5700000000   -0.0102040976    0.0007796473
   -8.5600000000   -0.0102932447    0.0007770099
   -8.5500000000   -0.0103823590    0.0007743874
   -8.5400000000   -0.0104714432    0.0007717795
   -8.5300000000   -0.0105604997    0.0007691862
   -8.5200000000   -0.0106495310    0.0007666072
   -8.5100000000   -0.0107385397    0.0007640425
   -8.5000000000   -0.0108275284    0.0007614919
   -8.4900000000   -0.0109164997    0.0007589551
   -8.4800000000   -0.0110054563    0.0007564322
   -8.4700000000   -0.0110944007    0.0007539229
   -8.4600000000   -0.0111833358    0.0007514271
   -8.4500000000   -0.0112722641    0.0007489447
   -8.4400000000   -0.0113611885    0.0007464755
   -8.4300000000   -0.0114501117    0.0007440194
   -8.4200000000   -0.0115390366    0.0007415763
   -8.4100000000   -0.0116279661    0.0007391460
   -8.4000000000   -0.0117169029    0.0007367284
   -8.3900000000   -0.0118058501    0.0007343234
   -8.3800000000   -0.0118948106    0.0007319309
   -8.3700000000   -0.0119837875    0.0007295507
   -8.3600000000   -0.0120727838    0.0007271828
   -8.3500000000   -0.0121618027    0.0007248269
   -8.3400000000   -0.0122508472    0.0007224830
   -8.3300000000   -0.0123399208    0.0007201510
   -8.3200000000   -0.0124290265    0.0007178307
   -8.3100000000   -0.0125181678    0.0007155221
   -8.3000000000   -0.0126073481    0.0007132251
   -8.2900000000   -0.0126965708    0.0007109394
   -8.2800000000   -0.0127858394    0.0007086651
   -8.2700000000   -0.0128751576    0.0007064019
   -8.2600000000   -0.0129645290    0.0007041499
   -8.2500000000   -0.0130539573    0.0007019089
   -8.2400000000   -0.0131434464    0.0006996788
   -8.2300000000   -0.0132330002    0.0006974596
   -8.2200000000   -0.0133226226    0.0006952510
   -8.2100000000   -0.0134123177    0.0006930530
   -8.2000000000   -0.0135020896    0.0006908655
   -8.1900000000   -0.0135919427    0.0006886885
   -8.1800000000   -0.0136818812    0.0006865218
   -8.1700000000   -0.0137719096    0.0006843653
   -8.1600000000   -0.0138620324    0.0006822190
   -8.1500000000   -0.0139522543    0.0006800827
   -8.1400000000   -0.0140425802    0.0006779564
   -8.1300000000   -0.0141330148    0.0006758400
   -8.1200000000   -0.0142235632    0.0006737334
   -8.1100000000   -0.0143142306    0.0006716365
   -8.1000000000   -0.0144050221    0.0006695492
   -8.0900000000   -0.0144959433    0.0006674714
   -8.0800000000   -0.0145869998    0.0006654032
   -8.0700000000   -0.0146781971    0.0006633443
   -8.0600000000   -0.0147695412    0.0006612947
   -8.0500000000   -0.0148610382    0.0006592543
   -8.0400000000   -0.0149526941    0.0006572231
   -8.0300000000   -0.0150445155    0.0006552009
   -8.0200000000   -0.0151365089    0.0006531877
   -8.0100000000   -0.0152286810    0.0006511835
   -8.0000000000   -0.0153210388    0.0006491881
   -7.9900000000   -0.0154135895    0.0006472015
   -7.9800000000   -0.0155063404    0.0006452236
   -7.9700000000   -0.0155992993    0.0006432543
   -7.9600000000   -0.0156924739    0.0006412936
   -7.9500000000   -0.0157858723    0.0006393414
   -7.9400000000   -0.0158795030    0.0006373976
   -7.9300000000   -0.0159733745    0.0006354622
   -7.9200000000   -0.0160674958    0.0006335350
   -7.9100000000   -0.0161618761    0.0006316161
   -7.9000000000   -0.0162565249    0.0006297054
   -7.8900000000   -0.0163514522    0.0006278027
   -7.8800000000   -0.0164466680    0.0006259081
   -7.8700000000   -0.0165421830    0.0006240215
   -7.8600000000   -0.0166380081    0.0006221428
   -7.8500000000   -0.0167341546    0.0006202719
   -7.8400000000   -0.0168306342    0.0006184088
   -7.8300000000   -0.0169274590    0.0006165535
   -7.8200000000   -0.0170246418    0.0006147058
   -7.8100000000   -0.0171221955    0.0006128657
   -7.8000000000   -0.0172201338    0.0006110332
   -7.7900000000   -0.0173184707    0.0006092082
   -7.7800000000   -0.0174172209    0.0006073907
   -7.7700000000   -0.0175163996    0.0006055805
   -7.7600000000   -0.0176160227    0.0006037777
   -7.7500000000   -0.0177161066    0.0006019822
   -7.7400000000   -0.0178166685    0.0006001938
   -7.7300000000   -0.0179177261    0.0005984127
   -7.7200000000   -0.0180192982    0.0005966387
   -7.7100000000   -0.0181214041    0.0005948717
   -7.7000000000   -0.0182240639    0.0005931118
   -7.6900000000   -0.0183272988    0.0005913589
   -7.6800000000   -0.0184311308    0.0005896128
   -7.6700000000   -0.0185355828    0.0005878737
   -7.6600000000   -0.0186406790    0.0005861414
   -7.6500000000   -0.0187464444    0.0005844158
   -7.6400000000   -0.0188529053    0.0005826970
   -7.6300000000   -0.0189600891    0.0005809848
   -7.6200000000   -0.0190680248    0.0005792793
   -7.6100000000   -0.0191767425    0.0005775804
   -7.6000000000   -0.0192862738    0.0005758881
   -7.5900000000   -0.0193966519    0.0005742022
   -7.5800000000   -0.0195079118    0.0005725228
   -7.5700000000   -0.0196200901    0.0005708498
   -7.5600000000   -0.0197332252    0.0005691831
   -7.5500000000   -0.0198473577    0.0005675228
   -7.5400000000   -0.0199625303    0.0005658688
   -7.5300000000   -0.0200787878    0.0005642210
   -7.5200000000   -0.0201961776    0.0005625794
   -7.5100000000   -0.0203147497    0.0005609440
   -7.4000000000   -0.0217029046    0.0000000000
   -7.3900000000   -0.0218408764    0.0000000000
   -7.3800000000   -0.0219810268    0.0000000000
   -7.3700000000   -0.0221234716    0.0000000000
   -7.3600000000   -0.0222683343    0.0000000000
   -7.3500000000   -0.0224157475    0.0000000000
   -7.3400000000   -0.0225658533    0.0000000000
   -7.3300000000   -0.0227188039    0.0000000000
   -7.3200000000   -0.0228747636    0.0000000000
   -7.3100000000   -0.0230339086    0.0000000000
   -7.3000000000   -0.0231964292    0.0000000000
   -7.2900000000   -0.0233625309    0.0000000000
   -7.2800000000   -0.0231653378   -0.0005212934
   -7.2700000000   -0.0232939174   -0.0005780458
   -7.2600000000   -0.0234231138   -0.0006378932
   -7.2500000000   -0.0235529112   -0.0007009441
   -7.2400000000   -0.0236832826   -0.0007673196
   -7.2300000000   -0.0238141900   -0.0008371531
   -7.2200000000   -0.0239455833   -0.0009105906
   -7.2100000000   -0.0240773998   -0.0009877896
   -7.2000000000   -0.0242095624   -0.0010689198
   -7.1900000000   -0.0243419785   -0.0011541622
   -7.1800000000   -0.0244745386   -0.0012437089
   -7.1700000000   -0.0246071142   -0.0013377627
   -7.1600000000   -0.0247395560   -0.0014365367
   -7.1500000000   -0.0248716918   -0.0015402533
   -7.1400000000   -0.0250033243   -0.0016491436
   -7.1300000000   -0.0251342281   -0.0017634457
   -7.1200000000   -0.0252641472   -0.0018834036
   -7.1100000000   -0.0253927922   -0.0020092654
   -7.1000000000   -0.0255198371   -0.0021412805
   -7.0900000000   -0.0256449158   -0.0022796971
   -7.0800000000   -0.0257676192   -0.0024247587
   -7.0700000000   -0.0258874913   -0.0025766998
   -7.0600000000   -0.0260040266   -0.0027357409
   -7.0500000000   -0.0261166662   -0.0029020833
   -7.0400000000   -0.0262247956   -0.0030759012
   -7.0300000000   -0.0263277419   -0.0032573349
   -7.0200000000   -0.0264247722   -0.0034464813
   -7.0100000000   -0.0265150930   -0.0036433838
   -7.0000000000   -0.0265978504   -0.0038480211
   -6.9900000000   -0.0266721322   -0.0040602947
   -6.9800000000   -0.0267369719   -0.0042800156
   -6.9700000000   -0.0267913548   -0.0045068897
   -6.9600000000   -0.0268342270   -0.0047405038
   -6.9500000000   -0.0268645075   -0.0049803098
   -6.9400000000   -0.0268811039   -0.0052256111
   -6.9300000000   -0.0268829314   -0.0054755494
   -6.9200000000   -0.0268689367   -0.0057290932
   -6.9100000000   -0.0268381245   -0.0059850305
   -6.9000000000   -0.0267895892   -0.0062419647
   -6.8900000000   -0.0267225482   -0.0064983161
   -6.8800000000   -0.0266363781   -0.0067523306
   -6.8700000000   -0.0265306522   -0.0070020947
   -6.8600000000   -0.0264051762   -0.0072455594
   -6.8500000000   -0.0262600222   -0.0074805733
   -6.8400000000   -0.0260955569   -0.0077049228
   -6.8300000000   -0.0259124630   -0.0079163810
   -6.8200000000   -0.0257117515   -0.0081127627
   -6.8100000000   -0.0254947619   -0.0082919831
   -6.8000000000   -0.0252631502   -0.0084521185
   -6.7900000000   -0.0250188642   -0.0085914647
   -6.7800000000   -0.0247641051   -0.0087085908
   -6.7700000000   -0.0245012782   -0.0088023846
   -6.7600000000   -0.0242329337   -0.0088720866
   -6.7500000000   -0.0239617022   -0.0089173110
   -6.7400000000   -0.0236902258   -0.0089380525
   -6.7300000000   -0.0234210915   -0.0089346782
   -6.7200000000   -0.0231567679   -0.0089079058
   -6.7100000000   -0.0228995493   -0.0088587700
   -6.7000000000   -0.0226515104   -0.0087885789
   -6.6900000000   -0.0224144712   -0.0086988648
   -6.6800000000   -0.0221899748   -0.0085913302
   -6.6700000000   -0.0219792758   -0.0084677945
   -6.6600000000   -0.0217833410   -0.0083301417
   -6.6500000000   -0.0216028583   -0.0081802723
   -6.6400000000   -0.0214382536   -0.0080200622
   -6.6300000000   -0.0212897140   -0.0078513258
   -6.6200000000   -0.0211572137   -0.0076757886
   -6.6100000000   -0.0210405434   -0.0074950650
   -6.6000000000   -0.0209393388   -0.0073106435
   -6.5900000000   -0.0208531100   -0.0071238776
   -6.5800000000   -0.0207812679   -0.0069359819
   -6.5700000000   -0.0207231496   -0.0067480321
   -6.5600000000   -0.0206780401   -0.0065609690
   -6.5500000000   -0.0206451921   -0.0063756042
   -6.5400000000   -0.0206238425   -0.0061926285
   -6.5300000000   -0.0206132260   -0.0060126210
   -6.5200000000   -0.0206125864   -0.0058360586
   -6.5100000000   -0.0206211858   -0.0056633265
   -6.5000000000   -0.0206383108   -0.0054947278
   -6.4900000000   -0.0206632783   -0.0053304930
   -6.4800000000   -0.0206954383   -0.0051707896
   -6.4700000000   -0.0207341765   -0.0050157299
   -6.4600000000   -0.0207789156   -0.0048653793
   -6.4500000000   -0.0208291154   -0.0047197630
   -6.4400000000   -0.0208842722   -0.0045788721
   -6.4300000000   -0.0209439189   -0.0044426700
   -6.4200000000   -0.0210076228   -0.0043110964
   -6.4100000000   -0.0210749846   -0.0041840725
   -6.4000000000   -0.0211456367   -0.0040615041
   -6.3900000000   -0.0212192416   -0.0039432852
   -6.3800000000   -0.0212954895   -0.0038293009
   -6.3700000000   -0.0213740971   -0.0037194295
   -6.3600000000   -0.0214548054   -0.0036135448
   -6.3500000000   -0.0215373782   -0.0035115175
   -6.3400000000   -0.0216216001   -0.0034132170
   -6.3300000000   -0.0217072750   -0.0033185125
   -6.3200000000   -0.0217942247   -0.0032272736
   -6.3100000000   -0.0218822874   -0.0031393715
   -6.3000000000   -0.0219713160   -0.0030546797
   -6.2900000000   -0.0220611775   -0.0029730741
   -6.2800000000   -0.0221517510   -0.0028944337
   -6.2700000000   -0.0222429275   -0.0028186408
   -6.2600000000   -0.0223346083   -0.0027455813
   -6.2500000000   -0.0224267040   -0.0026751448
   -6.2400000000   -0.0225191343   -0.0026072245
   -6.2300000000   -0.0226118266   -0.0025417176
   -6.2200000000   -0.0227047154   -0.0024785253
   -6.2100000000   -0.0227977421   -0.0024175522
   -6.2000000000   -0.0228908536   -0.0023587070
   -6.1900000000   -0.0229840026   -0.0023019021
   -6.1800000000   -0.0230771466   -0.0022470534
   -6.1700000000   -0.0231702474   -0.0021940804
   -6.1600000000   -0.0232632711   -0.0021429060
   -6.1500000000   -0.0233561874   -0.0020934565
   -6.1400000000   -0.0234489693   -0.0020456613
   -6.1300000000   -0.0235415928   -0.0019994531
   -6.1200000000   -0.0236340366   -0.0019547673
   -6.1100000000   -0.0237262822   -0.0019115424
   -6.1000000000   -0.0238183131   -0.0018697194
   -6.0900000000   -0.0239101147   -0.0018292423
   -6.0800000000   -0.0240016747   -0.0017900572
   -6.0700000000   -0.0240929820   -0.0017521129
   -6.0600000000   -0.0241840273   -0.0017153604
   -6.0500000000   -0.0242748027   -0.0016797528
   -6.0400000000   -0.0243653013   -0.0016452455
   -6.0300000000   -0.0244555175   -0.0016117958
   -6.0200000000   -0.0245454467   -0.0015793627
   -6.0100000000   -0.0246350852   -0.0015479074
   -6.0000000000   -0.0247244301   -0.0015173926
   -5.9900000000   -0.0248134793   -0.0014877827
   -5.9800000000   -0.0249022312   -0.0014590436
   -5.9700000000   -0.0249906850   -0.0014311429
   -5.9600000000   -0.0250788404   -0.0014040493
   -5.9500000000   -0.0251666974   -0.0013777331
   -5.9400000000   -0.0252542567   -0.0013521659
   -5.9300000000   -0.0253415192   -0.0013273204
   -5.9200000000   -0.0254284863   -0.0013031706
   -5.9100000000   -0.0255151594   -0.0012796914
   -5.9000000000   -0.0256015406   -0.0012568591
   -5.8900000000   -0.0256876318   -0.0012346508
   -5.8800000000   -0.0257734355   -0.0012130445
   -5.8700000000   -0.0258589542   -0.0011920193
   -5.8600000000   -0.0259441906   -0.0011715550
   -5.8500000000   -0.0260291474   -0.0011516323
   -5.8400000000   -0.0261138276   -0.0011322328
   -5.8300000000   -0.0261982343   -0.0011133388
   -5.8200000000   -0.0262823706   -0.0010949332
   -5.8100000000   -0.0263662397   -0.0010769998
   -5.8000000000   -0.0264498449   -0.0010595228
   -5.7900000000   -0.0265331895   -0.0010424873
   -5.7800000000   -0.0266162769   -0.0010258787
   -5.7700000000   -0.0266991105   -0.0010096834
   -5.7600000000   -0.0267816937   -0.0009938878
   -5.7500000000   -0.0268640298   -0.0009784793
   -5.7400000000   -0.0269461225   -0.0009634455
   -5.7300000000   -0.0270279750   -0.0009487747
   -5.7200000000   -0.0271095909   -0.0009344554
   -5.7100000000   -0.0271909735   -0.0009204767
   -5.7000000000   -0.0272721263   -0.0009068281
   -5.6900000000   -0.0273530526   -0.0008934994
   -5.6800000000   -0.0274337558   -0.0008804810
   -5.6700000000   -0.0275142393   -0.0008677634
   -5.6600000000   -0.0275945063   -0.0008553376
   -5.6500000000   -0.0276745602   -0.0008431949
   -5.6400000000   -0.0277544042   -0.0008313269
   -5.6300000000   -0.0278340414   -0.0008197256
   -5.6200000000   -0.0279134752   -0.0008083831
   -5.6100000000   -0.0279927086   -0.0007972919
   -5.6000000000   -0.0280717447   -0.0007864447
   -5.5900000000   -0.0281505866   -0.0007758347
   -5.5800000000   -0.0282292374   -0.0007654550
   -5.5700000000   -0.0283076999   -0.0007552992
   -5.5600000000   -0.0283859771   -0.0007453609
   -5.5500000000   -0.0284640720   -0.0007356342
   -5.5400000000   -0.0285419874   -0.0007261130
   -5.5300000000   -0.0286197261   -0.0007167919
   -5.5200000000   -0.0286972908   -0.0007076653
   -5.5100000000   -0.0287746844   -0.0006987280
   -5.5000000000   -0.0288519094   -0.0006899748
   -5.4900000000   -0.0289289686   -0.0006814008
   -5.4800000000   -0.0290058645   -0.0006730013
   -5.4700000000   -0.0290825997   -0.0006647716
   -5.4600000000   -0.0291591767   -0.0006567072
   -5.4500000000   -0.0292355980   -0.0006488040
   -5.4400000000   -0.0293118659   -0.0006410576
   -5.4300000000   -0.0293879830   -0.0006334640
   -5.4200000000   -0.0294639516   -0.0006260194
   -5.4100000000   -0.0295397739   -0.0006187198
   -5.4000000000   -0.0296154524   -0.0006115618
   -5.3900000000   -0.0296909891   -0.0006045416
   -5.3800000000   -0.0297663863   -0.0005976560
   -5.3700000000   -0.0298416461   -0.0005909014
   -5.3600000000   -0.0299167708   -0.0005842747
   -5.3500000000   -0.0299917623   -0.0005777728
   -5.3400000000   -0.0300666228   -0.0005713926
   -5.3300000000   -0.0301413542   -0.0005651312
   -5.3200000000   -0.0302159585   -0.0005589857
   -5.3100000000   -0.0302904377   -0.0005529533
   -5.3000000000   -0.0303647938   -0.0005470314
   -5.2900000000   -0.0304390285   -0.0005412172
   -5.2800000000   -0.0305131438   -0.0005355084
   -5.2700000000   -0.0305871414   -0.0005299025
   -5.2600000000   -0.0306610231   -0.0005243970
   -5.2500000000   -0.0307347908   -0.0005189896
   -5.2400000000   -0.0308084461   -0.0005136781
   -5.2300000000   -0.0308819908   -0.0005084603
   -5.2200000000   -0.0309554264   -0.0005033340
   -5.2100000000   -0.0310287547   -0.0004982973
   -5.2000000000   -0.0311019773   -0.0004933481
   -5.1900000000   -0.0311750957   -0.0004884844
   -5.1800000000   -0.0312481116   -0.0004837043
   -5.1700000000   -0.0313210264   -0.0004790061
   -5.1600000000   -0.0313938416   -0.0004743879
   -5.1500000000   -0.0314665588   -0.0004698479
   -5.1400000000   -0.0315391794   -0.0004653845
   -5.1300000000   -0.0316117048   -0.0004609961
   -5.1200000000   -0.0316841365   -0.0004566809
   -5.1100000000   -0.0317564758   -0.0004524375
   -5.1000000000   -0.0318287241   -0.0004482644
   -5.0900000000   -0.0319008828   -0.0004441600
   -5.0800000000   -0.0319729531   -0.0004401230
   -5.0700000000   -0.0320449364   -0.0004361518
   -5.0600000000   -0.0321168340   -0.0004322452
   -5.0500000000   -0.0321886470   -0.0004284018
   -5.0400000000   -0.0322603768   -0.0004246203
   -5.0300000000   -0.0323320246   -0.0004208995
   -5.0200000000   -0.0324035915   -0.0004172381
   -5.0100000000   -0.0324750788   -0.0004136350
   -5.0000000000   -0.0325464875   -0.0004100889
   -4.9900000000   -0.0326178190   -0.0004065987
   -4.9800000000   -0.0326890742   -0.0004031634
   -4.9700000000   -0.0327602542   -0.0003997817
   -4.9600000000   -0.0328313603   -0.0003964528
   -4.9500000000   -0.0329023934   -0.0003931755
   -4.9400000000   -0.0329733547   -0.0003899488
   -4.9300000000   -0.0330442450   -0.0003867718
   -4.9200000000   -0.0331150656   -0.0003836435
   -4.9100000000   -0.0331858174   -0.0003805630
   -4.9000000000   -0.0332565013   -0.0003775294
   -4.8900000000   -0.0333271185   -0.0003745418
   -4.8800000000   -0.0333976697   -0.0003715992
   -4.8700000000   -0.0334681561   -0.0003687010
   -4.8600000000   -0.0335385785   -0.0003658461
   -4.8500000000   -0.0336089379   -0.0003630340
   -4.8400000000   -0.0336792351   -0.0003602636
   -4.8300000000   -0.0337494711   -0.0003575344
   -4.8200000000   -0.0338196467   -0.0003548455
   -4.8100000000   -0.0338897629   -0.0003521962
   -4.8000000000   -0.0339598205   -0.0003495858
   -4.7900000000   -0.0340298204   -0.0003470136
   -4.7800000000   -0.0340997633   -0.0003444788
   -4.7700000000   -0.0341696501   -0.0003419810
   -4.7600000000   -0.0342394816   -0.0003395193
   -4.7500000000   -0.0343092587   -0.0003370931
   -4.7400000000   -0.0343789821   -0.0003347019
   -4.7300000000   -0.0344486526   -0.0003323450
   -4.7200000000   -0.0345182710   -0.0003300218
   -4.7100000000   -0.0345878380   -0.0003277318
   -4.7000000000   -0.0346573544   -0.0003254743
   -4.6900000000   -0.0347268209   -0.0003232488
   -4.6800000000   -0.0347962383   -0.0003210548
   -4.6700000000   -0.0348656073   -0.0003188917
   -4.6600000000   -0.0349349286   -0.0003167591
   -4.6500000000   -0.0350042029   -0.0003146563
   -4.6400000000   -0.0350734309   -0.0003125830
   -4.6300000000   -0.0351426133   -0.0003105386
   -4.6200000000   -0.0352117508   -0.0003085226
   -4.6100000000   -0.0352808440   -0.0003065346
   -4.6000000000   -0.0353498936   -0.0003045741
   -4.5900000000   -0.0354189002   -0.0003026406
   -4.5800000000   -0.0354878646   -0.0003007338
   -4.5700000000   -0.0355567873   -0.0002988532
   -4.5600000000   -0.0356256689   -0.0002969984
   -4.5500000000   -0.0356945102   -0.0002951690
   -4.5400000000   -0.0357633116   -0.0002933645
   -4.5300000000   -0.0358320739   -0.0002915846
   -4.5200000000   -0.0359007976   -0.0002898288
   -4.5100000000   -0.0359694833   -0.0002880969
   -4.5000000000   -0.0360381316   -0.0002863884
   -4.4900000000   -0.0361067431   -0.0002847030
   -4.4800000000   -0.0361753183   -0.0002830403
   -4.4700000000   -0.0362438579   -0.0002814000
   -4.4600000000   -0.0363123624   -0.0002797817
   -4.4500000000   -0.0363808323   -0.0002781852
   -4.4400000000   -0.0364492682   -0.0002766099
   -4.4300000000   -0.0365176706   -0.0002750558
   -4.4200000000   -0.0365860401   -0.0002735223
   -4.4100000000   -0.0366543772   -0.0002720093
   -4.4000000000   -0.0367226825   -0.0002705164
   -4.3900000000   -0.0367909564   -0.0002690433
   -4.3800000000   -0.0368591995   -0.0002675898
   -4.3700000000   -0.0369274123   -0.0002661555
   -4.3600000000   -0.0369955953   -0.0002647401
   -4.3500000000   -0.0370637489   -0.0002633435
   -4.3400000000   -0.0371318738   -0.0002619653
   -4.3300000000   -0.0371999703   -0.0002606053
   -4.3200000000   -0.0372680390   -0.0002592631
   -4.3100000000   -0.0373360804   -0.0002579386
   -4.3000000000   -0.0374040948   -0.0002566316
   -4.2900000000   -0.0374720829   -0.0002553416
   -4.2800000000   -0.0375400451   -0.0002540686
   -4.2700000000   -0.0376079817   -0.0002528123
   -4.2600000000   -0.0376758934   -0.0002515724
   -4.2500000000   -0.0377437805   -0.0002503488
   -4.2400000000   -0.0378116435   -0.0002491412
   -4.2300000000   -0.0378794829   -0.0002479493
   -4.2200000000   -0.0379472990   -0.0002467731
   -4.2100000000   -0.0380150923   -0.0002456122
   -4.2000000000   -0.0380828634   -0.0002444664
   -4.1900000000   -0.0381506125   -0.0002433357
   -4.1800000000   -0.0382183401   -0.0002422196
   -4.1700000000   -0.0382860467   -0.0002411182
   -4.1600000000   -0.0383537326   -0.0002400311
   -4.1500000000   -0.0384213984   -0.0002389582
   -4.1400000000   -0.0384890443   -0.0002378993
   -4.1300000000   -0.0385566708   -0.0002368543
   -4.1200000000   -0.0386242784   -0.0002358228
   -4.1100000000   -0.0386918674   -0.0002348049
   -4.1000000000   -0.0387594382   -0.0002338003
   -4.0900000000   -0.0388269912   -0.0002328087
   -4.0800000000   -0.0388945269   -0.0002318302
   -4.0700000000   -0.0389620455   -0.0002308645
   -4.0600000000   -0.0390295475   -0.0002299114
   -4.0500000000   -0.0390970334   -0.0002289708
   -4.0400000000   -0.0391645034   -0.0002280425
   -4.0300000000   -0.0392319579   -0.0002271264
   -4.0200000000   -0.0392993974   -0.0002262224
   -4.0100000000   -0.0393668222   -0.0002253302
   -4.0000000000   -0.0394342326   -0.0002244498
   -3.9900000000   -0.0395016291   -0.0002235810
   -3.9800000000   -0.0395690120   -0.0002227237
   -3.9700000000   -0.0396363817   -0.0002218777
   -3.9600000000   -0.0397037385   -0.0002210430
   -3.9500000000   -0.0397710829   -0.0002202193
   -3.9400000000   -0.0398384151   -0.0002194065
   -3.9300000000   -0.0399057355   -0.0002186045
   -3.9200000000   -0.0399730445   -0.0002178133
   -3.9100000000   -0.0400403424   -0.0002170326
   -3.9000000000   -0.0401076295   -0.0002162624
   -3.8900000000   -0.0401749063   -0.0002155025
   -3.8800000000   -0.0402421731   -0.0002147528
   -3.8700000000   -0.0403094301   -0.0002140132
   -3.8600000000   -0.0403766779   -0.0002132837
   -3.8500000000   -0.0404439166   -0.0002125640
   -3.8400000000   -0.0405111466   -0.0002118541
   -3.8300000000   -0.0405783683   -0.0002111538
   -3.8200000000   -0.0406455820   -0.0002104631
   -3.8100000000   -0.0407127880   -0.0002097819
   -3.8000000000   -0.0407799866   -0.0002091100
   -3.7900000000   -0.0408471783   -0.0002084474
   -3.7800000000   -0.0409143633   -0.0002077940
   -3.7700000000   -0.0409815419   -0.0002071496
   -3.7600000000   -0.0410487144   -0.0002065142
   -3.7500000000   -0.0411158813   -0.0002058877
   -3.7400000000   -0.0411830428   -0.0002052700
   -3.7300000000   -0.0412501991   -0.0002046610
   -3.7200000000   -0.0413173508   -0.0002040606
   -3.7100000000   -0.0413844980   -0.0002034687
   -3.7000000000   -0.0414516410   -0.0002028853
   -3.6900000000   -0.0415187803   -0.0002023102
   -3.6800000000   -0.0415859160   -0.0002017434
   -3.6700000000   -0.0416530485   -0.0002011848
   -3.6600000000   -0.0417201782   -0.0002006344
   -3.6500000000   -0.0417873053   -0.0002000919
   -3.6400000000   -0.0418544301   -0.0001995575
   -3.6300000000   -0.0419215530   -0.0001990309
   -3.6200000000   -0.0419886742   -0.0001985121
   -3.6100000000   -0.0420557941   -0.0001980011
   -3.6000000000   -0.0421229129   -0.0001974977
   -3.5900000000   -0.0421900309   -0.0001970020
   -3.5800000000   -0.0422571485   -0.0001965137
   -3.5700000000   -0.0423242660   -0.0001960330
   -3.5600000000   -0.0423913836   -0.0001955596
   -3.5500000000   -0.0424585016   -0.0001950935
   -3.5400000000   -0.0425256204   -0.0001946348
   -3.5300000000   -0.0425927403   -0.0001941832
   -3.5200000000   -0.0426598614   -0.0001937388
   -3.5100000000   -0.0427269842   -0.0001933014
   -3.5000000000   -0.0427941089   -0.0001928711
   -3.4900000000   -0.0428612358   -0.0001924477
   -3.4800000000   -0.0429283652   -0.0001920312
   -3.4700000000   -0.0429954974   -0.0001916215
   -3.4600000000   -0.0430626326   -0.0001912187
   -3.4500000000   -0.0431297713   -0.0001908226
   -3.4400000000   -0.0431969135   -0.0001904331
   -3.4300000000   -0.0432640598   -0.0001900503
   -3.4200000000   -0.0433312102   -0.0001896740
   -3.4100000000   -0.0433983652   -0.0001893043
   -3.4000000000   -0.0434655249   -0.0001889411
   -3.3900000000   -0.0435326898   -0.0001885842
   -3.3800000000   -0.0435998600   -0.0001882337
   -3.3700000000   -0.0436670358   -0.0001878896
   -3.3600000000   -0.0437342176   -0.0001875517
   -3.3500000000   -0.0438014056   -0.0001872201
   -3.3400000000   -0.0438686001   -0.0001868946
   -3.3300000000   -0.0439358014   -0.0001865753
   -3.3200000000   -0.0440030097   -0.0001862620
   -3.3100000000   -0.0440702253   -0.0001859549
   -3.3000000000   -0.0441374486   -0.0001856537
   -3.2900000000   -0.0442046798   -0.0001853585
   -3.2800000000   -0.0442719192   -0.0001850692
   -3.2700000000   -0.0443391670   -0.0001847858
   -3.2600000000   -0.0444064235   -0.0001845083
   -3.2500000000   -0.0444736890   -0.0001842365
   -3.2400000000   -0.0445409639   -0.0001839706
   -3.2300000000   -0.0446082483   -0.0001837103
   -3.2200000000   -0.0446755425   -0.0001834558
   -3.2100000000   -0.0447428468   -0.0001832069
   -3.2000000000   -0.0448101616   -0.0001829637
   -3.1900000000   -0.0448774870   -0.0001827260
   -3.1800000000   -0.0449448234   -0.0001824940
   -3.1700000000   -0.0450121709   -0.0001822674
   -3.1600000000   -0.0450795300   -0.0001820463
   -3.1500000000   -0.0451469009   -0.0001818307
   -3.1400000000   -0.0452142838   -0.0001816205
   -3.1300000000   -0.0452816790   -0.0001814157
   -3.1200000000   -0.0453490868   -0.0001812163
   -3.1100000000   -0.0454165075   -0.0001810222
   -3.1000000000   -0.0454839413   -0.0001808335
   -3.0900000000   -0.0455513886   -0.0001806500
   -3.0800000000   -0.0456188496   -0.0001804717
   -3.0700000000   -0.0456863245   -0.0001802987
   -3.0600000000   -0.0457538137   -0.0001801309
   -3.0500000000   -0.0458213173   -0.0001799683
   -3.0400000000   -0.0458888358   -0.0001798109
   -3.0300000000   -0.0459563694   -0.0001796585
   -3.0200000000   -0.0460239183   -0.0001795113
   -3.0100000000   -0.0460914828   -0.0001793691
   -3.0000000000   -0.0461590632   -0.0001792320
   -2.9900000000   -0.0462266598   -0.0001790999
   -2.9800000000   -0.0462942728   -0.0001789729
   -2.9700000000   -0.0463619026   -0.0001788508
   -2.9600000000   -0.0464295493   -0.0001787337
   -2.9500000000   -0.0464972133   -0.0001786215
   -2.9400000000   -0.0465648949   -0.0001785143
   -2.9300000000   -0.0466325942   -0.0001784120
   -2.9200000000   -0.0467003117   -0.0001783146
   -2.9100000000   -0.0467680476   -0.0001782220
   -2.9000000000   -0.0468358021   -0.0001781343
   -2.8900000000   -0.0469035755   -0.0001780514
   -2.8800000000   -0.0469713681   -0.0001779734
   -2.8700000000   -0.0470391802   -0.0001779002
   -2.8600000000   -0.0471070121   -0.0001778317
   -2.8500000000   -0.0471748640   -0.0001777680
   -2.8400000000   -0.0472427362   -0.0001777091
   -2.8300000000   -0.0473106290   -0.0001776549
   -2.8200000000   -0.0473785427   -0.0001776055
   -2.8100000000   -0.0474464776   -0.0001775607
   -2.8000000000   -0.0475144338   -0.0001775207
   -2.7900000000   -0.0475824118   -0.0001774853
   -2.7800000000   -0.0476504118   -0.0001774547
   -2.7700000000   -0.0477184340   -0.0001774287
   -2.7600000000   -0.0477864789   -0.0001774073
   -2.7500000000   -0.0478545465   -0.0001773906
   -2.7400000000   -0.0479226373   -0.0001773785
   -2.7300000000   -0.0479907514   -0.0001773710
   -2.7200000000   -0.0480588893   -0.0001773682
   -2.7100000000   -0.0481270511   -0.0001773699
   -2.7000000000   -0.0481952372   -0.0001773763
   -2.6900000000   -0.0482634478   -0.0001773872
   -2.6800000000   -0.0483316833   -0.0001774027
   -2.6700000000   -0.0483999438   -0.0001774228
   -2.6600000000   -0.0484682298   -0.0001774475
   -2.6500000000   -0.0485365414   -0.0001774767
   -2.6400000000   -0.0486048790   -0.0001775104
   -2.6300000000   -0.0486732429   -0.0001775487
   -2.6200000000   -0.0487416334   -0.0001775915
   -2.6100000000   -0.0488100506   -0.0001776389
   -2.6000000000   -0.0488784951   -0.0001776908
   -2.5900000000   -0.0489469669   -0.0001777472
   -2.5800000000   -0.0490154665   -0.0001778082
   -2.5700000000   -0.0490839940   -0.0001778736
   -2.5600000000   -0.0491525499   -0.0001779436
   -2.5500000000   -0.0492211344   -0.0001780181
   -2.5400000000   -0.0492897478   -0.0001780971
   -2.5300000000   -0.0493583903   -0.0001781806
   -2.5200000000   -0.0494270624   -0.0001782686
   -2.5100000000   -0.0494957642   -0.0001783611
   -2.5000000000   -0.0495644962   -0.0001784581
   -2.4900000000   -0.0496332585   -0.0001785597
   -2.4800000000   -0.0497020515   -0.0001786657
   -2.4700000000   -0.0497708754   -0.0001787762
   -2.4600000000   -0.0498397307   -0.0001788913
   -2.4500000000   -0.0499086176   -0.0001790108
   -2.4400000000   -0.0499775364   -0.0001791349
   -2.4300000000   -0.0500464873   -0.0001792635
   -2.4200000000   -0.0501154708   -0.0001793965
   -2.4100000000   -0.0501844871   -0.0001795341
   -2.4000000000   -0.0502535365   -0.0001796763
   -2.3900000000   -0.0503226194   -0.0001798229
   -2.3800000000   -0.0503917360   -0.0001799741
   -2.3700000000   -0.0504608867   -0.0001801298
   -2.3600000000   -0.0505300717   -0.0001802901
   -2.3500000000   -0.0505992914   -0.0001804548
   -2.3400000000   -0.0506685461   -0.0001806242
   -2.3300000000   -0.0507378362   -0.0001807981
   -2.3200000000   -0.0508071618   -0.0001809765
   -2.3100000000   -0.0508765234   -0.0001811596
   -2.3000000000   -0.0509459213   -0.0001813472
   -2.2900000000   -0.0510153558   -0.0001815394
   -2.2800000000   -0.0510848272   -0.0001817361
   -2.2700000000   -0.0511543358   -0.0001819375
   -2.2600000000   -0.0512238820   -0.0001821435
   -2.2500000000   -0.0512934661   -0.0001823541
   -2.2400000000   -0.0513630884   -0.0001825693
   -2.2300000000   -0.0514327492   -0.0001827892
   -2.2200000000   -0.0515024489   -0.0001830137
   -2.2100000000   -0.0515721878   -0.0001832429
   -2.2000000000   -0.0516419663   -0.0001834768
   -2.1900000000   -0.0517117846   -0.0001837153
   -2.1800000000   -0.0517816431   -0.0001839585
   -2.1700000000   -0.0518515422   -0.0001842065
   -2.1600000000   -0.0519214822   -0.0001844591
   -2.1500000000   -0.0519914634   -0.0001847165
   -2.1400000000   -0.0520614861   -0.0001849786
   -2.1300000000   -0.0521315508   -0.0001852455
   -2.1200000000   -0.0522016577   -0.0001855172
   -2.1100000000   -0.0522718072   -0.0001857937
   -2.1000000000   -0.0523419997   -0.0001860750
   -2.0900000000   -0.0524122355   -0.0001863611
   -2.0800000000   -0.0524825149   -0.0001866520
   -2.0700000000   -0.0525528384   -0.0001869478
   -2.0600000000   -0.0526232061   -0.0001872485
   -2.0500000000   -0.0526936186   -0.0001875541
   -2.0400000000   -0.0527640762   -0.0001878645
   -2.0300000000   -0.0528345792   -0.0001881799
   -2.0200000000   -0.0529051280   -0.0001885003
   -2.0100000000   -0.0529757230   -0.0001888256
   -2.0000000000   -0.0530463645   -0.0001891559
   -1.9900000000   -0.0531170529   -0.0001894912
   -1.9800000000   -0.0531877885   -0.0001898316
   -1.9700000000   -0.0532585718   -0.0001901770
   -1.9600000000   -0.0533294031   -0.0001905274
   -1.9500000000   -0.0534002827   -0.0001908830
   -1.9400000000   -0.0534712112   -0.0001912437
   -1.9300000000   -0.0535421887   -0.0001916095
   -1.9200000000   -0.0536132158   -0.0001919805
   -1.9100000000   -0.0536842928   -0.0001923567
   -1.9000000000   -0.0537554200   -0.0001927380
   -1.8900000000   -0.0538265980   -0.0001931247
   -1.8800000000   -0.0538978270   -0.0001935166
   -1.8700000000   -0.0539691074   -0.0001939137
   -1.8600000000   -0.0540404397   -0.0001943162
   -1.8500000000   -0.0541118243   -0.0001947241
   -1.8400000000   -0.0541832614   -0.0001951373
   -1.8300000000   -0.0542547517   -0.0001955559
   -1.8200000000   -0.0543262954   -0.0001959800
   -1.8100000000   -0.0543978929   -0.0001964095
   -1.8000000000   -0.0544695447   -0.0001968445
   -1.7900000000   -0.0545412512   -0.0001972850
   -1.7800000000   -0.0546130127   -0.0001977310
   -1.7700000000   -0.0546848298   -0.0001981827
   -1.7600000000   -0.0547567027   -0.0001986400
   -1.7500000000   -0.0548286320   -0.0001991029
   -1.7400000000   -0.0549006181   -0.0001995715
   -1.7300000000   -0.0549726613   -0.0002000458
   -1.7200000000   -0.0550447622   -0.0002005258
   -1.7100000000   -0.0551169211   -0.0002010117
   -1.7000000000   -0.0551891384   -0.0002015034
   -1.6900000000   -0.0552614147   -0.0002020009
   -1.6800000000   -0.0553337504   -0.0002025043
   -1.6700000000   -0.0554061458   -0.0002030136
   -1.6600000000   -0.0554786014   -0.0002035290
   -1.6500000000   -0.0555511178   -0.0002040503
   -1.6400000000   -0.0556236953   -0.0002045777
   -1.6300000000   -0.0556963343   -0.0002051111
   -1.6200000000   -0.0557690355   -0.0002056507
   -1.6100000000   -0.0558417991   -0.0002061965
   -1.6000000000   -0.0559146256   -0.0002067485
   -1.5900000000   -0.0559875157   -0.0002073067
   -1.5800000000   -0.0560604696   -0.0002078712
   -1.5700000000   -0.0561334878   -0.0002084421
   -1.5600000000   -0.0562065710   -0.0002090194
   -1.5500000000   -0.0562797194   -0.0002096031
   -1.5400000000   -0.0563529336   -0.0002101932
   -1.5300000000   -0.0564262142   -0.0002107899
   -1.5200000000   -0.0564995615   -0.0002113932
   -1.5100000000   -0.0565729761   -0.0002120031
   -1.5000000000   -0.0566464584   -0.0002126197
   -1.4900000000   -0.0567200090   -0.0002132430
   -1.4800000000   -0.0567936284   -0.0002138731
   -1.4700000000   -0.0568673170   -0.0002145100
   -1.4600000000   -0.0569410754   -0.0002151537
   -1.4500000000   -0.0570149041   -0.0002158044
   -1.4400000000   -0.0570888036   -0.0002164621
   -1.4300000000   -0.0571627745   -0.0002171269
   -1.4200000000   -0.0572368171   -0.0002177987
   -1.4100000000   -0.0573109322   -0.0002184777
   -1.4000000000   -0.0573851202   -0.0002191639
   -1.3900000000   -0.0574593816   -0.0002198573
   -1.3800000000   -0.0575337170   -0.0002205581
   -1.3700000000   -0.0576081270   -0.0002212663
   -1.3600000000   -0.0576826120   -0.0002219820
   -1.3500000000   -0.0577571726   -0.0002227051
   -1.3400000000   -0.0578318095   -0.0002234358
   -1.3300000000   -0.0579065231   -0.0002241742
   -1.3200000000   -0.0579813140   -0.0002249203
   -1.3100000000   -0.0580561828   -0.0002256741
   -1.3000000000   -0.0581311300   -0.0002264358
   -1.2900000000   -0.0582061563   -0.0002272054
   -1.2800000000   -0.0582812622   -0.0002279829
   -1.2700000000   -0.0583564484   -0.0002287685
   -1.2600000000   -0.0584317153   -0.0002295622
   -1.2500000000   -0.0585070636   -0.0002303641
   -1.2400000000   -0.0585824939   -0.0002311743
   -1.2300000000   -0.0586580068   -0.0002319928
   -1.2200000000   -0.0587336030   -0.0002328197
   -1.2100000000   -0.0588092830   -0.0002336551
   -1.2000000000   -0.0588850474   -0.0002344991
   -1.1900000000   -0.0589608969   -0.0002353517
   -1.1800000000   -0.0590368322   -0.0002362131
   -1.1700000000   -0.0591128538   -0.0002370833
   -1.1600000000   -0.0591889624   -0.0002379623
   -1.1500000000   -0.0592651587   -0.0002388503
   -1.1400000000   -0.0593414432   -0.0002397474
   -1.1300000000   -0.0594178167   -0.0002406536
   -1.1200000000   -0.0594942799   -0.0002415691
   -1.1100000000   -0.0595708333   -0.0002424939
   -1.1000000000   -0.0596474777   -0.0002434281
   -1.0900000000   -0.0597242138   -0.0002443718
   -1.0800000000   -0.0598010422   -0.0002453251
   -1.0700000000   -0.0598779637   -0.0002462881
   -1.0600000000   -0.0599549789   -0.0002472610
   -1.0500000000   -0.0600320885   -0.0002482436
   -1.0400000000   -0.0601092933   -0.0002492363
   -1.0300000000   -0.0601865940   -0.0002502391
   -1.0200000000   -0.0602639913   -0.0002512521
   -1.0100000000   -0.0603414859   -0.0002522753
   -1.0000000000   -0.0604111551   -0.0004973341
   -0.9900000000   -0.0604887870   -0.0004996020
   -0.9800000000   -0.0605665179   -0.0005018860
   -0.9700000000   -0.0606443487   -0.0005041862
   -0.9600000000   -0.0607222802   -0.0005065028
   -0.9500000000   -0.0608003130   -0.0005088360
   -0.9400000000   -0.0608784480   -0.0005111859
   -0.9300000000   -0.0609566859   -0.0005135527
   -0.9200000000   -0.0610350275   -0.0005159365
   -0.9100000000   -0.0611134737   -0.0005183375
   -0.9000000000   -0.0611920253   -0.0005207559
   -0.8900000000   -0.0612706830   -0.0005231919
   -0.8800000000   -0.0613494476   -0.0005256455
   -0.8700000000   -0.0614283201   -0.0005281170
   -0.8600000000   -0.0615073012   -0.0005306066
   -0.8500000000   -0.0615863918   -0.0005331144
   -0.8400000000   -0.0616655927   -0.0005356406
   -0.8300000000   -0.0617449048   -0.0005381855
   -0.8200000000   -0.0618243290   -0.0005407491
   -0.8100000000   -0.0619038661   -0.0005433317
   -0.8000000000   -0.0619835170   -0.0005459335
   -0.7900000000   -0.0620632827   -0.0005485547
   -0.7800000000   -0.0621431640   -0.0005511955
   -0.7700000000   -0.0622231619   -0.0005538560
   -0.7600000000   -0.0623032772   -0.0005565365
   -0.7500000000   -0.0623835109   -0.0005592372
   -0.7400000000   -0.0624638640   -0.0005619583
   -0.7300000000   -0.0625443373   -0.0005647000
   -0.7200000000   -0.0626249319   -0.0005674625
   -0.7100000000   -0.0627056487   -0.0005702461
   -0.7000000000   -0.0627864888   -0.0005730510
   -0.6900000000   -0.0628674530   -0.0005758774
   -0.6800000000   -0.0629485425   -0.0005787256
   -0.6700000000   -0.0630297581   -0.0005815957
   -0.6600000000   -0.0631111010   -0.0005844880
   -0.6500000000   -0.0631925721   -0.0005874028
   -0.6400000000   -0.0632741726   -0.0005903403
   -0.6300000000   -0.0633559034   -0.0005933008
   -0.6200000000   -0.0634377657   -0.0005962845
   -0.6100000000   -0.0635197605   -0.0005992916
   -0.6000000000   -0.0636018889   -0.0006023225
   -0.5900000000   -0.0636841520   -0.0006053774
   -0.5800000000   -0.0637665510   -0.0006084566
   -0.5700000000   -0.0638490869   -0.0006115603
   -0.5600000000   -0.0639317608   -0.0006146889
   -0.5500000000   -0.0640145741   -0.0006178426
   -0.5400000000   -0.0640975277   -0.0006210217
   -0.5300000000   -0.0641806229   -0.0006242264
   -0.5200000000   -0.0642638609   -0.0006274572
   -0.5100000000   -0.0643472429   -0.0006307143
   -0.5000000000   -0.0644307701   -0.0006339980
   -0.4900000000   -0.0645144437   -0.0006373086
   -0.4800000000   -0.0645982650   -0.0006406465
   -0.4700000000   -0.0646822353   -0.0006440120
   -0.4600000000   -0.0647663557   -0.0006474053
   -0.4500000000   -0.0648506277   -0.0006508269
   -0.4400000000   -0.0649350525   -0.0006542770
   -0.4300000000   -0.0650196314   -0.0006577561
   -0.4200000000   -0.0651043658   -0.0006612645
   -0.4100000000   -0.0651892570   -0.0006648025
   -0.4000000000   -0.0652743064   -0.0006683705
   -0.3900000000   -0.0653595153   -0.0006719688
   -0.3800000000   -0.0654448853   -0.0006755979
   -0.3700000000   -0.0655304176   -0.0006792581
   -0.3600000000   -0.0656161138   -0.0006829499
   -0.3500000000   -0.0657019753   -0.0006866736
   -0.3400000000   -0.0657880035   -0.0006904295
   -0.3300000000   -0.0658742000   -0.0006942183
   -0.3200000000   -0.0659605662   -0.0006980401
   -0.3100000000   -0.0660471036   -0.0007018956
   -0.3000000000   -0.0661338139   -0.0007057850
   -0.2900000000   -0.0662206986   -0.0007097089
   -0.2800000000   -0.0663077593   -0.0007136677
   -0.2700000000   -0.0663949975   -0.0007176618
   -0.2600000000   -0.0664824149   -0.0007216917
   -0.2500000000   -0.0665700131   -0.0007257579
   -0.2400000000   -0.0666577939   -0.0007298609
   -0.2300000000   -0.0667457588   -0.0007340011
   -0.2200000000   -0.0668339097   -0.0007381791
   -0.2100000000   -0.0669222482   -0.0007423954
   -0.2000000000   -0.0670107761   -0.0007466504
   -0.1900000000   -0.0670994951   -0.0007509447
   -0.1800000000   -0.0671884071   -0.0007552788
   -0.1700000000   -0.0672775139   -0.0007596533
   -0.1600000000   -0.0673668173   -0.0007640688
   -0.1500000000   -0.0674563192   -0.0007685257
   -0.1400000000   -0.0675460215   -0.0007730248
   -0.1300000000   -0.0676359262   -0.0007775664
   -0.1200000000   -0.0677260352   -0.0007821514
   -0.1100000000   -0.0678163504   -0.0007867802
   -0.1000000000   -0.0679068738   -0.0007914535
   -0.0900000000   -0.0679976076   -0.0007961719
   -0.0800000000   -0.0680885537   -0.0008009361
   -0.0700000000   -0.0681797142   -0.0008057466
   -0.0600000000   -0.0682710913   -0.0008106043
   -0.0500000000   -0.0683626871   -0.0008155097
   -0.0400000000   -0.0684545038   -0.0008204636
   -0.0300000000   -0.0685465435   -0.0008254667
   -0.0200000000   -0.0686388086   -0.0008305196
   -0.0100000000   -0.0687313013   -0.0008356232
    0.0000000000   -0.0688240238   -0.0008407782
