      -20.0000000000            3.4494561218
      -19.9900000000            3.4205140496
      -19.9800000000            3.3862874192
      -19.9700000000            3.3472684005
      -19.9600000000            3.3039951835
      -19.9500000000            3.2570412892
      -19.9400000000            3.2070043190
      -19.9200000000            3.0812065072
      -19.9100000000            3.0256737058
      -19.9000000000            2.9694758447
      -19.8900000000            2.9131686007
      -19.8800000000            2.8572725495
      -19.8700000000            2.8022677509
      -19.8600000000            2.7485900092
      -19.8500000000            2.6966287837
      -19.8400000000            2.6467266545
      -19.8300000000            2.5991801779
      -19.8200000000            2.5542419252
      -19.8100000000            2.5121234651
      -19.8000000000            2.4729990453
      -19.7900000000            2.4370097349
      -19.7800000000            2.4042678125
      -19.7700000000            2.3748612148
      -19.7600000000            2.3488578971
      -19.7500000000            2.3263099934
      -19.7400000000            2.3072576952
      -19.7300000000            2.2917328024
      -19.7200000000            2.2797619181
      -19.7100000000            2.2713692837
      -19.7000000000            2.2665792598
      -19.6900000000            2.2654184680
      -19.6800000000            2.2679176153
      -19.6700000000            2.2741130201
      -19.6600000000            2.2840478600
      -19.6500000000            2.2977731561
      -19.6400000000            2.3153485033
      -19.6300000000            2.3368425494
      -19.6200000000            2.3623332155
      -19.6100000000            2.3919076452
      -19.6000000000            2.4256618547
      -19.5900000000            2.4637000508
      -19.5800000000            2.5061335682
      -19.5700000000            2.5530793719
      -19.5600000000            2.6046580539
      -19.5500000000            2.6609912527
      -19.5400000000            2.7221984100
      -19.5300000000            2.7883927837
      -19.5200000000            2.8596766356
      -19.5100000000            2.9361355250
      -19.5000000000            3.0178316618
      -19.4900000000            3.1047963036
      -19.4800000000            3.1970212274
      -19.4700000000            3.2944493647
      -19.4600000000            3.3969647561
      -19.4500000000            3.5043820559
      -19.4400000000            3.6164358884
      -19.4300000000            3.7327704214
      -19.4200000000            3.8529295691
      -19.4100000000            3.9763482606
      -19.4000000000            4.1023452194
      -19.3900000000            4.2301177034
      -19.3800000000            4.3587386789
      -19.3700000000            4.4871569770
      -19.3600000000            4.6142011197
      -19.3500000000            4.7385877152
      -19.3400000000            4.8589355554
      -19.3300000000            4.9737867200
      -19.3200000000            5.0816359725
      -19.3100000000            5.1809693816
      -19.3000000000            5.2703123192
      -19.2900000000            5.3482857593
      -19.2800000000            5.4136682539
      -19.2700000000            5.4654593542
      -19.2600000000            5.5029389384
      -19.2500000000            5.5257162738
      -19.2400000000            5.5337629670
      -19.2300000000            5.5274253115
      -19.2200000000            5.5074137711
      -19.2100000000            5.4747700402
      -19.2000000000            5.4308147932
      -19.1900000000            5.3770813692
      -19.1800000000            5.3152418767
      -19.1700000000            5.2470324211
      -19.1600000000            5.1741834386
      -19.1500000000            5.0983597317
      -19.1400000000            5.0211130808
      -19.1300000000            4.9438485762
      -19.1200000000            4.8678043174
      -19.1100000000            4.7940430123
      -19.1000000000            4.7234533121
      -19.0900000000            4.6567584224
      -19.0800000000            4.5945295525
      -19.0700000000            4.5372020249
      -19.0600000000            4.4850922637
      -19.0500000000            4.4384143373
      -19.0400000000            4.3972951700
      -19.0300000000            4.3617879223
      -19.0200000000            4.3318833207
      -19.0100000000            4.3075189099
      -19.0000000000            4.2885862946
      -18.9900000000            4.2749364715
      -18.9800000000            4.2663833520
      -18.9700000000            4.2627055701
      -18.9600000000            4.2636466720
      -18.9500000000            4.2689138068
      -18.9400000000            4.2781750757
      -18.9300000000            4.2910557414
      -18.9200000000            4.3071335590
      -18.9100000000            4.3259335632
      -18.9000000000            4.3469227532
      -18.8900000000            4.3695052701
      -18.8800000000            4.3930188574
      -18.8700000000            4.4167336212
      -18.8600000000            4.4398543074
      -18.8500000000            4.4615274221
      -18.8400000000            4.4808544478
      -18.8300000000            4.4969120754
      -18.8200000000            4.5087797370
      -18.8100000000            4.5155738103
      -18.8000000000            4.5164867632
      -18.7900000000            4.5108284161
      -18.7800000000            4.4980656320
      -18.7700000000            4.4778563506
      -18.7600000000            4.4500741099
      -18.7500000000            4.4148200914
      -18.7400000000            4.3724211452
      -18.7300000000            4.3234139543
      -18.7200000000            4.2685171460
      -18.7100000000            4.2085944497
      -18.7000000000            4.1446127325
      -18.6900000000            4.0775988451
      -18.6800000000            4.0085987675
      -18.6700000000            3.9386417266
      -18.6600000000            3.8687109702
      -18.6500000000            3.7997219186
      -18.6400000000            3.7325076091
      -18.6300000000            3.6678107574
      -18.6200000000            3.6062814092
      -18.6100000000            3.5484789966
      -18.6000000000            3.4948776180
      -18.5900000000            3.4458734535
      -18.5800000000            3.4017933857
      -18.5700000000            3.3629040684
      -18.5600000000            3.3294208529
      -18.5500000000            3.3015161340
      -18.5400000000            3.2793268040
      -18.5300000000            3.2629605957
      -18.5200000000            3.2525011741
      -18.5100000000            3.2480118780
      -18.5000000000            3.2495380454
      -18.4900000000            3.2571078708
      -18.4800000000            3.2707317469
      -18.4700000000            3.2904000425
      -18.4600000000            3.3160792697
      -18.4500000000            3.3477065991
      -18.4400000000            3.3851827005
      -18.4300000000            3.4283629226
      -18.4200000000            3.4770468912
      -18.4100000000            3.5309667004
      -18.4000000000            3.5897740136
      -18.3900000000            3.6530265709
      -18.3800000000            3.7201748324
      -18.3700000000            3.7905497495
      -18.3600000000            3.8633529416
      -18.3500000000            3.9376508171
      -18.3400000000            4.0123743745
      -18.3300000000            4.0863264773
      -18.3200000000            4.1581982384
      -18.3100000000            4.2265957126
      -18.3000000000            4.2900773303
      -18.2900000000            4.3472014179
      -18.2800000000            4.3965818325
      -18.2700000000            4.4369483541
      -18.2600000000            4.4672072690
      -18.2500000000            4.4864968192
      -18.2400000000            4.4942321194
      -18.2300000000            4.4901348811
      -18.2200000000            4.4742447900
      -18.2100000000            4.4469114366
      -18.2000000000            4.4087679464
      -18.1900000000            4.3606894756
      -18.1800000000            4.3037411944
      -18.1700000000            4.2391210497
      -18.1600000000            4.1681024688
      -18.1500000000            4.0919813643
      -18.1400000000            4.0120305820
      -18.1300000000            3.9294635699
      -18.1200000000            3.8454077820
      -18.1100000000            3.7608873239
      -18.1000000000            3.6768136816
      -18.0900000000            3.5939830279
      -18.0800000000            3.5130785356
      -18.0700000000            3.4346762372
      -18.0600000000            3.3592531964
      -18.0500000000            3.2871970091
      -18.0400000000            3.2188158994
      -18.0300000000            3.1543488868
      -18.0200000000            3.0939756648
      -18.0100000000            3.0378259584
      -18.0000000000            2.9859882167
      -17.9900000000            2.9385175614
      -17.9800000000            2.8954429588
      -17.9700000000            2.8567736141
      -17.9600000000            2.8225046143
      -17.9500000000            2.7926218593
      -17.9400000000            2.7671063370
      -17.9300000000            2.7459378012
      -17.9200000000            2.7290979192
      -17.9100000000            2.7165729530
      -17.9000000000            2.7083560397
      -17.8900000000            2.7044491290
      -17.8800000000            2.7048646351
      -17.8700000000            2.7096268499
      -17.8600000000            2.7187731619
      -17.8500000000            2.7323551157
      -17.8400000000            2.7504393410
      -17.8300000000            2.7731083721
      -17.8200000000            2.8004613733
      -17.8100000000            2.8326147765
      -17.8000000000            2.8697028287
      -17.7900000000            2.9118780417
      -17.7800000000            2.9593115219
      -17.7700000000            3.0121931533
      -17.7600000000            3.0707315877
      -17.7500000000            3.1351539883
      -17.7400000000            3.2057054523
      -17.7300000000            3.2826480193
      -17.7200000000            3.3662591509
      -17.7100000000            3.4568295405
      -17.7000000000            3.5546600827
      -17.6900000000            3.6600577980
      -17.6800000000            3.7733304753
      -17.6700000000            3.8947797568
      -17.6600000000            4.0246923521
      -17.6500000000            4.1633290419
      -17.6400000000            4.3109111072
      -17.6300000000            4.4676038204
      -17.6200000000            4.6334966618
      -17.6100000000            4.8085799977
      -17.6000000000            4.9927180909
      -17.5900000000            5.1856185304
      -17.5800000000            5.3867984915
      -17.5700000000            5.5955486812
      -17.5600000000            5.8108964101
      -17.5500000000            6.0315699428
      -17.5400000000            6.2559670953
      -17.5300000000            6.4821318899
      -17.5200000000            6.7077438270
      -17.5100000000            6.9301248160
      -17.5000000000            7.1462688000
      -17.4900000000            7.3528983722
      -17.4800000000            7.5465510270
      -17.4700000000            7.7236950210
      -17.4600000000            7.8808712617
      -17.4500000000            8.0148535737
      -17.4400000000            8.1228157515
      -17.4300000000            8.2024908189
      -17.4200000000            8.2523066981
      -17.4100000000            8.2714836162
      -17.4000000000            8.2600821555
      -17.3900000000            8.2189964158
      -17.3800000000            8.1498933283
      -17.3700000000            8.0551054994
      -17.3600000000            7.9374898954
      -17.3500000000            7.8002674102
      -17.3400000000            7.6468586558
      -17.3300000000            7.4807294700
      -17.3200000000            7.3052563388
      -17.3100000000            7.1236180036
      -17.3000000000            6.9387157064
      -17.2900000000            6.7531213676
      -17.2800000000            6.5690507358
      -17.2700000000            6.3883572522
      -17.2600000000            6.2125418902
      -17.2500000000            6.0427743576
      -17.2400000000            5.8799215649
      -17.2300000000            5.7245799597
      -17.2200000000            5.5771090707
      -17.2100000000            5.4376642904
      -17.2000000000            5.3062275200
      -17.1900000000            5.1826347818
      -17.1800000000            5.0666003059
      -17.1700000000            4.9577369252
      -17.1600000000            4.8555729112
      -17.1500000000            4.7595656613
      -17.1400000000            4.6691129051
      -17.1300000000            4.5835623307
      -17.1200000000            4.5022206976
      -17.1100000000            4.4243635701
      -17.1000000000            4.3492467280
      -17.0900000000            4.2761200606
      -17.0800000000            4.2042443342
      -17.0700000000            4.1329106562
      -17.0600000000            4.0614618296
      -17.0500000000            3.9893142000
      -17.0400000000            3.9159781532
      -17.0300000000            3.8410752507
      -17.0200000000            3.7643501451
      -17.0100000000            3.6856758992
      -17.0000000000            3.6050520715
      -16.9900000000            3.5225957822
      -16.9800000000            3.4385267767
      -16.9700000000            3.3531481101
      -16.9600000000            3.2668243928
      -16.9500000000            3.1799595394
      -16.9400000000            3.0929757027
      -16.9300000000            3.0062946452
      -16.9200000000            2.9203223065
      -16.9100000000            2.8354368670
      -16.9000000000            2.7519802410
      -16.8900000000            2.6702526852
      -16.8800000000            2.5905100702
      -16.8700000000            2.5129633181
      -16.8600000000            2.4377795185
      -16.8500000000            2.3650842818
      -16.8400000000            2.2949649470
      -16.8300000000            2.2274743241
      -16.8200000000            2.1626347078
      -16.8100000000            2.1004419550
      -16.8000000000            2.0408694670
      -16.7900000000            1.9838719602
      -16.7800000000            1.9293889494
      -16.7700000000            1.8773478991
      -16.7600000000            1.8276670274
      -16.7500000000            1.7802577693
      -16.7400000000            1.7350269193
      -16.7300000000            1.6918784883
      -16.7200000000            1.6507153087
      -16.7100000000            1.6114404258
      -16.7000000000            1.5739583047
      -16.6900000000            1.5381758773
      -16.6800000000            1.5040034414
      -16.6700000000            1.4713554149
      -16.6600000000            1.4401509403
      -16.6500000000            1.4103143316
      -16.6400000000            1.3817753528
      -16.6300000000            1.3544693272
      -16.6200000000            1.3283370822
      -16.6100000000            1.3033247451
      -16.6000000000            1.2793834183
      -16.5900000000            1.2564687665
      -16.5800000000            1.2345405531
      -16.5700000000            1.2135621630
      -16.5600000000            1.1935001405
      -16.5500000000            1.1743237682
      -16.5400000000            1.1560046987
      -16.5300000000            1.1385166477
      -16.5200000000            1.1218351450
      -16.5100000000            1.1059373380
      -16.5000000000            1.0908018379
      -16.4900000000            1.0764085957
      -16.4800000000            1.0627387971
      -16.4700000000            1.0497747627
      -16.4600000000            1.0374998430
      -16.4500000000            1.0258982978
      -16.4400000000            1.0149551495
      -16.4300000000            1.0046560026
      -16.4200000000            0.9949868191
      -16.4100000000            0.9859336441
      -16.4000000000            0.9774822721
      -16.3900000000            0.9696178482
      -16.3800000000            0.9623244006
      -16.3700000000            0.9555842996
      -16.3600000000            0.9493776466
      -16.3500000000            0.9436815994
      -16.3400000000            0.9384696488
      -16.3300000000            0.9337108710
      -16.3200000000            0.9293691954
      -16.3100000000            0.9254027362
      -16.3000000000            0.9217632585
      -16.2900000000            0.9183958578
      -16.2800000000            0.9152389443
      -16.2700000000            0.9122246272
      -16.2600000000            0.9092795813
      -16.2500000000            0.9063264585
      -16.2400000000            0.9032858622
      -16.2300000000            0.9000788433
      -16.2200000000            0.8966298117
      -16.2100000000            0.8928696774
      -16.2000000000            0.8887389804
      -16.1900000000            0.8841907272
      -16.1800000000            0.8791926535
      -16.1700000000            0.8737286748
      -16.1600000000            0.8677993677
      -16.1500000000            0.8614214341
      -16.1400000000            0.8546262148
      -16.1300000000            0.8474574261
      -16.1200000000            0.8399683599
      -16.1100000000            0.8322188264
      -16.1000000000            0.8242721056
      -16.0900000000            0.8161921345
      -16.0800000000            0.8080410956
      -16.0700000000            0.7998774995
      -16.0600000000            0.7917547959
      -16.0500000000            0.7837204879
      -16.0400000000            0.7758156934
      -16.0300000000            0.7680750758
      -16.0200000000            0.7605270556
      -16.0100000000            0.7531942237
      -16.0000000000            0.7460938811
      -15.9900000000            0.7392386461
      -15.9800000000            0.7326370806
      -15.9700000000            0.7262943037
      -15.9600000000            0.7202125680
      -15.9500000000            0.7143917849
      -15.9400000000            0.7088299928
      -15.9300000000            0.7035237653
      -15.9200000000            0.6984685617
      -15.9100000000            0.6936590227
      -15.9000000000            0.6890892169
      -15.8900000000            0.6847528443
      -15.8800000000            0.6806434007
      -15.8700000000            0.6767543098
      -15.8600000000            0.6730790283
      -15.8500000000            0.6696111267
      -15.8400000000            0.6663443520
      -15.8300000000            0.6632726742
      -15.8200000000            0.6603903203
      -15.8100000000            0.6576917979
      -15.8000000000            0.6551719107
      -15.7900000000            0.6528257675
      -15.7800000000            0.6506487868
      -15.7700000000            0.6486366965
      -15.7600000000            0.6467855319
      -15.7500000000            0.6450916308
      -15.7400000000            0.6435516278
      -15.7300000000            0.6421624469
      -15.7200000000            0.6409212941
      -15.7100000000            0.6398256498
      -15.7000000000            0.6388732607
      -15.6900000000            0.6380621324
      -15.6800000000            0.6373905217
      -15.6700000000            0.6368569303
      -15.6600000000            0.6364600981
      -15.6500000000            0.6361989975
      -15.6400000000            0.6360728285
      -15.6300000000            0.6360810139
      -15.6200000000            0.6362231958
      -15.6100000000            0.6364992325
      -15.6000000000            0.6369091964
      -15.5900000000            0.6374533721
      -15.5800000000            0.6381322558
      -15.5700000000            0.6389465553
      -15.5600000000            0.6398971905
      -15.5500000000            0.6409852950
      -15.5400000000            0.6422122186
      -15.5300000000            0.6435795300
      -15.5200000000            0.6450890211
      -15.5100000000            0.6467427114
      -15.5000000000            0.6485428540
      -15.4900000000            0.6504919422
      -15.4800000000            0.6525927167
      -15.4700000000            0.6548481740
      -15.4600000000            0.6572615767
      -15.4500000000            0.6598364630
      -15.4400000000            0.6625766595
      -15.4300000000            0.6654862935
      -15.4200000000            0.6685698072
      -15.4100000000            0.6718319737
      -15.4000000000            0.6752779136
      -15.3900000000            0.6789131138
      -15.3800000000            0.6827434474
      -15.3700000000            0.6867751957
      -15.3600000000            0.6910150718
      -15.3500000000            0.6954702464
      -15.3400000000            0.7001483754
      -15.3300000000            0.7050576299
      -15.3200000000            0.7102067287
      -15.3100000000            0.7156049728
      -15.3000000000            0.7212622830
      -15.2900000000            0.7271892404
      -15.2800000000            0.7333971292
      -15.2700000000            0.7398979834
      -15.2600000000            0.7467046361
      -15.2500000000            0.7538307722
      -15.2400000000            0.7612909849
      -15.2300000000            0.7691008349
      -15.2200000000            0.7772769139
      -15.2100000000            0.7858369104
      -15.2000000000            0.7947996793
      -15.1900000000            0.8041853142
      -15.1800000000            0.8140152213
      -15.1700000000            0.8243121960
      -15.1600000000            0.8351004990
      -15.1500000000            0.8464059322
      -15.1400000000            0.8582559117
      -15.1300000000            0.8706795369
      -15.1200000000            0.8837076506
      -15.1100000000            0.8973728885
      -15.1000000000            0.9117097123
      -15.0900000000            0.9267544204
      -15.0800000000            0.9425451297
      -15.0700000000            0.9591217177
      -15.0600000000            0.9765257163
      -15.0500000000            0.9948001413
      -15.0400000000            1.0139892428
      -15.0300000000            1.0341381577
      -15.0200000000            1.0552924406
      -15.0100000000            1.0774974474
      -15.0000000000            1.1007975434
      -14.9900000000            1.1252351012
      -14.9800000000            1.1508492551
      -14.9700000000            1.1776743754
      -14.9600000000            1.2057382271
      -14.9500000000            1.2350597854
      -14.9400000000            1.2656466852
      -14.9300000000            1.2974923048
      -14.9200000000            1.3305725030
      -14.9100000000            1.3648420701
      -14.9000000000            1.4002309987
      -14.8900000000            1.4366407426
      -14.8800000000            1.4739407027
      -14.8700000000            1.5119652605
      -14.8600000000            1.5505117545
      -14.8500000000            1.5893398627
      -14.8400000000            1.6281728854
      -14.8300000000            1.6667014040
      -14.8200000000            1.7045897014
      -14.8100000000            1.7414851518
      -14.8000000000            1.7770305151
      -14.7900000000            1.8108787299
      -14.7800000000            1.8427094119
      -14.7700000000            1.8722459075
      -14.7600000000            1.8992714904
      -14.7500000000            1.9236431911
      -14.7400000000            1.9453018709
      -14.7300000000            1.9642774885
      -14.7200000000            1.9806890258
      -14.7100000000            1.9947391431
      -14.7000000000            2.0067042256
      -14.6900000000            2.0169209495
      -14.6800000000            2.0257707736
      -14.6700000000            2.0336638202
      -14.6600000000            2.0410234698
      -14.6500000000            2.0482727120
      -14.6400000000            2.0558229418
      -14.6300000000            2.0640655325
      -14.6200000000            2.0733662048
      -14.6100000000            2.0840619746
      -14.6000000000            2.0964603170
      -14.5900000000            2.1108401061
      -14.5800000000            2.1274538885
      -14.5700000000            2.1465310767
      -14.5600000000            2.1682817156
      -14.5500000000            2.1929005405
      -14.5400000000            2.2205711196
      -14.5300000000            2.2514699384
      -14.5200000000            2.2857703347
      -14.5100000000            2.3236462414
      -14.5000000000            2.3652757232
      -14.4900000000            2.4108443197
      -14.4800000000            2.4605482244
      -14.4700000000            2.5145973376
      -14.4600000000            2.5732182431
      -14.4500000000            2.6366571556
      -14.4400000000            2.7051828962
      -14.4300000000            2.7790899466
      -14.4200000000            2.8587016406
      -14.4100000000            2.9443735477
      -14.4000000000            3.0364971070
      -14.3900000000            3.1355035720
      -14.3800000000            3.2418683287
      -14.3700000000            3.3561156528
      -14.3600000000            3.4788239785
      -14.3500000000            3.6106317533
      -14.3400000000            3.7522439630
      -14.3300000000            3.9044394147
      -14.3200000000            4.0680788751
      -14.3100000000            4.2441141683
      -14.3000000000            4.4335983441
      -14.2900000000            4.6376970338
      -14.2800000000            4.8577011158
      -14.2700000000            5.0950408114
      -14.2600000000            5.3513013286
      -14.2500000000            5.6282401557
      -14.2400000000            5.9278060785
      -14.2300000000            6.2521599520
      -14.2200000000            6.6036971802
      -14.2100000000            6.9850717483
      -14.2000000000            7.3992214845
      -14.1900000000            7.8493939915
      -14.1800000000            8.3391723455
      -14.1700000000            8.8724991852
      -14.1600000000            9.4536971543
      -14.1500000000           10.0874827683
      -14.1400000000           10.7789695705
      -14.1300000000           11.5336548636
      -14.1200000000           12.3573822543
      -14.1100000000           13.2562696858
      -14.1000000000           14.2365895133
      -14.0900000000           15.3045836024
      -14.0800000000           16.4661926417
      -14.0700000000           17.7266754388
      -14.0600000000           19.0900919702
      -14.0500000000           20.5586251453
      -14.0400000000           22.1317232612
      -14.0300000000           23.8050615715
      -14.0200000000           25.5693514314
      -14.0100000000           27.4090727840
      -14.0000000000           29.3012711953
      -13.9900000000           31.2146386990
      -13.9800000000           33.1091721599
      -13.9700000000           34.9367439562
      -13.9600000000           36.6428870092
      -13.9500000000           38.1699511597
      -13.9400000000           39.4615182731
      -13.9300000000           40.4676099100
      -13.9200000000           41.1498879767
      -13.9100000000           41.4858761491
      -13.9000000000           41.4713295419
      -13.8900000000           41.1202618427
      -13.8800000000           40.4626846283
      -13.8700000000           39.5406260442
      -13.8600000000           38.4032999543
      -13.8500000000           37.1023211868
      -13.8400000000           35.6876570647
      -13.8300000000           34.2046903984
      -13.8200000000           32.6924658838
      -13.8100000000           31.1829757430
      -13.8000000000           29.7012315713
      -13.7900000000           28.2658492587
      -13.7800000000           26.8899089442
      -13.7700000000           25.5819106344
      -13.7600000000           24.3467065454
      -13.7500000000           23.1863419401
      -13.7400000000           22.1007734705
      -13.7300000000           21.0884584959
      -13.7200000000           20.1468231283
      -13.7100000000           19.2726238196
      -13.7000000000           18.4622197140
      -13.6900000000           17.7117726938
      -13.6800000000           17.0173903547
      -13.6700000000           16.3752249189
      -13.6600000000           15.7815387968
      -13.6500000000           15.2327454043
      -13.6400000000           14.7254320315
      -13.6300000000           14.2563700749
      -13.6200000000           13.8225167462
      -13.6100000000           13.4210114382
      -13.6000000000           13.0491691860
      -13.5900000000           12.7044730783
      -13.5800000000           12.3845669866
      -13.5700000000           12.0872495633
      -13.5600000000           11.8104700768
      -13.5500000000           11.5523262899
      -13.5400000000           11.3110642441
      -13.5300000000           11.0850795037
      -13.5200000000           10.8729191560
      -13.5100000000           10.6732836969
      -13.5000000000           10.4850278663
      -13.4900000000           10.3071595717
      -13.4800000000           10.1388362262
      -13.4700000000            9.9793581197
      -13.4600000000            9.8281587900
      -13.4500000000            9.6847927092
      -13.4400000000            9.5489208994
      -13.4300000000            9.4202952925
      -13.4200000000            9.2987427380
      -13.4100000000            9.1841495295
      -13.4000000000            9.0764471932
      -13.3900000000            8.9756000886
      -13.3800000000            8.8815951461
      -13.3700000000            8.7944338530
      -13.3600000000            8.7141264100
      -13.3500000000            8.6406878413
      -13.3400000000            8.5741357574
      -13.3300000000            8.5144894308
      -13.3200000000            8.4617698518
      -13.3100000000            8.4160004693
      -13.3000000000            8.3772083721
      -13.2900000000            8.3454257307
      -13.2800000000            8.3206913771
      -13.2700000000            8.3030524490
      -13.2600000000            8.2925660662
      -13.2500000000            8.2893010326
      -13.2400000000            8.2933395737
      -13.2300000000            8.3047791278
      -13.2200000000            8.3237342135
      -13.2100000000            8.3503383939
      -13.2000000000            8.3847463578
      -13.1900000000            8.4271361402
      -13.1800000000            8.4777114999
      -13.1700000000            8.5367044798
      -13.1600000000            8.6043781749
      -13.1500000000            8.6810297380
      -13.1400000000            8.7669936615
      -13.1300000000            8.8626453760
      -13.1200000000            8.9684052167
      -13.1100000000            9.0847428141
      -13.1000000000            9.2121819768
      -13.0900000000            9.3513061403
      -13.0800000000            9.5027644705
      -13.0700000000            9.6672787198
      -13.0600000000            9.8456509488
      -13.0500000000           10.0387722435
      -13.0400000000           10.2476325749
      -13.0300000000           10.4733319701
      -13.0200000000           10.7170931873
      -13.0100000000           10.9802761161
      -13.0000000000           11.2643941531
      -12.9900000000           11.5711328403
      -12.9800000000           11.9023710906
      -12.9700000000           12.2602053650
      -12.9600000000           12.6469772116
      -12.9500000000           13.0653046179
      -12.9400000000           13.5181176663
      -12.9300000000           14.0086990142
      -12.9200000000           14.5407297287
      -12.9100000000           15.1183409845
      -12.9000000000           15.7461720563
      -12.8900000000           16.4294348688
      -12.8800000000           17.1739850690
      -12.8700000000           17.9863990650
      -12.8600000000           18.8740556489
      -12.8500000000           19.8452195072
      -12.8400000000           20.9091219144
      -12.8300000000           22.0760308671
      -12.8200000000           23.3572984088
      -12.8100000000           24.7653663062
      -12.8000000000           26.3137017690
      -12.7900000000           28.0166216008
      -12.7800000000           29.8889449650
      -12.7700000000           31.9453910123
      -12.7600000000           34.1996079553
      -12.7500000000           36.6626869474
      -12.7400000000           39.3409840109
      -12.7300000000           42.2330612135
      -12.7200000000           45.3255926564
      -12.7100000000           48.5882081768
      -12.7000000000           51.9675320330
      -12.6900000000           55.3811792623
      -12.6800000000           58.7132113756
      -12.6700000000           61.8133893172
      -12.6600000000           64.5030942718
      -12.6500000000           66.5903311192
      -12.6400000000           67.8940962247
      -12.6300000000           68.2745731056
      -12.6200000000           67.6615143146
      -12.6100000000           66.0713970442
      -12.6000000000           63.6066170871
      -12.5900000000           60.4365110981
      -12.5800000000           56.7668229578
      -12.5700000000           52.8074760301
      -12.5600000000           48.7469873112
      -12.5500000000           44.7374769056
      -12.5400000000           40.8898986194
      -12.5300000000           37.2766207799
      -12.5200000000           33.9379585390
      -12.5100000000           30.8899295963
      -12.5000000000           28.1315419354
      -12.4900000000           25.6508236973
      -12.4800000000           23.4294036910
      -12.4700000000           21.4457690106
      -12.4600000000           19.6774510016
      -12.4500000000           18.1024065960
      -12.4400000000           16.6998279784
      -12.4300000000           15.4505640736
      -12.4200000000           14.3372893728
      -12.4100000000           13.3445157159
      -12.4000000000           12.4585121147
      -12.3900000000           11.6671755260
      -12.3800000000           10.9598799807
      -12.3700000000           10.3273209332
      -12.3600000000            9.7613647086
      -12.3500000000            9.2549083963
      -12.3400000000            8.8017526841
      -12.3300000000            8.3964883751
      -12.3200000000            8.0343963083
      -12.3100000000            7.7113598414
      -12.3000000000            7.4237887874
      -12.2900000000            7.1685536060
      -12.2800000000            6.9429286638
      -12.2700000000            6.7445434501
      -12.2600000000            6.5713407344
      -12.2500000000            6.4215407633
      -12.2400000000            6.2936107049
      -12.2300000000            6.1862386539
      -12.2200000000            6.0983116089
      -12.2100000000            6.0288969175
      -12.2000000000            5.9772267651
      -12.1900000000            5.9426853508
      -12.1800000000            5.9247984513
      -12.1700000000            5.9232251314
      -12.1600000000            5.9377513995
      -12.1500000000            5.9682856542
      -12.1400000000            6.0148557981
      -12.1300000000            6.0776079323
      -12.1200000000            6.1568065721
      -12.1100000000            6.2528363528
      -12.1000000000            6.3662052178
      -12.0900000000            6.4975491074
      -12.0800000000            6.6476381862
      -12.0700000000            6.8173846694
      -12.0600000000            7.0078523272
      -12.0500000000            7.2202677646
      -12.0400000000            7.4560335898
      -12.0300000000            7.7167435964
      -12.0200000000            8.0042000943
      -12.0100000000            8.3204335234
      -12.0000000000            8.6677244797
      -11.9900000000            9.0486282571
      -11.9800000000            9.4660019726
      -11.9700000000            9.9230342696
      -11.9600000000           10.4232774911
      -11.9500000000           10.9706820542
      -11.9400000000           11.5696325327
      -11.9300000000           12.2249846273
      -11.9200000000           12.9421017578
      -11.9100000000           13.7268893978
      -11.9000000000           14.5858244454
      -11.8900000000           15.5259758276
      -11.8800000000           16.5550111106
      -11.8700000000           17.6811820524
      -11.8600000000           18.9132797566
      -11.8500000000           20.2605473079
      -11.8400000000           21.7325345496
      -11.8300000000           23.3388761274
      -11.8200000000           25.0889704234
      -11.8100000000           26.9915341575
      -11.8000000000           29.0540063175
      -11.7900000000           31.2817772897
      -11.7800000000           33.6772268740
      -11.7700000000           36.2385711019
      -11.7600000000           38.9585454698
      -11.7500000000           41.8229936987
      -11.7400000000           44.8094864962
      -11.7300000000           47.8861595691
      -11.7200000000           51.0110227994
      -11.7100000000           54.1320331134
      -11.7000000000           57.1882153265
      -11.6900000000           60.1120313353
      -11.6800000000           62.8330242669
      -11.6700000000           65.2825141625
      -11.6600000000           67.3988463773
      -11.6500000000           69.1324751887
      -11.6400000000           70.4500895237
      -11.6300000000           71.3371064748
      -11.6200000000           71.7981559075
      -11.6100000000           71.8555719594
      -11.6000000000           71.5462753404
      -11.5900000000           70.9176707366
      -11.5800000000           70.0232488778
      -11.5700000000           68.9184903381
      -11.5600000000           67.6574792128
      -11.5500000000           66.2904212979
      -11.5400000000           64.8620787796
      -11.5300000000           63.4110095580
      -11.5200000000           61.9694370476
      -11.5100000000           60.5635632279
      -11.5000000000           59.2141561279
      -11.4900000000           57.9372765253
      -11.4800000000           56.7450456467
      -11.4700000000           55.6463891256
      -11.4600000000           54.6477193443
      -11.4500000000           53.7535380049
      -11.4400000000           52.9669541264
      -11.4300000000           52.2901209825
      -11.4200000000           51.7246001301
      -11.4100000000           51.2716628230
      -11.4000000000           50.9325396655
      -11.3900000000           50.7086290045
      -11.3800000000           50.6016737307
      -11.3700000000           50.6139151433
      -11.3600000000           50.7482315036
      -11.3500000000           51.0082679455
      -11.3400000000           51.3985635719
      -11.3300000000           51.9246808454
      -11.3200000000           52.5933417642
      -11.3100000000           53.4125747527
      -11.3000000000           54.3918756305
      -11.2900000000           55.5423853451
      -11.2800000000           56.8770862334
      -11.2700000000           58.4110171829
      -11.2600000000           60.1615059008
      -11.2500000000           62.1484130875
      -11.2400000000           64.3943779810
      -11.2300000000           66.9250464717
      -11.2200000000           69.7692503581
      -11.2100000000           72.9590872368
      -11.2000000000           76.5298222021
      -11.1900000000           80.5194912050
      -11.1800000000           84.9680271069
      -11.1700000000           89.9156484425
      -11.1600000000           95.4001447470
      -11.1500000000          101.4525640314
      -11.1400000000          108.0906754186
      -11.1300000000          115.3094911772
      -11.1200000000          123.0681899743
      -11.1100000000          131.2731727647
      -11.1000000000          139.7579859968
      -11.0900000000          148.2627849236
      -11.0800000000          156.4190203161
      -11.0700000000          163.7485847512
      -11.0600000000          169.6889065015
      -11.0500000000          173.6530997263
      -11.0400000000          175.1239909787
      -11.0300000000          173.7633187305
      -11.0200000000          169.5009865746
      -11.0100000000          162.5673823061
      -11.0000000000          153.4516220045
      -10.9900000000          142.8006924525
      -10.9800000000          131.2979973972
      -10.9700000000          119.5608533857
      -10.9600000000          108.0791039457
      -10.9500000000           97.1960319550
      -10.9400000000           87.1196353713
      -10.9300000000           77.9492876351
      -10.9200000000           69.7060236732
      -10.9100000000           62.3596599394
      -10.9000000000           55.8500511981
      -10.8900000000           50.1022782785
      -10.8800000000           45.0367080432
      -10.8700000000           40.5751805872
      -10.8600000000           36.6444844234
      -10.8500000000           33.1780414244
      -10.8400000000           30.1164721512
      -10.8300000000           27.4075014110
      -10.8200000000           25.0055052671
      -10.8100000000           22.8708889806
      -10.8000000000           20.9694101355
      -10.7900000000           19.2715123114
      -10.7800000000           17.7517038596
      -10.7700000000           16.3879975186
      -10.7600000000           15.1614155297
      -10.7500000000           14.0555587158
      -10.7400000000           13.0562347961
      -10.7300000000           12.1511398157
      -10.7200000000           11.3295862243
      -10.7100000000           10.5822713553
      -10.7000000000            9.9010805700
      -10.6900000000            9.2789199545
      -10.6800000000            8.7095741067
      -10.6700000000            8.1875851676
      -10.6600000000            7.7081498139
      -10.6500000000            7.2670314273
      -10.6400000000            6.8604850864
      -10.6300000000            6.4851933986
      -10.6200000000            6.1382115043
      -10.6100000000            5.8169198516
      -10.6000000000            5.5189835621
      -10.5900000000            5.2423173977
      -10.5800000000            4.9850554939
      -10.5700000000            4.7455251584
      -10.5600000000            4.5222241410
      -10.5500000000            4.3138008759
      -10.5400000000            4.1190372720
      -10.5300000000            3.9368336936
      -10.5200000000            3.7661958261
      -10.5100000000            3.6062231679
      -10.5000000000            3.4560989278
      -10.4900000000            3.3150811406
      -10.4800000000            3.1824948377
      -10.4700000000            3.0577251362
      -10.4600000000            2.9402111279
      -10.4500000000            2.8294404656
      -10.4400000000            2.7249445583
      -10.4300000000            2.6262943016
      -10.4200000000            2.5330962746
      -10.4100000000            2.4449893485
      -10.4000000000            2.3616416572
      -10.3900000000            2.2827478853
      -10.3800000000            2.2080268381
      -10.3700000000            2.1372192585
      -10.3600000000            2.0700858646
      -10.3500000000            2.0064055798
      -10.3400000000            1.9459739359
      -10.3300000000            1.8886016274
      -10.3200000000            1.8341132013
      -10.3100000000            1.7823458657
      -10.3000000000            1.7331484040
      -10.2900000000            1.6863801832
      -10.2800000000            1.6419102430
      -10.2700000000            1.5996164589
      -10.2600000000            1.5593847675
      -10.2500000000            1.5211084476
      -10.2400000000            1.4846874491
      -10.2300000000            1.4500277628
      -10.2200000000            1.4170408254
      -10.2100000000            1.3856429540
      -10.2000000000            1.3557548042
      -10.1900000000            1.3273008491
      -10.1800000000            1.3002088736
      -10.1700000000            1.2744094820
      -10.1600000000            1.2498356156
      -10.1500000000            1.2264220799
      -10.1400000000            1.2041050799
      -10.1300000000            1.1828217655
      -10.1200000000            1.1625097889
      -10.1100000000            1.1431068786
      -10.1000000000            1.1245504368
      -10.0900000000            1.1067771685
      -10.0800000000            1.0897227543
      -10.0700000000            1.0733215808
      -10.0600000000            1.0575065454
      -10.0500000000            1.0422089545
      -10.0400000000            1.0273585355
      -10.0300000000            1.0128835838
      -10.0200000000            0.9987112659
      -10.0100000000            0.9847680949
      -10.0000000000            0.9709805913
       -9.9900000000            0.9572761338
       -9.9800000000            0.9435839925
       -9.9700000000            0.9298365268
       -9.9600000000            0.9159705115
       -9.9500000000            0.9019285420
       -9.9400000000            0.8876604528
       -9.9300000000            0.8731246708
       -9.9200000000            0.8582894206
       -9.9100000000            0.8431336947
       -9.9000000000            0.8276479098
       -9.8900000000            0.8118341888
       -9.8800000000            0.7957062253
       -9.8700000000            0.7792887212
       -9.8600000000            0.7626164151
       -9.8500000000            0.7457327512
       -9.8400000000            0.7286882628
       -9.8300000000            0.7115387645
       -9.8200000000            0.6943434530
       -9.8100000000            0.6771630213
       -9.8000000000            0.6600578773
       -9.7900000000            0.6430865438
       -9.7800000000            0.6263042975
       -9.7700000000            0.6097620797
       -9.7600000000            0.5935056928
       -9.7500000000            0.5775752749
       -9.7400000000            0.5620050323
       -9.7300000000            0.5468231976
       -9.7200000000            0.5320521757
       -9.7100000000            0.5177088370
       -9.7000000000            0.5038049190
       -9.6900000000            0.4903474995
       -9.6800000000            0.4773395105
       -9.6700000000            0.4647802655
       -9.6600000000            0.4526659808
       -9.6500000000            0.4409902742
       -9.6400000000            0.4297446304
       -9.6300000000            0.4189188270
       -9.6200000000            0.4085013157
       -9.6100000000            0.3984795600
       -9.6000000000            0.3888403277
       -9.5900000000            0.3795699423
       -9.5800000000            0.3706544950
       -9.5700000000            0.3620800217
       -9.5600000000            0.3538326478
       -9.5500000000            0.3458987060
       -9.5400000000            0.3382648287
       -9.5300000000            0.3309180205
       -9.5200000000            0.3238457127
       -9.5100000000            0.3170358033
       -9.5000000000            0.3104766838
       -9.4900000000            0.3041572570
       -9.4800000000            0.2980669463
       -9.4700000000            0.2921956982
       -9.4600000000            0.2865339803
       -9.4500000000            0.2810727754
       -9.4400000000            0.2758035725
       -9.4300000000            0.2707183566
       -9.4200000000            0.2658095967
       -9.4100000000            0.2610702338
       -9.4000000000            0.2564936690
       -9.3900000000            0.2520737517
       -9.3800000000            0.2478047696
       -9.3600000000            0.2079987733
       -9.3500000000            0.2053384510
       -9.3400000000            0.2027431425
       -9.3300000000            0.2002113017
       -9.3200000000            0.1977414486
       -9.3100000000            0.1953321666
       -9.3000000000            0.1929821000
       -9.2900000000            0.1906899508
       -9.2800000000            0.1884544772
       -9.2700000000            0.1862744912
       -9.2600000000            0.1841488564
       -9.2500000000            0.1820764864
       -9.2400000000            0.1800563434
       -9.2300000000            0.1780874360
       -9.2200000000            0.1761688183
       -9.2100000000            0.1742995882
       -9.2000000000            0.1724788866
       -9.1900000000            0.1707058958
       -9.1800000000            0.1689798389
       -9.1700000000            0.1672999784
       -9.1600000000            0.1656656158
       -9.1500000000            0.1640760904
       -9.1400000000            0.1625307789
       -9.1300000000            0.1610290946
       -9.1200000000            0.1595704868
       -9.1100000000            0.1581544406
       -9.1000000000            0.1567804760
       -9.0900000000            0.1554481481
       -9.0800000000            0.1541570462
       -9.0700000000            0.1529067942
       -9.0600000000            0.1516970499
       -9.0500000000            0.1505275052
       -9.0400000000            0.1493978862
       -9.0300000000            0.1483079527
       -9.0200000000            0.1472574988
       -9.0100000000            0.1462463531
       -9.0000000000            0.1452743784
       -8.9900000000            0.1443414726
       -8.9800000000            0.1434475685
       -8.9700000000            0.1425926350
       -8.9600000000            0.1417766767
       -8.9500000000            0.1409997352
       -8.9400000000            0.1402618894
       -8.9300000000            0.1395632563
       -8.9200000000            0.1389039920
       -8.9100000000            0.1382842925
       -8.9000000000            0.1377043944
       -8.8900000000            0.1371645764
       -8.8800000000            0.1366651605
       -8.8700000000            0.1362065128
       -8.8600000000            0.1357890454
       -8.8500000000            0.1354132176
       -8.8400000000            0.1350795375
       -8.8300000000            0.1347885640
       -8.8200000000            0.1345409081
       -8.8100000000            0.1343372355
       -8.8000000000            0.1341782681
       -8.7900000000            0.1340647868
       -8.7800000000            0.1339976334
       -8.7700000000            0.1339777132
       -8.7600000000            0.1340059980
       -8.7500000000            0.1340835286
       -8.7400000000            0.1342114179
       -8.7300000000            0.1343908541
       -8.7200000000            0.1346231041
       -8.7100000000            0.1349095170
       -8.7000000000            0.1352515277
       -8.6900000000            0.1356506609
       -8.6800000000            0.1361085353
       -8.6700000000            0.1366268676
       -8.6600000000            0.1372074774
       -8.6500000000            0.1378522914
       -8.6400000000            0.1385633487
       -8.6300000000            0.1393428053
       -8.6200000000            0.1401929399
       -8.6100000000            0.1411161586
       -8.6000000000            0.1421150008
       -8.5900000000            0.1431921443
       -8.5800000000            0.1443504114
       -8.5700000000            0.1455927740
       -8.5600000000            0.1469223591
       -8.5500000000            0.1483424545
       -8.5400000000            0.1498565137
       -8.5300000000            0.1514681607
       -8.5200000000            0.1531811943
       -8.5100000000            0.1549995917
       -8.5000000000            0.1569275118
       -8.4900000000            0.1589692964
       -8.4800000000            0.1611294711
       -8.4700000000            0.1634127439
       -8.4600000000            0.1658240025
       -8.4500000000            0.1683683083
       -8.4400000000            0.1710508880
       -8.4300000000            0.1738771217
       -8.4200000000            0.1768525267
       -8.4100000000            0.1799827362
       -8.4000000000            0.1832734719
       -8.3900000000            0.1867305108
       -8.3800000000            0.1903596424
       -8.3700000000            0.1941666175
       -8.3600000000            0.1981570862
       -8.3500000000            0.2023365230
       -8.3400000000            0.2067101381
       -8.3300000000            0.2112827724
       -8.3200000000            0.2160587743
       -8.3100000000            0.2210418568
       -8.3000000000            0.2262349318
       -8.2900000000            0.2316399197
       -8.2800000000            0.2372575336
       -8.2700000000            0.2430870350
       -8.2600000000            0.2491259604
       -8.2500000000            0.2553698194
       -8.2400000000            0.2618117631
       -8.2300000000            0.2684422278
       -8.2200000000            0.2752485543
       -8.2100000000            0.2822145928
       -8.2000000000            0.2893203000
       -8.1900000000            0.2965413406
       -8.1800000000            0.3038487103
       -8.1700000000            0.3112083994
       -8.1600000000            0.3185811203
       -8.1500000000            0.3259221262
       -8.1400000000            0.3331811533
       -8.1300000000            0.3403025162
       -8.1200000000            0.3472253916
       -8.1100000000            0.3538843193
       -8.1000000000            0.3602099456
       -8.0900000000            0.3661300255
       -8.0800000000            0.3715706865
       -8.0700000000            0.3764579416
       -8.0600000000            0.3807194188
       -8.0500000000            0.3842862560
       -8.0400000000            0.3870950863
       -8.0300000000            0.3890900259
       -8.0200000000            0.3902245594
       -8.0100000000            0.3904632161
       -8.0000000000            0.3897829331
       -7.9900000000            0.3881740145
       -7.9800000000            0.3856406188
       -7.9700000000            0.3822007387
       -7.9600000000            0.3778856672
       -7.9500000000            0.3727389850
       -7.9400000000            0.3668151305
       -7.9300000000            0.3601776420
       -7.9200000000            0.3528971776
       -7.9100000000            0.3450494257
       -7.9000000000            0.3367130129
       -7.8900000000            0.3279675093
       -7.8800000000            0.3188916096
       -7.8700000000            0.3095615490
       -7.8600000000            0.3000497916
       -7.8500000000            0.2904240046
       -7.8400000000            0.2807463179
       -7.8300000000            0.2710728503
       -7.8200000000            0.2614534749
       -7.8100000000            0.2519317892
       -7.8000000000            0.2425452533
       -7.7900000000            0.2333254591
       -7.7800000000            0.2242984950
       -7.7700000000            0.2154853758
       -7.7600000000            0.2069025097
       -7.7500000000            0.1985621819
       -7.7400000000            0.1904730354
       -7.7300000000            0.1826405372
       -7.7200000000            0.1750674198
       -7.7100000000            0.1677540908
       -7.7000000000            0.1606990091
       -7.6900000000            0.1538990234
       -7.6800000000            0.1473496755
       -7.6700000000            0.1410454669
       -7.6600000000            0.1349800931
       -7.6500000000            0.1291466462
       -7.6400000000            0.1235377895
       -7.6300000000            0.1181459063
       -7.6200000000            0.1129632265
       -7.6100000000            0.1079819325
       -7.6000000000            0.1031942485
       -7.5900000000            0.0985925145
       -7.5800000000            0.0941692476
       -7.5700000000            0.0899171926
       -7.5600000000            0.0858293642
       -7.5500000000            0.0818990810
       -7.5400000000            0.0781199946
       -7.5300000000            0.0744861143
       -7.5200000000            0.0709918279
       -7.5100000000            0.0676319208
       -7.5000000000            0.0644015945
       -7.4900000000            0.0612964842
       -7.4800000000            0.0583126773
       -7.4700000000            0.0554467343
       -7.4600000000            0.0526957116
       -7.4400000000            0.0000000000
       -7.4300000000            0.0000000000
       -7.4200000000            0.0000000000
       -7.4100000000            0.0000000000
       -7.4000000000            0.0000000000
       -7.3900000000            0.0000000000
       -7.3800000000            0.0000000000
       -7.3700000000            0.0000000000
       -7.3600000000            0.0000000000
       -7.3500000000            0.0000000000
       -7.3400000000            0.0000000000
       -7.3300000000            0.0000000000
       -7.3200000000            0.0000000000
       -7.3100000000            0.0000000000
       -7.3000000000            0.0000000000
       -7.2900000000            0.0000000000
       -7.2700000000            0.0402525709
       -7.2600000000            0.0427786957
       -7.2500000000            0.0454165879
       -7.2400000000            0.0481696644
       -7.2300000000            0.0510417928
       -7.2200000000            0.0540372734
       -7.2100000000            0.0571608216
       -7.2000000000            0.0604175519
       -7.1900000000            0.0638129601
       -7.1800000000            0.0673529054
       -7.1700000000            0.0710435886
       -7.1600000000            0.0748915282
       -7.1500000000            0.0789035301
       -7.1400000000            0.0830866518
       -7.1300000000            0.0874481592
       -7.1200000000            0.0919954730
       -7.1100000000            0.0967361038
       -7.1000000000            0.1016775745
       -7.0900000000            0.1068273257
       -7.0800000000            0.1121926035
       -7.0700000000            0.1177803255
       -7.0600000000            0.1235969244
       -7.0500000000            0.1296481630
       -7.0400000000            0.1359389211
       -7.0300000000            0.1424729505
       -7.0200000000            0.1492525946
       -7.0100000000            0.1562784738
       -7.0000000000            0.1635491338
       -6.9900000000            0.1710606598
       -6.9800000000            0.1788062575
       -6.9700000000            0.1867758076
       -6.9600000000            0.1949554020
       -6.9500000000            0.2033268728
       -6.9400000000            0.2118673307
       -6.9300000000            0.2205487335
       -6.9200000000            0.2293375096
       -6.9100000000            0.2381942669
       -6.9000000000            0.2470736198
       -6.8900000000            0.2559241723
       -6.8800000000            0.2646886919
       -6.8700000000            0.2733045121
       -6.8600000000            0.2817041887
       -6.8500000000            0.2898164339
       -6.8400000000            0.2975673295
       -6.8300000000            0.3048818107
       -6.8200000000            0.3116853849
       -6.8100000000            0.3179060326
       -6.8000000000            0.3234762122
       -6.7900000000            0.3283348755
       -6.7800000000            0.3324293869
       -6.7700000000            0.3357172354
       -6.7600000000            0.3381674360
       -6.7500000000            0.3397615315
       -6.7400000000            0.3404941312
       -6.7300000000            0.3403729546
       -6.7200000000            0.3394183828
       -6.7100000000            0.3376625545
       -6.7000000000            0.3351480721
       -6.6900000000            0.3319264073
       -6.6800000000            0.3280561070
       -6.6700000000            0.3236009047
       -6.6600000000            0.3186278374
       -6.6500000000            0.3132054536
       -6.6400000000            0.3074021822
       -6.6300000000            0.3012849123
       -6.6200000000            0.2949178110
       -6.6100000000            0.2883613928
       -6.6000000000            0.2816718328
       -6.5900000000            0.2749005106
       -6.5800000000            0.2680937569
       -6.5700000000            0.2612927759
       -6.5600000000            0.2545337101
       -6.5500000000            0.2478478185
       -6.5400000000            0.2412617369
       -6.5300000000            0.2347977978
       -6.5200000000            0.2284743841
       -6.5100000000            0.2223063018
       -6.5000000000            0.2163051552
       -6.4900000000            0.2104797136
       -6.4800000000            0.2048362629
       -6.4700000000            0.1993789347
       -6.4600000000            0.1941100109
       -6.4500000000            0.1890302009
       -6.4400000000            0.1841388921
       -6.4300000000            0.1794343731
       -6.4200000000            0.1749140307
       -6.4100000000            0.1705745236
       -6.4000000000            0.1664119327
       -6.3900000000            0.1624218911
       -6.3800000000            0.1585996963
       -6.3700000000            0.1549404049
       -6.3600000000            0.1514389132
       -6.3500000000            0.1480900247
       -6.3400000000            0.1448885063
       -6.3300000000            0.1418291348
       -6.3200000000            0.1389067349
       -6.3100000000            0.1361162096
       -6.3000000000            0.1334525649
       -6.2900000000            0.1309109288
       -6.2800000000            0.1284865660
       -6.2700000000            0.1261748883
       -6.2600000000            0.1239714630
       -6.2500000000            0.1218720170
       -6.2400000000            0.1198724405
       -6.2300000000            0.1179687872
       -6.2200000000            0.1161572746
       -6.2100000000            0.1144342818
       -6.2000000000            0.1127963471
       -6.1900000000            0.1112401648
       -6.1800000000            0.1097625814
       -6.1700000000            0.1083605908
       -6.1600000000            0.1070313304
       -6.1500000000            0.1057720758
       -6.1400000000            0.1045802360
       -6.1300000000            0.1034533484
       -6.1200000000            0.1023890738
       -6.1100000000            0.1013851915
       -6.1000000000            0.1004395945
       -6.0900000000            0.0995502843
       -6.0800000000            0.0987153668
       -6.0700000000            0.0979330475
       -6.0600000000            0.0972016272
       -6.0500000000            0.0965194977
       -6.0400000000            0.0958851381
       -6.0300000000            0.0952971103
       -6.0200000000            0.0947540561
       -6.0100000000            0.0942546932
       -6.0000000000            0.0937978118
       -5.9900000000            0.0933822718
       -5.9800000000            0.0930069993
       -5.9700000000            0.0926709843
       -5.9600000000            0.0923732772
       -5.9500000000            0.0921129872
       -5.9400000000            0.0918892791
       -5.9300000000            0.0917013713
       -5.9200000000            0.0915485337
       -5.9100000000            0.0914300855
       -5.9000000000            0.0913453938
       -5.8900000000            0.0912938709
       -5.8800000000            0.0912749734
       -5.8700000000            0.0912882006
       -5.8600000000            0.0913330925
       -5.8500000000            0.0914092290
       -5.8400000000            0.0915162282
       -5.8300000000            0.0916537456
       -5.8200000000            0.0918214728
       -5.8100000000            0.0920191363
       -5.8000000000            0.0922464973
       -5.7900000000            0.0925033498
       -5.7800000000            0.0927895207
       -5.7700000000            0.0931048687
       -5.7600000000            0.0934492839
       -5.7500000000            0.0938226867
       -5.7400000000            0.0942250280
       -5.7300000000            0.0946562884
       -5.7200000000            0.0951164777
       -5.7100000000            0.0956056351
       -5.7000000000            0.0961238281
       -5.6900000000            0.0966711532
       -5.6800000000            0.0972477351
       -5.6700000000            0.0978537271
       -5.6600000000            0.0984893106
       -5.6500000000            0.0991546955
       -5.6400000000            0.0998501201
       -5.6300000000            0.1005758513
       -5.6200000000            0.1013321845
       -5.6100000000            0.1021194444
       -5.6000000000            0.1029379848
       -5.5900000000            0.1037881892
       -5.5800000000            0.1046704711
       -5.5700000000            0.1055852744
       -5.5600000000            0.1065330740
       -5.5500000000            0.1075143765
       -5.5400000000            0.1085297206
       -5.5300000000            0.1095796778
       -5.5200000000            0.1106648534
       -5.5100000000            0.1117858872
       -5.5000000000            0.1129434541
       -5.4900000000            0.1141382655
       -5.4800000000            0.1153710700
       -5.4700000000            0.1166426547
       -5.4600000000            0.1179538463
       -5.4500000000            0.1193055122
       -5.4400000000            0.1206985622
       -5.4300000000            0.1221339496
       -5.4200000000            0.1236126726
       -5.4100000000            0.1251357763
       -5.4000000000            0.1267043544
       -5.3900000000            0.1283195504
       -5.3800000000            0.1299825603
       -5.3700000000            0.1316946340
       -5.3600000000            0.1334570779
       -5.3500000000            0.1352712570
       -5.3400000000            0.1371385973
       -5.3300000000            0.1390605882
       -5.3200000000            0.1410387857
       -5.3100000000            0.1430748146
       -5.3000000000            0.1451703721
       -5.2900000000            0.1473272307
       -5.2800000000            0.1495472418
       -5.2700000000            0.1518323390
       -5.2600000000            0.1541845421
       -5.2500000000            0.1566059614
       -5.2400000000            0.1590988014
       -5.2300000000            0.1616653657
       -5.2200000000            0.1643080617
       -5.2100000000            0.1670294059
       -5.2000000000            0.1698320289
       -5.1900000000            0.1727186813
       -5.1800000000            0.1756922400
       -5.1700000000            0.1787557142
       -5.1600000000            0.1819122527
       -5.1500000000            0.1851651507
       -5.1400000000            0.1885178579
       -5.1300000000            0.1919739865
       -5.1200000000            0.1955373200
       -5.1100000000            0.1992118225
       -5.1000000000            0.2030016483
       -5.0900000000            0.2069111529
       -5.0800000000            0.2109449038
       -5.0700000000            0.2151076927
       -5.0600000000            0.2194045478
       -5.0500000000            0.2238407479
       -5.0400000000            0.2284218367
       -5.0300000000            0.2331536381
       -5.0200000000            0.2380422729
       -5.0100000000            0.2430941765
       -5.0000000000            0.2483161176
       -4.9900000000            0.2537152188
       -4.9800000000            0.2592989777
       -4.9700000000            0.2650752907
       -4.9600000000            0.2710524776
       -4.9500000000            0.2772393083
       -4.9400000000            0.2836450316
       -4.9300000000            0.2902794056
       -4.9200000000            0.2971527316
       -4.9100000000            0.3042758887
       -4.9000000000            0.3116603729
       -4.8900000000            0.3193183380
       -4.8800000000            0.3272626401
       -4.8700000000            0.3355068860
       -4.8600000000            0.3440654842
       -4.8500000000            0.3529537017
       -4.8400000000            0.3621877240
       -4.8300000000            0.3717847208
       -4.8200000000            0.3817629167
       -4.8100000000            0.3921416683
       -4.8000000000            0.4029415472
       -4.7900000000            0.4141844308
       -4.7800000000            0.4258936006
       -4.7700000000            0.4380938487
       -4.7600000000            0.4508115947
       -4.7500000000            0.4640750125
       -4.7400000000            0.4779141682
       -4.7300000000            0.4923611715
       -4.7200000000            0.5074503407
       -4.7100000000            0.5232183830
       -4.7000000000            0.5397045926
       -4.6900000000            0.5569510673
       -4.6800000000            0.5750029463
       -4.6700000000            0.5939086719
       -4.6600000000            0.6137202770
       -4.6500000000            0.6344937017
       -4.6400000000            0.6562891431
       -4.6300000000            0.6791714403
       -4.6200000000            0.7032105018
       -4.6100000000            0.7284817766
       -4.6000000000            0.7550667785
       -4.5900000000            0.7830536663
       -4.5800000000            0.8125378905
       -4.5700000000            0.8436229117
       -4.5600000000            0.8764210032
       -4.5500000000            0.9110541462
       -4.5400000000            0.9476550320
       -4.5300000000            0.9863681840
       -4.5200000000            1.0273512185
       -4.5100000000            1.0707762607
       -4.5000000000            1.1168315413
       -4.4900000000            1.1657231965
       -4.4800000000            1.2176773054
       -4.4700000000            1.2729421966
       -4.4600000000            1.3317910681
       -4.4500000000            1.3945249671
       -4.4400000000            1.4614761886
       -4.4300000000            1.5330121587
       -4.4200000000            1.6095398835
       -4.4100000000            1.6915110577
       -4.4000000000            1.7794279453
       -4.3900000000            1.8738501680
       -4.3800000000            1.9754025609
       -4.3700000000            2.0847842900
       -4.3600000000            2.2027794648
       -4.3500000000            2.3302695281
       -4.3400000000            2.4682477664
       -4.3300000000            2.6178363587
       -4.3200000000            2.7803064758
       -4.3100000000            2.9571020597
       -4.3000000000            3.1498680585
       -4.2900000000            3.3604840802
       -4.2800000000            3.5911046636
       -4.2700000000            3.8442076648
       -4.2600000000            4.1226526442
       -4.2500000000            4.4297516334
       -4.2400000000            4.7693553025
       -4.2300000000            5.1459583835
       -4.2200000000            5.5648292926
       -4.2100000000            6.0321703275
       -4.2000000000            6.5553167045
       -4.1900000000            7.1429852050
       -4.1800000000            7.8055865416
       -4.1700000000            8.5556200163
       -4.1600000000            9.4081750300
       -4.1500000000           10.3815720431
       -4.1400000000           11.4981863762
       -4.1300000000           12.7855126628
       -4.1200000000           14.2775468769
       -4.1100000000           16.0165877187
       -4.1000000000           18.0555904295
       -4.0900000000           20.4612429659
       -4.0800000000           23.3179719607
       -4.0700000000           26.7331091250
       -4.0600000000           30.8434201016
       -4.0500000000           35.8230298870
       -4.0400000000           41.8922795977
       -4.0300000000           49.3258165111
       -4.0200000000           58.4554661632
       -4.0100000000           69.6577913932
       -4.0000000000           83.3058928467
       -3.9900000000           99.6495540135
       -3.9800000000          118.5755419539
       -3.9700000000          139.2246800388
       -3.9600000000          159.5768428381
       -3.9500000000          176.3956906782
       -3.9400000000          186.0830048926
       -3.9300000000          186.3925642558
       -3.9200000000          177.7412519226
       -3.9100000000          162.8331507261
       -3.9000000000          145.0476251120
       -3.8900000000          127.0761338339
       -3.8800000000          110.4919510037
       -3.8700000000           95.9513236163
       -3.8600000000           83.5544370174
       -3.8500000000           73.1322366589
       -3.8400000000           64.4184124252
       -3.8300000000           57.1359827458
       -3.8200000000           51.0340620450
       -3.8100000000           45.8993344305
       -3.8000000000           41.5560998825
       -3.7900000000           37.8619185502
       -3.7800000000           34.7021221518
       -3.7700000000           31.9845688583
       -3.7600000000           29.6351235336
       -3.7500000000           27.5939503131
       -3.7400000000           25.8125478870
       -3.7300000000           24.2514094535
       -3.7200000000           22.8781867816
       -3.7100000000           21.6662523100
       -3.7000000000           20.5935719785
       -3.6900000000           19.6418193717
       -3.6800000000           18.7956769789
       -3.6700000000           18.0422826785
       -3.6600000000           17.3707892054
       -3.6500000000           16.7720118193
       -3.6400000000           16.2381451071
       -3.6300000000           15.7625342131
       -3.6200000000           15.3394891183
       -3.6100000000           14.9641331271
       -3.6000000000           14.6322786619
       -3.5900000000           14.3403249517
       -3.5800000000           14.0851733506
       -3.5700000000           13.8641569011
       -3.5600000000           13.6749814450
       -3.5500000000           13.5156761167
       -3.5400000000           13.3845514662
       -3.5300000000           13.2801637856
       -3.5200000000           13.2012844639
       -3.5100000000           13.1468733929
       -3.5000000000           13.1160556003
       -3.4900000000           13.1081004034
       -3.4800000000           13.1224024648
       -3.4700000000           13.1584641960
       -3.4600000000           13.2158789934
       -3.4500000000           13.2943148137
       -3.4400000000           13.3934975918
       -3.4300000000           13.5131939861
       -3.4200000000           13.6531928879
       -3.4100000000           13.8132850700
       -3.4000000000           13.9932402622
       -3.3900000000           14.1927808439
       -3.3800000000           14.4115512432
       -3.3700000000           14.6490820438
       -3.3600000000           14.9047477611
       -3.3500000000           15.1777172878
       -3.3400000000           15.4668961754
       -3.3300000000           15.7708602808
       -3.3200000000           16.0877809164
       -3.3100000000           16.4153425819
       -3.3000000000           16.7506556763
       -3.2900000000           17.0901683423
       -3.2800000000           17.4295837687
       -3.2700000000           17.7637918075
       -3.2600000000           18.0868264369
       -3.2500000000           18.3918630690
       -3.2400000000           18.6712713777
       -3.2300000000           18.9167394310
       -3.2200000000           19.1194825382
       -3.2100000000           19.2705444876
       -3.2000000000           19.3611892576
       -3.1900000000           19.3833680699
       -3.1800000000           19.3302312283
       -3.1700000000           19.1966392147
       -3.1600000000           18.9796166834
       -3.1500000000           18.6786901306
       -3.1400000000           18.2960578064
       -3.1300000000           17.8365591503
       -3.1200000000           17.3074378757
       -3.1100000000           16.7179223145
       -3.1000000000           16.0786721840
       -3.0900000000           15.4011569346
       -3.0800000000           14.6970343880
       -3.0700000000           13.9775900478
       -3.0600000000           13.2532806608
       -3.0500000000           12.5334051381
       -3.0400000000           11.8259064284
       -3.0300000000           11.1372926023
       -3.0200000000           10.4726557330
       -3.0100000000            9.8357630124
       -3.0000000000            9.2291948188
       -2.9900000000            8.6545076152
       -2.9800000000            8.1124041517
       -2.9700000000            7.6028983487
       -2.9600000000            7.1254667022
       -2.9500000000            6.6791817199
       -2.9400000000            6.2628256514
       -2.9300000000            5.8749846810
       -2.9200000000            5.5141249420
       -2.9100000000            5.1786523642
       -2.9000000000            4.8669586191
       -2.8900000000            4.5774554408
       -2.8800000000            4.3085994414
       -2.8700000000            4.0589093141
       -2.8600000000            3.8269770529
       -2.8500000000            3.6114745534
       -2.8400000000            3.4111567183
       -2.8300000000            3.2248619719
       -2.8200000000            3.0515109013
       -2.8100000000            2.8901035881
       -2.8000000000            2.7397160651
       -2.7900000000            2.5994962261
       -2.7800000000            2.4686594409
       -2.7700000000            2.3464840533
       -2.7600000000            2.2323068986
       -2.7500000000            2.1255189299
       -2.7400000000            2.0255610176
       -2.7300000000            1.9319199620
       -2.7200000000            1.8441247427
       -2.7100000000            1.7617430146
       -2.7000000000            1.6843778542
       -2.6900000000            1.6116647515
       -2.6800000000            1.5432688379
       -2.6700000000            1.4788823405
       -2.6600000000            1.4182222492
       -2.6500000000            1.3610281816
       -2.6400000000            1.3070604342
       -2.6300000000            1.2560982028
       -2.6200000000            1.2079379610
       -2.6100000000            1.1623919823
       -2.6000000000            1.1192869949
       -2.5900000000            1.0784629559
       -2.5800000000            1.0397719359
       -2.5700000000            1.0030771038
       -2.5600000000            0.9682518019
       -2.5500000000            0.9351787036
       -2.5400000000            0.9037490468
       -2.5300000000            0.8738619347
       -2.5200000000            0.8454236982
       -2.5100000000            0.8183473154
       -2.5000000000            0.7925518809
       -2.4900000000            0.7679621219
       -2.4800000000            0.7445079555
       -2.4700000000            0.7221240852
       -2.4600000000            0.7007496310
       -2.4500000000            0.6803277909
       -2.4400000000            0.6608055318
       -2.4300000000            0.6421333051
       -2.4200000000            0.6242647871
       -2.4100000000            0.6071566399
       -2.4000000000            0.5907682927
       -2.3900000000            0.5750617402
       -2.3800000000            0.5600013578
       -2.3700000000            0.5455537312
       -2.3600000000            0.5316875000
       -2.3500000000            0.5183732130
       -2.3400000000            0.5055831956
       -2.3300000000            0.4932914272
       -2.3200000000            0.4814734273
       -2.3100000000            0.4701061517
       -2.3000000000            0.4591678957
       -2.2900000000            0.4486382042
       -2.2800000000            0.4384977899
       -2.2700000000            0.4287284560
       -2.2600000000            0.4193130257
       -2.2500000000            0.4102352763
       -2.2400000000            0.4014798783
       -2.2300000000            0.3930323384
       -2.2200000000            0.3848789476
       -2.2100000000            0.3770067316
       -2.2000000000            0.3694034061
       -2.1900000000            0.3620573337
       -2.1800000000            0.3549574852
       -2.1700000000            0.3480934027
       -2.1600000000            0.3414551651
       -2.1500000000            0.3350333570
       -2.1400000000            0.3288190382
       -2.1300000000            0.3228037162
       -2.1200000000            0.3169793205
       -2.1100000000            0.3113381781
       -2.1000000000            0.3058729907
       -2.0900000000            0.3005768139
       -2.0800000000            0.2954430372
       -2.0700000000            0.2904653652
       -2.0600000000            0.2856378003
       -2.0500000000            0.2809546267
       -2.0400000000            0.2764103944
       -2.0300000000            0.2719999055
       -2.0200000000            0.2677182005
       -2.0100000000            0.2635605452
       -2.0000000000            0.2595224195
       -1.9900000000            0.2555995057
       -1.9800000000            0.2517876782
       -1.9700000000            0.2480829934
       -1.9600000000            0.2444816807
       -1.9500000000            0.2409801333
       -1.9400000000            0.2375749003
       -1.9300000000            0.2342626786
       -1.9200000000            0.2310403056
       -1.9100000000            0.2279047527
       -1.9000000000            0.2248531179
       -1.8900000000            0.2218826204
       -1.8800000000            0.2189905943
       -1.8700000000            0.2161744835
       -1.8600000000            0.2134318358
       -1.8500000000            0.2107602987
       -1.8400000000            0.2081576142
       -1.8300000000            0.2056216149
       -1.8200000000            0.2031502191
       -1.8100000000            0.2007414275
       -1.8000000000            0.1983933192
       -1.7900000000            0.1961040481
       -1.7800000000            0.1938718395
       -1.7700000000            0.1916949870
       -1.7600000000            0.1895718495
       -1.7500000000            0.1875008482
       -1.7400000000            0.1854804640
       -1.7300000000            0.1835092347
       -1.7200000000            0.1815857527
       -1.7100000000            0.1797086628
       -1.7000000000            0.1778766594
       -1.6900000000            0.1760884852
       -1.6800000000            0.1743429285
       -1.6700000000            0.1726388216
       -1.6600000000            0.1709750390
       -1.6500000000            0.1693504953
       -1.6400000000            0.1677641441
       -1.6300000000            0.1662149761
       -1.6200000000            0.1647020176
       -1.6100000000            0.1632243290
       -1.6000000000            0.1617810038
       -1.5900000000            0.1603711668
       -1.5800000000            0.1589939733
       -1.5700000000            0.1576486075
       -1.5600000000            0.1563342817
       -1.5500000000            0.1550502352
       -1.5400000000            0.1537957330
       -1.5300000000            0.1525700651
       -1.5200000000            0.1513725454
       -1.5100000000            0.1502025108
       -1.5000000000            0.1490593203
       -1.4900000000            0.1479423546
       -1.4800000000            0.1468510146
       -1.4700000000            0.1457847212
       -1.4600000000            0.1447429142
       -1.4500000000            0.1437250521
       -1.4400000000            0.1427306109
       -1.4300000000            0.1417590837
       -1.4200000000            0.1408099801
       -1.4100000000            0.1398828258
       -1.4000000000            0.1389771615
       -1.3900000000            0.1380925430
       -1.3800000000            0.1372285401
       -1.3700000000            0.1363847367
       -1.3600000000            0.1355607298
       -1.3500000000            0.1347561292
       -1.3400000000            0.1339705573
       -1.3300000000            0.1332036482
       -1.3200000000            0.1324550479
       -1.3100000000            0.1317244132
       -1.3000000000            0.1310114119
       -1.2900000000            0.1303157222
       -1.2800000000            0.1296370322
       -1.2700000000            0.1289750399
       -1.2600000000            0.1283294523
       -1.2500000000            0.1276999859
       -1.2400000000            0.1270863654
       -1.2300000000            0.1264883242
       -1.2200000000            0.1259056036
       -1.2100000000            0.1253379527
       -1.2000000000            0.1247851282
       -1.1900000000            0.1242468937
       -1.1800000000            0.1237230197
       -1.1700000000            0.1232132835
       -1.1600000000            0.1227174684
       -1.1500000000            0.1222353637
       -1.1400000000            0.1217667644
       -1.1300000000            0.1213114710
       -1.1200000000            0.1208692888
       -1.1100000000            0.1204400279
       -1.1000000000            0.1200235027
       -1.0900000000            0.1196195318
       -1.0800000000            0.1192279372
       -1.0700000000            0.1188485444
       -1.0600000000            0.1184811816
       -1.0500000000            0.1181256794
       -1.0400000000            0.1177818704
       -1.0300000000            0.1174495885
       -1.0200000000            0.1171286686
       -1.0100000000            0.1168189458
       -0.9900000000            0.1593393715
       -0.9800000000            0.1610443538
       -0.9700000000            0.1628430604
       -0.9600000000            0.1647379634
       -0.9500000000            0.1667318778
       -0.9400000000            0.1688279467
       -0.9300000000            0.1710296274
       -0.9200000000            0.1733406789
       -0.9100000000            0.1757651474
       -0.9000000000            0.1783073524
       -0.8900000000            0.1809718693
       -0.8800000000            0.1837635105
       -0.8700000000            0.1866873021
       -0.8600000000            0.1897484554
       -0.8500000000            0.1929523335
       -0.8400000000            0.1963044097
       -0.8300000000            0.1998102172
       -0.8200000000            0.2034752887
       -0.8100000000            0.2073050840
       -0.8000000000            0.2113049031
       -0.7900000000            0.2154797837
       -0.7800000000            0.2198343805
       -0.7700000000            0.2243728247
       -0.7600000000            0.2290985606
       -0.7500000000            0.2340141598
       -0.7400000000            0.2391211084
       -0.7300000000            0.2444195699
       -0.7200000000            0.2499081211
       -0.7100000000            0.2555834634
       -0.7000000000            0.2614401133
       -0.6900000000            0.2674700740
       -0.6800000000            0.2736624988
       -0.6700000000            0.2800033535
       -0.6600000000            0.2864750919
       -0.6500000000            0.2930563617
       -0.6400000000            0.2997217589
       -0.6300000000            0.3064416553
       -0.6200000000            0.3131821243
       -0.6100000000            0.3199049912
       -0.6000000000            0.3265680343
       -0.5900000000            0.3331253613
       -0.5800000000            0.3395279779
       -0.5700000000            0.3457245588
       -0.5600000000            0.3516624191
       -0.5500000000            0.3572886695
       -0.5400000000            0.3625515246
       -0.5300000000            0.3674017153
       -0.5200000000            0.3717939438
       -0.5100000000            0.3756883083
       -0.5000000000            0.3790516163
       -0.4900000000            0.3818585115
       -0.4800000000            0.3840923405
       -0.4700000000            0.3857457076
       -0.4600000000            0.3868206813
       -0.4500000000            0.3873286438
       -0.4400000000            0.3872897980
       -0.4300000000            0.3867323708
       -0.4200000000            0.3856915695
       -0.4100000000            0.3842083605
       -0.4000000000            0.3823281461
       -0.3900000000            0.3800994115
       -0.3800000000            0.3775724113
       -0.3700000000            0.3747979483
       -0.3600000000            0.3718262876
       -0.3500000000            0.3687062322
       -0.3400000000            0.3654843739
       -0.3300000000            0.3622045181
       -0.3200000000            0.3589072761
       -0.3100000000            0.3556298057
       -0.3000000000            0.3524056811
       -0.2900000000            0.3492648679
       -0.2800000000            0.3462337786
       -0.2700000000            0.3433353868
       -0.2600000000            0.3405893770
       -0.2500000000            0.3380123125
       -0.2400000000            0.3356178041
       -0.2300000000            0.3334166655
       -0.2200000000            0.3314170452
       -0.2100000000            0.3296245265
       -0.2000000000            0.3280421894
       -0.1900000000            0.3266706324
       -0.1800000000            0.3255079554
       -0.1700000000            0.3245497060
       -0.1600000000            0.3237888007
       -0.1500000000            0.3232154315
       -0.1400000000            0.3228169779
       -0.1300000000            0.3225779482
       -0.1200000000            0.3224799791
       -0.1100000000            0.3225019251
       -0.1000000000            0.3226200730
       -0.0900000000            0.3228085116
       -0.0800000000            0.3230396789
       -0.0700000000            0.3232850979
       -0.0600000000            0.3235162887
       -0.0500000000            0.3237058237
       -0.0400000000            0.3238284658
       -0.0300000000            0.3238623071
       -0.0200000000            0.3237898119
       -0.0100000000            0.3235986647
