      -20.0000000000            0.2471811663
      -19.9900000000            0.2510888677
      -19.9800000000            0.2544983060
      -19.9700000000            0.2573609414
      -19.9600000000            0.2596379799
      -19.9500000000            0.2613022825
      -19.9400000000            0.2623397473
      -19.9200000000            0.2616323709
      -19.9100000000            0.2608458567
      -19.9000000000            0.2595098189
      -19.8900000000            0.2576722205
      -19.8800000000            0.2553886143
      -19.8700000000            0.2527197428
      -19.8600000000            0.2497291487
      -19.8500000000            0.2464809493
      -19.8400000000            0.2430378899
      -19.8300000000            0.2394597478
      -19.8200000000            0.2358021181
      -19.8100000000            0.2321155782
      -19.8000000000            0.2284451993
      -19.7900000000            0.2248303576
      -19.7800000000            0.2213047896
      -19.7700000000            0.2178968329
      -19.7600000000            0.2146297976
      -19.7500000000            0.2115224230
      -19.7400000000            0.2085893763
      -19.7300000000            0.2058417655
      -19.7200000000            0.2032876416
      -19.7100000000            0.2009324743
      -19.7000000000            0.1987795916
      -19.6900000000            0.1968305759
      -19.6800000000            0.1950856174
      -19.6700000000            0.1935438222
      -19.6600000000            0.1922034789
      -19.6500000000            0.1910622860
      -19.6400000000            0.1901175452
      -19.6300000000            0.1893663221
      -19.6200000000            0.1888055808
      -19.6100000000            0.1884322947
      -19.6000000000            0.1882435368
      -19.5900000000            0.1882365544
      -19.5800000000            0.1884088282
      -19.5700000000            0.1887581214
      -19.5600000000            0.1892825185
      -19.5500000000            0.1899804565
      -19.5400000000            0.1908507510
      -19.5300000000            0.1918926171
      -19.5200000000            0.1931056869
      -19.5100000000            0.1944900248
      -19.5000000000            0.1960461413
      -19.4900000000            0.1977750051
      -19.4800000000            0.1996780564
      -19.4700000000            0.2017572187
      -19.4600000000            0.2040149122
      -19.4500000000            0.2064540682
      -19.4400000000            0.2090781446
      -19.4300000000            0.2118911428
      -19.4200000000            0.2148976272
      -19.4100000000            0.2181027460
      -19.4000000000            0.2215122549
      -19.3900000000            0.2251325433
      -19.3800000000            0.2289706632
      -19.3700000000            0.2330343610
      -19.3600000000            0.2373321126
      -19.3500000000            0.2418731617
      -19.3400000000            0.2466675620
      -19.3300000000            0.2517262224
      -19.3200000000            0.2570609568
      -19.3100000000            0.2626845372
      -19.3000000000            0.2686107516
      -19.2900000000            0.2748544653
      -19.2800000000            0.2814316871
      -19.2700000000            0.2883596387
      -19.2600000000            0.2956568298
      -19.2500000000            0.3033431351
      -19.2400000000            0.3114398767
      -19.2300000000            0.3199699082
      -19.2200000000            0.3289577029
      -19.2100000000            0.3384294422
      -19.2000000000            0.3484131060
      -19.1900000000            0.3589385615
      -19.1800000000            0.3700376503
      -19.1700000000            0.3817442700
      -19.1600000000            0.3940944476
      -19.1500000000            0.4071264020
      -19.1400000000            0.4208805876
      -19.1300000000            0.4353997149
      -19.1200000000            0.4507287369
      -19.1100000000            0.4669147924
      -19.1000000000            0.4840070892
      -19.0900000000            0.5020567115
      -19.0800000000            0.5211163294
      -19.0700000000            0.5412397861
      -19.0600000000            0.5624815324
      -19.0500000000            0.5848958780
      -19.0400000000            0.6085360243
      -19.0300000000            0.6334528430
      -19.0200000000            0.6596933635
      -19.0100000000            0.6872989365
      -19.0000000000            0.7163030442
      -18.9900000000            0.7467287341
      -18.9800000000            0.7785856673
      -18.9700000000            0.8118667854
      -18.9600000000            0.8465446229
      -18.9500000000            0.8825673182
      -18.9400000000            0.9198544079
      -18.9300000000            0.9582925313
      -18.9200000000            0.9977312174
      -18.9100000000            1.0379789793
      -18.9000000000            1.0788000063
      -18.8900000000            1.1199118085
      -18.8800000000            1.1609842417
      -18.8700000000            1.2016404016
      -18.8600000000            1.2414599189
      -18.8500000000            1.2799851766
      -18.8400000000            1.3167308861
      -18.8300000000            1.3511972645
      -18.8200000000            1.3828867388
      -18.8100000000            1.4113236654
      -18.8000000000            1.4360760522
      -18.7900000000            1.4567777708
      -18.7800000000            1.4731493693
      -18.7700000000            1.4850154491
      -18.7600000000            1.4923167194
      -18.7500000000            1.4951153224
      -18.7400000000            1.4935927541
      -18.7300000000            1.4880405699
      -18.7200000000            1.4788449001
      -18.7100000000            1.4664664476
      -18.7000000000            1.4514179987
      -18.6900000000            1.4342415200
      -18.6800000000            1.4154866665
      -18.6700000000            1.3956920902
      -18.6600000000            1.3753704092
      -18.6500000000            1.3549971837
      -18.6400000000            1.3350038090
      -18.6300000000            1.3157739241
      -18.6200000000            1.2976427444
      -18.6100000000            1.2808986530
      -18.6000000000            1.2657863935
      -18.5900000000            1.2525112719
      -18.5800000000            1.2412438709
      -18.5700000000            1.2321248823
      -18.5600000000            1.2252697648
      -18.5500000000            1.2207730143
      -18.5400000000            1.2187119093
      -18.5300000000            1.2191496399
      -18.5200000000            1.2221377679
      -18.5100000000            1.2277179860
      -18.5000000000            1.2359231567
      -18.4900000000            1.2467776164
      -18.4800000000            1.2602967275
      -18.4700000000            1.2764856628
      -18.4600000000            1.2953373986
      -18.4500000000            1.3168299021
      -18.4400000000            1.3409224989
      -18.4300000000            1.3675514313
      -18.4200000000            1.3966246447
      -18.4100000000            1.4280158919
      -18.4000000000            1.4615583120
      -18.3900000000            1.4970377342
      -18.3800000000            1.5341860721
      -18.3700000000            1.5726753056
      -18.3600000000            1.6121126910
      -18.3500000000            1.6520379702
      -18.3400000000            1.6919234492
      -18.3300000000            1.7311778441
      -18.3200000000            1.7691547117
      -18.3100000000            1.8051660648
      -18.3000000000            1.8385013843
      -18.2900000000            1.8684516947
      -18.2800000000            1.8943377071
      -18.2700000000            1.9155403347
      -18.2600000000            1.9315312778
      -18.2500000000            1.9419009865
      -18.2400000000            1.9463812706
      -18.2300000000            1.9448601858
      -18.2200000000            1.9373875824
      -18.2100000000            1.9241707277
      -18.2000000000            1.9055605471
      -18.1900000000            1.8820300552
      -18.1800000000            1.8541472980
      -18.1700000000            1.8225454892
      -18.1600000000            1.7878929917
      -18.1500000000            1.7508654218
      -18.1400000000            1.7121215616
      -18.1300000000            1.6722840932
      -18.1200000000            1.6319255202
      -18.1100000000            1.5915591157
      -18.1000000000            1.5516343541
      -18.0900000000            1.5125360685
      -18.0800000000            1.4745864901
      -18.0700000000            1.4380493481
      -18.0600000000            1.4031352958
      -18.0500000000            1.3700080520
      -18.0400000000            1.3387907818
      -18.0300000000            1.3095723673
      -18.0200000000            1.2824133314
      -18.0100000000            1.2573512696
      -18.0000000000            1.2344057145
      -17.9900000000            1.2135824123
      -17.9800000000            1.1948770231
      -17.9700000000            1.1782782830
      -17.9600000000            1.1637706779
      -17.9500000000            1.1513366844
      -17.9400000000            1.1409586360
      -17.9300000000            1.1326202703
      -17.9200000000            1.1263080067
      -17.9100000000            1.1220120035
      -17.9000000000            1.1197270324
      -17.8900000000            1.1194532081
      -17.8800000000            1.1211966000
      -17.8700000000            1.1249697543
      -17.8600000000            1.1307921426
      -17.8500000000            1.1386905568
      -17.8400000000            1.1486994593
      -17.8300000000            1.1608612984
      -17.8200000000            1.1752267924
      -17.8100000000            1.1918551839
      -17.8000000000            1.2108144608
      -17.7900000000            1.2321815383
      -17.7800000000            1.2560423879
      -17.7700000000            1.2824920997
      -17.7600000000            1.3116348535
      -17.7500000000            1.3435837692
      -17.7400000000            1.3784606003
      -17.7300000000            1.4163952217
      -17.7200000000            1.4575248546
      -17.7100000000            1.5019929566
      -17.7000000000            1.5499476920
      -17.6900000000            1.6015398797
      -17.6800000000            1.6569202985
      -17.6700000000            1.7162362136
      -17.6600000000            1.7796269660
      -17.6500000000            1.8472184557
      -17.6400000000            1.9191163352
      -17.6300000000            1.9953977339
      -17.6200000000            2.0761013417
      -17.6100000000            2.1612157234
      -17.6000000000            2.2506657956
      -17.5900000000            2.3442975136
      -17.5800000000            2.4418609696
      -17.5700000000            2.5429923340
      -17.5600000000            2.6471953576
      -17.5500000000            2.7538235127
      -17.5400000000            2.8620642570
      -17.5300000000            2.9709273263
      -17.5200000000            3.0792393380
      -17.5100000000            3.1856472246
      -17.5000000000            3.2886330186
      -17.4900000000            3.3865421384
      -17.4800000000            3.4776264985
      -17.4700000000            3.5601024349
      -17.4600000000            3.6322216567
      -17.4500000000            3.6923514038
      -17.4400000000            3.7390580180
      -17.4300000000            3.7711866446
      -17.4200000000            3.7879291699
      -17.4100000000            3.7888730668
      -17.4000000000            3.7740256083
      -17.3900000000            3.7438106903
      -17.3800000000            3.6990387933
      -17.3700000000            3.6408537788
      -17.3600000000            3.5706626842
      -17.3500000000            3.4900560419
      -17.3400000000            3.4007263977
      -17.3300000000            3.3043917732
      -17.3200000000            3.2027291685
      -17.3100000000            3.0973212265
      -17.3000000000            2.9896172686
      -17.2900000000            2.8809083244
      -17.2800000000            2.7723146420
      -17.2700000000            2.6647835146
      -17.2600000000            2.5590950159
      -17.2500000000            2.4558733043
      -17.2400000000            2.3556014244
      -17.2300000000            2.2586378976
      -17.2200000000            2.1652337903
      -17.2100000000            2.0755493133
      -17.2000000000            1.9896693271
      -17.1900000000            1.9076173823
      -17.1800000000            1.8293681230
      -17.1700000000            1.7548580187
      -17.1600000000            1.6839944855
      -17.1500000000            1.6166635180
      -17.1400000000            1.5527359833
      -17.1300000000            1.4920727406
      -17.1200000000            1.4345287492
      -17.1100000000            1.3799563205
      -17.1000000000            1.3282076526
      -17.0900000000            1.2791367724
      -17.0800000000            1.2326009926
      -17.0700000000            1.1884619754
      -17.0600000000            1.1465864806
      -17.0500000000            1.1068468624
      -17.0400000000            1.0691213675
      -17.0300000000            1.0332942795
      -17.0200000000            0.9992559437
      -17.0100000000            0.9669027019
      -17.0000000000            0.9361367597
      -16.9900000000            0.9068660057
      -16.9800000000            0.8790037963
      -16.9700000000            0.8524687180
      -16.9600000000            0.8271843365
      -16.9500000000            0.8030789390
      -16.9400000000            0.7800852765
      -16.9300000000            0.7581403072
      -16.9200000000            0.7371849480
      -16.9100000000            0.7171638324
      -16.9000000000            0.6980250787
      -16.8900000000            0.6797200690
      -16.8800000000            0.6622032383
      -16.8700000000            0.6454318761
      -16.8600000000            0.6293659386
      -16.8500000000            0.6139678720
      -16.8400000000            0.5992024477
      -16.8300000000            0.5850366065
      -16.8200000000            0.5714393141
      -16.8100000000            0.5583814260
      -16.8000000000            0.5458355607
      -16.7900000000            0.5337759827
      -16.7800000000            0.5221784923
      -16.7700000000            0.5110203242
      -16.7600000000            0.5002800524
      -16.7500000000            0.4899375017
      -16.7400000000            0.4799736658
      -16.7300000000            0.4703706310
      -16.7200000000            0.4611115053
      -16.7100000000            0.4521803519
      -16.7000000000            0.4435621284
      -16.6900000000            0.4352426294
      -16.6800000000            0.4272084332
      -16.6700000000            0.4194468528
      -16.6600000000            0.4119458895
      -16.6500000000            0.4046941902
      -16.6400000000            0.3976810075
      -16.6300000000            0.3908961628
      -16.6200000000            0.3843300110
      -16.6100000000            0.3779734089
      -16.6000000000            0.3718176847
      -16.5900000000            0.3658546102
      -16.5800000000            0.3600763742
      -16.5700000000            0.3544755583
      -16.5600000000            0.3490451138
      -16.5500000000            0.3437783408
      -16.5400000000            0.3386688676
      -16.5300000000            0.3337106323
      -16.5200000000            0.3288978657
      -16.5100000000            0.3242250741
      -16.5000000000            0.3196870246
      -16.4900000000            0.3152787306
      -16.4800000000            0.3109954382
      -16.4700000000            0.3068326139
      -16.4600000000            0.3027859322
      -16.4500000000            0.2988512650
      -16.4400000000            0.2950246710
      -16.4300000000            0.2913023857
      -16.4200000000            0.2876808126
      -16.4100000000            0.2841565140
      -16.4000000000            0.2807262033
      -16.3900000000            0.2773867373
      -16.3800000000            0.2741351086
      -16.3700000000            0.2709684392
      -16.3600000000            0.2678839739
      -16.3500000000            0.2648790745
      -16.3400000000            0.2619512138
      -16.3300000000            0.2590979703
      -16.3200000000            0.2563170234
      -16.3100000000            0.2536061483
      -16.3000000000            0.2509632118
      -16.2900000000            0.2483861677
      -16.2800000000            0.2458730531
      -16.2700000000            0.2434219843
      -16.2600000000            0.2410311535
      -16.2500000000            0.2386988254
      -16.2400000000            0.2364233335
      -16.2300000000            0.2342030776
      -16.2200000000            0.2320365210
      -16.2100000000            0.2299221871
      -16.2000000000            0.2278586574
      -16.1900000000            0.2258445692
      -16.1800000000            0.2238786125
      -16.1700000000            0.2219595288
      -16.1600000000            0.2200861084
      -16.1500000000            0.2182571883
      -16.1400000000            0.2164716511
      -16.1300000000            0.2147284225
      -16.1200000000            0.2130264701
      -16.1100000000            0.2113648014
      -16.1000000000            0.2097424628
      -16.0900000000            0.2081585380
      -16.0800000000            0.2066121463
      -16.0700000000            0.2051024419
      -16.0600000000            0.2036286124
      -16.0500000000            0.2021898778
      -16.0400000000            0.2007854893
      -16.0300000000            0.1994147284
      -16.0200000000            0.1980769060
      -16.0100000000            0.1967713614
      -16.0000000000            0.1954974614
      -15.9900000000            0.1942546000
      -15.9800000000            0.1930421968
      -15.9700000000            0.1918596972
      -15.9600000000            0.1907065714
      -15.9500000000            0.1895823135
      -15.9400000000            0.1884864416
      -15.9300000000            0.1874184967
      -15.9200000000            0.1863780427
      -15.9100000000            0.1853646656
      -15.9000000000            0.1843779734
      -15.8900000000            0.1834175957
      -15.8800000000            0.1824831833
      -15.8700000000            0.1815744081
      -15.8600000000            0.1806909627
      -15.8500000000            0.1798325604
      -15.8400000000            0.1789989352
      -15.8300000000            0.1781898410
      -15.8200000000            0.1774050527
      -15.8100000000            0.1766443650
      -15.8000000000            0.1759075932
      -15.7900000000            0.1751945731
      -15.7800000000            0.1745051610
      -15.7700000000            0.1738392340
      -15.7600000000            0.1731966901
      -15.7500000000            0.1725774484
      -15.7400000000            0.1719814497
      -15.7300000000            0.1714086567
      -15.7200000000            0.1708590543
      -15.7100000000            0.1703326502
      -15.7000000000            0.1698294754
      -15.6900000000            0.1693495850
      -15.6800000000            0.1688930584
      -15.6700000000            0.1684600007
      -15.6600000000            0.1680505429
      -15.6500000000            0.1676648430
      -15.6400000000            0.1673030873
      -15.6300000000            0.1669654910
      -15.6200000000            0.1666522995
      -15.6100000000            0.1663637900
      -15.6000000000            0.1661002723
      -15.5900000000            0.1658620908
      -15.5800000000            0.1656496260
      -15.5700000000            0.1654632959
      -15.5600000000            0.1653035583
      -15.5500000000            0.1651709129
      -15.5400000000            0.1650659032
      -15.5300000000            0.1649891189
      -15.5200000000            0.1649411990
      -15.5100000000            0.1649228339
      -15.5000000000            0.1649347688
      -15.4900000000            0.1649778071
      -15.4800000000            0.1650528137
      -15.4700000000            0.1651607186
      -15.4600000000            0.1653025215
      -15.4500000000            0.1654792958
      -15.4400000000            0.1656921937
      -15.4300000000            0.1659424512
      -15.4200000000            0.1662313935
      -15.4100000000            0.1665604414
      -15.4000000000            0.1669311176
      -15.3900000000            0.1673450535
      -15.3800000000            0.1678039972
      -15.3700000000            0.1683098214
      -15.3600000000            0.1688645322
      -15.3500000000            0.1694702785
      -15.3400000000            0.1701293628
      -15.3300000000            0.1708442514
      -15.3200000000            0.1716175870
      -15.3100000000            0.1724522011
      -15.3000000000            0.1733511280
      -15.2900000000            0.1743176195
      -15.2800000000            0.1753551606
      -15.2700000000            0.1764674868
      -15.2600000000            0.1776586023
      -15.2500000000            0.1789327991
      -15.2400000000            0.1802946777
      -15.2300000000            0.1817491694
      -15.2200000000            0.1833015591
      -15.2100000000            0.1849575098
      -15.2000000000            0.1867230878
      -15.1900000000            0.1886047895
      -15.1800000000            0.1906095688
      -15.1700000000            0.1927448640
      -15.1600000000            0.1950186264
      -15.1500000000            0.1974393475
      -15.1400000000            0.2000160846
      -15.1300000000            0.2027584857
      -15.1200000000            0.2056768097
      -15.1100000000            0.2087819425
      -15.1000000000            0.2120854065
      -15.0900000000            0.2155993604
      -15.0800000000            0.2193365872
      -15.0700000000            0.2233104667
      -15.0600000000            0.2275349268
      -15.0500000000            0.2320243701
      -15.0400000000            0.2367935671
      -15.0300000000            0.2418575104
      -15.0200000000            0.2472312184
      -15.0100000000            0.2529294799
      -15.0000000000            0.2589665272
      -14.9900000000            0.2653556232
      -14.9800000000            0.2721085505
      -14.9700000000            0.2792349854
      -14.9600000000            0.2867417456
      -14.9500000000            0.2946318968
      -14.9400000000            0.3029037131
      -14.9300000000            0.3115494877
      -14.9200000000            0.3205542059
      -14.9100000000            0.3298941021
      -14.9000000000            0.3395351476
      -14.8900000000            0.3494315356
      -14.8800000000            0.3595242629
      -14.8700000000            0.3697399392
      -14.8600000000            0.3799899827
      -14.8500000000            0.3901703917
      -14.8400000000            0.4001622887
      -14.8300000000            0.4098334265
      -14.8200000000            0.4190408072
      -14.8100000000            0.4276344881
      -14.8000000000            0.4354625386
      -14.7900000000            0.4423769714
      -14.7800000000            0.4482403152
      -14.7700000000            0.4529323576
      -14.7600000000            0.4563564831
      -14.7500000000            0.4584450039
      -14.7400000000            0.4591629371
      -14.7300000000            0.4585098270
      -14.7200000000            0.4565194241
      -14.7100000000            0.4532572783
      -14.7000000000            0.4488165338
      -14.6900000000            0.4433123958
      -14.6800000000            0.4368758357
      -14.6700000000            0.4296471160
      -14.6600000000            0.4217696496
      -14.6500000000            0.4133845902
      -14.6400000000            0.4046264076
      -14.6300000000            0.3956195587
      -14.6200000000            0.3864762468
      -14.6100000000            0.3772951704
      -14.6000000000            0.3681611096
      -14.5900000000            0.3591451735
      -14.5800000000            0.3503055306
      -14.5700000000            0.3416884622
      -14.5600000000            0.3333296011
      -14.5500000000            0.3252552467
      -14.5400000000            0.3174836767
      -14.5300000000            0.3100263982
      -14.5200000000            0.3028893021
      -14.5100000000            0.2960737007
      -14.5000000000            0.2895772425
      -14.4900000000            0.2833947017
      -14.4800000000            0.2775186517
      -14.4700000000            0.2719400296
      -14.4600000000            0.2666486051
      -14.4500000000            0.2616333636
      -14.4400000000            0.2568828164
      -14.4300000000            0.2523852483
      -14.4200000000            0.2481289126
      -14.4100000000            0.2441021822
      -14.4000000000            0.2402936641
      -14.3900000000            0.2366922852
      -14.3800000000            0.2332873530
      -14.3700000000            0.2300685974
      -14.3600000000            0.2270261973
      -14.3500000000            0.2241507949
      -14.3400000000            0.2214335006
      -14.3300000000            0.2188658904
      -14.3200000000            0.2164399980
      -14.3100000000            0.2141483030
      -14.3000000000            0.2119837157
      -14.2900000000            0.2099395607
      -14.2800000000            0.2080095583
      -14.2700000000            0.2061878055
      -14.2600000000            0.2044687573
      -14.2500000000            0.2028472073
      -14.2400000000            0.2013182687
      -14.2300000000            0.1998773563
      -14.2200000000            0.1985201686
      -14.2100000000            0.1972426707
      -14.2000000000            0.1960410783
      -14.1900000000            0.1949118421
      -14.1800000000            0.1938516330
      -14.1700000000            0.1928573287
      -14.1600000000            0.1919260004
      -14.1500000000            0.1910549008
      -14.1400000000            0.1902414522
      -14.1300000000            0.1894832363
      -14.1200000000            0.1887779837
      -14.1100000000            0.1881235648
      -14.1000000000            0.1875179807
      -14.0900000000            0.1869593555
      -14.0800000000            0.1864459282
      -14.0700000000            0.1859760455
      -14.0600000000            0.1855481556
      -14.0500000000            0.1851608018
      -14.0400000000            0.1848126167
      -14.0300000000            0.1845023167
      -14.0200000000            0.1842286971
      -14.0100000000            0.1839906277
      -14.0000000000            0.1837870481
      -13.9900000000            0.1836169638
      -13.9800000000            0.1834794422
      -13.9700000000            0.1833736096
      -13.9600000000            0.1832986476
      -13.9500000000            0.1832537899
      -13.9400000000            0.1832383199
      -13.9300000000            0.1832515677
      -13.9200000000            0.1832929078
      -13.9100000000            0.1833617567
      -13.9000000000            0.1834575709
      -13.8900000000            0.1835798450
      -13.8800000000            0.1837281095
      -13.8700000000            0.1839019294
      -13.8600000000            0.1841009025
      -13.8500000000            0.1843246579
      -13.8400000000            0.1845728544
      -13.8300000000            0.1848451797
      -13.8200000000            0.1851413488
      -13.8100000000            0.1854611031
      -13.8000000000            0.1858042090
      -13.7900000000            0.1861704576
      -13.7800000000            0.1865596631
      -13.7700000000            0.1869716624
      -13.7600000000            0.1874063143
      -13.7500000000            0.1878634989
      -13.7400000000            0.1883431163
      -13.7300000000            0.1888450871
      -13.7200000000            0.1893693508
      -13.7100000000            0.1899158661
      -13.7000000000            0.1904846099
      -13.6900000000            0.1910755772
      -13.6800000000            0.1916887807
      -13.6700000000            0.1923242502
      -13.6600000000            0.1929820329
      -13.6500000000            0.1936621924
      -13.6400000000            0.1943648090
      -13.6300000000            0.1950899795
      -13.6200000000            0.1958378166
      -13.6100000000            0.1966084493
      -13.6000000000            0.1974020225
      -13.5900000000            0.1982186972
      -13.5800000000            0.1990586499
      -13.5700000000            0.1999220733
      -13.5600000000            0.2008091759
      -13.5500000000            0.2017201820
      -13.5400000000            0.2026553320
      -13.5300000000            0.2036148824
      -13.5200000000            0.2045991058
      -13.5100000000            0.2056082914
      -13.5000000000            0.2066427447
      -13.4900000000            0.2077027879
      -13.4800000000            0.2087887604
      -13.4700000000            0.2099010186
      -13.4600000000            0.2110399364
      -13.4500000000            0.2122059057
      -13.4400000000            0.2133993361
      -13.4300000000            0.2146206562
      -13.4200000000            0.2158703129
      -13.4100000000            0.2171487729
      -13.4000000000            0.2184565222
      -13.3900000000            0.2197940673
      -13.3800000000            0.2211619353
      -13.3700000000            0.2225606744
      -13.3600000000            0.2239908548
      -13.3500000000            0.2254530690
      -13.3400000000            0.2269479326
      -13.3300000000            0.2284760850
      -13.3200000000            0.2300381898
      -13.3100000000            0.2316349360
      -13.3000000000            0.2332670385
      -13.2900000000            0.2349352391
      -13.2800000000            0.2366403072
      -13.2700000000            0.2383830408
      -13.2600000000            0.2401642677
      -13.2500000000            0.2419848462
      -13.2400000000            0.2438456661
      -13.2300000000            0.2457476503
      -13.2200000000            0.2476917557
      -13.2100000000            0.2496789743
      -13.2000000000            0.2517103349
      -13.1900000000            0.2537869041
      -13.1800000000            0.2559097881
      -13.1700000000            0.2580801337
      -13.1600000000            0.2602991307
      -13.1500000000            0.2625680128
      -13.1400000000            0.2648880598
      -13.1300000000            0.2672605995
      -13.1200000000            0.2696870093
      -13.1100000000            0.2721687186
      -13.1000000000            0.2747072108
      -13.0900000000            0.2773040258
      -13.0800000000            0.2799607620
      -13.0700000000            0.2826790791
      -13.0600000000            0.2854607007
      -13.0500000000            0.2883074172
      -13.0400000000            0.2912210886
      -13.0300000000            0.2942036474
      -13.0200000000            0.2972571025
      -13.0100000000            0.3003835419
      -13.0000000000            0.3035851370
      -12.9900000000            0.3068641458
      -12.9800000000            0.3102229175
      -12.9700000000            0.3136638964
      -12.9600000000            0.3171896266
      -12.9500000000            0.3208027566
      -12.9400000000            0.3245060444
      -12.9300000000            0.3283023631
      -12.9200000000            0.3321947057
      -12.9100000000            0.3361861921
      -12.9000000000            0.3402800746
      -12.8900000000            0.3444797449
      -12.8800000000            0.3487887408
      -12.8700000000            0.3532107543
      -12.8600000000            0.3577496389
      -12.8500000000            0.3624094182
      -12.8400000000            0.3671942948
      -12.8300000000            0.3721086598
      -12.8200000000            0.3771571027
      -12.8100000000            0.3823444221
      -12.8000000000            0.3876756369
      -12.7900000000            0.3931559985
      -12.7800000000            0.3987910033
      -12.7700000000            0.4045864067
      -12.7600000000            0.4105482373
      -12.7500000000            0.4166828121
      -12.7400000000            0.4229967534
      -12.7300000000            0.4294970061
      -12.7200000000            0.4361908563
      -12.7100000000            0.4430859514
      -12.7000000000            0.4501903211
      -12.6900000000            0.4575124005
      -12.6800000000            0.4650610541
      -12.6700000000            0.4728456022
      -12.6600000000            0.4808758481
      -12.6500000000            0.4891621087
      -12.6400000000            0.4977152456
      -12.6300000000            0.5065466999
      -12.6200000000            0.5156685286
      -12.6100000000            0.5250934442
      -12.6000000000            0.5348348569
      -12.5900000000            0.5449069199
      -12.5800000000            0.5553245787
      -12.5700000000            0.5661036233
      -12.5600000000            0.5772607451
      -12.5500000000            0.5888135978
      -12.5400000000            0.6007808630
      -12.5300000000            0.6131823218
      -12.5200000000            0.6260389306
      -12.5100000000            0.6393729045
      -12.5000000000            0.6532078067
      -12.4900000000            0.6675686450
      -12.4800000000            0.6824819770
      -12.4700000000            0.6979760237
      -12.4600000000            0.7140807923
      -12.4500000000            0.7308282104
      -12.4400000000            0.7482522708
      -12.4300000000            0.7663891894
      -12.4200000000            0.7852775768
      -12.4100000000            0.8049586251
      -12.4000000000            0.8254763116
      -12.3900000000            0.8468776207
      -12.3800000000            0.8692127860
      -12.3700000000            0.8925355551
      -12.3600000000            0.9169034785
      -12.3500000000            0.9423782265
      -12.3400000000            0.9690259356
      -12.3300000000            0.9969175881
      -12.3200000000            1.0261294294
      -12.3100000000            1.0567434252
      -12.3000000000            1.0888477646
      -12.2900000000            1.1225374136
      -12.2800000000            1.1579147240
      -12.2700000000            1.1950901054
      -12.2600000000            1.2341827652
      -12.2500000000            1.2753215276
      -12.2400000000            1.3186457363
      -12.2300000000            1.3643062558
      -12.2200000000            1.4124665778
      -12.2100000000            1.4633040486
      -12.2000000000            1.5170112304
      -12.1900000000            1.5737974128
      -12.1800000000            1.6338902917
      -12.1700000000            1.6975378370
      -12.1600000000            1.7650103714
      -12.1500000000            1.8366028854
      -12.1400000000            1.9126376181
      -12.1300000000            1.9934669349
      -12.1200000000            2.0794765397
      -12.1100000000            2.1710890605
      -12.1000000000            2.2687680545
      -12.0900000000            2.3730224821
      -12.0800000000            2.4844117050
      -12.0700000000            2.6035510699
      -12.0600000000            2.7311181436
      -12.0500000000            2.8678596712
      -12.0400000000            3.0145993342
      -12.0300000000            3.1722463887
      -12.0200000000            3.3418052656
      -12.0100000000            3.5243862140
      -12.0000000000            3.7212170627
      -11.9900000000            3.9336561635
      -11.9800000000            4.1632065562
      -11.9700000000            4.4115313628
      -11.9600000000            4.6804703625
      -11.9500000000            4.9720576191
      -11.9400000000            5.2885399193
      -11.9300000000            5.6323956166
      -11.9200000000            6.0063532526
      -11.9100000000            6.4134090180
      -11.9000000000            6.8568417041
      -11.8900000000            7.3402232482
      -11.8800000000            7.8674222578
      -11.8700000000            8.4425969874
      -11.8600000000            9.0701730983
      -11.8500000000            9.7548001428
      -11.8400000000           10.5012791052
      -11.8300000000           11.3144515647
      -11.8200000000           12.1990392898
      -11.8100000000           13.1594216591
      -11.8000000000           14.1993377359
      -11.7900000000           15.3215009370
      -11.7800000000           16.5271181366
      -11.7700000000           17.8153131673
      -11.7600000000           19.1824685245
      -11.7500000000           20.6215198314
      -11.7400000000           22.1212653040
      -11.7300000000           23.6657848405
      -11.7200000000           25.2340946946
      -11.7100000000           26.8001839970
      -11.7000000000           28.3335752688
      -11.6900000000           29.8005091146
      -11.6800000000           31.1657664004
      -11.6700000000           32.3950162070
      -11.6600000000           33.4574401509
      -11.6500000000           34.3282743201
      -11.6400000000           34.9908722792
      -11.6300000000           35.4379519802
      -11.6200000000           35.6718382279
      -11.6100000000           35.7037085979
      -11.6000000000           35.5520347579
      -11.5900000000           35.2405313378
      -11.5800000000           34.7959571206
      -11.5700000000           34.2460670774
      -11.5600000000           33.6179193071
      -11.5500000000           32.9366341764
      -11.5400000000           32.2246116514
      -11.5300000000           31.5011508639
      -11.5200000000           30.7823848205
      -11.5100000000           30.0814366322
      -11.5000000000           29.4087128514
      -11.4900000000           28.7722663124
      -11.4800000000           28.1781793855
      -11.4700000000           27.6309353006
      -11.4600000000           27.1337586419
      -11.4500000000           26.6889159834
      -11.4400000000           26.2979743150
      -11.4300000000           25.9620190640
      -11.4200000000           25.6818358283
      -11.4100000000           25.4580609944
      -11.4000000000           25.2913066768
      -11.3900000000           25.1822652163
      -11.3800000000           25.1317980471
      -11.3700000000           25.1410132162
      -11.3600000000           25.2113353215
      -11.3500000000           25.3445711501
      -11.3400000000           25.5429738876
      -11.3300000000           25.8093084133
      -11.3200000000           26.1469199016
      -11.3100000000           26.5598076783
      -11.3000000000           27.0527060094
      -11.2900000000           27.6311731691
      -11.2800000000           28.3016896804
      -11.2700000000           29.0717659268
      -11.2600000000           29.9500582552
      -11.2500000000           30.9464909853
      -11.2400000000           32.0723790709
      -11.2300000000           33.3405420271
      -11.2200000000           34.7653934178
      -11.2100000000           36.3629806594
      -11.2000000000           38.1509357325
      -11.1900000000           40.1482767323
      -11.1800000000           42.3749707760
      -11.1700000000           44.8511282782
      -11.1600000000           47.5956455192
      -11.1500000000           50.6240483012
      -11.1400000000           53.9452231952
      -11.1300000000           57.5566784984
      -11.1200000000           61.4380058103
      -11.1100000000           65.5424079357
      -11.1000000000           69.7866604538
      -11.0900000000           74.0408433458
      -11.0800000000           78.1206843303
      -11.0700000000           81.7871319896
      -11.0600000000           84.7589027012
      -11.0500000000           86.7425557240
      -11.0400000000           87.4795064442
      -11.0300000000           86.8006261328
      -11.0200000000           84.6708685440
      -11.0100000000           81.2054294539
      -11.0000000000           76.6488687011
      -10.9900000000           71.3246813969
      -10.9800000000           65.5745710563
      -10.9700000000           59.7071975181
      -10.9600000000           53.9674840372
      -10.9500000000           48.5270734711
      -10.9400000000           43.4899661481
      -10.9300000000           38.9058500708
      -10.9200000000           34.7852439209
      -10.9100000000           31.1130570822
      -10.9000000000           27.8592180353
      -10.8900000000           24.9862682370
      -10.8800000000           22.4543921076
      -10.8700000000           20.2245106327
      -10.8600000000           18.2600189584
      -10.8500000000           16.5276288647
      -10.8400000000           14.9976514318
      -10.8300000000           13.6439498213
      -10.8200000000           12.4437127830
      -10.8100000000           11.3771436278
      -10.8000000000           10.4271217920
      -10.7900000000            9.5788696753
      -10.7800000000            8.8196420301
      -10.7700000000            8.1384457714
      -10.7600000000            7.5257925354
      -10.7500000000            6.9734832203
      -10.7400000000            6.4744221449
      -10.7300000000            6.0224577648
      -10.7200000000            5.6122467121
      -10.7100000000            5.2391380365
      -10.7000000000            4.8990747781
      -10.6900000000            4.5885103164
      -10.6800000000            4.3043372648
      -10.6700000000            4.0438269871
      -10.6600000000            3.8045780937
      -10.6500000000            3.5844725278
      -10.6400000000            3.3816380608
      -10.6300000000            3.1944162095
      -10.6200000000            3.0213347380
      -10.6100000000            2.8610840459
      -10.6000000000            2.7124968510
      -10.5900000000            2.5745306732
      -10.5800000000            2.4462527015
      -10.5700000000            2.3268266929
      -10.5600000000            2.2155016080
      -10.5500000000            2.1116017319
      -10.5400000000            2.0145180698
      -10.5300000000            1.9237008367
      -10.5200000000            1.8386528907
      -10.5100000000            1.7589239788
      -10.5000000000            1.6841056854
      -10.4900000000            1.6138269903
      -10.4800000000            1.5477503534
      -10.4700000000            1.4855682596
      -10.4600000000            1.4270001628
      -10.4500000000            1.3717897792
      -10.4400000000            1.3197026847
      -10.4300000000            1.2705241800
      -10.4200000000            1.2240573887
      -10.4100000000            1.1801215625
      -10.4000000000            1.1385505653
      -10.3900000000            1.0991915186
      -10.3800000000            1.0619035857
      -10.3700000000            1.0265568814
      -10.3600000000            0.9930314909
      -10.3500000000            0.9612165859
      -10.3400000000            0.9310096269
      -10.3300000000            0.9023156418
      -10.3200000000            0.8750465729
      -10.3100000000            0.8491206828
      -10.3000000000            0.8244620143
      -10.2900000000            0.8009998980
      -10.2800000000            0.7786685005
      -10.2700000000            0.7574064109
      -10.2600000000            0.7371562587
      -10.2500000000            0.7178643616
      -10.2400000000            0.6994803974
      -10.2300000000            0.6819570983
      -10.2200000000            0.6652499643
      -10.2100000000            0.6493169927
      -10.2000000000            0.6341184216
      -10.1900000000            0.6196164862
      -10.1800000000            0.6057751840
      -10.1700000000            0.5925600497
      -10.1600000000            0.5799379376
      -10.1500000000            0.5678768108
      -10.1400000000            0.5563455371
      -10.1300000000            0.5453136918
      -10.1200000000            0.5347513686
      -10.1100000000            0.5246290001
      -10.1000000000            0.5149171898
      -10.0900000000            0.5055865601
      -10.0800000000            0.4966076199
      -10.0700000000            0.4879506570
      -10.0600000000            0.4795856621
      -10.0500000000            0.4714822910
      -10.0400000000            0.4636098734
      -10.0300000000            0.4559374747
      -10.0200000000            0.4484340194
      -10.0100000000            0.4410684816
      -10.0000000000            0.4338101466
       -9.9900000000            0.4266289444
       -9.9800000000            0.4194958514
       -9.9700000000            0.4123833531
       -9.9600000000            0.4052659517
       -9.9500000000            0.3981206994
       -9.9400000000            0.3909277311
       -9.9300000000            0.3836707670
       -9.9200000000            0.3763375499
       -9.9100000000            0.3689201874
       -9.9000000000            0.3614153668
       -9.8900000000            0.3538244202
       -9.8800000000            0.3461532260
       -9.8700000000            0.3384119436
       -9.8600000000            0.3306145899
       -9.8500000000            0.3227784793
       -9.8400000000            0.3149235577
       -9.8300000000            0.3070716677
       -9.8200000000            0.2992457865
       -9.8100000000            0.2914692764
       -9.8000000000            0.2837651847
       -9.7900000000            0.2761556221
       -9.7800000000            0.2686612412
       -9.7700000000            0.2613008274
       -9.7600000000            0.2540910057
       -9.7500000000            0.2470460594
       -9.7400000000            0.2401778515
       -9.7300000000            0.2334958340
       -9.7200000000            0.2270071313
       -9.7100000000            0.2207166782
       -9.7000000000            0.2146273988
       -9.6900000000            0.2087404110
       -9.6800000000            0.2030552433
       -9.6700000000            0.1975700544
       -9.6600000000            0.1922818477
       -9.6500000000            0.1871866741
       -9.6400000000            0.1822798195
       -9.6300000000            0.1775559748
       -9.6200000000            0.1730093863
       -9.6100000000            0.1686339881
       -9.6000000000            0.1644235155
       -9.5900000000            0.1603716008
       -9.5800000000            0.1564718537
       -9.5700000000            0.1527179272
       -9.5600000000            0.1491035705
       -9.5500000000            0.1456226712
       -9.5400000000            0.1422692874
       -9.5300000000            0.1390376723
       -9.5200000000            0.1359222912
       -9.5100000000            0.1329178335
       -9.5000000000            0.1300192195
       -9.4900000000            0.1272216038
       -9.4800000000            0.1245203754
       -9.4700000000            0.1219111555
       -9.4600000000            0.1193897936
       -9.4500000000            0.1169523626
       -9.4400000000            0.1145951521
       -9.4300000000            0.1123146617
       -9.4200000000            0.1101075941
       -9.4100000000            0.1079708479
       -9.4000000000            0.1059015102
       -9.3900000000            0.1038968499
       -9.3800000000            0.1019543110
       -9.3600000000            0.0929935402
       -9.3500000000            0.0915693232
       -9.3400000000            0.0901751049
       -9.3300000000            0.0888100465
       -9.3200000000            0.0874733399
       -9.3100000000            0.0861642065
       -9.3000000000            0.0848818958
       -9.2900000000            0.0836256837
       -9.2800000000            0.0823948715
       -9.2700000000            0.0811887849
       -9.2600000000            0.0800067723
       -9.2500000000            0.0788482045
       -9.2400000000            0.0777124732
       -9.2300000000            0.0765989904
       -9.2200000000            0.0755071871
       -9.2100000000            0.0744365132
       -9.2000000000            0.0733864360
       -9.1900000000            0.0723564399
       -9.1800000000            0.0713460258
       -9.1700000000            0.0703547099
       -9.1600000000            0.0693820237
       -9.1500000000            0.0684275132
       -9.1400000000            0.0674907380
       -9.1300000000            0.0665712714
       -9.1200000000            0.0656686993
       -9.1100000000            0.0647826203
       -9.1000000000            0.0639126445
       -9.0900000000            0.0630583939
       -9.0800000000            0.0622195013
       -9.0700000000            0.0613956102
       -9.0600000000            0.0605863746
       -9.0500000000            0.0597914582
       -9.0400000000            0.0590105344
       -9.0300000000            0.0582432858
       -9.0200000000            0.0574894039
       -9.0100000000            0.0567485890
       -9.0000000000            0.0560205494
       -8.9900000000            0.0553050017
       -8.9800000000            0.0546016703
       -8.9700000000            0.0539102870
       -8.9600000000            0.0532305908
       -8.9500000000            0.0525623281
       -8.9400000000            0.0519052515
       -8.9300000000            0.0512591209
       -8.9200000000            0.0506237019
       -8.9100000000            0.0499987668
       -8.9000000000            0.0493840935
       -8.8900000000            0.0487794659
       -8.8800000000            0.0481846735
       -8.8700000000            0.0475995110
       -8.8600000000            0.0470237787
       -8.8500000000            0.0464572817
       -8.8400000000            0.0458998303
       -8.8300000000            0.0453512394
       -8.8200000000            0.0448113286
       -8.8100000000            0.0442799221
       -8.8000000000            0.0437568482
       -8.7900000000            0.0432419399
       -8.7800000000            0.0427350339
       -8.7700000000            0.0422359711
       -8.7600000000            0.0417445962
       -8.7500000000            0.0412607577
       -8.7400000000            0.0407843078
       -8.7300000000            0.0403151021
       -8.7200000000            0.0398529999
       -8.7100000000            0.0393978636
       -8.7000000000            0.0389495591
       -8.6900000000            0.0385079552
       -8.6800000000            0.0380729239
       -8.6700000000            0.0376443402
       -8.6600000000            0.0372220821
       -8.6500000000            0.0368060302
       -8.6400000000            0.0363960680
       -8.6300000000            0.0359920817
       -8.6200000000            0.0355939600
       -8.6100000000            0.0352015942
       -8.6000000000            0.0348148780
       -8.5900000000            0.0344337075
       -8.5800000000            0.0340579812
       -8.5700000000            0.0336875997
       -8.5600000000            0.0333224661
       -8.5500000000            0.0329624853
       -8.5400000000            0.0326075646
       -8.5300000000            0.0322576131
       -8.5200000000            0.0319125420
       -8.5100000000            0.0315722645
       -8.5000000000            0.0312366955
       -8.4900000000            0.0309057518
       -8.4800000000            0.0305793522
       -8.4700000000            0.0302574168
       -8.4600000000            0.0299398678
       -8.4500000000            0.0296266289
       -8.4400000000            0.0293176253
       -8.4300000000            0.0290127840
       -8.4200000000            0.0287120333
       -8.4100000000            0.0284153032
       -8.4000000000            0.0281225250
       -8.3900000000            0.0278336315
       -8.3800000000            0.0275485569
       -8.3700000000            0.0272672366
       -8.3600000000            0.0269896076
       -8.3500000000            0.0267156078
       -8.3400000000            0.0264451766
       -8.3300000000            0.0261782547
       -8.3200000000            0.0259147839
       -8.3100000000            0.0256547069
       -8.3000000000            0.0253979680
       -8.2900000000            0.0251445124
       -8.2800000000            0.0248942862
       -8.2700000000            0.0246472368
       -8.2600000000            0.0244033126
       -8.2500000000            0.0241624629
       -8.2400000000            0.0239246381
       -8.2300000000            0.0236897895
       -8.2200000000            0.0234578693
       -8.2100000000            0.0232288306
       -8.2000000000            0.0230026276
       -8.1900000000            0.0227792152
       -8.1800000000            0.0225585491
       -8.1700000000            0.0223405859
       -8.1600000000            0.0221252831
       -8.1500000000            0.0219125989
       -8.1400000000            0.0217024923
       -8.1300000000            0.0214949230
       -8.1200000000            0.0212898516
       -8.1100000000            0.0210872392
       -8.1000000000            0.0208870479
       -8.0900000000            0.0206892401
       -8.0800000000            0.0204937793
       -8.0700000000            0.0203006294
       -8.0600000000            0.0201097549
       -8.0500000000            0.0199211211
       -8.0400000000            0.0197346940
       -8.0300000000            0.0195504398
       -8.0200000000            0.0193683257
       -8.0100000000            0.0191883193
       -8.0000000000            0.0190103888
       -7.9900000000            0.0188345028
       -7.9800000000            0.0186606307
       -7.9700000000            0.0184887423
       -7.9600000000            0.0183188078
       -7.9500000000            0.0181507981
       -7.9400000000            0.0179846844
       -7.9300000000            0.0178204385
       -7.9200000000            0.0176580327
       -7.9100000000            0.0174974397
       -7.9000000000            0.0173386325
       -7.8900000000            0.0171815848
       -7.8800000000            0.0170262705
       -7.8700000000            0.0168726642
       -7.8600000000            0.0167207405
       -7.8500000000            0.0165704746
       -7.8400000000            0.0164218423
       -7.8300000000            0.0162748194
       -7.8200000000            0.0161293823
       -7.8100000000            0.0159855076
       -7.8000000000            0.0158431725
       -7.7900000000            0.0157023542
       -7.7800000000            0.0155630305
       -7.7700000000            0.0154251793
       -7.7600000000            0.0152887791
       -7.7500000000            0.0151538084
       -7.7400000000            0.0150202461
       -7.7300000000            0.0148880715
       -7.7200000000            0.0147572641
       -7.7100000000            0.0146278035
       -7.7000000000            0.0144996699
       -7.6900000000            0.0143728433
       -7.6800000000            0.0142473044
       -7.6700000000            0.0141230338
       -7.6600000000            0.0140000124
       -7.6500000000            0.0138782215
       -7.6400000000            0.0137576423
       -7.6300000000            0.0136382564
       -7.6200000000            0.0135200456
       -7.6100000000            0.0134029916
       -7.6000000000            0.0132870766
       -7.5900000000            0.0131722827
       -7.5800000000            0.0130585924
       -7.5700000000            0.0129459880
       -7.5600000000            0.0128344522
       -7.5500000000            0.0127239676
       -7.5400000000            0.0126145170
       -7.5300000000            0.0125060834
       -7.5200000000            0.0123986496
       -7.5100000000            0.0122921985
       -7.5000000000            0.0121867133
       -7.4900000000            0.0120821769
       -7.4800000000            0.0119785723
       -7.4700000000            0.0118758826
       -7.4600000000            0.0117740908
       -7.4400000000            0.0000000000
       -7.4300000000            0.0000000000
       -7.4200000000            0.0000000000
       -7.4100000000            0.0000000000
       -7.4000000000            0.0000000000
       -7.3900000000            0.0000000000
       -7.3800000000            0.0000000000
       -7.3700000000            0.0000000000
       -7.3600000000            0.0000000000
       -7.3500000000            0.0000000000
       -7.3400000000            0.0000000000
       -7.3300000000            0.0000000000
       -7.3200000000            0.0000000000
       -7.3100000000            0.0000000000
       -7.3000000000            0.0000000000
       -7.2900000000            0.0000000000
       -7.2700000000            0.0110798641
       -7.2600000000            0.0121606059
       -7.2500000000            0.0132901254
       -7.2400000000            0.0144698471
       -7.2300000000            0.0157013949
       -7.2200000000            0.0169865826
       -7.2100000000            0.0183274064
       -7.2000000000            0.0197260360
       -7.1900000000            0.0211848066
       -7.1800000000            0.0227062105
       -7.1700000000            0.0242928864
       -7.1600000000            0.0259476087
       -7.1500000000            0.0276732733
       -7.1400000000            0.0294728819
       -7.1300000000            0.0313495222
       -7.1200000000            0.0333063440
       -7.1100000000            0.0353465308
       -7.1000000000            0.0374732655
       -7.0900000000            0.0396896886
       -7.0800000000            0.0419988495
       -7.0700000000            0.0444036482
       -7.0600000000            0.0469067667
       -7.0500000000            0.0495105896
       -7.0400000000            0.0522171110
       -7.0300000000            0.0550278291
       -7.0200000000            0.0579436252
       -7.0100000000            0.0609646276
       -7.0000000000            0.0640900605
       -6.9900000000            0.0673180777
       -6.9800000000            0.0706455825
       -6.9700000000            0.0740680360
       -6.9600000000            0.0775792573
       -6.9500000000            0.0811712215
       -6.9400000000            0.0848338602
       -6.9300000000            0.0885548760
       -6.9200000000            0.0923195794
       -6.9100000000            0.0961107621
       -6.9000000000            0.0999086215
       -6.8900000000            0.1036907504
       -6.8800000000            0.1074322094
       -6.8700000000            0.1111056968
       -6.8600000000            0.1146818285
       -6.8500000000            0.1181295369
       -6.8400000000            0.1214165918
       -6.8300000000            0.1245102397
       -6.8200000000            0.1273779460
       -6.8100000000            0.1299882195
       -6.8000000000            0.1323114849
       -6.7900000000            0.1343209642
       -6.7800000000            0.1359935194
       -6.7700000000            0.1373104097
       -6.7600000000            0.1382579161
       -6.7500000000            0.1388277943
       -6.7400000000            0.1390175269
       -6.7300000000            0.1388303587
       -6.7200000000            0.1382751157
       -6.7100000000            0.1373658215
       -6.7000000000            0.1361211399
       -6.6900000000            0.1345636811
       -6.6800000000            0.1327192162
       -6.6700000000            0.1306158461
       -6.6600000000            0.1282831693
       -6.6500000000            0.1257514873
       -6.6400000000            0.1230510781
       -6.6300000000            0.1202115623
       -6.6200000000            0.1172613733
       -6.6100000000            0.1142273386
       -6.6000000000            0.1111343699
       -6.5900000000            0.1080052552
       -6.5800000000            0.1048605422
       -6.5700000000            0.1017185006
       -6.5600000000            0.0985951481
       -6.5500000000            0.0955043273
       -6.5400000000            0.0924578214
       -6.5300000000            0.0894654945
       -6.5200000000            0.0865354496
       -6.5100000000            0.0836741940
       -6.5000000000            0.0808868071
       -6.4900000000            0.0781771037
       -6.4800000000            0.0755477911
       -6.4700000000            0.0730006166
       -6.4600000000            0.0705365030
       -6.4500000000            0.0681556732
       -6.4400000000            0.0658577622
       -6.4300000000            0.0636419161
       -6.4200000000            0.0615068815
       -6.4100000000            0.0594510817
       -6.4000000000            0.0574726850
       -6.3900000000            0.0555696623
       -6.3800000000            0.0537398369
       -6.3700000000            0.0519809270
       -6.3600000000            0.0502905816
       -6.3500000000            0.0486664105
       -6.3400000000            0.0471060092
       -6.3300000000            0.0456069793
       -6.3200000000            0.0441669459
       -6.3100000000            0.0427835702
       -6.3000000000            0.0414545613
       -6.2900000000            0.0401776836
       -6.2800000000            0.0389507636
       -6.2700000000            0.0377716948
       -6.2600000000            0.0366384402
       -6.2500000000            0.0355490352
       -6.2400000000            0.0345015883
       -6.2300000000            0.0334942812
       -6.2200000000            0.0325253689
       -6.2100000000            0.0315931785
       -6.2000000000            0.0306961082
       -6.1900000000            0.0298326254
       -6.1800000000            0.0290012649
       -6.1700000000            0.0282006271
       -6.1600000000            0.0274293757
       -6.1500000000            0.0266862352
       -6.1400000000            0.0259699891
       -6.1300000000            0.0252794770
       -6.1200000000            0.0246135926
       -6.1100000000            0.0239712816
       -6.1000000000            0.0233515388
       -6.0900000000            0.0227534066
       -6.0800000000            0.0221759722
       -6.0700000000            0.0216183658
       -6.0600000000            0.0210797588
       -6.0500000000            0.0205593614
       -6.0400000000            0.0200564209
       -6.0300000000            0.0195702200
       -6.0200000000            0.0191000749
       -6.0100000000            0.0186453338
       -6.0000000000            0.0182053751
       -5.9900000000            0.0177796062
       -5.9800000000            0.0173674618
       -5.9700000000            0.0169684026
       -5.9600000000            0.0165819142
       -5.9500000000            0.0162075056
       -5.9400000000            0.0158447080
       -5.9300000000            0.0154930740
       -5.9200000000            0.0151521762
       -5.9100000000            0.0148216064
       -5.9000000000            0.0145009748
       -5.8900000000            0.0141899085
       -5.8800000000            0.0138880513
       -5.8700000000            0.0135950626
       -5.8600000000            0.0133106167
       -5.8500000000            0.0130344018
       -5.8400000000            0.0127661199
       -5.8300000000            0.0125054855
       -5.8200000000            0.0122522254
       -5.8100000000            0.0120060780
       -5.8000000000            0.0117667926
       -5.7900000000            0.0115341290
       -5.7800000000            0.0113078572
       -5.7700000000            0.0110877566
       -5.7600000000            0.0108736156
       -5.7500000000            0.0106652314
       -5.7400000000            0.0104624093
       -5.7300000000            0.0102649625
       -5.7200000000            0.0100727117
       -5.7100000000            0.0098854849
       -5.7000000000            0.0097031166
       -5.6900000000            0.0095254482
       -5.6800000000            0.0093523271
       -5.6700000000            0.0091836065
       -5.6600000000            0.0090191456
       -5.6500000000            0.0088588089
       -5.6400000000            0.0087024658
       -5.6300000000            0.0085499911
       -5.6200000000            0.0084012641
       -5.6100000000            0.0082561685
       -5.6000000000            0.0081145926
       -5.5900000000            0.0079764286
       -5.5800000000            0.0078415729
       -5.5700000000            0.0077099256
       -5.5600000000            0.0075813903
       -5.5500000000            0.0074558742
       -5.5400000000            0.0073332879
       -5.5300000000            0.0072135452
       -5.5200000000            0.0070965627
       -5.5100000000            0.0069822602
       -5.5000000000            0.0068705603
       -5.4900000000            0.0067613882
       -5.4800000000            0.0066546717
       -5.4700000000            0.0065503412
       -5.4600000000            0.0064483294
       -5.4500000000            0.0063485713
       -5.4400000000            0.0062510040
       -5.4300000000            0.0061555670
       -5.4200000000            0.0060622015
       -5.4100000000            0.0059708509
       -5.4000000000            0.0058814603
       -5.3900000000            0.0057939767
       -5.3800000000            0.0057083489
       -5.3700000000            0.0056245272
       -5.3600000000            0.0055424636
       -5.3500000000            0.0054621117
       -5.3400000000            0.0053834264
       -5.3300000000            0.0053063643
       -5.3200000000            0.0052308831
       -5.3100000000            0.0051569420
       -5.3000000000            0.0050845014
       -5.2900000000            0.0050135230
       -5.2800000000            0.0049439697
       -5.2700000000            0.0048758054
       -5.2600000000            0.0048089953
       -5.2500000000            0.0047435054
       -5.2400000000            0.0046793030
       -5.2300000000            0.0046163562
       -5.2200000000            0.0045546342
       -5.2100000000            0.0044941070
       -5.2000000000            0.0044347455
       -5.1900000000            0.0043765215
       -5.1800000000            0.0043194077
       -5.1700000000            0.0042633775
       -5.1600000000            0.0042084049
       -5.1500000000            0.0041544651
       -5.1400000000            0.0041015335
       -5.1300000000            0.0040495867
       -5.1200000000            0.0039986015
       -5.1100000000            0.0039485557
       -5.1000000000            0.0038994275
       -5.0900000000            0.0038511960
       -5.0800000000            0.0038038404
       -5.0700000000            0.0037573410
       -5.0600000000            0.0037116784
       -5.0500000000            0.0036668336
       -5.0400000000            0.0036227884
       -5.0300000000            0.0035795249
       -5.0200000000            0.0035370258
       -5.0100000000            0.0034952741
       -5.0000000000            0.0034542534
       -4.9900000000            0.0034139478
       -4.9800000000            0.0033743417
       -4.9700000000            0.0033354198
       -4.9600000000            0.0032971675
       -4.9500000000            0.0032595703
       -4.9400000000            0.0032226143
       -4.9300000000            0.0031862858
       -4.9200000000            0.0031505715
       -4.9100000000            0.0031154586
       -4.9000000000            0.0030809343
       -4.8900000000            0.0030469863
       -4.8800000000            0.0030136028
       -4.8700000000            0.0029807720
       -4.8600000000            0.0029484826
       -4.8500000000            0.0029167233
       -4.8400000000            0.0028854835
       -4.8300000000            0.0028547526
       -4.8200000000            0.0028245202
       -4.8100000000            0.0027947763
       -4.8000000000            0.0027655111
       -4.7900000000            0.0027367152
       -4.7800000000            0.0027083790
       -4.7700000000            0.0026804936
       -4.7600000000            0.0026530500
       -4.7500000000            0.0026260397
       -4.7400000000            0.0025994540
       -4.7300000000            0.0025732848
       -4.7200000000            0.0025475240
       -4.7100000000            0.0025221637
       -4.7000000000            0.0024971963
       -4.6900000000            0.0024726141
       -4.6800000000            0.0024484100
       -4.6700000000            0.0024245766
       -4.6600000000            0.0024011071
       -4.6500000000            0.0023779945
       -4.6400000000            0.0023552322
       -4.6300000000            0.0023328136
       -4.6200000000            0.0023107324
       -4.6100000000            0.0022889823
       -4.6000000000            0.0022675572
       -4.5900000000            0.0022464512
       -4.5800000000            0.0022256584
       -4.5700000000            0.0022051732
       -4.5600000000            0.0021849899
       -4.5500000000            0.0021651030
       -4.5400000000            0.0021455074
       -4.5300000000            0.0021261977
       -4.5200000000            0.0021071689
       -4.5100000000            0.0020884159
       -4.5000000000            0.0020699339
       -4.4900000000            0.0020517181
       -4.4800000000            0.0020337639
       -4.4700000000            0.0020160666
       -4.4600000000            0.0019986218
       -4.4500000000            0.0019814251
       -4.4400000000            0.0019644722
       -4.4300000000            0.0019477589
       -4.4200000000            0.0019312811
       -4.4100000000            0.0019150348
       -4.4000000000            0.0018990160
       -4.3900000000            0.0018832209
       -4.3800000000            0.0018676457
       -4.3700000000            0.0018522868
       -4.3600000000            0.0018371404
       -4.3500000000            0.0018222030
       -4.3400000000            0.0018074712
       -4.3300000000            0.0017929415
       -4.3200000000            0.0017786106
       -4.3100000000            0.0017644753
       -4.3000000000            0.0017505323
       -4.2900000000            0.0017367785
       -4.2800000000            0.0017232108
       -4.2700000000            0.0017098263
       -4.2600000000            0.0016966218
       -4.2500000000            0.0016835946
       -4.2400000000            0.0016707419
       -4.2300000000            0.0016580607
       -4.2200000000            0.0016455484
       -4.2100000000            0.0016332024
       -4.2000000000            0.0016210199
       -4.1900000000            0.0016089985
       -4.1800000000            0.0015971356
       -4.1700000000            0.0015854287
       -4.1600000000            0.0015738753
       -4.1500000000            0.0015624732
       -4.1400000000            0.0015512200
       -4.1300000000            0.0015401133
       -4.1200000000            0.0015291510
       -4.1100000000            0.0015183308
       -4.1000000000            0.0015076506
       -4.0900000000            0.0014971082
       -4.0800000000            0.0014867016
       -4.0700000000            0.0014764287
       -4.0600000000            0.0014662875
       -4.0500000000            0.0014562761
       -4.0400000000            0.0014463924
       -4.0300000000            0.0014366347
       -4.0200000000            0.0014270011
       -4.0100000000            0.0014174896
       -4.0000000000            0.0014080986
       -3.9900000000            0.0013988262
       -3.9800000000            0.0013896708
       -3.9700000000            0.0013806307
       -3.9600000000            0.0013717041
       -3.9500000000            0.0013628894
       -3.9400000000            0.0013541850
       -3.9300000000            0.0013455894
       -3.9200000000            0.0013371010
       -3.9100000000            0.0013287183
       -3.9000000000            0.0013204397
       -3.8900000000            0.0013122639
       -3.8800000000            0.0013041893
       -3.8700000000            0.0012962145
       -3.8600000000            0.0012883382
       -3.8500000000            0.0012805590
       -3.8400000000            0.0012728755
       -3.8300000000            0.0012652864
       -3.8200000000            0.0012577904
       -3.8100000000            0.0012503862
       -3.8000000000            0.0012430727
       -3.7900000000            0.0012358485
       -3.7800000000            0.0012287124
       -3.7700000000            0.0012216633
       -3.7600000000            0.0012146999
       -3.7500000000            0.0012078212
       -3.7400000000            0.0012010259
       -3.7300000000            0.0011943131
       -3.7200000000            0.0011876815
       -3.7100000000            0.0011811302
       -3.7000000000            0.0011746580
       -3.6900000000            0.0011682639
       -3.6800000000            0.0011619470
       -3.6700000000            0.0011557061
       -3.6600000000            0.0011495403
       -3.6500000000            0.0011434487
       -3.6400000000            0.0011374303
       -3.6300000000            0.0011314841
       -3.6200000000            0.0011256092
       -3.6100000000            0.0011198047
       -3.6000000000            0.0011140698
       -3.5900000000            0.0011084035
       -3.5800000000            0.0011028050
       -3.5700000000            0.0010972734
       -3.5600000000            0.0010918079
       -3.5500000000            0.0010864077
       -3.5400000000            0.0010810719
       -3.5300000000            0.0010757998
       -3.5200000000            0.0010705906
       -3.5100000000            0.0010654435
       -3.5000000000            0.0010603577
       -3.4900000000            0.0010553326
       -3.4800000000            0.0010503673
       -3.4700000000            0.0010454612
       -3.4600000000            0.0010406135
       -3.4500000000            0.0010358236
       -3.4400000000            0.0010310907
       -3.4300000000            0.0010264142
       -3.4200000000            0.0010217935
       -3.4100000000            0.0010172277
       -3.4000000000            0.0010127164
       -3.3900000000            0.0010082589
       -3.3800000000            0.0010038545
       -3.3700000000            0.0009995027
       -3.3600000000            0.0009952028
       -3.3500000000            0.0009909542
       -3.3400000000            0.0009867564
       -3.3300000000            0.0009826087
       -3.3200000000            0.0009785107
       -3.3100000000            0.0009744617
       -3.3000000000            0.0009704612
       -3.2900000000            0.0009665086
       -3.2800000000            0.0009626035
       -3.2700000000            0.0009587453
       -3.2600000000            0.0009549334
       -3.2500000000            0.0009511674
       -3.2400000000            0.0009474468
       -3.2300000000            0.0009437710
       -3.2200000000            0.0009401396
       -3.2100000000            0.0009365522
       -3.2000000000            0.0009330081
       -3.1900000000            0.0009295071
       -3.1800000000            0.0009260485
       -3.1700000000            0.0009226321
       -3.1600000000            0.0009192572
       -3.1500000000            0.0009159235
       -3.1400000000            0.0009126306
       -3.1300000000            0.0009093781
       -3.1200000000            0.0009061654
       -3.1100000000            0.0009029923
       -3.1000000000            0.0008998583
       -3.0900000000            0.0008967630
       -3.0800000000            0.0008937060
       -3.0700000000            0.0008906869
       -3.0600000000            0.0008877054
       -3.0500000000            0.0008847610
       -3.0400000000            0.0008818535
       -3.0300000000            0.0008789825
       -3.0200000000            0.0008761475
       -3.0100000000            0.0008733483
       -3.0000000000            0.0008705844
       -2.9900000000            0.0008678557
       -2.9800000000            0.0008651616
       -2.9700000000            0.0008625020
       -2.9600000000            0.0008598764
       -2.9500000000            0.0008572845
       -2.9400000000            0.0008547261
       -2.9300000000            0.0008522008
       -2.9200000000            0.0008497083
       -2.9100000000            0.0008472484
       -2.9000000000            0.0008448206
       -2.8900000000            0.0008424248
       -2.8800000000            0.0008400606
       -2.8700000000            0.0008377278
       -2.8600000000            0.0008354261
       -2.8500000000            0.0008331552
       -2.8400000000            0.0008309148
       -2.8300000000            0.0008287046
       -2.8200000000            0.0008265245
       -2.8100000000            0.0008243741
       -2.8000000000            0.0008222533
       -2.7900000000            0.0008201616
       -2.7800000000            0.0008180990
       -2.7700000000            0.0008160651
       -2.7600000000            0.0008140598
       -2.7500000000            0.0008120828
       -2.7400000000            0.0008101338
       -2.7300000000            0.0008082126
       -2.7200000000            0.0008063190
       -2.7100000000            0.0008044529
       -2.7000000000            0.0008026139
       -2.6900000000            0.0008008019
       -2.6800000000            0.0007990166
       -2.6700000000            0.0007972578
       -2.6600000000            0.0007955254
       -2.6500000000            0.0007938192
       -2.6400000000            0.0007921389
       -2.6300000000            0.0007904843
       -2.6200000000            0.0007888554
       -2.6100000000            0.0007872518
       -2.6000000000            0.0007856734
       -2.5900000000            0.0007841200
       -2.5800000000            0.0007825914
       -2.5700000000            0.0007810875
       -2.5600000000            0.0007796081
       -2.5500000000            0.0007781531
       -2.5400000000            0.0007767221
       -2.5300000000            0.0007753152
       -2.5200000000            0.0007739321
       -2.5100000000            0.0007725727
       -2.5000000000            0.0007712369
       -2.4900000000            0.0007699244
       -2.4800000000            0.0007686351
       -2.4700000000            0.0007673689
       -2.4600000000            0.0007661256
       -2.4500000000            0.0007649051
       -2.4400000000            0.0007637073
       -2.4300000000            0.0007625320
       -2.4200000000            0.0007613791
       -2.4100000000            0.0007602485
       -2.4000000000            0.0007591400
       -2.3900000000            0.0007580534
       -2.3800000000            0.0007569888
       -2.3700000000            0.0007559459
       -2.3600000000            0.0007549247
       -2.3500000000            0.0007539249
       -2.3400000000            0.0007529466
       -2.3300000000            0.0007519896
       -2.3200000000            0.0007510538
       -2.3100000000            0.0007501390
       -2.3000000000            0.0007492453
       -2.2900000000            0.0007483724
       -2.2800000000            0.0007475202
       -2.2700000000            0.0007466888
       -2.2600000000            0.0007458779
       -2.2500000000            0.0007450875
       -2.2400000000            0.0007443175
       -2.2300000000            0.0007435679
       -2.2200000000            0.0007428384
       -2.2100000000            0.0007421291
       -2.2000000000            0.0007414398
       -2.1900000000            0.0007407705
       -2.1800000000            0.0007401210
       -2.1700000000            0.0007394914
       -2.1600000000            0.0007388815
       -2.1500000000            0.0007382913
       -2.1400000000            0.0007377207
       -2.1300000000            0.0007371696
       -2.1200000000            0.0007366380
       -2.1100000000            0.0007361258
       -2.1000000000            0.0007356328
       -2.0900000000            0.0007351592
       -2.0800000000            0.0007347048
       -2.0700000000            0.0007342695
       -2.0600000000            0.0007338533
       -2.0500000000            0.0007334562
       -2.0400000000            0.0007330780
       -2.0300000000            0.0007327188
       -2.0200000000            0.0007323785
       -2.0100000000            0.0007320571
       -2.0000000000            0.0007317544
       -1.9900000000            0.0007314705
       -1.9800000000            0.0007312054
       -1.9700000000            0.0007309589
       -1.9600000000            0.0007307311
       -1.9500000000            0.0007305219
       -1.9400000000            0.0007303312
       -1.9300000000            0.0007301592
       -1.9200000000            0.0007300056
       -1.9100000000            0.0007298705
       -1.9000000000            0.0007297539
       -1.8900000000            0.0007296558
       -1.8800000000            0.0007295761
       -1.8700000000            0.0007295147
       -1.8600000000            0.0007294718
       -1.8500000000            0.0007294472
       -1.8400000000            0.0007294410
       -1.8300000000            0.0007294531
       -1.8200000000            0.0007294835
       -1.8100000000            0.0007295323
       -1.8000000000            0.0007295994
       -1.7900000000            0.0007296848
       -1.7800000000            0.0007297884
       -1.7700000000            0.0007299104
       -1.7600000000            0.0007300507
       -1.7500000000            0.0007302093
       -1.7400000000            0.0007303862
       -1.7300000000            0.0007305814
       -1.7200000000            0.0007307949
       -1.7100000000            0.0007310268
       -1.7000000000            0.0007312769
       -1.6900000000            0.0007315455
       -1.6800000000            0.0007318324
       -1.6700000000            0.0007321376
       -1.6600000000            0.0007324613
       -1.6500000000            0.0007328034
       -1.6400000000            0.0007331639
       -1.6300000000            0.0007335429
       -1.6200000000            0.0007339403
       -1.6100000000            0.0007343563
       -1.6000000000            0.0007347909
       -1.5900000000            0.0007352440
       -1.5800000000            0.0007357157
       -1.5700000000            0.0007362060
       -1.5600000000            0.0007367150
       -1.5500000000            0.0007372428
       -1.5400000000            0.0007377893
       -1.5300000000            0.0007383546
       -1.5200000000            0.0007389387
       -1.5100000000            0.0007395418
       -1.5000000000            0.0007401637
       -1.4900000000            0.0007408047
       -1.4800000000            0.0007414647
       -1.4700000000            0.0007421438
       -1.4600000000            0.0007428420
       -1.4500000000            0.0007435595
       -1.4400000000            0.0007442962
       -1.4300000000            0.0007450523
       -1.4200000000            0.0007458278
       -1.4100000000            0.0007466227
       -1.4000000000            0.0007474372
       -1.3900000000            0.0007482712
       -1.3800000000            0.0007491250
       -1.3700000000            0.0007499985
       -1.3600000000            0.0007508918
       -1.3500000000            0.0007518050
       -1.3400000000            0.0007527383
       -1.3300000000            0.0007536916
       -1.3200000000            0.0007546651
       -1.3100000000            0.0007556588
       -1.3000000000            0.0007566728
       -1.2900000000            0.0007577073
       -1.2800000000            0.0007587624
       -1.2700000000            0.0007598381
       -1.2600000000            0.0007609344
       -1.2500000000            0.0007620517
       -1.2400000000            0.0007631899
       -1.2300000000            0.0007643491
       -1.2200000000            0.0007655294
       -1.2100000000            0.0007667311
       -1.2000000000            0.0007679541
       -1.1900000000            0.0007691987
       -1.1800000000            0.0007704648
       -1.1700000000            0.0007717527
       -1.1600000000            0.0007730625
       -1.1500000000            0.0007743943
       -1.1400000000            0.0007757482
       -1.1300000000            0.0007771244
       -1.1200000000            0.0007785230
       -1.1100000000            0.0007799442
       -1.1000000000            0.0007813880
       -1.0900000000            0.0007828547
       -1.0800000000            0.0007843444
       -1.0700000000            0.0007858572
       -1.0600000000            0.0007873933
       -1.0500000000            0.0007889528
       -1.0400000000            0.0007905360
       -1.0300000000            0.0007921429
       -1.0200000000            0.0007937738
       -1.0100000000            0.0007954287
       -0.9900000000            0.0015690849
       -0.9800000000            0.0015731452
       -0.9700000000            0.0015772366
       -0.9600000000            0.0015813593
       -0.9500000000            0.0015855135
       -0.9400000000            0.0015896997
       -0.9300000000            0.0015939179
       -0.9200000000            0.0015981685
       -0.9100000000            0.0016024518
       -0.9000000000            0.0016067680
       -0.8900000000            0.0016111175
       -0.8800000000            0.0016155005
       -0.8700000000            0.0016199173
       -0.8600000000            0.0016243683
       -0.8500000000            0.0016288537
       -0.8400000000            0.0016333739
       -0.8300000000            0.0016379291
       -0.8200000000            0.0016425197
       -0.8100000000            0.0016471461
       -0.8000000000            0.0016518085
       -0.7900000000            0.0016565073
       -0.7800000000            0.0016612428
       -0.7700000000            0.0016660155
       -0.7600000000            0.0016708256
       -0.7500000000            0.0016756735
       -0.7400000000            0.0016805596
       -0.7300000000            0.0016854843
       -0.7200000000            0.0016904479
       -0.7100000000            0.0016954509
       -0.7000000000            0.0017004936
       -0.6900000000            0.0017055764
       -0.6800000000            0.0017106997
       -0.6700000000            0.0017158640
       -0.6600000000            0.0017210697
       -0.6500000000            0.0017263172
       -0.6400000000            0.0017316068
       -0.6300000000            0.0017369392
       -0.6200000000            0.0017423147
       -0.6100000000            0.0017477338
       -0.6000000000            0.0017531969
       -0.5900000000            0.0017587046
       -0.5800000000            0.0017642572
       -0.5700000000            0.0017698553
       -0.5600000000            0.0017754994
       -0.5500000000            0.0017811901
       -0.5400000000            0.0017869277
       -0.5300000000            0.0017927128
       -0.5200000000            0.0017985460
       -0.5100000000            0.0018044278
       -0.5000000000            0.0018103587
       -0.4900000000            0.0018163393
       -0.4800000000            0.0018223702
       -0.4700000000            0.0018284520
       -0.4600000000            0.0018345851
       -0.4500000000            0.0018407703
       -0.4400000000            0.0018470082
       -0.4300000000            0.0018532993
       -0.4200000000            0.0018596442
       -0.4100000000            0.0018660437
       -0.4000000000            0.0018724984
       -0.3900000000            0.0018790089
       -0.3800000000            0.0018855758
       -0.3700000000            0.0018922000
       -0.3600000000            0.0018988821
       -0.3500000000            0.0019056227
       -0.3400000000            0.0019124227
       -0.3300000000            0.0019192827
       -0.3200000000            0.0019262034
       -0.3100000000            0.0019331858
       -0.3000000000            0.0019402304
       -0.2900000000            0.0019473381
       -0.2800000000            0.0019545098
       -0.2700000000            0.0019617462
       -0.2600000000            0.0019690481
       -0.2500000000            0.0019764164
       -0.2400000000            0.0019838519
       -0.2300000000            0.0019913555
       -0.2200000000            0.0019989282
       -0.2100000000            0.0020065708
       -0.2000000000            0.0020142842
       -0.1900000000            0.0020220694
       -0.1800000000            0.0020299273
       -0.1700000000            0.0020378589
       -0.1600000000            0.0020458653
       -0.1500000000            0.0020539473
       -0.1400000000            0.0020621060
       -0.1300000000            0.0020703426
       -0.1200000000            0.0020786579
       -0.1100000000            0.0020870532
       -0.1000000000            0.0020955296
       -0.0900000000            0.0021040881
       -0.0800000000            0.0021127299
       -0.0700000000            0.0021214562
       -0.0600000000            0.0021302682
       -0.0500000000            0.0021391671
       -0.0400000000            0.0021481542
       -0.0300000000            0.0021572306
       -0.0200000000            0.0021663977
       -0.0100000000            0.0021756568
