-0.2000000000E+02 0.1281883411E+00
-0.1999000000E+02 0.1282492579E+00
-0.1998000000E+02 0.1283102428E+00
-0.1997000000E+02 0.1283713146E+00
-0.1996000000E+02 0.1284324907E+00
-0.1995000000E+02 0.1284937878E+00
-0.1994000000E+02 0.1285552214E+00
-0.1993000000E+02 0.1286168063E+00
-0.1992000000E+02 0.1286785561E+00
-0.1991000000E+02 0.1287404838E+00
-0.1990000000E+02 0.1288026016E+00
-0.1989000000E+02 0.1288649207E+00
-0.1988000000E+02 0.1289274517E+00
-0.1987000000E+02 0.1289902046E+00
-0.1986000000E+02 0.1290531886E+00
-0.1985000000E+02 0.1291164122E+00
-0.1984000000E+02 0.1291798836E+00
-0.1983000000E+02 0.1292436101E+00
-0.1982000000E+02 0.1293075987E+00
-0.1981000000E+02 0.1293718558E+00
-0.1980000000E+02 0.1294363874E+00
-0.1979000000E+02 0.1295011990E+00
-0.1978000000E+02 0.1295662958E+00
-0.1977000000E+02 0.1296316824E+00
-0.1976000000E+02 0.1296973632E+00
-0.1975000000E+02 0.1297633422E+00
-0.1974000000E+02 0.1298296230E+00
-0.1973000000E+02 0.1298962090E+00
-0.1972000000E+02 0.1299631034E+00
-0.1971000000E+02 0.1300303088E+00
-0.1970000000E+02 0.1300978277E+00
-0.1969000000E+02 0.1301656625E+00
-0.1968000000E+02 0.1302338152E+00
-0.1967000000E+02 0.1303022876E+00
-0.1966000000E+02 0.1303710813E+00
-0.1965000000E+02 0.1304401977E+00
-0.1964000000E+02 0.1305096379E+00
-0.1963000000E+02 0.1305794030E+00
-0.1962000000E+02 0.1306494938E+00
-0.1961000000E+02 0.1307199110E+00
-0.1960000000E+02 0.1307906550E+00
-0.1959000000E+02 0.1308617263E+00
-0.1958000000E+02 0.1309331249E+00
-0.1957000000E+02 0.1310048510E+00
-0.1956000000E+02 0.1310769043E+00
-0.1955000000E+02 0.1311492848E+00
-0.1954000000E+02 0.1312219920E+00
-0.1953000000E+02 0.1312950254E+00
-0.1952000000E+02 0.1313683843E+00
-0.1951000000E+02 0.1314420681E+00
-0.1950000000E+02 0.1315160758E+00
-0.1949000000E+02 0.1315904065E+00
-0.1948000000E+02 0.1316650590E+00
-0.1947000000E+02 0.1317400322E+00
-0.1946000000E+02 0.1318153246E+00
-0.1945000000E+02 0.1318909350E+00
-0.1944000000E+02 0.1319668616E+00
-0.1943000000E+02 0.1320431028E+00
-0.1942000000E+02 0.1321196570E+00
-0.1941000000E+02 0.1321965221E+00
-0.1940000000E+02 0.1322736963E+00
-0.1939000000E+02 0.1323511775E+00
-0.1938000000E+02 0.1324289634E+00
-0.1937000000E+02 0.1325070519E+00
-0.1936000000E+02 0.1325854405E+00
-0.1935000000E+02 0.1326641268E+00
-0.1934000000E+02 0.1327431082E+00
-0.1933000000E+02 0.1328223820E+00
-0.1932000000E+02 0.1329019455E+00
-0.1931000000E+02 0.1329817958E+00
-0.1930000000E+02 0.1330619299E+00
-0.1929000000E+02 0.1331423449E+00
-0.1928000000E+02 0.1332230375E+00
-0.1927000000E+02 0.1333040045E+00
-0.1926000000E+02 0.1333852425E+00
-0.1925000000E+02 0.1334667483E+00
-0.1924000000E+02 0.1335485182E+00
-0.1923000000E+02 0.1336305487E+00
-0.1922000000E+02 0.1337128361E+00
-0.1921000000E+02 0.1337953765E+00
-0.1920000000E+02 0.1338781663E+00
-0.1919000000E+02 0.1339612013E+00
-0.1918000000E+02 0.1340444776E+00
-0.1917000000E+02 0.1341279911E+00
-0.1916000000E+02 0.1342117377E+00
-0.1915000000E+02 0.1342957130E+00
-0.1914000000E+02 0.1343799127E+00
-0.1913000000E+02 0.1344643325E+00
-0.1912000000E+02 0.1345489679E+00
-0.1911000000E+02 0.1346338144E+00
-0.1910000000E+02 0.1347188672E+00
-0.1909000000E+02 0.1348041219E+00
-0.1908000000E+02 0.1348895737E+00
-0.1907000000E+02 0.1349752179E+00
-0.1906000000E+02 0.1350610496E+00
-0.1905000000E+02 0.1351470639E+00
-0.1904000000E+02 0.1352332560E+00
-0.1903000000E+02 0.1353196210E+00
-0.1902000000E+02 0.1354061538E+00
-0.1901000000E+02 0.1354928495E+00
-0.1900000000E+02 0.1355797031E+00
-0.1899000000E+02 0.1356667096E+00
-0.1898000000E+02 0.1357538638E+00
-0.1897000000E+02 0.1358411608E+00
-0.1896000000E+02 0.1359285954E+00
-0.1895000000E+02 0.1360161628E+00
-0.1894000000E+02 0.1361038577E+00
-0.1893000000E+02 0.1361916753E+00
-0.1892000000E+02 0.1362796105E+00
-0.1891000000E+02 0.1363676584E+00
-0.1890000000E+02 0.1364558141E+00
-0.1889000000E+02 0.1365440727E+00
-0.1888000000E+02 0.1366324294E+00
-0.1887000000E+02 0.1367208794E+00
-0.1886000000E+02 0.1368094182E+00
-0.1885000000E+02 0.1368980411E+00
-0.1884000000E+02 0.1369867437E+00
-0.1883000000E+02 0.1370755214E+00
-0.1882000000E+02 0.1371643701E+00
-0.1881000000E+02 0.1372532856E+00
-0.1880000000E+02 0.1373422638E+00
-0.1879000000E+02 0.1374313009E+00
-0.1878000000E+02 0.1375203930E+00
-0.1877000000E+02 0.1376095366E+00
-0.1876000000E+02 0.1376987281E+00
-0.1875000000E+02 0.1377879644E+00
-0.1874000000E+02 0.1378772424E+00
-0.1873000000E+02 0.1379665592E+00
-0.1872000000E+02 0.1380559120E+00
-0.1871000000E+02 0.1381452985E+00
-0.1870000000E+02 0.1382347164E+00
-0.1869000000E+02 0.1383241636E+00
-0.1868000000E+02 0.1384136385E+00
-0.1867000000E+02 0.1385031395E+00
-0.1866000000E+02 0.1385926653E+00
-0.1865000000E+02 0.1386822151E+00
-0.1864000000E+02 0.1387717881E+00
-0.1863000000E+02 0.1388613839E+00
-0.1862000000E+02 0.1389510024E+00
-0.1861000000E+02 0.1390406440E+00
-0.1860000000E+02 0.1391303090E+00
-0.1859000000E+02 0.1392199984E+00
-0.1858000000E+02 0.1393097134E+00
-0.1857000000E+02 0.1393994556E+00
-0.1856000000E+02 0.1394892268E+00
-0.1855000000E+02 0.1395790293E+00
-0.1854000000E+02 0.1396688657E+00
-0.1853000000E+02 0.1397587390E+00
-0.1852000000E+02 0.1398486527E+00
-0.1851000000E+02 0.1399386103E+00
-0.1850000000E+02 0.1400286162E+00
-0.1849000000E+02 0.1401186748E+00
-0.1848000000E+02 0.1402087911E+00
-0.1847000000E+02 0.1402989703E+00
-0.1846000000E+02 0.1403892182E+00
-0.1845000000E+02 0.1404795410E+00
-0.1844000000E+02 0.1405699451E+00
-0.1843000000E+02 0.1406604376E+00
-0.1842000000E+02 0.1407510257E+00
-0.1841000000E+02 0.1408417172E+00
-0.1840000000E+02 0.1409325203E+00
-0.1839000000E+02 0.1410234435E+00
-0.1838000000E+02 0.1411144958E+00
-0.1837000000E+02 0.1412056865E+00
-0.1836000000E+02 0.1412970255E+00
-0.1835000000E+02 0.1413885228E+00
-0.1834000000E+02 0.1414801891E+00
-0.1833000000E+02 0.1415720351E+00
-0.1832000000E+02 0.1416640723E+00
-0.1831000000E+02 0.1417563122E+00
-0.1830000000E+02 0.1418487670E+00
-0.1829000000E+02 0.1419414490E+00
-0.1828000000E+02 0.1420343710E+00
-0.1827000000E+02 0.1421275460E+00
-0.1826000000E+02 0.1422209874E+00
-0.1825000000E+02 0.1423147090E+00
-0.1824000000E+02 0.1424087249E+00
-0.1823000000E+02 0.1425030493E+00
-0.1822000000E+02 0.1425976970E+00
-0.1821000000E+02 0.1426926828E+00
-0.1820000000E+02 0.1427880220E+00
-0.1819000000E+02 0.1428837301E+00
-0.1818000000E+02 0.1429798226E+00
-0.1817000000E+02 0.1430763157E+00
-0.1816000000E+02 0.1431732254E+00
-0.1815000000E+02 0.1432705681E+00
-0.1814000000E+02 0.1433683604E+00
-0.1813000000E+02 0.1434666190E+00
-0.1812000000E+02 0.1435653610E+00
-0.1811000000E+02 0.1436646034E+00
-0.1810000000E+02 0.1437643635E+00
-0.1809000000E+02 0.1438646585E+00
-0.1808000000E+02 0.1439655062E+00
-0.1807000000E+02 0.1440669240E+00
-0.1806000000E+02 0.1441689296E+00
-0.1805000000E+02 0.1442715410E+00
-0.1804000000E+02 0.1443747759E+00
-0.1803000000E+02 0.1444786524E+00
-0.1802000000E+02 0.1445831883E+00
-0.1801000000E+02 0.1446884017E+00
-0.1800000000E+02 0.1447943106E+00
-0.1799000000E+02 0.1449009332E+00
-0.1798000000E+02 0.1450082875E+00
-0.1797000000E+02 0.1451163915E+00
-0.1796000000E+02 0.1452252633E+00
-0.1795000000E+02 0.1453349210E+00
-0.1794000000E+02 0.1454453825E+00
-0.1793000000E+02 0.1455566657E+00
-0.1792000000E+02 0.1456687886E+00
-0.1791000000E+02 0.1457817690E+00
-0.1790000000E+02 0.1458956246E+00
-0.1789000000E+02 0.1460103732E+00
-0.1788000000E+02 0.1461260323E+00
-0.1787000000E+02 0.1462426195E+00
-0.1786000000E+02 0.1463601521E+00
-0.1785000000E+02 0.1464786476E+00
-0.1784000000E+02 0.1465981230E+00
-0.1783000000E+02 0.1467185956E+00
-0.1782000000E+02 0.1468400823E+00
-0.1781000000E+02 0.1469625999E+00
-0.1780000000E+02 0.1470861653E+00
-0.1779000000E+02 0.1472107950E+00
-0.1778000000E+02 0.1473365056E+00
-0.1777000000E+02 0.1474633134E+00
-0.1776000000E+02 0.1475912346E+00
-0.1775000000E+02 0.1477202854E+00
-0.1774000000E+02 0.1478504817E+00
-0.1773000000E+02 0.1479818394E+00
-0.1772000000E+02 0.1481143741E+00
-0.1771000000E+02 0.1482481015E+00
-0.1770000000E+02 0.1483830369E+00
-0.1769000000E+02 0.1485191957E+00
-0.1768000000E+02 0.1486565931E+00
-0.1767000000E+02 0.1487952441E+00
-0.1766000000E+02 0.1489351636E+00
-0.1765000000E+02 0.1490763664E+00
-0.1764000000E+02 0.1492188672E+00
-0.1763000000E+02 0.1493626806E+00
-0.1762000000E+02 0.1495078210E+00
-0.1761000000E+02 0.1496543027E+00
-0.1760000000E+02 0.1498021399E+00
-0.1759000000E+02 0.1499513468E+00
-0.1758000000E+02 0.1501019374E+00
-0.1757000000E+02 0.1502539255E+00
-0.1756000000E+02 0.1504073251E+00
-0.1755000000E+02 0.1505621498E+00
-0.1754000000E+02 0.1507184133E+00
-0.1753000000E+02 0.1508761292E+00
-0.1752000000E+02 0.1510353109E+00
-0.1751000000E+02 0.1511959720E+00
-0.1750000000E+02 0.1513581258E+00
-0.1749000000E+02 0.1515217856E+00
-0.1748000000E+02 0.1516869647E+00
-0.1747000000E+02 0.1518536763E+00
-0.1746000000E+02 0.1520219335E+00
-0.1745000000E+02 0.1521917496E+00
-0.1744000000E+02 0.1523631376E+00
-0.1743000000E+02 0.1525361106E+00
-0.1742000000E+02 0.1527106817E+00
-0.1741000000E+02 0.1528868640E+00
-0.1740000000E+02 0.1530646706E+00
-0.1739000000E+02 0.1532441144E+00
-0.1738000000E+02 0.1534252086E+00
-0.1737000000E+02 0.1536079663E+00
-0.1736000000E+02 0.1537924005E+00
-0.1735000000E+02 0.1539785245E+00
-0.1734000000E+02 0.1541663512E+00
-0.1733000000E+02 0.1543558940E+00
-0.1732000000E+02 0.1545471662E+00
-0.1731000000E+02 0.1547401809E+00
-0.1730000000E+02 0.1549349515E+00
-0.1729000000E+02 0.1551314915E+00
-0.1728000000E+02 0.1553298143E+00
-0.1727000000E+02 0.1555299335E+00
-0.1726000000E+02 0.1557318627E+00
-0.1725000000E+02 0.1559356157E+00
-0.1724000000E+02 0.1561412062E+00
-0.1723000000E+02 0.1563486482E+00
-0.1722000000E+02 0.1565579556E+00
-0.1721000000E+02 0.1567691427E+00
-0.1720000000E+02 0.1569822236E+00
-0.1719000000E+02 0.1571972127E+00
-0.1718000000E+02 0.1574141246E+00
-0.1717000000E+02 0.1576329737E+00
-0.1716000000E+02 0.1578537750E+00
-0.1715000000E+02 0.1580765432E+00
-0.1714000000E+02 0.1583012935E+00
-0.1713000000E+02 0.1585280410E+00
-0.1712000000E+02 0.1587568012E+00
-0.1711000000E+02 0.1589875895E+00
-0.1710000000E+02 0.1592204217E+00
-0.1709000000E+02 0.1594553137E+00
-0.1708000000E+02 0.1596922815E+00
-0.1707000000E+02 0.1599315160E+00
-0.1706000000E+02 0.1601730799E+00
-0.1705000000E+02 0.1604167678E+00
-0.1704000000E+02 0.1606625964E+00
-0.1703000000E+02 0.1609105827E+00
-0.1702000000E+02 0.1611607442E+00
-0.1701000000E+02 0.1614130984E+00
-0.1700000000E+02 0.1616676629E+00
-0.1699000000E+02 0.1619244558E+00
-0.1698000000E+02 0.1621834953E+00
-0.1697000000E+02 0.1624447998E+00
-0.1696000000E+02 0.1627083881E+00
-0.1695000000E+02 0.1629742791E+00
-0.1694000000E+02 0.1632424921E+00
-0.1693000000E+02 0.1635130465E+00
-0.1692000000E+02 0.1637859621E+00
-0.1691000000E+02 0.1640612590E+00
-0.1690000000E+02 0.1643389574E+00
-0.1689000000E+02 0.1646190779E+00
-0.1688000000E+02 0.1649016415E+00
-0.1687000000E+02 0.1651866692E+00
-0.1686000000E+02 0.1654741828E+00
-0.1685000000E+02 0.1657642038E+00
-0.1684000000E+02 0.1660567545E+00
-0.1683000000E+02 0.1663518572E+00
-0.1682000000E+02 0.1666495348E+00
-0.1681000000E+02 0.1669498104E+00
-0.1680000000E+02 0.1672527073E+00
-0.1679000000E+02 0.1675582493E+00
-0.1678000000E+02 0.1678664606E+00
-0.1677000000E+02 0.1681773656E+00
-0.1676000000E+02 0.1684909892E+00
-0.1675000000E+02 0.1688073566E+00
-0.1674000000E+02 0.1691264934E+00
-0.1673000000E+02 0.1694484255E+00
-0.1672000000E+02 0.1697731792E+00
-0.1671000000E+02 0.1701007814E+00
-0.1670000000E+02 0.1704312591E+00
-0.1669000000E+02 0.1707646398E+00
-0.1668000000E+02 0.1711009516E+00
-0.1667000000E+02 0.1714402228E+00
-0.1666000000E+02 0.1717824822E+00
-0.1665000000E+02 0.1721277590E+00
-0.1664000000E+02 0.1724760829E+00
-0.1663000000E+02 0.1728274840E+00
-0.1662000000E+02 0.1731819928E+00
-0.1661000000E+02 0.1735396405E+00
-0.1660000000E+02 0.1739004583E+00
-0.1659000000E+02 0.1742644785E+00
-0.1658000000E+02 0.1746317333E+00
-0.1657000000E+02 0.1750022557E+00
-0.1656000000E+02 0.1753760792E+00
-0.1655000000E+02 0.1757532377E+00
-0.1654000000E+02 0.1761337657E+00
-0.1653000000E+02 0.1765176981E+00
-0.1652000000E+02 0.1769050704E+00
-0.1651000000E+02 0.1772959187E+00
-0.1650000000E+02 0.1776902796E+00
-0.1649000000E+02 0.1780881902E+00
-0.1648000000E+02 0.1784896882E+00
-0.1647000000E+02 0.1788948120E+00
-0.1646000000E+02 0.1793036004E+00
-0.1645000000E+02 0.1797160928E+00
-0.1644000000E+02 0.1801323294E+00
-0.1643000000E+02 0.1805523507E+00
-0.1642000000E+02 0.1809761981E+00
-0.1641000000E+02 0.1814039136E+00
-0.1640000000E+02 0.1818355396E+00
-0.1639000000E+02 0.1822711194E+00
-0.1638000000E+02 0.1827106968E+00
-0.1637000000E+02 0.1831543165E+00
-0.1636000000E+02 0.1836020237E+00
-0.1635000000E+02 0.1840538642E+00
-0.1634000000E+02 0.1845098847E+00
-0.1633000000E+02 0.1849701326E+00
-0.1632000000E+02 0.1854346559E+00
-0.1631000000E+02 0.1859035034E+00
-0.1630000000E+02 0.1863767248E+00
-0.1629000000E+02 0.1868543702E+00
-0.1628000000E+02 0.1873364909E+00
-0.1627000000E+02 0.1878231388E+00
-0.1626000000E+02 0.1883143664E+00
-0.1625000000E+02 0.1888102273E+00
-0.1624000000E+02 0.1893107759E+00
-0.1623000000E+02 0.1898160674E+00
-0.1622000000E+02 0.1903261577E+00
-0.1621000000E+02 0.1908411037E+00
-0.1620000000E+02 0.1913609632E+00
-0.1619000000E+02 0.1918857949E+00
-0.1618000000E+02 0.1924156584E+00
-0.1617000000E+02 0.1929506142E+00
-0.1616000000E+02 0.1934907237E+00
-0.1615000000E+02 0.1940360493E+00
-0.1614000000E+02 0.1945866544E+00
-0.1613000000E+02 0.1951426034E+00
-0.1612000000E+02 0.1957039616E+00
-0.1611000000E+02 0.1962707954E+00
-0.1610000000E+02 0.1968431722E+00
-0.1609000000E+02 0.1974211605E+00
-0.1608000000E+02 0.1980048298E+00
-0.1607000000E+02 0.1985942507E+00
-0.1606000000E+02 0.1991894950E+00
-0.1605000000E+02 0.1997906355E+00
-0.1604000000E+02 0.2003977461E+00
-0.1603000000E+02 0.2010109021E+00
-0.1602000000E+02 0.2016301797E+00
-0.1601000000E+02 0.2022556565E+00
-0.1600000000E+02 0.2028874111E+00
-0.1599000000E+02 0.2035255235E+00
-0.1598000000E+02 0.2041700749E+00
-0.1597000000E+02 0.2048211477E+00
-0.1596000000E+02 0.2054788258E+00
-0.1595000000E+02 0.2061431942E+00
-0.1594000000E+02 0.2068143393E+00
-0.1593000000E+02 0.2074923488E+00
-0.1592000000E+02 0.2081773119E+00
-0.1591000000E+02 0.2088693190E+00
-0.1590000000E+02 0.2095684621E+00
-0.1589000000E+02 0.2102748346E+00
-0.1588000000E+02 0.2109885312E+00
-0.1587000000E+02 0.2117096482E+00
-0.1586000000E+02 0.2124382835E+00
-0.1585000000E+02 0.2131745362E+00
-0.1584000000E+02 0.2139185073E+00
-0.1583000000E+02 0.2146702991E+00
-0.1582000000E+02 0.2154300157E+00
-0.1581000000E+02 0.2161977626E+00
-0.1580000000E+02 0.2169736470E+00
-0.1579000000E+02 0.2177577778E+00
-0.1578000000E+02 0.2185502656E+00
-0.1577000000E+02 0.2193512226E+00
-0.1576000000E+02 0.2201607627E+00
-0.1575000000E+02 0.2209790016E+00
-0.1574000000E+02 0.2218060569E+00
-0.1573000000E+02 0.2226420476E+00
-0.1572000000E+02 0.2234870948E+00
-0.1571000000E+02 0.2243413214E+00
-0.1570000000E+02 0.2252048521E+00
-0.1569000000E+02 0.2260778134E+00
-0.1568000000E+02 0.2269603337E+00
-0.1567000000E+02 0.2278525435E+00
-0.1566000000E+02 0.2287545749E+00
-0.1565000000E+02 0.2296665623E+00
-0.1564000000E+02 0.2305886416E+00
-0.1563000000E+02 0.2315209512E+00
-0.1562000000E+02 0.2324636311E+00
-0.1561000000E+02 0.2334168234E+00
-0.1560000000E+02 0.2343806723E+00
-0.1559000000E+02 0.2353553240E+00
-0.1558000000E+02 0.2363409268E+00
-0.1557000000E+02 0.2373376309E+00
-0.1556000000E+02 0.2383455888E+00
-0.1555000000E+02 0.2393649548E+00
-0.1554000000E+02 0.2403958856E+00
-0.1553000000E+02 0.2414385397E+00
-0.1552000000E+02 0.2424930778E+00
-0.1551000000E+02 0.2435596628E+00
-0.1550000000E+02 0.2446384597E+00
-0.1549000000E+02 0.2457296353E+00
-0.1548000000E+02 0.2468333589E+00
-0.1547000000E+02 0.2479498015E+00
-0.1546000000E+02 0.2490791365E+00
-0.1545000000E+02 0.2502215392E+00
-0.1544000000E+02 0.2513771869E+00
-0.1543000000E+02 0.2525462590E+00
-0.1542000000E+02 0.2537289368E+00
-0.1541000000E+02 0.2549254038E+00
-0.1540000000E+02 0.2561358452E+00
-0.1539000000E+02 0.2573604483E+00
-0.1538000000E+02 0.2585994021E+00
-0.1537000000E+02 0.2598528975E+00
-0.1536000000E+02 0.2611211272E+00
-0.1535000000E+02 0.2624042856E+00
-0.1534000000E+02 0.2637025687E+00
-0.1533000000E+02 0.2650161742E+00
-0.1532000000E+02 0.2663453012E+00
-0.1531000000E+02 0.2676901504E+00
-0.1530000000E+02 0.2690509236E+00
-0.1529000000E+02 0.2704278240E+00
-0.1528000000E+02 0.2718210560E+00
-0.1527000000E+02 0.2732308250E+00
-0.1526000000E+02 0.2746573372E+00
-0.1525000000E+02 0.2761007997E+00
-0.1524000000E+02 0.2775614201E+00
-0.1523000000E+02 0.2790394067E+00
-0.1522000000E+02 0.2805349679E+00
-0.1521000000E+02 0.2820483124E+00
-0.1520000000E+02 0.2835796487E+00
-0.1519000000E+02 0.2851291851E+00
-0.1518000000E+02 0.2866971295E+00
-0.1517000000E+02 0.2882836890E+00
-0.1516000000E+02 0.2898890698E+00
-0.1515000000E+02 0.2915134769E+00
-0.1514000000E+02 0.2931571138E+00
-0.1513000000E+02 0.2948201820E+00
-0.1512000000E+02 0.2965028811E+00
-0.1511000000E+02 0.2982054083E+00
-0.1510000000E+02 0.2999279577E+00
-0.1509000000E+02 0.3016707205E+00
-0.1508000000E+02 0.3034338840E+00
-0.1507000000E+02 0.3052176318E+00
-0.1506000000E+02 0.3070221427E+00
-0.1505000000E+02 0.3088475908E+00
-0.1504000000E+02 0.3106941445E+00
-0.1503000000E+02 0.3125619664E+00
-0.1502000000E+02 0.3144512124E+00
-0.1501000000E+02 0.3163620312E+00
-0.1500000000E+02 0.3182945640E+00
-0.1499000000E+02 0.3202489432E+00
-0.1498000000E+02 0.3222252924E+00
-0.1497000000E+02 0.3242237251E+00
-0.1496000000E+02 0.3262443444E+00
-0.1495000000E+02 0.3282872418E+00
-0.1494000000E+02 0.3303524967E+00
-0.1493000000E+02 0.3324401754E+00
-0.1492000000E+02 0.3345503301E+00
-0.1491000000E+02 0.3366829981E+00
-0.1490000000E+02 0.3388382008E+00
-0.1489000000E+02 0.3410159424E+00
-0.1488000000E+02 0.3432162092E+00
-0.1487000000E+02 0.3454389681E+00
-0.1486000000E+02 0.3476841660E+00
-0.1485000000E+02 0.3499517279E+00
-0.1484000000E+02 0.3522415561E+00
-0.1483000000E+02 0.3545535287E+00
-0.1482000000E+02 0.3568874984E+00
-0.1481000000E+02 0.3592432911E+00
-0.1480000000E+02 0.3616207044E+00
-0.1479000000E+02 0.3640195061E+00
-0.1478000000E+02 0.3664394327E+00
-0.1477000000E+02 0.3688801880E+00
-0.1476000000E+02 0.3713414415E+00
-0.1475000000E+02 0.3738228265E+00
-0.1474000000E+02 0.3763239388E+00
-0.1473000000E+02 0.3788443347E+00
-0.1472000000E+02 0.3813835297E+00
-0.1471000000E+02 0.3839409964E+00
-0.1470000000E+02 0.3865161629E+00
-0.1469000000E+02 0.3891084111E+00
-0.1468000000E+02 0.3917170748E+00
-0.1467000000E+02 0.3943414382E+00
-0.1466000000E+02 0.3969807339E+00
-0.1465000000E+02 0.3996341412E+00
-0.1464000000E+02 0.4023007847E+00
-0.1463000000E+02 0.4049797322E+00
-0.1462000000E+02 0.4076699934E+00
-0.1461000000E+02 0.4103705181E+00
-0.1460000000E+02 0.4130801948E+00
-0.1459000000E+02 0.4157978495E+00
-0.1458000000E+02 0.4185222439E+00
-0.1457000000E+02 0.4212520747E+00
-0.1456000000E+02 0.4239859719E+00
-0.1455000000E+02 0.4267224984E+00
-0.1454000000E+02 0.4294601490E+00
-0.1453000000E+02 0.4321973496E+00
-0.1452000000E+02 0.4349324569E+00
-0.1451000000E+02 0.4376637581E+00
-0.1450000000E+02 0.4403894708E+00
-0.1449000000E+02 0.4431077433E+00
-0.1448000000E+02 0.4458166550E+00
-0.1447000000E+02 0.4485142173E+00
-0.1446000000E+02 0.4511983744E+00
-0.1445000000E+02 0.4538670047E+00
-0.1444000000E+02 0.4565179225E+00
-0.1443000000E+02 0.4591488801E+00
-0.1442000000E+02 0.4617575700E+00
-0.1441000000E+02 0.4643416278E+00
-0.1440000000E+02 0.4668986352E+00
-0.1439000000E+02 0.4694261237E+00
-0.1438000000E+02 0.4719215784E+00
-0.1437000000E+02 0.4743824422E+00
-0.1436000000E+02 0.4768061210E+00
-0.1435000000E+02 0.4791899884E+00
-0.1434000000E+02 0.4815313918E+00
-0.1433000000E+02 0.4838276578E+00
-0.1432000000E+02 0.4860760992E+00
-0.1431000000E+02 0.4882740213E+00
-0.1430000000E+02 0.4904187296E+00
-0.1429000000E+02 0.4925075367E+00
-0.1428000000E+02 0.4945377709E+00
-0.1427000000E+02 0.4965067837E+00
-0.1426000000E+02 0.4984119586E+00
-0.1425000000E+02 0.5002507196E+00
-0.1424000000E+02 0.5020205401E+00
-0.1423000000E+02 0.5037189521E+00
-0.1422000000E+02 0.5053435551E+00
-0.1421000000E+02 0.5068920249E+00
-0.1420000000E+02 0.5083621237E+00
-0.1419000000E+02 0.5097517082E+00
-0.1418000000E+02 0.5110587392E+00
-0.1417000000E+02 0.5122812898E+00
-0.1416000000E+02 0.5134175547E+00
-0.1415000000E+02 0.5144658576E+00
-0.1414000000E+02 0.5154246598E+00
-0.1413000000E+02 0.5162925668E+00
-0.1412000000E+02 0.5170683360E+00
-0.1411000000E+02 0.5177508826E+00
-0.1410000000E+02 0.5183392856E+00
-0.1409000000E+02 0.5188327929E+00
-0.1408000000E+02 0.5192308255E+00
-0.1407000000E+02 0.5195329816E+00
-0.1406000000E+02 0.5197390391E+00
-0.1405000000E+02 0.5198489579E+00
-0.1404000000E+02 0.5198628814E+00
-0.1403000000E+02 0.5197811365E+00
-0.1402000000E+02 0.5196042337E+00
-0.1401000000E+02 0.5193328654E+00
-0.1400000000E+02 0.5189679041E+00
-0.1399000000E+02 0.5185103995E+00
-0.1398000000E+02 0.5179615746E+00
-0.1397000000E+02 0.5173228211E+00
-0.1396000000E+02 0.5165956947E+00
-0.1395000000E+02 0.5157819084E+00
-0.1394000000E+02 0.5148833265E+00
-0.1393000000E+02 0.5139019569E+00
-0.1392000000E+02 0.5128399438E+00
-0.1391000000E+02 0.5116995587E+00
-0.1390000000E+02 0.5104831927E+00
-0.1389000000E+02 0.5091933463E+00
-0.1388000000E+02 0.5078326208E+00
-0.1387000000E+02 0.5064037085E+00
-0.1386000000E+02 0.5049093826E+00
-0.1385000000E+02 0.5033524876E+00
-0.1384000000E+02 0.5017359293E+00
-0.1383000000E+02 0.5000626648E+00
-0.1382000000E+02 0.4983356926E+00
-0.1381000000E+02 0.4965580430E+00
-0.1380000000E+02 0.4947327686E+00
-0.1379000000E+02 0.4928629349E+00
-0.1378000000E+02 0.4909516114E+00
-0.1377000000E+02 0.4890018629E+00
-0.1376000000E+02 0.4870167410E+00
-0.1375000000E+02 0.4849992765E+00
-0.1374000000E+02 0.4829524719E+00
-0.1373000000E+02 0.4808792938E+00
-0.1372000000E+02 0.4787826671E+00
-0.1371000000E+02 0.4766654682E+00
-0.1370000000E+02 0.4745305198E+00
-0.1369000000E+02 0.4723805854E+00
-0.1368000000E+02 0.4702183649E+00
-0.1367000000E+02 0.4680464903E+00
-0.1366000000E+02 0.4658675220E+00
-0.1365000000E+02 0.4636839456E+00
-0.1364000000E+02 0.4614981687E+00
-0.1363000000E+02 0.4593125195E+00
-0.1362000000E+02 0.4571292438E+00
-0.1361000000E+02 0.4549505043E+00
-0.1360000000E+02 0.4527783790E+00
-0.1359000000E+02 0.4506148606E+00
-0.1358000000E+02 0.4484618563E+00
-0.1357000000E+02 0.4463211874E+00
-0.1356000000E+02 0.4441945896E+00
-0.1355000000E+02 0.4420837137E+00
-0.1354000000E+02 0.4399901263E+00
-0.1353000000E+02 0.4379153104E+00
-0.1352000000E+02 0.4358606674E+00
-0.1351000000E+02 0.4338275177E+00
-0.1350000000E+02 0.4318171029E+00
-0.1349000000E+02 0.4298305870E+00
-0.1348000000E+02 0.4278690589E+00
-0.1347000000E+02 0.4259335337E+00
-0.1346000000E+02 0.4240249551E+00
-0.1345000000E+02 0.4221441979E+00
-0.1344000000E+02 0.4202920696E+00
-0.1343000000E+02 0.4184693129E+00
-0.1342000000E+02 0.4166766083E+00
-0.1341000000E+02 0.4149145760E+00
-0.1340000000E+02 0.4131837785E+00
-0.1339000000E+02 0.4114847231E+00
-0.1338000000E+02 0.4098178636E+00
-0.1337000000E+02 0.4081836036E+00
-0.1336000000E+02 0.4065822980E+00
-0.1335000000E+02 0.4050142555E+00
-0.1334000000E+02 0.4034797412E+00
-0.1333000000E+02 0.4019789783E+00
-0.1332000000E+02 0.4005121504E+00
-0.1331000000E+02 0.3990794039E+00
-0.1330000000E+02 0.3976808497E+00
-0.1329000000E+02 0.3963165652E+00
-0.1328000000E+02 0.3949865965E+00
-0.1327000000E+02 0.3936909602E+00
-0.1326000000E+02 0.3924296449E+00
-0.1325000000E+02 0.3912026134E+00
-0.1324000000E+02 0.3900098040E+00
-0.1323000000E+02 0.3888511325E+00
-0.1322000000E+02 0.3877264935E+00
-0.1321000000E+02 0.3866357618E+00
-0.1320000000E+02 0.3855787942E+00
-0.1319000000E+02 0.3845554305E+00
-0.1318000000E+02 0.3835654951E+00
-0.1317000000E+02 0.3826087982E+00
-0.1316000000E+02 0.3816851367E+00
-0.1315000000E+02 0.3807942957E+00
-0.1314000000E+02 0.3799360494E+00
-0.1313000000E+02 0.3791101623E+00
-0.1312000000E+02 0.3783163898E+00
-0.1311000000E+02 0.3775544796E+00
-0.1310000000E+02 0.3768241723E+00
-0.1309000000E+02 0.3761252022E+00
-0.1308000000E+02 0.3754572983E+00
-0.1307000000E+02 0.3748201846E+00
-0.1306000000E+02 0.3742135815E+00
-0.1305000000E+02 0.3736372059E+00
-0.1304000000E+02 0.3730907719E+00
-0.1303000000E+02 0.3725739915E+00
-0.1302000000E+02 0.3720865753E+00
-0.1301000000E+02 0.3716282327E+00
-0.1300000000E+02 0.3711986724E+00
-0.1299000000E+02 0.3707976034E+00
-0.1298000000E+02 0.3704247346E+00
-0.1297000000E+02 0.3700797759E+00
-0.1296000000E+02 0.3697624383E+00
-0.1295000000E+02 0.3694724340E+00
-0.1294000000E+02 0.3692094773E+00
-0.1293000000E+02 0.3689732846E+00
-0.1292000000E+02 0.3687635746E+00
-0.1291000000E+02 0.3685800689E+00
-0.1290000000E+02 0.3684224917E+00
-0.1289000000E+02 0.3682905710E+00
-0.1288000000E+02 0.3681840377E+00
-0.1287000000E+02 0.3681026267E+00
-0.1286000000E+02 0.3680460767E+00
-0.1285000000E+02 0.3680141306E+00
-0.1284000000E+02 0.3680065355E+00
-0.1283000000E+02 0.3680230431E+00
-0.1282000000E+02 0.3680634095E+00
-0.1281000000E+02 0.3681273960E+00
-0.1280000000E+02 0.3682147686E+00
-0.1279000000E+02 0.3683252988E+00
-0.1278000000E+02 0.3684587631E+00
-0.1277000000E+02 0.3686149438E+00
-0.1276000000E+02 0.3687936285E+00
-0.1275000000E+02 0.3689946110E+00
-0.1274000000E+02 0.3692176907E+00
-0.1273000000E+02 0.3694626735E+00
-0.1272000000E+02 0.3697293713E+00
-0.1271000000E+02 0.3700176024E+00
-0.1270000000E+02 0.3703271920E+00
-0.1269000000E+02 0.3706579719E+00
-0.1268000000E+02 0.3710097807E+00
-0.1267000000E+02 0.3713824643E+00
-0.1266000000E+02 0.3717758758E+00
-0.1265000000E+02 0.3721898759E+00
-0.1264000000E+02 0.3726243328E+00
-0.1263000000E+02 0.3730791226E+00
-0.1262000000E+02 0.3735541297E+00
-0.1261000000E+02 0.3740492463E+00
-0.1260000000E+02 0.3745643735E+00
-0.1259000000E+02 0.3750994211E+00
-0.1258000000E+02 0.3756543075E+00
-0.1257000000E+02 0.3762289607E+00
-0.1256000000E+02 0.3768233180E+00
-0.1255000000E+02 0.3774373264E+00
-0.1254000000E+02 0.3780709429E+00
-0.1253000000E+02 0.3787241347E+00
-0.1252000000E+02 0.3793968798E+00
-0.1251000000E+02 0.3800891669E+00
-0.1250000000E+02 0.3808009959E+00
-0.1249000000E+02 0.3815323783E+00
-0.1248000000E+02 0.3822833375E+00
-0.1247000000E+02 0.3830539090E+00
-0.1246000000E+02 0.3838441410E+00
-0.1245000000E+02 0.3846540947E+00
-0.1244000000E+02 0.3854838446E+00
-0.1243000000E+02 0.3863334791E+00
-0.1242000000E+02 0.3872031006E+00
-0.1241000000E+02 0.3880928263E+00
-0.1240000000E+02 0.3890027887E+00
-0.1239000000E+02 0.3899331355E+00
-0.1238000000E+02 0.3908840307E+00
-0.1237000000E+02 0.3918556548E+00
-0.1236000000E+02 0.3928482055E+00
-0.1235000000E+02 0.3938618979E+00
-0.1234000000E+02 0.3948969656E+00
-0.1233000000E+02 0.3959536606E+00
-0.1232000000E+02 0.3970322546E+00
-0.1231000000E+02 0.3981330391E+00
-0.1230000000E+02 0.3992563261E+00
-0.1229000000E+02 0.4004024492E+00
-0.1228000000E+02 0.4015717635E+00
-0.1227000000E+02 0.4027646472E+00
-0.1226000000E+02 0.4039815017E+00
-0.1225000000E+02 0.4052227523E+00
-0.1224000000E+02 0.4064888496E+00
-0.1223000000E+02 0.4077802697E+00
-0.1222000000E+02 0.4090975153E+00
-0.1221000000E+02 0.4104411166E+00
-0.1220000000E+02 0.4118116321E+00
-0.1219000000E+02 0.4132096495E+00
-0.1218000000E+02 0.4146357869E+00
-0.1217000000E+02 0.4160906935E+00
-0.1216000000E+02 0.4175750510E+00
-0.1215000000E+02 0.4190895742E+00
-0.1214000000E+02 0.4206350129E+00
-0.1213000000E+02 0.4222121523E+00
-0.1212000000E+02 0.4238218146E+00
-0.1211000000E+02 0.4254648604E+00
-0.1210000000E+02 0.4271421900E+00
-0.1209000000E+02 0.4288547444E+00
-0.1208000000E+02 0.4306035074E+00
-0.1207000000E+02 0.4323895069E+00
-0.1206000000E+02 0.4342138163E+00
-0.1205000000E+02 0.4360775565E+00
-0.1204000000E+02 0.4379818975E+00
-0.1203000000E+02 0.4399280606E+00
-0.1202000000E+02 0.4419173197E+00
-0.1201000000E+02 0.4439510042E+00
-0.1200000000E+02 0.4460305005E+00
-0.1199000000E+02 0.4481572546E+00
-0.1198000000E+02 0.4503327746E+00
-0.1197000000E+02 0.4525586330E+00
-0.1196000000E+02 0.4548364697E+00
-0.1195000000E+02 0.4571679945E+00
-0.1194000000E+02 0.4595549904E+00
-0.1193000000E+02 0.4619993164E+00
-0.1192000000E+02 0.4645029115E+00
-0.1191000000E+02 0.4670677975E+00
-0.1190000000E+02 0.4696960833E+00
-0.1189000000E+02 0.4723899686E+00
-0.1188000000E+02 0.4751517484E+00
-0.1187000000E+02 0.4779838171E+00
-0.1186000000E+02 0.4808886737E+00
-0.1185000000E+02 0.4838689264E+00
-0.1184000000E+02 0.4869272985E+00
-0.1183000000E+02 0.4900666335E+00
-0.1182000000E+02 0.4932899015E+00
-0.1181000000E+02 0.4966002059E+00
-0.1180000000E+02 0.5000007895E+00
-0.1179000000E+02 0.5034950428E+00
-0.1178000000E+02 0.5070865109E+00
-0.1177000000E+02 0.5107789022E+00
-0.1176000000E+02 0.5145760974E+00
-0.1175000000E+02 0.5184821585E+00
-0.1174000000E+02 0.5225013392E+00
-0.1173000000E+02 0.5266380955E+00
-0.1172000000E+02 0.5308970972E+00
-0.1171000000E+02 0.5352832399E+00
-0.1170000000E+02 0.5398016585E+00
-0.1169000000E+02 0.5444577409E+00
-0.1168000000E+02 0.5492571429E+00
-0.1167000000E+02 0.5542058044E+00
-0.1166000000E+02 0.5593099662E+00
-0.1165000000E+02 0.5645761887E+00
-0.1164000000E+02 0.5700113708E+00
-0.1163000000E+02 0.5756227718E+00
-0.1162000000E+02 0.5814180329E+00
-0.1161000000E+02 0.5874052020E+00
-0.1160000000E+02 0.5935927589E+00
-0.1159000000E+02 0.5999896435E+00
-0.1158000000E+02 0.6066052848E+00
-0.1157000000E+02 0.6134496329E+00
-0.1156000000E+02 0.6205331932E+00
-0.1155000000E+02 0.6278670623E+00
-0.1154000000E+02 0.6354629675E+00
-0.1153000000E+02 0.6433333085E+00
-0.1152000000E+02 0.6514912021E+00
-0.1151000000E+02 0.6599505302E+00
-0.1150000000E+02 0.6687259912E+00
-0.1149000000E+02 0.6778331547E+00
-0.1148000000E+02 0.6872885205E+00
-0.1147000000E+02 0.6971095807E+00
-0.1146000000E+02 0.7073148870E+00
-0.1145000000E+02 0.7179241213E+00
-0.1144000000E+02 0.7289581716E+00
-0.1143000000E+02 0.7404392115E+00
-0.1142000000E+02 0.7523907856E+00
-0.1141000000E+02 0.7648378984E+00
-0.1140000000E+02 0.7778071077E+00
-0.1139000000E+02 0.7913266234E+00
-0.1138000000E+02 0.8054264085E+00
-0.1137000000E+02 0.8201382846E+00
-0.1136000000E+02 0.8354960393E+00
-0.1135000000E+02 0.8515355347E+00
-0.1134000000E+02 0.8682948154E+00
-0.1133000000E+02 0.8858142142E+00
-0.1132000000E+02 0.9041364521E+00
-0.1131000000E+02 0.9233067295E+00
-0.1130000000E+02 0.9433728031E+00
-0.1129000000E+02 0.9643850441E+00
-0.1128000000E+02 0.9863964693E+00
-0.1127000000E+02 0.1009462735E+01
-0.1126000000E+02 0.1033642085E+01
-0.1125000000E+02 0.1058995235E+01
-0.1124000000E+02 0.1085585179E+01
-0.1123000000E+02 0.1113476896E+01
-0.1122000000E+02 0.1142736930E+01
-0.1121000000E+02 0.1173432814E+01
-0.1120000000E+02 0.1205632300E+01
-0.1119000000E+02 0.1239402359E+01
-0.1118000000E+02 0.1274807895E+01
-0.1117000000E+02 0.1311910116E+01
-0.1116000000E+02 0.1350764513E+01
-0.1115000000E+02 0.1391418368E+01
-0.1114000000E+02 0.1433907727E+01
-0.1113000000E+02 0.1478253784E+01
-0.1112000000E+02 0.1524458607E+01
-0.1111000000E+02 0.1572500187E+01
-0.1110000000E+02 0.1622326799E+01
-0.1109000000E+02 0.1673850751E+01
-0.1108000000E+02 0.1726941642E+01
-0.1107000000E+02 0.1781419387E+01
-0.1106000000E+02 0.1837047386E+01
-0.1105000000E+02 0.1893526405E+01
-0.1104000000E+02 0.1950489913E+01
-0.1103000000E+02 0.2007501834E+01
-0.1102000000E+02 0.2064057849E+01
-0.1101000000E+02 0.2119591492E+01
-0.1100000000E+02 0.2173486299E+01
-0.1099000000E+02 0.2225095060E+01
-0.1098000000E+02 0.2273766844E+01
-0.1097000000E+02 0.2318881786E+01
-0.1096000000E+02 0.2359892763E+01
-0.1095000000E+02 0.2396372093E+01
-0.1094000000E+02 0.2428060496E+01
-0.1093000000E+02 0.2454914930E+01
-0.1092000000E+02 0.2477151953E+01
-0.1091000000E+02 0.2495283936E+01
-0.1090000000E+02 0.2510147107E+01
-0.1089000000E+02 0.2522922762E+01
-0.1088000000E+02 0.2535155975E+01
-0.1087000000E+02 0.2548779658E+01
-0.1086000000E+02 0.2566155808E+01
-0.1085000000E+02 0.2590150846E+01
-0.1084000000E+02 0.2624269237E+01
-0.1083000000E+02 0.2672881626E+01
-0.1082000000E+02 0.2741605292E+01
-0.1081000000E+02 0.2837935185E+01
-0.1080000000E+02 0.2972301944E+01
-0.1079000000E+02 0.3159889603E+01
-0.1078000000E+02 0.3423870515E+01
-0.1077000000E+02 0.3801419586E+01
-0.1076000000E+02 0.4355461519E+01
-0.1075000000E+02 0.5198776926E+01
-0.1074000000E+02 0.6545070500E+01
-0.1073000000E+02 0.8811268015E+01
-0.1072000000E+02 0.1271951949E+02
-0.1071000000E+02 0.1841033019E+02
-0.1070000000E+02 0.2042548031E+02
-0.1069000000E+02 0.1367489874E+02
-0.1068000000E+02 0.8473981975E+01
-0.1067000000E+02 0.6017320091E+01
-0.1066000000E+02 0.4685783085E+01
-0.1065000000E+02 0.3879817262E+01
-0.1064000000E+02 0.3351131232E+01
-0.1063000000E+02 0.2983488234E+01
-0.1062000000E+02 0.2716713769E+01
-0.1061000000E+02 0.2517066538E+01
-0.1060000000E+02 0.2364383103E+01
-0.1059000000E+02 0.2245979942E+01
-0.1058000000E+02 0.2153539764E+01
-0.1057000000E+02 0.2081421228E+01
-0.1056000000E+02 0.2025692945E+01
-0.1055000000E+02 0.1983556747E+01
-0.1054000000E+02 0.1952990193E+01
-0.1053000000E+02 0.1932517579E+01
-0.1052000000E+02 0.1921058898E+01
-0.1051000000E+02 0.1917827425E+01
-0.1050000000E+02 0.1922258293E+01
-0.1049000000E+02 0.1933957051E+01
-0.1048000000E+02 0.1952661019E+01
-0.1047000000E+02 0.1978208551E+01
-0.1046000000E+02 0.2010512628E+01
-0.1045000000E+02 0.2049536013E+01
-0.1044000000E+02 0.2095265691E+01
-0.1043000000E+02 0.2147684672E+01
-0.1042000000E+02 0.2206739676E+01
-0.1041000000E+02 0.2272303914E+01
-0.1040000000E+02 0.2344135408E+01
-0.1039000000E+02 0.2421833264E+01
-0.1038000000E+02 0.2504797328E+01
-0.1037000000E+02 0.2592200413E+01
-0.1036000000E+02 0.2682986282E+01
-0.1035000000E+02 0.2775908837E+01
-0.1034000000E+02 0.2869626103E+01
-0.1033000000E+02 0.2962853441E+01
-0.1032000000E+02 0.3054562990E+01
-0.1031000000E+02 0.3144193722E+01
-0.1030000000E+02 0.3231817232E+01
-0.1029000000E+02 0.3318199931E+01
-0.1028000000E+02 0.3404719447E+01
-0.1027000000E+02 0.3493127918E+01
-0.1026000000E+02 0.3585192715E+01
-0.1025000000E+02 0.3682269743E+01
-0.1024000000E+02 0.3784869076E+01
-0.1023000000E+02 0.3892263630E+01
-0.1022000000E+02 0.4002182547E+01
-0.1021000000E+02 0.4110632952E+01
-0.1020000000E+02 0.4211907262E+01
-0.1019000000E+02 0.4298846320E+01
-0.1018000000E+02 0.4363419604E+01
-0.1017000000E+02 0.4397630823E+01
-0.1016000000E+02 0.4394654989E+01
-0.1015000000E+02 0.4349990208E+01
-0.1014000000E+02 0.4262327643E+01
-0.1013000000E+02 0.4133872766E+01
-0.1012000000E+02 0.3970005843E+01
-0.1011000000E+02 0.3778385835E+01
-0.1010000000E+02 0.3567770650E+01
-0.1009000000E+02 0.3346870053E+01
-0.1008000000E+02 0.3123467648E+01
-0.1007000000E+02 0.2903910663E+01
-0.1006000000E+02 0.2692943501E+01
-0.1005000000E+02 0.2493792107E+01
-0.1004000000E+02 0.2308391118E+01
-0.1003000000E+02 0.2137664293E+01
-0.1002000000E+02 0.1981798979E+01
-0.1001000000E+02 0.1840483464E+01
-0.1000000000E+02 0.1713096221E+01
-0.9990000000E+01 0.1598848045E+01
-0.9980000000E+01 0.1496883838E+01
-0.9970000000E+01 0.1406352586E+01
-0.9960000000E+01 0.1326453782E+01
-0.9950000000E+01 0.1256467338E+01
-0.9940000000E+01 0.1195772619E+01
-0.9930000000E+01 0.1143860916E+01
-0.9920000000E+01 0.1100344673E+01
-0.9910000000E+01 0.1064965986E+01
-0.9900000000E+01 0.1037606425E+01
-0.9890000000E+01 0.1018299978E+01
-0.9880000000E+01 0.1007250805E+01
-0.9870000000E+01 0.1004857649E+01
-0.9860000000E+01 0.1011746933E+01
-0.9850000000E+01 0.1028816866E+01
-0.9840000000E+01 0.1057295115E+01
-0.9830000000E+01 0.1098812400E+01
-0.9820000000E+01 0.1155493191E+01
-0.9810000000E+01 0.1230061034E+01
-0.9800000000E+01 0.1325947062E+01
-0.9790000000E+01 0.1447370405E+01
-0.9780000000E+01 0.1599317962E+01
-0.9770000000E+01 0.1787271446E+01
-0.9760000000E+01 0.2016390935E+01
-0.9750000000E+01 0.2289665314E+01
-0.9740000000E+01 0.2604383911E+01
-0.9730000000E+01 0.2946571517E+01
-0.9720000000E+01 0.3284645879E+01
-0.9710000000E+01 0.3567208849E+01
-0.9700000000E+01 0.3733106550E+01
-0.9690000000E+01 0.3736537749E+01
-0.9680000000E+01 0.3572778832E+01
-0.9670000000E+01 0.3281235622E+01
-0.9660000000E+01 0.2922643270E+01
-0.9650000000E+01 0.2551887135E+01
-0.9640000000E+01 0.2204586447E+01
-0.9630000000E+01 0.1897532943E+01
-0.9620000000E+01 0.1634842760E+01
-0.9610000000E+01 0.1413952438E+01
-0.9600000000E+01 0.1229597386E+01
-0.9590000000E+01 0.1075957646E+01
-0.9580000000E+01 0.9476312662E+00
-0.9570000000E+01 0.8399771498E+00
-0.9560000000E+01 0.7491593661E+00
-0.9550000000E+01 0.6720694048E+00
-0.9540000000E+01 0.6062114650E+00
-0.9530000000E+01 0.5495879677E+00
-0.9520000000E+01 0.5005991948E+00
-0.9510000000E+01 0.4579604068E+00
-0.9500000000E+01 0.4206354582E+00
-0.9490000000E+01 0.3877844677E+00
-0.9480000000E+01 0.3587228830E+00
-0.9470000000E+01 0.3328895496E+00
-0.9460000000E+01 0.3098217953E+00
-0.9450000000E+01 0.2891359469E+00
-0.9440000000E+01 0.2705120405E+00
-0.9430000000E+01 0.2536817728E+00
-0.9420000000E+01 0.2384189611E+00
-0.9410000000E+01 0.2245319514E+00
-0.9400000000E+01 0.2118575454E+00
-0.9390000000E+01 0.2002561182E+00
-0.9380000000E+01 0.1896076710E+00
-0.9370000000E+01 0.1798086260E+00
-0.9360000000E+01 0.1707692079E+00
-0.9350000000E+01 0.1624112971E+00
-0.9340000000E+01 0.1546666585E+00
-0.9330000000E+01 0.1474754759E+00
-0.9320000000E+01 0.1407851319E+00
-0.9310000000E+01 0.1345491889E+00
-0.9300000000E+01 0.1287265340E+00
-0.9290000000E+01 0.1232806592E+00
-0.9280000000E+01 0.1181790515E+00
-0.9270000000E+01 0.1133926767E+00
-0.9260000000E+01 0.1088955384E+00
-0.9250000000E+01 0.1046643018E+00
-0.9240000000E+01 0.1006779701E+00
-0.9230000000E+01 0.9691760713E-01
-0.9220000000E+01 0.9336609687E-01
-0.9210000000E+01 0.9000793580E-01
-0.9200000000E+01 0.8682905228E-01
-0.9190000000E+01 0.8381664939E-01
-0.9180000000E+01 0.8095906753E-01
-0.9170000000E+01 0.7824566423E-01
-0.9160000000E+01 0.7566670852E-01
-0.9150000000E+01 0.7321328806E-01
-0.9140000000E+01 0.7087722711E-01
-0.9130000000E+01 0.6865101411E-01
-0.9120000000E+01 0.6652773742E-01
-0.9110000000E+01 0.6450102824E-01
-0.9100000000E+01 0.6256500989E-01
-0.9090000000E+01 0.6071425249E-01
-0.9080000000E+01 0.5894373251E-01
-0.9070000000E+01 0.5724879656E-01
-0.9060000000E+01 0.5562512890E-01
-0.9050000000E+01 0.5406872224E-01
-0.9040000000E+01 0.5257585150E-01
-0.9030000000E+01 0.5114305013E-01
-0.9020000000E+01 0.4976708869E-01
-0.9010000000E+01 0.4844495556E-01
-0.9000000000E+01 0.4717383942E-01
-0.8990000000E+01 0.4595111332E-01
-0.8980000000E+01 0.4477432032E-01
-0.8970000000E+01 0.4364116034E-01
-0.8960000000E+01 0.4254947817E-01
-0.8950000000E+01 0.4149725264E-01
-0.8940000000E+01 0.4048258662E-01
-0.8930000000E+01 0.3950369792E-01
-0.8920000000E+01 0.3855891101E-01
-0.8910000000E+01 0.3764664934E-01
-0.8900000000E+01 0.3676542834E-01
-0.8890000000E+01 0.3591384906E-01
-0.8880000000E+01 0.3509059217E-01
-0.8870000000E+01 0.3429441257E-01
-0.8860000000E+01 0.3352413441E-01
-0.8850000000E+01 0.3278630717E-01
-0.8840000000E+01 0.3207523024E-01
-0.8830000000E+01 0.3138628226E-01
-0.8820000000E+01 0.3071855040E-01
-0.8810000000E+01 0.3007116987E-01
-0.8800000000E+01 0.2944332089E-01
-0.8790000000E+01 0.2883422584E-01
-0.8780000000E+01 0.2824314663E-01
-0.8770000000E+01 0.2766938231E-01
-0.8760000000E+01 0.2711226674E-01
-0.8750000000E+01 0.2657116654E-01
-0.8740000000E+01 0.2604547915E-01
-0.8730000000E+01 0.2553463093E-01
-0.8720000000E+01 0.2503807557E-01
-0.8710000000E+01 0.2455529244E-01
-0.8700000000E+01 0.2408578514E-01
-0.8690000000E+01 0.2362908012E-01
-0.8680000000E+01 0.2318472541E-01
-0.8670000000E+01 0.2275228939E-01
-0.8660000000E+01 0.2233135973E-01
-0.8650000000E+01 0.2192154226E-01
-0.8640000000E+01 0.2152246005E-01
-0.8630000000E+01 0.2113375246E-01
-0.8620000000E+01 0.2075507427E-01
-0.8610000000E+01 0.2038609490E-01
-0.8600000000E+01 0.2002649764E-01
-0.8590000000E+01 0.1967597890E-01
-0.8580000000E+01 0.1933424761E-01
-0.8570000000E+01 0.1900102451E-01
-0.8560000000E+01 0.1867604163E-01
-0.8550000000E+01 0.1835904168E-01
-0.8540000000E+01 0.1804977755E-01
-0.8530000000E+01 0.1774801180E-01
-0.8520000000E+01 0.1745351622E-01
-0.8510000000E+01 0.1716607136E-01
-0.8500000000E+01 0.1688546612E-01
-0.8490000000E+01 0.1661149737E-01
-0.8480000000E+01 0.1634396960E-01
-0.8470000000E+01 0.1608269451E-01
-0.8460000000E+01 0.1582749073E-01
-0.8450000000E+01 0.1557818350E-01
-0.8440000000E+01 0.1533460434E-01
-0.8430000000E+01 0.1509659083E-01
-0.8420000000E+01 0.1486398628E-01
-0.8410000000E+01 0.1463663953E-01
-0.8400000000E+01 0.1441440467E-01
-0.8390000000E+01 0.1419714086E-01
-0.8380000000E+01 0.1398471206E-01
-0.8370000000E+01 0.1377698689E-01
-0.8360000000E+01 0.1357383837E-01
-0.8350000000E+01 0.1337514378E-01
-0.8340000000E+01 0.1318078448E-01
-0.8330000000E+01 0.1299497188E-01
-0.8320000000E+01 0.1281323222E-01
-0.8310000000E+01 0.1263531828E-01
-0.8300000000E+01 0.1246113159E-01
-0.8290000000E+01 0.1229057679E-01
-0.8280000000E+01 0.1212356159E-01
-0.8270000000E+01 0.1195999663E-01
-0.8260000000E+01 0.1179979532E-01
-0.8250000000E+01 0.1164287380E-01
-0.8240000000E+01 0.1148915076E-01
-0.8230000000E+01 0.1133854744E-01
-0.8220000000E+01 0.1119103410E-01
-0.8210000000E+01 0.1104653209E-01
-0.8200000000E+01 0.1090492459E-01
-0.8190000000E+01 0.1076614191E-01
-0.8180000000E+01 0.1063011646E-01
-0.8170000000E+01 0.1049678260E-01
-0.8160000000E+01 0.1036607665E-01
-0.8150000000E+01 0.1023793673E-01
-0.8140000000E+01 0.1011230279E-01
-0.8130000000E+01 0.9989116451E-02
-0.8120000000E+01 0.9868321033E-02
-0.8110000000E+01 0.9749861436E-02
-0.8100000000E+01 0.9633684112E-02
-0.8090000000E+01 0.9519737004E-02
-0.8080000000E+01 0.9407969499E-02
-0.8070000000E+01 0.9298332376E-02
-0.8060000000E+01 0.9190777762E-02
-0.8050000000E+01 0.9085259085E-02
-0.8040000000E+01 0.8981731032E-02
-0.8030000000E+01 0.8880232267E-02
-0.8020000000E+01 0.8780651494E-02
-0.8010000000E+01 0.8682929487E-02
-0.8000000000E+01 0.8587025638E-02
-0.7990000000E+01 0.8492900402E-02
-0.7980000000E+01 0.8400515268E-02
-0.7970000000E+01 0.8309833486E-02
-0.7960000000E+01 0.8220820235E-02
-0.7950000000E+01 0.8133437338E-02
-0.7940000000E+01 0.8047650102E-02
-0.7930000000E+01 0.7963424714E-02
-0.7920000000E+01 0.7880728215E-02
-0.7910000000E+01 0.7799528473E-02
-0.7900000000E+01 0.7719794161E-02
-0.7890000000E+01 0.7641494729E-02
-0.7880000000E+01 0.7564600384E-02
-0.7870000000E+01 0.7489082894E-02
-0.7860000000E+01 0.7414914770E-02
-0.7850000000E+01 0.7342066607E-02
-0.7840000000E+01 0.7270511419E-02
-0.7830000000E+01 0.7200222867E-02
-0.7820000000E+01 0.7131175250E-02
-0.7810000000E+01 0.7063343477E-02
-0.7800000000E+01 0.6996703055E-02
-0.7790000000E+01 0.6931230070E-02
-0.7780000000E+01 0.6866901172E-02
-0.7770000000E+01 0.6803693559E-02
-0.7760000000E+01 0.6741584960E-02
-0.7750000000E+01 0.6680553624E-02
-0.7740000000E+01 0.6620578300E-02
-0.7730000000E+01 0.6561638229E-02
-0.7720000000E+01 0.6503713127E-02
-0.7710000000E+01 0.6446783173E-02
-0.7700000000E+01 0.6390828998E-02
-0.7690000000E+01 0.6335831669E-02
-0.7680000000E+01 0.6281772684E-02
-0.7670000000E+01 0.6228633952E-02
-0.7660000000E+01 0.6176397789E-02
-0.7650000000E+01 0.6125046905E-02
-0.7640000000E+01 0.6074564392E-02
-0.7630000000E+01 0.6024963340E-02
-0.7620000000E+01 0.5976281997E-02
-0.7610000000E+01 0.5928416623E-02
-0.7600000000E+01 0.5881351835E-02
-0.7590000000E+01 0.5835072587E-02
-0.7580000000E+01 0.5789564158E-02
-0.7570000000E+01 0.5744812146E-02
-0.7560000000E+01 0.5700976409E-02
-0.7550000000E+01 0.5659314437E-02
-0.7540000000E+01 0.5618340121E-02
-0.7530000000E+01 0.5578051106E-02
-0.7520000000E+01 0.5538414483E-02
-0.7510000000E+01 0.5499418002E-02
-0.7500000000E+01 0.5461051505E-02
-0.7490000000E+01 0.5423444862E-02
-0.7480000000E+01 0.5386440389E-02
-0.7470000000E+01 0.5350026875E-02
-0.7460000000E+01 0.5314193349E-02
-0.7450000000E+01 0.5278929071E-02
-0.7440000000E+01 0.5244238252E-02
-0.7430000000E+01 0.5210103895E-02
-0.7420000000E+01 0.5176507455E-02
-0.7410000000E+01 0.5143439076E-02
-0.7400000000E+01 0.5110889109E-02
-0.7390000000E+01 0.5078848107E-02
-0.7380000000E+01 0.5047306822E-02
-0.7370000000E+01 0.5016256195E-02
-0.7360000000E+01 0.4985687359E-02
-0.7350000000E+01 0.4955591628E-02
-0.7340000000E+01 0.4925960496E-02
-0.7330000000E+01 0.4896785632E-02
-0.7320000000E+01 0.4868058877E-02
-0.7310000000E+01 0.4839772238E-02
-0.7300000000E+01 0.4811917887E-02
-0.7290000000E+01 0.4784488153E-02
-0.7280000000E+01 0.4757475525E-02
-0.7270000000E+01 0.4730872641E-02
-0.7260000000E+01 0.4704672290E-02
-0.7250000000E+01 0.4678867405E-02
-0.7240000000E+01 0.4653451064E-02
-0.7230000000E+01 0.4628416481E-02
-0.7220000000E+01 0.4603757010E-02
-0.7210000000E+01 0.4579466134E-02
-0.7200000000E+01 0.4555537470E-02
-0.7190000000E+01 0.4531964759E-02
-0.7180000000E+01 0.4508741870E-02
-0.7170000000E+01 0.4485862791E-02
-0.7160000000E+01 0.4463321630E-02
-0.7150000000E+01 0.4441112612E-02
-0.7140000000E+01 0.4419230076E-02
-0.7130000000E+01 0.4397668473E-02
-0.7120000000E+01 0.4376422362E-02
-0.7110000000E+01 0.4355486409E-02
-0.7100000000E+01 0.4334855387E-02
-0.7090000000E+01 0.4314524168E-02
-0.7080000000E+01 0.4297285109E-02
-0.7070000000E+01 0.4280400108E-02
-0.7060000000E+01 0.4263683267E-02
-0.7050000000E+01 0.4247132928E-02
-0.7040000000E+01 0.4230747453E-02
-0.7030000000E+01 0.4214525225E-02
-0.7020000000E+01 0.4198464652E-02
-0.7010000000E+01 0.4182564161E-02
-0.7000000000E+01 0.4166822200E-02
-0.6990000000E+01 0.4151237240E-02
-0.6980000000E+01 0.4136672368E-02
-0.6970000000E+01 0.4123435333E-02
-0.6960000000E+01 0.4110267862E-02
-0.6950000000E+01 0.4097170579E-02
-0.6940000000E+01 0.4084144085E-02
-0.6930000000E+01 0.4071188965E-02
-0.6920000000E+01 0.4058305781E-02
-0.6910000000E+01 0.4045495078E-02
-0.6900000000E+01 0.4032757382E-02
-0.6890000000E+01 0.4020093199E-02
-0.6880000000E+01 0.4007503019E-02
-0.6870000000E+01 0.3994987313E-02
-0.6860000000E+01 0.3982546538E-02
-0.6850000000E+01 0.3970181132E-02
-0.6840000000E+01 0.3957891516E-02
-0.6830000000E+01 0.3945678097E-02
-0.6820000000E+01 0.3933541266E-02
-0.6810000000E+01 0.3921481400E-02
-0.6800000000E+01 0.3909498858E-02
-0.6790000000E+01 0.3897593989E-02
-0.6780000000E+01 0.3885767124E-02
-0.6770000000E+01 0.3874018584E-02
-0.6760000000E+01 0.3862348672E-02
-0.6750000000E+01 0.3850757683E-02
-0.6740000000E+01 0.3839245895E-02
-0.6730000000E+01 0.3827813577E-02
-0.6720000000E+01 0.3816460984E-02
-0.6710000000E+01 0.3805188359E-02
-0.6700000000E+01 0.3793995933E-02
-0.6690000000E+01 0.3782883929E-02
-0.6680000000E+01 0.3771862087E-02
-0.6670000000E+01 0.3760921573E-02
-0.6660000000E+01 0.3750061774E-02
-0.6650000000E+01 0.3739282870E-02
-0.6640000000E+01 0.3728585032E-02
-0.6630000000E+01 0.3717968417E-02
-0.6620000000E+01 0.3707433177E-02
-0.6610000000E+01 0.3696979452E-02
-0.6600000000E+01 0.3686607376E-02
-0.6590000000E+01 0.3676317072E-02
-0.6580000000E+01 0.3666108655E-02
-0.6570000000E+01 0.3655982232E-02
-0.6560000000E+01 0.3645937904E-02
-0.6550000000E+01 0.3635975760E-02
-0.6540000000E+01 0.3626095884E-02
-0.6530000000E+01 0.3616298354E-02
-0.6520000000E+01 0.3606583238E-02
-0.6510000000E+01 0.3596950598E-02
-0.6500000000E+01 0.3587400490E-02
-0.6490000000E+01 0.3577932963E-02
-0.6480000000E+01 0.3568548058E-02
-0.6470000000E+01 0.3559245812E-02
-0.6460000000E+01 0.3550026254E-02
-0.6450000000E+01 0.3540889409E-02
-0.6440000000E+01 0.3531835294E-02
-0.6430000000E+01 0.3522863923E-02
-0.6420000000E+01 0.3513975302E-02
-0.6410000000E+01 0.3505169434E-02
-0.6400000000E+01 0.3496446314E-02
-0.6390000000E+01 0.3487805935E-02
-0.6380000000E+01 0.3479248283E-02
-0.6370000000E+01 0.3470773341E-02
-0.6360000000E+01 0.3462381087E-02
-0.6350000000E+01 0.3454071492E-02
-0.6340000000E+01 0.3445844527E-02
-0.6330000000E+01 0.3437700156E-02
-0.6320000000E+01 0.3429638340E-02
-0.6310000000E+01 0.3421659036E-02
-0.6300000000E+01 0.3413762196E-02
-0.6290000000E+01 0.3405947770E-02
-0.6280000000E+01 0.3398215705E-02
-0.6270000000E+01 0.3390565943E-02
-0.6260000000E+01 0.3382998422E-02
-0.6250000000E+01 0.3375513080E-02
-0.6240000000E+01 0.3368109849E-02
-0.6230000000E+01 0.3360788659E-02
-0.6220000000E+01 0.3353549438E-02
-0.6210000000E+01 0.3346392111E-02
-0.6200000000E+01 0.3339316598E-02
-0.6190000000E+01 0.3332322821E-02
-0.6180000000E+01 0.3325410695E-02
-0.6170000000E+01 0.3318580136E-02
-0.6160000000E+01 0.3311831056E-02
-0.6150000000E+01 0.3305163365E-02
-0.6140000000E+01 0.3298576973E-02
-0.6130000000E+01 0.3292071785E-02
-0.6120000000E+01 0.3285647707E-02
-0.6110000000E+01 0.3279304641E-02
-0.6100000000E+01 0.3273042488E-02
-0.6090000000E+01 0.3266861149E-02
-0.6080000000E+01 0.3260760522E-02
-0.6070000000E+01 0.3254740503E-02
-0.6060000000E+01 0.3248800988E-02
-0.6050000000E+01 0.3242941871E-02
-0.6040000000E+01 0.3237171917E-02
-0.6030000000E+01 0.3231481997E-02
-0.6020000000E+01 0.3225871924E-02
-0.6010000000E+01 0.3220341588E-02
-0.6000000000E+01 0.3214890878E-02
-0.5990000000E+01 0.3209519684E-02
-0.5980000000E+01 0.3204227894E-02
-0.5970000000E+01 0.3199015394E-02
-0.5960000000E+01 0.3193882071E-02
-0.5950000000E+01 0.3188827814E-02
-0.5940000000E+01 0.3183852506E-02
-0.5930000000E+01 0.3178956036E-02
-0.5920000000E+01 0.3174158591E-02
-0.5910000000E+01 0.3169496223E-02
-0.5900000000E+01 0.3164909633E-02
-0.5890000000E+01 0.3160410696E-02
-0.5880000000E+01 0.3156001899E-02
-0.5870000000E+01 0.3151667703E-02
-0.5860000000E+01 0.3147408050E-02
-0.5850000000E+01 0.3143222882E-02
-0.5840000000E+01 0.3139112142E-02
-0.5830000000E+01 0.3135075770E-02
-0.5820000000E+01 0.3131119081E-02
-0.5810000000E+01 0.3127236957E-02
-0.5800000000E+01 0.3123476318E-02
-0.5790000000E+01 0.3120156319E-02
-0.5780000000E+01 0.3116904227E-02
-0.5770000000E+01 0.3113719838E-02
-0.5760000000E+01 0.3110602945E-02
-0.5750000000E+01 0.3107560645E-02
-0.5740000000E+01 0.3104586612E-02
-0.5730000000E+01 0.3101713320E-02
-0.5720000000E+01 0.3098918633E-02
-0.5710000000E+01 0.3096189552E-02
-0.5700000000E+01 0.3093526514E-02
-0.5690000000E+01 0.3090928755E-02
-0.5680000000E+01 0.3088396164E-02
-0.5670000000E+01 0.3085965403E-02
-0.5660000000E+01 0.3083632474E-02
-0.5650000000E+01 0.3081361920E-02
-0.5640000000E+01 0.3079153530E-02
-0.5630000000E+01 0.3077074087E-02
-0.5620000000E+01 0.3075277604E-02
-0.5610000000E+01 0.3073546416E-02
-0.5600000000E+01 0.3072082815E-02
-0.5590000000E+01 0.3070664253E-02
-0.5580000000E+01 0.3069290541E-02
-0.5570000000E+01 0.3067961497E-02
-0.5560000000E+01 0.3066676947E-02
-0.5550000000E+01 0.3065436726E-02
-0.5540000000E+01 0.3064240678E-02
-0.5530000000E+01 0.3063088654E-02
-0.5520000000E+01 0.3061980515E-02
-0.5510000000E+01 0.3060916127E-02
-0.5500000000E+01 0.3059895367E-02
-0.5490000000E+01 0.3058918118E-02
-0.5480000000E+01 0.3057984273E-02
-0.5470000000E+01 0.3057093730E-02
-0.5460000000E+01 0.3056246397E-02
-0.5450000000E+01 0.3055442189E-02
-0.5440000000E+01 0.3054681028E-02
-0.5430000000E+01 0.3053962843E-02
-0.5420000000E+01 0.3053287574E-02
-0.5410000000E+01 0.3052655163E-02
-0.5400000000E+01 0.3052065563E-02
-0.5390000000E+01 0.3051518735E-02
-0.5380000000E+01 0.3051014643E-02
-0.5370000000E+01 0.3050553264E-02
-0.5360000000E+01 0.3050134576E-02
-0.5350000000E+01 0.3049758569E-02
-0.5340000000E+01 0.3049425238E-02
-0.5330000000E+01 0.3049134585E-02
-0.5320000000E+01 0.3048886619E-02
-0.5310000000E+01 0.3048681357E-02
-0.5300000000E+01 0.3048518821E-02
-0.5290000000E+01 0.3048399041E-02
-0.5280000000E+01 0.3048322054E-02
-0.5270000000E+01 0.3048287904E-02
-0.5260000000E+01 0.3048296640E-02
-0.5250000000E+01 0.3048348321E-02
-0.5240000000E+01 0.3048443009E-02
-0.5230000000E+01 0.3048580775E-02
-0.5220000000E+01 0.3048761697E-02
-0.5210000000E+01 0.3048985858E-02
-0.5200000000E+01 0.3049253348E-02
-0.5190000000E+01 0.3049564265E-02
-0.5180000000E+01 0.3049918980E-02
-0.5170000000E+01 0.3050324133E-02
-0.5160000000E+01 0.3050773126E-02
-0.5150000000E+01 0.3051266079E-02
-0.5140000000E+01 0.3051803118E-02
-0.5130000000E+01 0.3052384375E-02
-0.5120000000E+01 0.3053009991E-02
-0.5110000000E+01 0.3053680110E-02
-0.5100000000E+01 0.3054394886E-02
-0.5090000000E+01 0.3055154477E-02
-0.5080000000E+01 0.3055959049E-02
-0.5070000000E+01 0.3056808774E-02
-0.5060000000E+01 0.3057703831E-02
-0.5050000000E+01 0.3058644404E-02
-0.5040000000E+01 0.3059630686E-02
-0.5030000000E+01 0.3060664751E-02
-0.5020000000E+01 0.3061747345E-02
-0.5010000000E+01 0.3062876367E-02
-0.5000000000E+01 0.3064090797E-02
-0.4990000000E+01 0.3065358074E-02
-0.4980000000E+01 0.3066672645E-02
-0.4970000000E+01 0.3068034723E-02
-0.4960000000E+01 0.3069444532E-02
-0.4950000000E+01 0.3071374710E-02
-0.4940000000E+01 0.3073489750E-02
-0.4930000000E+01 0.3075671352E-02
-0.4920000000E+01 0.3077926219E-02
-0.4910000000E+01 0.3080258477E-02
-0.4900000000E+01 0.3082663304E-02
-0.4890000000E+01 0.3085148023E-02
-0.4880000000E+01 0.3087756179E-02
-0.4870000000E+01 0.3090622076E-02
-0.4860000000E+01 0.3093590292E-02
-0.4850000000E+01 0.3096634856E-02
-0.4840000000E+01 0.3099754162E-02
-0.4830000000E+01 0.3103091921E-02
-0.4820000000E+01 0.3106529251E-02
-0.4810000000E+01 0.3110073549E-02
-0.4800000000E+01 0.3113714849E-02
-0.4790000000E+01 0.3117434869E-02
-0.4780000000E+01 0.3121234043E-02
-0.4770000000E+01 0.3125112527E-02
-0.4760000000E+01 0.3129070463E-02
-0.4750000000E+01 0.3133108107E-02
-0.4740000000E+01 0.3137225722E-02
-0.4730000000E+01 0.3141423578E-02
-0.4720000000E+01 0.3145701952E-02
-0.4710000000E+01 0.3150061127E-02
-0.4700000000E+01 0.3154501396E-02
-0.4690000000E+01 0.3159023059E-02
-0.4680000000E+01 0.3163626421E-02
-0.4670000000E+01 0.3168311797E-02
-0.4660000000E+01 0.3173079510E-02
-0.4650000000E+01 0.3177929890E-02
-0.4640000000E+01 0.3182863275E-02
-0.4630000000E+01 0.3187880012E-02
-0.4620000000E+01 0.3192980454E-02
-0.4610000000E+01 0.3198164966E-02
-0.4600000000E+01 0.3203433919E-02
-0.4590000000E+01 0.3208787692E-02
-0.4580000000E+01 0.3214226675E-02
-0.4570000000E+01 0.3219751265E-02
-0.4560000000E+01 0.3225361868E-02
-0.4550000000E+01 0.3231058901E-02
-0.4540000000E+01 0.3236842787E-02
-0.4530000000E+01 0.3242713962E-02
-0.4520000000E+01 0.3248672869E-02
-0.4510000000E+01 0.3254719961E-02
-0.4500000000E+01 0.3260855700E-02
-0.4490000000E+01 0.3267080561E-02
-0.4480000000E+01 0.3273395026E-02
-0.4470000000E+01 0.3279799587E-02
-0.4460000000E+01 0.3286294749E-02
-0.4450000000E+01 0.3292881024E-02
-0.4440000000E+01 0.3299558939E-02
-0.4430000000E+01 0.3306329027E-02
-0.4420000000E+01 0.3313191835E-02
-0.4410000000E+01 0.3320147920E-02
-0.4400000000E+01 0.3327197851E-02
-0.4390000000E+01 0.3334342208E-02
-0.4380000000E+01 0.3341581582E-02
-0.4370000000E+01 0.3348916577E-02
-0.4360000000E+01 0.3356347808E-02
-0.4350000000E+01 0.3363875903E-02
-0.4340000000E+01 0.3371501501E-02
-0.4330000000E+01 0.3379225254E-02
-0.4320000000E+01 0.3387047829E-02
-0.4310000000E+01 0.3394969902E-02
-0.4300000000E+01 0.3402992164E-02
-0.4290000000E+01 0.3411115321E-02
-0.4280000000E+01 0.3419340090E-02
-0.4270000000E+01 0.3427667203E-02
-0.4260000000E+01 0.3436097405E-02
-0.4250000000E+01 0.3444631457E-02
-0.4240000000E+01 0.3453270131E-02
-0.4230000000E+01 0.3462014219E-02
-0.4220000000E+01 0.3470864522E-02
-0.4210000000E+01 0.3479821861E-02
-0.4200000000E+01 0.3488887069E-02
-0.4190000000E+01 0.3498060997E-02
-0.4180000000E+01 0.3507344510E-02
-0.4170000000E+01 0.3516738490E-02
-0.4160000000E+01 0.3526243836E-02
-0.4150000000E+01 0.3535861464E-02
-0.4140000000E+01 0.3545592305E-02
-0.4130000000E+01 0.3555437309E-02
-0.4120000000E+01 0.3565397443E-02
-0.4110000000E+01 0.3575473692E-02
-0.4100000000E+01 0.3585667060E-02
-0.4090000000E+01 0.3595978568E-02
-0.4080000000E+01 0.3606409256E-02
-0.4070000000E+01 0.3616960186E-02
-0.4060000000E+01 0.3627632435E-02
-0.4050000000E+01 0.3638427606E-02
-0.4040000000E+01 0.3649364450E-02
-0.4030000000E+01 0.3660446368E-02
-0.4020000000E+01 0.3671660211E-02
-0.4010000000E+01 0.3683002678E-02
-0.4000000000E+01 0.3694474996E-02
-0.3990000000E+01 0.3706078418E-02
-0.3980000000E+01 0.3717814219E-02
-0.3970000000E+01 0.3729683694E-02
-0.3960000000E+01 0.3741688164E-02
-0.3950000000E+01 0.3753828974E-02
-0.3940000000E+01 0.3766107493E-02
-0.3930000000E+01 0.3778525114E-02
-0.3920000000E+01 0.3791083255E-02
-0.3910000000E+01 0.3803783362E-02
-0.3900000000E+01 0.3816626905E-02
-0.3890000000E+01 0.3829615382E-02
-0.3880000000E+01 0.3842750316E-02
-0.3870000000E+01 0.3856033262E-02
-0.3860000000E+01 0.3869465799E-02
-0.3850000000E+01 0.3883049538E-02
-0.3840000000E+01 0.3896786117E-02
-0.3830000000E+01 0.3910677206E-02
-0.3820000000E+01 0.3924724505E-02
-0.3810000000E+01 0.3938929746E-02
-0.3800000000E+01 0.3953294691E-02
-0.3790000000E+01 0.3967821136E-02
-0.3780000000E+01 0.3982510910E-02
-0.3770000000E+01 0.3997365877E-02
-0.3760000000E+01 0.4012387933E-02
-0.3750000000E+01 0.4027579013E-02
-0.3740000000E+01 0.4042941085E-02
-0.3730000000E+01 0.4058476156E-02
-0.3720000000E+01 0.4074186268E-02
-0.3710000000E+01 0.4090073505E-02
-0.3700000000E+01 0.4106139989E-02
-0.3690000000E+01 0.4122387881E-02
-0.3680000000E+01 0.4138819384E-02
-0.3670000000E+01 0.4155436744E-02
-0.3660000000E+01 0.4172249839E-02
-0.3650000000E+01 0.4189268525E-02
-0.3640000000E+01 0.4206480692E-02
-0.3630000000E+01 0.4223888768E-02
-0.3620000000E+01 0.4241495231E-02
-0.3610000000E+01 0.4259302604E-02
-0.3600000000E+01 0.4277313459E-02
-0.3590000000E+01 0.4295530422E-02
-0.3580000000E+01 0.4313956165E-02
-0.3570000000E+01 0.4332593417E-02
-0.3560000000E+01 0.4351444960E-02
-0.3550000000E+01 0.4370513629E-02
-0.3540000000E+01 0.4389802318E-02
-0.3530000000E+01 0.4409313977E-02
-0.3520000000E+01 0.4429051617E-02
-0.3510000000E+01 0.4449018309E-02
-0.3500000000E+01 0.4469217186E-02
-0.3490000000E+01 0.4489651444E-02
-0.3480000000E+01 0.4510324347E-02
-0.3470000000E+01 0.4531239222E-02
-0.3460000000E+01 0.4552553794E-02
-0.3450000000E+01 0.4574496387E-02
-0.3440000000E+01 0.4596759214E-02
-0.3430000000E+01 0.4619288986E-02
-0.3420000000E+01 0.4642089406E-02
-0.3410000000E+01 0.4665164252E-02
-0.3400000000E+01 0.4688517383E-02
-0.3390000000E+01 0.4712152737E-02
-0.3380000000E+01 0.4736074338E-02
-0.3370000000E+01 0.4760286483E-02
-0.3360000000E+01 0.4784796982E-02
-0.3350000000E+01 0.4809606452E-02
-0.3340000000E+01 0.4834719273E-02
-0.3330000000E+01 0.4860180210E-02
-0.3320000000E+01 0.4886322199E-02
-0.3310000000E+01 0.4912788580E-02
-0.3300000000E+01 0.4939584143E-02
-0.3290000000E+01 0.4966732279E-02
-0.3280000000E+01 0.4994224451E-02
-0.3270000000E+01 0.5022061353E-02
-0.3260000000E+01 0.5050556474E-02
-0.3250000000E+01 0.5079880101E-02
-0.3240000000E+01 0.5109594483E-02
-0.3230000000E+01 0.5139705988E-02
-0.3220000000E+01 0.5170221128E-02
-0.3210000000E+01 0.5201146568E-02
-0.3200000000E+01 0.5232489125E-02
-0.3190000000E+01 0.5264255777E-02
-0.3180000000E+01 0.5296453667E-02
-0.3170000000E+01 0.5329090105E-02
-0.3160000000E+01 0.5362172578E-02
-0.3150000000E+01 0.5395763868E-02
-0.3140000000E+01 0.5429819694E-02
-0.3130000000E+01 0.5464346872E-02
-0.3120000000E+01 0.5499353671E-02
-0.3110000000E+01 0.5534848563E-02
-0.3100000000E+01 0.5570840231E-02
-0.3090000000E+01 0.5607337570E-02
-0.3080000000E+01 0.5644349701E-02
-0.3070000000E+01 0.5681885973E-02
-0.3060000000E+01 0.5719955973E-02
-0.3050000000E+01 0.5758736071E-02
-0.3040000000E+01 0.5798105309E-02
-0.3030000000E+01 0.5838043224E-02
-0.3020000000E+01 0.5878560488E-02
-0.3010000000E+01 0.5919668050E-02
-0.3000000000E+01 0.5961377151E-02
-0.2990000000E+01 0.6003699325E-02
-0.2980000000E+01 0.6046646418E-02
-0.2970000000E+01 0.6090243824E-02
-0.2960000000E+01 0.6134522967E-02
-0.2950000000E+01 0.6179465432E-02
-0.2940000000E+01 0.6225084414E-02
-0.2930000000E+01 0.6271393472E-02
-0.2920000000E+01 0.6318406544E-02
-0.2910000000E+01 0.6366137957E-02
-0.2900000000E+01 0.6414602444E-02
-0.2890000000E+01 0.6463815157E-02
-0.2880000000E+01 0.6513791684E-02
-0.2870000000E+01 0.6564548064E-02
-0.2860000000E+01 0.6616100801E-02
-0.2850000000E+01 0.6668466887E-02
-0.2840000000E+01 0.6721663814E-02
-0.2830000000E+01 0.6775709598E-02
-0.2820000000E+01 0.6830622795E-02
-0.2810000000E+01 0.6886422525E-02
-0.2800000000E+01 0.6943128493E-02
-0.2790000000E+01 0.7000761008E-02
-0.2780000000E+01 0.7059341013E-02
-0.2770000000E+01 0.7118890106E-02
-0.2760000000E+01 0.7179430567E-02
-0.2750000000E+01 0.7240985386E-02
-0.2740000000E+01 0.7303578291E-02
-0.2730000000E+01 0.7367233779E-02
-0.2720000000E+01 0.7431977149E-02
-0.2710000000E+01 0.7497834532E-02
-0.2700000000E+01 0.7564832929E-02
-0.2690000000E+01 0.7633000248E-02
-0.2680000000E+01 0.7702365340E-02
-0.2670000000E+01 0.7772958044E-02
-0.2660000000E+01 0.7844809224E-02
-0.2650000000E+01 0.7917950822E-02
-0.2640000000E+01 0.7992415900E-02
-0.2630000000E+01 0.8068238690E-02
-0.2620000000E+01 0.8167089143E-02
-0.2610000000E+01 0.8275150599E-02
-0.2600000000E+01 0.8386222690E-02
-0.2590000000E+01 0.8500417641E-02
-0.2580000000E+01 0.8617852917E-02
-0.2570000000E+01 0.8738651512E-02
-0.2560000000E+01 0.8862942263E-02
-0.2550000000E+01 0.8990860187E-02
-0.2540000000E+01 0.9122546831E-02
-0.2530000000E+01 0.9258150652E-02
-0.2520000000E+01 0.9397827427E-02
-0.2510000000E+01 0.9541740679E-02
-0.2500000000E+01 0.9690062145E-02
-0.2490000000E+01 0.9842972268E-02
-0.2480000000E+01 0.1000066073E-01
-0.2470000000E+01 0.1016332701E-01
-0.2460000000E+01 0.1033140395E-01
-0.2450000000E+01 0.1050509946E-01
-0.2440000000E+01 0.1068445586E-01
-0.2430000000E+01 0.1086972023E-01
-0.2420000000E+01 0.1106115039E-01
-0.2410000000E+01 0.1125901973E-01
-0.2400000000E+01 0.1146361676E-01
-0.2390000000E+01 0.1167524616E-01
-0.2380000000E+01 0.1189422987E-01
-0.2370000000E+01 0.1212090825E-01
-0.2360000000E+01 0.1235564135E-01
-0.2350000000E+01 0.1259881029E-01
-0.2340000000E+01 0.1285081871E-01
-0.2330000000E+01 0.1311209445E-01
-0.2320000000E+01 0.1338309121E-01
-0.2310000000E+01 0.1366429048E-01
-0.2300000000E+01 0.1395620358E-01
-0.2290000000E+01 0.1425937387E-01
-0.2280000000E+01 0.1457437920E-01
-0.2270000000E+01 0.1490183453E-01
-0.2260000000E+01 0.1524239479E-01
-0.2250000000E+01 0.1559675803E-01
-0.2240000000E+01 0.1596566885E-01
-0.2230000000E+01 0.1634992210E-01
-0.2220000000E+01 0.1675036701E-01
-0.2210000000E+01 0.1716791168E-01
-0.2200000000E+01 0.1760352795E-01
-0.2190000000E+01 0.1805825687E-01
-0.2180000000E+01 0.1853321460E-01
-0.2170000000E+01 0.1902959895E-01
-0.2160000000E+01 0.1954869663E-01
-0.2150000000E+01 0.2009189117E-01
-0.2140000000E+01 0.2066067174E-01
-0.2130000000E+01 0.2125664291E-01
-0.2120000000E+01 0.2188153543E-01
-0.2110000000E+01 0.2253721821E-01
-0.2100000000E+01 0.2322571171E-01
-0.2090000000E+01 0.2394920275E-01
-0.2080000000E+01 0.2471006108E-01
-0.2070000000E+01 0.2551085792E-01
-0.2060000000E+01 0.2635438666E-01
-0.2050000000E+01 0.2724368612E-01
-0.2040000000E+01 0.2818206665E-01
-0.2030000000E+01 0.2917313951E-01
-0.2020000000E+01 0.3022085001E-01
-0.2010000000E+01 0.3132951499E-01
-0.2000000000E+01 0.3250386519E-01
-0.1990000000E+01 0.3374909342E-01
-0.1980000000E+01 0.3507090928E-01
-0.1970000000E+01 0.3647560161E-01
-0.1960000000E+01 0.3797010979E-01
-0.1950000000E+01 0.3956210553E-01
-0.1940000000E+01 0.4126008669E-01
-0.1930000000E+01 0.4307348551E-01
-0.1920000000E+01 0.4501279346E-01
-0.1910000000E+01 0.4708970597E-01
-0.1900000000E+01 0.4931729059E-01
-0.1890000000E+01 0.5171018297E-01
-0.1880000000E+01 0.5428481608E-01
-0.1870000000E+01 0.5705968924E-01
-0.1860000000E+01 0.6005568485E-01
-0.1850000000E+01 0.6329644298E-01
-0.1840000000E+01 0.6680880580E-01
-0.1830000000E+01 0.7062334730E-01
-0.1820000000E+01 0.7477500715E-01
-0.1810000000E+01 0.7930385291E-01
-0.1800000000E+01 0.8425600056E-01
-0.1790000000E+01 0.8968473205E-01
-0.1780000000E+01 0.9565185902E-01
-0.1770000000E+01 0.1022293961E+00
-0.1760000000E+01 0.1095016261E+00
-0.1750000000E+01 0.1175676639E+00
-0.1740000000E+01 0.1265446614E+00
-0.1730000000E+01 0.1365718396E+00
-0.1720000000E+01 0.1478155981E+00
-0.1710000000E+01 0.1604760415E+00
-0.1700000000E+01 0.1747953796E+00
-0.1690000000E+01 0.1910688345E+00
-0.1680000000E+01 0.2096589304E+00
-0.1670000000E+01 0.2310143944E+00
-0.1660000000E+01 0.2556954093E+00
-0.1650000000E+01 0.2844077146E+00
-0.1640000000E+01 0.3180491698E+00
-0.1630000000E+01 0.3577740787E+00
-0.1620000000E+01 0.4050831171E+00
-0.1610000000E+01 0.4619505828E+00
-0.1600000000E+01 0.5310065995E+00
-0.1590000000E+01 0.6158008521E+00
-0.1580000000E+01 0.7211876318E+00
-0.1570000000E+01 0.8538902499E+00
-0.1560000000E+01 0.1023324050E+01
-0.1550000000E+01 0.1242767476E+01
-0.1540000000E+01 0.1530916968E+01
-0.1530000000E+01 0.1913571817E+01
-0.1520000000E+01 0.2424169286E+01
-0.1510000000E+01 0.3098904753E+01
-0.1500000000E+01 0.3955417200E+01
-0.1490000000E+01 0.4936909519E+01
-0.1480000000E+01 0.5828573133E+01
-0.1470000000E+01 0.6269514732E+01
-0.1460000000E+01 0.6024509126E+01
-0.1450000000E+01 0.5245269963E+01
-0.1440000000E+01 0.4290250302E+01
-0.1430000000E+01 0.3414147161E+01
-0.1420000000E+01 0.2705136687E+01
-0.1410000000E+01 0.2160005092E+01
-0.1400000000E+01 0.1747204494E+01
-0.1390000000E+01 0.1433981784E+01
-0.1380000000E+01 0.1193960267E+01
-0.1370000000E+01 0.1007616080E+01
-0.1360000000E+01 0.8609135987E+00
-0.1350000000E+01 0.7438230838E+00
-0.1340000000E+01 0.6491435374E+00
-0.1330000000E+01 0.5716542784E+00
-0.1320000000E+01 0.5075247668E+00
-0.1310000000E+01 0.4539083869E+00
-0.1300000000E+01 0.4086625380E+00
-0.1290000000E+01 0.3701544207E+00
-0.1280000000E+01 0.3371249516E+00
-0.1270000000E+01 0.3085923384E+00
-0.1260000000E+01 0.2837829528E+00
-0.1250000000E+01 0.2620811919E+00
-0.1240000000E+01 0.2429926926E+00
-0.1230000000E+01 0.2261170444E+00
-0.1220000000E+01 0.2111273324E+00
-0.1210000000E+01 0.1977546467E+00
-0.1200000000E+01 0.1857762391E+00
-0.1190000000E+01 0.1750063881E+00
-0.1180000000E+01 0.1652892907E+00
-0.1170000000E+01 0.1564934877E+00
-0.1160000000E+01 0.1485074576E+00
-0.1150000000E+01 0.1412361094E+00
-0.1140000000E+01 0.1345979713E+00
-0.1130000000E+01 0.1285229230E+00
-0.1120000000E+01 0.1229503550E+00
-0.1110000000E+01 0.1178276661E+00
-0.1100000000E+01 0.1131090297E+00
-0.1090000000E+01 0.1087543761E+00
-0.1080000000E+01 0.1047285484E+00
-0.1070000000E+01 0.1010005987E+00
-0.1060000000E+01 0.9754319971E-01
-0.1050000000E+01 0.9433214942E-01
-0.1040000000E+01 0.9134595361E-01
-0.1030000000E+01 0.8856547159E-01
-0.1020000000E+01 0.8597361500E-01
-0.1010000000E+01 0.8355509075E-01
-0.1000000000E+01 0.8129618066E-01
-0.9900000000E+00 0.7918455223E-01
-0.9800000000E+00 0.7720909535E-01
-0.9700000000E+00 0.7535978117E-01
-0.9600000000E+00 0.7362753963E-01
-0.9500000000E+00 0.7200415305E-01
-0.9400000000E+00 0.7048216315E-01
-0.9300000000E+00 0.6905478995E-01
-0.9200000000E+00 0.6771586055E-01
-0.9100000000E+00 0.6645974659E-01
-0.9000000000E+00 0.6528130923E-01
-0.8900000000E+00 0.6417585049E-01
-0.8800000000E+00 0.6313907031E-01
-0.8700000000E+00 0.6216702844E-01
-0.8600000000E+00 0.6125611062E-01
-0.8500000000E+00 0.6040299848E-01
-0.8400000000E+00 0.5960464272E-01
-0.8300000000E+00 0.5885823920E-01
-0.8200000000E+00 0.5816120747E-01
-0.8100000000E+00 0.5751117166E-01
-0.8000000000E+00 0.5690594323E-01
-0.7900000000E+00 0.5634350557E-01
-0.7800000000E+00 0.5582200006E-01
-0.7700000000E+00 0.5533971360E-01
-0.7600000000E+00 0.5489506727E-01
-0.7500000000E+00 0.5448660625E-01
-0.7400000000E+00 0.5411299052E-01
-0.7300000000E+00 0.5377298661E-01
-0.7200000000E+00 0.5346546005E-01
-0.7100000000E+00 0.5318936857E-01
-0.7000000000E+00 0.5294375594E-01
-0.6900000000E+00 0.5272774635E-01
-0.6800000000E+00 0.5254053935E-01
-0.6700000000E+00 0.5238140531E-01
-0.6600000000E+00 0.5224968117E-01
-0.6500000000E+00 0.5214476675E-01
-0.6400000000E+00 0.5206612131E-01
-0.6300000000E+00 0.5201326044E-01
-0.6200000000E+00 0.5198575333E-01
-0.6100000000E+00 0.5198322024E-01
-0.6000000000E+00 0.5200533023E-01
-0.5900000000E+00 0.5205179917E-01
-0.5800000000E+00 0.5212238793E-01
-0.5700000000E+00 0.5221690075E-01
-0.5600000000E+00 0.5233518390E-01
-0.5500000000E+00 0.5247712438E-01
-0.5400000000E+00 0.5264264887E-01
-0.5300000000E+00 0.5283172284E-01
-0.5200000000E+00 0.5304434976E-01
-0.5100000000E+00 0.5328057051E-01
-0.5000000000E+00 0.5354046287E-01
-0.4900000000E+00 0.5382414114E-01
-0.4800000000E+00 0.5413175598E-01
-0.4700000000E+00 0.5446349422E-01
-0.4600000000E+00 0.5481957896E-01
-0.4500000000E+00 0.5520026959E-01
-0.4400000000E+00 0.5560586214E-01
-0.4300000000E+00 0.5603668956E-01
-0.4200000000E+00 0.5649312226E-01
-0.4100000000E+00 0.5697556864E-01
-0.4000000000E+00 0.5748447583E-01
-0.3900000000E+00 0.5802033052E-01
-0.3800000000E+00 0.5858365988E-01
-0.3700000000E+00 0.5917503268E-01
-0.3600000000E+00 0.5979506041E-01
-0.3500000000E+00 0.6044439870E-01
-0.3400000000E+00 0.6112374872E-01
-0.3300000000E+00 0.6183385883E-01
-0.3200000000E+00 0.6257552631E-01
-0.3100000000E+00 0.6334959932E-01
-0.3000000000E+00 0.6415697894E-01
-0.2900000000E+00 0.6499862144E-01
-0.2800000000E+00 0.6587554073E-01
-0.2700000000E+00 0.6678881098E-01
-0.2600000000E+00 0.6773956947E-01
-0.2500000000E+00 0.6872901966E-01
-0.2400000000E+00 0.6975843445E-01
-0.2300000000E+00 0.7082915978E-01
-0.2200000000E+00 0.7194261840E-01
-0.2100000000E+00 0.7310031398E-01
-0.2000000000E+00 0.7430383553E-01
-0.1900000000E+00 0.7555486215E-01
-0.1800000000E+00 0.7685516809E-01
-0.1700000000E+00 0.7820662823E-01
-0.1600000000E+00 0.7961122401E-01
-0.1500000000E+00 0.8107104969E-01
-0.1400000000E+00 0.8258831923E-01
-0.1300000000E+00 0.8416537359E-01
-0.1200000000E+00 0.8580468858E-01
-0.1100000000E+00 0.8750888341E-01
-0.1000000000E+00 0.8928072984E-01
-0.9000000000E-01 0.9112316199E-01
-0.8000000000E-01 0.9303928704E-01
-0.7000000000E-01 0.9503239667E-01
-0.6000000000E-01 0.9710597949E-01
-0.5000000000E-01 0.9926373439E-01
-0.4000000000E-01 0.1015095851E+00
-0.3000000000E-01 0.1038476957E+00
-0.2000000000E-01 0.1062824877E+00
