      -20.0000000000           26.7496985594
      -19.9900000000           26.8727774758
      -19.9800000000           26.9393061212
      -19.9700000000           26.9480451283
      -19.9600000000           26.9002884223
      -19.9500000000           26.7997924103
      -19.9400000000           26.6525126011
      -19.9300000000           26.4661864208
      -19.9200000000           26.2498194703
      -19.9100000000           26.0131388992
      -19.9000000000           25.7660722392
      -19.8900000000           25.5182961308
      -19.8800000000           25.2788814695
      -19.8700000000           25.0560439632
      -19.8600000000           24.8569950164
      -19.8500000000           24.6878786707
      -19.8400000000           24.5537760280
      -19.8300000000           24.4587582604
      -19.8200000000           24.4059716638
      -19.8100000000           24.3977419885
      -19.8000000000           24.4356894195
      -19.7900000000           24.5208493395
      -19.7800000000           24.6537969047
      -19.7700000000           24.8347752253
      -19.7600000000           25.0638274903
      -19.7500000000           25.3409327877
      -19.7400000000           25.6661438881
      -19.7300000000           26.0397232841
      -19.7200000000           26.4622718214
      -19.7100000000           26.9348428332
      -19.7000000000           27.4590342318
      -19.6900000000           28.0370516795
      -19.6800000000           28.6717376370
      -19.6700000000           29.3665633327
      -19.6600000000           30.1255829162
      -19.6500000000           30.9533506362
      -19.6400000000           31.8548023646
      -19.6300000000           32.8351020037
      -19.6200000000           33.8994513583
      -19.6100000000           35.0528592972
      -19.6000000000           36.2998629658
      -19.5900000000           37.6441910509
      -19.5800000000           39.0883573115
      -19.5700000000           40.6331725350
      -19.5600000000           42.2771656416
      -19.5500000000           44.0159109307
      -19.5400000000           45.8412696403
      -19.5300000000           47.7405713408
      -19.5200000000           49.6957851971
      -19.5100000000           51.6827630197
      -19.5000000000           53.6706738458
      -19.4900000000           55.6217891381
      -19.4800000000           57.4918095329
      -19.4700000000           59.2309333868
      -19.4600000000           60.7858335799
      -19.4500000000           62.1026107780
      -19.4400000000           63.1306176552
      -19.4300000000           63.8268149321
      -19.4200000000           64.1600811855
      -19.4100000000           64.1147433890
      -19.4000000000           63.6926153302
      -19.3900000000           62.9130681666
      -19.3800000000           61.8110636853
      -19.3700000000           60.4335255702
      -19.3600000000           58.8347525627
      -19.3500000000           57.0716882226
      -19.3300000000           53.5494741289
      -19.3200000000           51.5754931254
      -19.3100000000           49.6260614473
      -19.3000000000           47.7302837904
      -19.2900000000           45.9099391914
      -19.2800000000           44.1804271986
      -19.2700000000           42.5518478931
      -19.2600000000           41.0300731142
      -19.2500000000           39.6177241200
      -19.2400000000           38.3150149495
      -19.2300000000           37.1204504782
      -19.2200000000           36.0313859641
      -19.2100000000           35.0444640078
      -19.2000000000           34.1559482823
      -19.1900000000           33.3619734308
      -19.1800000000           32.6587287978
      -19.1700000000           32.0425911642
      -19.1600000000           31.5102189909
      -19.1500000000           31.0586181444
      -19.1400000000           30.6851868333
      -19.1300000000           30.3877455570
      -19.1200000000           30.1645562741
      -19.1100000000           30.0143336997
      -19.1000000000           29.9362506229
      -19.0900000000           29.9299383341
      -19.0800000000           29.9954826442
      -19.0700000000           30.1334154850
      -19.0600000000           30.3447016647
      -19.0500000000           30.6307199450
      -19.0400000000           30.9932371764
      -19.0300000000           31.4343737313
      -19.0200000000           31.9565579202
      -19.0100000000           32.5624664445
      -19.0000000000           33.2549472741
      -18.9900000000           34.0369206339
      -18.9800000000           34.9112530806
      -18.9700000000           35.8805989366
      -18.9600000000           36.9472026269
      -18.9500000000           38.1126547024
      -18.9400000000           39.3775935354
      -18.9300000000           40.7413438978
      -18.9200000000           42.2014831470
      -18.9100000000           43.7533261829
      -18.9000000000           45.3893229627
      -18.8900000000           47.0983692886
      -18.8800000000           48.8650459058
      -18.8700000000           50.6688263883
      -18.8600000000           52.4833341249
      -18.8500000000           54.2757834993
      -18.8400000000           56.0068043503
      -18.8300000000           57.6309058523
      -18.8200000000           59.0978569230
      -18.8100000000           60.3552061609
      -18.8000000000           61.3519995948
      -18.7900000000           62.0434718443
      -18.7800000000           62.3961341356
      -18.7700000000           62.3923754419
      -18.7600000000           62.0335805994
      -18.7500000000           61.3409623761
      -18.7400000000           60.3537937042
      -18.7300000000           59.1253559988
      -18.7200000000           57.7174535240
      -18.7100000000           56.1945892769
      -18.7000000000           54.6188023960
      -18.6900000000           53.0458252836
      -18.6800000000           51.5227975877
      -18.6700000000           50.0874211764
      -18.6600000000           48.7682294775
      -18.6500000000           47.5855769826
      -18.6400000000           46.5529885338
      -18.6300000000           45.6785920243
      -18.6200000000           44.9664521440
      -18.6100000000           44.4177036659
      -18.6000000000           44.0314418248
      -18.5900000000           43.8053648656
      -18.5800000000           43.7361841768
      -18.5700000000           43.8198258456
      -18.5600000000           44.0514487208
      -18.5500000000           44.4253018954
      -18.5400000000           44.9344417925
      -18.5300000000           45.5703279686
      -18.5200000000           46.3223191621
      -18.5100000000           47.1770984458
      -18.5000000000           48.1180695973
      -18.4900000000           49.1247860452
      -18.4800000000           50.1724975447
      -18.4700000000           51.2319241674
      -18.4600000000           52.2693852667
      -18.4500000000           53.2474126772
      -18.4400000000           54.1259509063
      -18.4300000000           54.8641831643
      -18.4200000000           55.4229194921
      -18.4100000000           55.7673546497
      -18.4000000000           55.8698776866
      -18.3900000000           55.7125321954
      -18.3800000000           55.2887237069
      -18.3700000000           54.6038660673
      -18.3600000000           53.6748370245
      -18.3500000000           52.5283285632
      -18.3400000000           51.1983691798
      -18.3300000000           49.7234123037
      -18.3200000000           48.1434048983
      -18.3100000000           46.4971833873
      -18.3000000000           44.8204241475
      -18.2900000000           43.1442432528
      -18.2800000000           41.4944273383
      -18.2700000000           39.8912017132
      -18.2600000000           38.3494057442
      -18.2500000000           36.8789417888
      -18.2400000000           35.4853811857
      -18.2300000000           34.1706379842
      -18.2200000000           32.9336497745
      -18.2100000000           31.7710299268
      -18.2000000000           30.6776742045
      -18.1900000000           29.6473164740
      -18.1800000000           28.6730336665
      -18.1700000000           27.7477005766
      -18.1600000000           26.8643922524
      -18.1500000000           26.0167276450
      -18.1400000000           25.1991448317
      -18.1300000000           24.4070971910
      -18.1200000000           23.6371623494
      -18.1100000000           22.8870614959
      -18.1000000000           22.1555946758
      -18.0900000000           21.4425060698
      -18.0800000000           20.7482999916
      -18.0700000000           20.0740318210
      -18.0600000000           19.4210976883
      -18.0500000000           18.7910428400
      -18.0400000000           18.1854024478
      -18.0300000000           17.6055817065
      -18.0200000000           17.0527757905
      -18.0100000000           16.5279255423
      -18.0000000000           16.0317020023
      -17.9900000000           15.5645119436
      -17.9800000000           15.1265170037
      -17.9700000000           14.7176602598
      -17.9600000000           14.3376956651
      -17.9500000000           13.9862172757
      -17.9400000000           13.6626864455
      -17.9300000000           13.3664560669
      -17.9200000000           13.0967915301
      -17.9100000000           12.8528884312
      -17.9000000000           12.6338872683
      -17.8900000000           12.4388855008
      -17.8800000000           12.2669474482
      -17.8700000000           12.1171126012
      -17.8600000000           11.9884029974
      -17.8500000000           11.8798303669
      -17.8400000000           11.7904037588
      -17.8300000000           11.7191382817
      -17.8200000000           11.6650654231
      -17.8100000000           11.6272451415
      -17.8000000000           11.6047795633
      -17.7900000000           11.5968277102
      -17.7800000000           11.6026202888
      -17.7700000000           11.6214732747
      -17.7600000000           11.6527988995
      -17.7500000000           11.6961127497
      -17.7400000000           11.7510360305
      -17.7300000000           11.8172925901
      -17.7200000000           11.8947009467
      -17.7100000000           11.9831621968
      -17.7000000000           12.0826451704
      -17.6900000000           12.1931704526
      -17.6800000000           12.3147948498
      -17.6700000000           12.4475975485
      -17.6600000000           12.5916686443
      -17.6500000000           12.7470999935
      -17.6400000000           12.9139775606
      -17.6300000000           13.0923737307
      -17.6200000000           13.2823375232
      -17.6100000000           13.4838804088
      -17.6000000000           13.6969555528
      -17.5900000000           13.9214288400
      -17.5800000000           14.1570409475
      -17.5700000000           14.4033609658
      -17.5600000000           14.6597334985
      -17.5500000000           14.9252226719
      -17.5400000000           15.1985579045
      -17.5300000000           15.4780874925
      -17.5200000000           15.7617469237
      -17.5100000000           16.0470491739
      -17.5000000000           16.3311038884
      -17.4900000000           16.6106710778
      -17.4800000000           16.8822525780
      -17.4700000000           17.1422209307
      -17.4600000000           17.3869806688
      -17.4500000000           17.6131516698
      -17.4400000000           17.8177590629
      -17.4300000000           17.9984102022
      -17.4200000000           18.1534375338
      -17.4100000000           18.2819876304
      -17.4000000000           18.3840414610
      -17.3900000000           18.4603585719
      -17.3800000000           18.5123470395
      -17.3700000000           18.5418701526
      -17.3600000000           18.5510082368
      -17.3500000000           18.5417987408
      -17.3400000000           18.5159793380
      -17.3300000000           18.4747577132
      -17.3200000000           18.4186287002
      -17.3100000000           18.3472554069
      -17.3000000000           18.2594264937
      -17.2900000000           18.1530970546
      -17.2800000000           18.0255153180
      -17.2700000000           17.8734312033
      -17.2600000000           17.6933753368
      -17.2500000000           17.4819886605
      -17.2400000000           17.2363742690
      -17.2300000000           16.9544363165
      -17.2200000000           16.6351679087
      -17.2100000000           16.2788526454
      -17.2000000000           15.8871536254
      -17.1900000000           15.4630782748
      -17.1800000000           15.0108246427
      -17.1700000000           14.5355311604
      -17.1600000000           14.0429637421
      -17.1500000000           13.5391792798
      -17.1400000000           13.0302026589
      -17.1300000000           12.5217468240
      -17.1200000000           12.0189946656
      -17.1100000000           11.5264502718
      -17.1000000000           11.0478575334
      -17.0900000000           10.5861773770
      -17.0800000000           10.1436112959
      -17.0700000000            9.7216579117
      -17.0600000000            9.3211902625
      -17.0500000000            8.9425435618
      -17.0400000000            8.5856056001
      -17.0300000000            8.2499042979
      -17.0200000000            7.9346888796
      -17.0100000000            7.6390026371
      -17.0000000000            7.3617462932
      -16.9900000000            7.1017316666
      -16.9800000000            6.8577257824
      -16.9700000000            6.6284858841
      -16.9600000000            6.4127860660
      -16.9500000000            6.2094364934
      -16.9400000000            6.0172964198
      -16.9300000000            5.8352823996
      -16.9200000000            5.6623732008
      -16.9100000000            5.4976128784
      -16.9000000000            5.3401132721
      -16.8900000000            5.1890568318
      -16.8800000000            5.0437002112
      -16.8700000000            4.9033785558
      -16.8600000000            4.7675099515
      -16.8500000000            4.6355991713
      -16.8400000000            4.5072397191
      -16.8300000000            4.3821132662
      -16.8200000000            4.2599858669
      -16.8100000000            4.1407007841
      -16.8000000000            4.0241682449
      -16.7900000000            3.9103528910
      -16.7800000000            3.7992599999
      -16.7700000000            3.6909216773
      -16.7600000000            3.5853841579
      -16.7500000000            3.4826971169
      -16.7400000000            3.3829055621
      -16.7300000000            3.2860444965
      -16.7200000000            3.1921361929
      -16.7100000000            3.1011896474
      -16.7000000000            3.0132016062
      -16.6900000000            2.9281585087
      -16.6800000000            2.8460387374
      -16.6700000000            2.7668146914
      -16.6600000000            2.6904543700
      -16.6500000000            2.6169223323
      -16.6400000000            2.5461800496
      -16.6300000000            2.4781857781
      -16.6200000000            2.4128941377
      -16.6100000000            2.3502555897
      -16.6000000000            2.2902159804
      -16.5900000000            2.2327162683
      -16.5800000000            2.1776924972
      -16.5700000000            2.1250760288
      -16.5600000000            2.0747940073
      -16.5500000000            2.0267700081
      -16.5400000000            1.9809248088
      -16.5300000000            1.9371772222
      -16.5200000000            1.8954449370
      -16.5100000000            1.8556453225
      -16.5000000000            1.8176961668
      -16.4900000000            1.7815163286
      -16.4800000000            1.7470262906
      -16.4700000000            1.7141486153
      -16.4600000000            1.6828083040
      -16.4500000000            1.6529330670
      -16.4400000000            1.6244535153
      -16.4300000000            1.5973032824
      -16.4200000000            1.5714190885
      -16.4100000000            1.5467407560
      -16.4000000000            1.5232111866
      -16.3900000000            1.5007763073
      -16.3800000000            1.4793849930
      -16.3700000000            1.4589889716
      -16.3600000000            1.4395427173
      -16.3500000000            1.4210033356
      -16.3400000000            1.4033304436
      -16.3300000000            1.3864860485
      -16.3200000000            1.3704344263
      -16.3100000000            1.3551420023
      -16.3000000000            1.3405772350
      -16.2900000000            1.3267105032
      -16.2800000000            1.3135139982
      -16.2700000000            1.3009616213
      -16.2600000000            1.2890288857
      -16.2500000000            1.2776928241
      -16.2400000000            1.2669319020
      -16.2300000000            1.2567259355
      -16.2200000000            1.2470560151
      -16.2100000000            1.2379044335
      -16.2000000000            1.2292546190
      -16.1900000000            1.2210910731
      -16.1800000000            1.2133993126
      -16.1700000000            1.2061658155
      -16.1600000000            1.1993779710
      -16.1500000000            1.1930240338
      -16.1400000000            1.1870930807
      -16.1300000000            1.1815749716
      -16.1200000000            1.1764603128
      -16.1100000000            1.1717404240
      -16.1000000000            1.1674073073
      -16.0900000000            1.1634536192
      -16.0800000000            1.1598726455
      -16.0700000000            1.1566582774
      -16.0600000000            1.1538049912
      -16.0500000000            1.1513078290
      -16.0400000000            1.1491623819
      -16.0300000000            1.1473647752
      -16.0200000000            1.1459116556
      -16.0100000000            1.1448001792
      -16.0000000000            1.1440280028
      -15.9900000000            1.1435932752
      -15.9800000000            1.1434946318
      -15.9700000000            1.1437311891
      -15.9600000000            1.1443025423
      -15.9500000000            1.1452087634
      -15.9400000000            1.1464504012
      -15.9300000000            1.1480284831
      -15.9200000000            1.1499445181
      -15.9100000000            1.1522005010
      -15.9000000000            1.1547989193
      -15.8900000000            1.1577427607
      -15.8800000000            1.1610355223
      -15.8700000000            1.1646812220
      -15.8600000000            1.1686844113
      -15.8500000000            1.1730501898
      -15.8400000000            1.1777842213
      -15.8300000000            1.1828927528
      -15.8200000000            1.1883826343
      -15.8100000000            1.1942613408
      -15.8000000000            1.2005369974
      -15.7900000000            1.2072184057
      -15.7800000000            1.2143150722
      -15.7700000000            1.2218372405
      -15.7600000000            1.2297959243
      -15.7500000000            1.2382029443
      -15.7400000000            1.2470709672
      -15.7300000000            1.2564135470
      -15.7200000000            1.2662451702
      -15.7100000000            1.2765813029
      -15.7000000000            1.2874384409
      -15.6900000000            1.2988341633
      -15.6800000000            1.3107871884
      -15.6700000000            1.3233174321
      -15.6600000000            1.3364460693
      -15.6500000000            1.3501955973
      -15.6400000000            1.3645899013
      -15.6300000000            1.3796543209
      -15.6200000000            1.3954157177
      -15.6100000000            1.4119025420
      -15.6000000000            1.4291448991
      -15.5900000000            1.4471746113
      -15.5800000000            1.4660252766
      -15.5700000000            1.4857323192
      -15.5600000000            1.5063330301
      -15.5500000000            1.5278665947
      -15.5400000000            1.5503741012
      -15.5300000000            1.5738985272
      -15.5200000000            1.5984846946
      -15.5100000000            1.6241791887
      -15.5000000000            1.6510302294
      -15.4900000000            1.6790874850
      -15.4800000000            1.7084018161
      -15.4700000000            1.7390249333
      -15.4600000000            1.7710089536
      -15.4500000000            1.8044058343
      -15.4400000000            1.8392666648
      -15.4300000000            1.8756407909
      -15.4200000000            1.9135747481
      -15.4100000000            1.9531109782
      -15.4000000000            1.9942863026
      -15.3900000000            2.0371301332
      -15.3800000000            2.0816624004
      -15.3700000000            2.1278911938
      -15.3600000000            2.1758101191
      -15.3500000000            2.2253953981
      -15.3400000000            2.2766027631
      -15.3300000000            2.3293642318
      -15.3200000000            2.3835848896
      -15.3100000000            2.4391398559
      -15.3000000000            2.4958716611
      -15.2900000000            2.5535883182
      -15.2800000000            2.6120624141
      -15.2700000000            2.6710315828
      -15.2600000000            2.7302007217
      -15.2500000000            2.7892462831
      -15.2400000000            2.8478228852
      -15.2300000000            2.9055723522
      -15.2200000000            2.9621350908
      -15.2100000000            3.0171634758
      -15.2000000000            3.0703366490
      -15.1900000000            3.1213758890
      -15.1800000000            3.1700595122
      -15.1700000000            3.2162361695
      -15.1600000000            3.2598354342
      -15.1500000000            3.3008747535
      -15.1400000000            3.3394621380
      -15.1300000000            3.3757943646
      -15.1200000000            3.4101508927
      -15.1100000000            3.4428840970
      -15.1000000000            3.4744067261
      -15.0900000000            3.5051776786
      -15.0800000000            3.5356872294
      -15.0700000000            3.5664427461
      -15.0600000000            3.5979557531
      -15.0500000000            3.6307309546
      -15.0400000000            3.6652575715
      -15.0300000000            3.7020031099
      -15.0200000000            3.7414094826
      -15.0100000000            3.7838912640
      -15.0000000000            3.8298357684
      -14.9900000000            3.8796046018
      -14.9800000000            3.9335363292
      -14.9700000000            3.9919499189
      -14.9600000000            4.0551486561
      -14.9500000000            4.1234242593
      -14.9400000000            4.1970609695
      -14.9300000000            4.2763394233
      -14.9200000000            4.3615401515
      -14.9000000000            4.5213476362
      -14.8900000000            4.6260993410
      -14.8800000000            4.7379532701
      -14.8700000000            4.8572225159
      -14.8600000000            4.9842279012
      -14.8500000000            5.1192965206
      -14.8400000000            5.2627593713
      -14.8300000000            5.4149480077
      -14.8200000000            5.5761901423
      -14.8100000000            5.7468041021
      -14.8000000000            5.9270920438
      -14.7900000000            6.1173318378
      -14.7800000000            6.3177675590
      -14.7700000000            6.5285985723
      -14.7600000000            6.7499672914
      -14.7500000000            6.9819458155
      -14.7400000000            7.2245218264
      -14.7300000000            7.4775843586
      -14.7200000000            7.7409103321
      -14.7100000000            8.0141530584
      -14.6900000000            8.5616110994
      -14.6800000000            8.8610538774
      -14.6700000000            9.1677247885
      -14.6600000000            9.4806791539
      -14.6500000000            9.7989224229
      -14.6400000000           10.1214625106
      -14.6300000000           10.4473746672
      -14.6200000000           10.7758763211
      -14.6100000000           11.1064075114
      -14.6000000000           11.4387108260
      -14.5900000000           11.7729035224
      -14.5800000000           12.1095340518
      -14.5700000000           12.4496157502
      -14.5600000000           12.7946320308
      -14.5500000000           13.1465098225
      -14.5400000000           13.5075608598
      -14.5300000000           13.8803932411
      -14.5200000000           14.2677979663
      -14.5100000000           14.6726166070
      -14.5000000000           15.0975967612
      -14.4900000000           15.5452416351
      -14.4800000000           16.0176592993
      -14.4700000000           16.5164162945
      -14.4600000000           17.0423996935
      -14.4400000000           18.1265439402
      -14.4300000000           18.7323438000
      -14.4200000000           19.3602025935
      -14.4100000000           20.0061852990
      -14.4000000000           20.6653199085
      -14.3900000000           21.3316850060
      -14.3800000000           21.9985552496
      -14.3700000000           22.6586014935
      -14.3600000000           23.3041341996
      -14.3500000000           23.9273702249
      -14.3400000000           24.5206960881
      -14.3300000000           25.0768977015
      -14.3200000000           25.5893292478
      -14.3100000000           26.0520030971
      -14.3000000000           26.4595974232
      -14.2900000000           26.8073956486
      -14.2800000000           27.0911879611
      -14.2700000000           27.3071755739
      -14.2600000000           27.4519198787
      -14.2500000000           27.5223698942
      -14.2400000000           27.5159837370
      -14.2300000000           27.4309369128
      -14.2200000000           27.2663873458
      -14.2100000000           27.0227498497
      -14.2000000000           26.7019256699
      -14.1900000000           26.3074377511
      -14.1800000000           25.8444383075
      -14.1700000000           25.3195780092
      -14.1600000000           24.7407499358
      -14.1500000000           24.1167408440
      -14.1400000000           23.4568334627
      -14.1300000000           22.7704053329
      -14.1200000000           22.0665634608
      -14.1100000000           21.3538427094
      -14.1000000000           20.6399827412
      -14.0900000000           19.9317862819
      -14.0800000000           19.2350522312
      -14.0700000000           18.5545713571
      -14.0600000000           17.8941697448
      -14.0500000000           17.2567851158
      -14.0400000000           16.6445627241
      -14.0300000000           16.0589599712
      -14.0200000000           15.5008515488
      -14.0100000000           14.9706294223
      -14.0000000000           14.4682940950
      -13.9900000000           13.9935352594
      -13.9800000000           13.5458011706
      -13.9700000000           13.1243569122
      -13.9600000000           12.7283322586
      -13.9500000000           12.3567601317
      -13.9400000000           12.0086067819
      -13.9300000000           11.6827948514
      -13.9200000000           11.3782204316
      -13.9100000000           11.0937651558
      -13.9000000000           10.8283042796
      -13.8900000000           10.5807116212
      -13.8800000000           10.3498621599
      -13.8700000000           10.1346330425
      -13.8600000000            9.9339037008
      -13.8500000000            9.7465557636
      -13.8400000000            9.5714734111
      -13.8300000000            9.4075447851
      -13.8200000000            9.2536649976
      -13.8100000000            9.1087411679
      -13.8000000000            8.9716997543
      -13.7900000000            8.8414962179
      -13.7800000000            8.7171267835
      -13.7700000000            8.5976417682
      -13.7600000000            8.4821596668
      -13.7500000000            8.3698809684
      -13.7400000000            8.2601005830
      -13.7300000000            8.1522177980
      -13.7200000000            8.0457428952
      -13.7100000000            7.9402998950
      -13.7000000000            7.8356253155
      -13.6900000000            7.7315632632
      -13.6800000000            7.6280575285
      -13.6700000000            7.5251415845
      -13.6600000000            7.4229274562
      -13.6500000000            7.3215943328
      -13.6400000000            7.2213775944
      -13.6300000000            7.1225586646
      -13.6200000000            7.0254558492
      -13.6100000000            6.9304161314
      -13.6000000000            6.8378077916
      -13.5900000000            6.7480137053
      -13.5800000000            6.6614252274
      -13.5700000000            6.5784366627
      -13.5600000000            6.4994404139
      -13.5500000000            6.4248229660
      -13.5400000000            6.3549618937
      -13.5300000000            6.2902240639
      -13.5200000000            6.2309651606
      -13.5100000000            6.1775305970
      -13.5000000000            6.1302578163
      -13.4900000000            6.0894799271
      -13.4800000000            6.0555305900
      -13.4700000000            6.0287500580
      -13.4600000000            6.0094922870
      -13.4500000000            5.9981330643
      -13.4400000000            5.9950791513
      -13.4300000000            6.0007784970
      -13.4200000000            6.0157316510
      -13.4100000000            6.0405045857
      -13.4000000000            6.0757432314
      -13.3900000000            6.1221901347
      -13.3800000000            6.1807037787
      -13.3700000000            6.2522812610
      -13.3600000000            6.3380852214
      -13.3500000000            6.4394761619
      -13.3400000000            6.5580516336
      -13.3300000000            6.6956941956
      -13.3200000000            6.8546306385
      -13.3100000000            7.0375057517
      -13.3000000000            7.2474749933
      -13.2900000000            7.4883219182
      -13.2800000000            7.7646083007
      -13.2700000000            8.0818678443
      -13.2600000000            8.4468585862
      -13.2500000000            8.8678952248
      -13.2400000000            9.3552915911
      -13.2300000000            9.9219569070
      -13.2200000000           10.5842098345
      -13.2100000000           11.3629057577
      -13.2000000000           12.2850222292
      -13.1900000000           13.3859270500
      -13.1800000000           14.7126842586
      -13.1700000000           16.3289738641
      -13.1600000000           18.3225834114
      -13.1500000000           20.8171122962
      -13.1400000000           23.9907907528
      -13.1300000000           28.1077310105
      -13.1200000000           33.5717443931
      -13.1100000000           41.0228847776
      -13.1000000000           51.5187119393
      -13.0900000000           66.8918697849
      -13.0800000000           90.4913488867
      -13.0700000000          128.7763331553
      -13.0600000000          194.6548347160
      -13.0500000000          312.3144317528
      -13.0400000000          503.7662167979
      -13.0300000000          665.7119722904
      -13.0200000000          568.9307678260
      -13.0100000000          364.2988386286
      -13.0000000000          224.8949969893
      -12.9900000000          146.3216931707
      -12.9800000000          101.3103587017
      -12.9700000000           74.0207454675
      -12.9600000000           56.5024946587
      -12.9500000000           44.6873460622
      -12.9400000000           36.3835852237
      -12.9300000000           30.3448520993
      -12.9200000000           25.8265082956
      -12.9100000000           22.3639746951
      -12.9000000000           19.6562983965
      -12.8900000000           17.5020622143
      -12.8800000000           15.7625839667
      -12.8700000000           14.3399751475
      -12.8600000000           13.1636143706
      -12.8500000000           12.1815567942
      -12.8400000000           11.3549317184
      -12.8300000000           10.6542011340
      -12.8200000000           10.0566071370
      -12.8100000000            9.5443965353
      -12.8000000000            9.1035642400
      -12.7900000000            8.7229495893
      -12.7800000000            8.3935769771
      -12.7700000000            8.1081683025
      -12.7600000000            7.8607780399
      -12.7500000000            7.6465170103
      -12.7400000000            7.4613411223
      -12.7300000000            7.3018882567
      -12.7200000000            7.1653512175
      -12.7100000000            7.0493779750
      -12.7000000000            6.9519927624
      -12.6900000000            6.8715332490
      -12.6800000000            6.8066002175
      -12.6700000000            6.7560170454
      -12.6600000000            6.7187969374
      -12.6500000000            6.6941163343
      -12.6400000000            6.6812932835
      -12.6300000000            6.6797698257
      -12.6200000000            6.6890976637
      -12.6100000000            6.7089265337
      -12.6000000000            6.7389948273
      -12.5900000000            6.7791221051
      -12.5800000000            6.8292032227
      -12.5700000000            6.8892038477
      -12.5600000000            6.9591571972
      -12.5500000000            7.0391618645
      -12.5400000000            7.1293806377
      -12.5300000000            7.2300402404
      -12.5200000000            7.3414319495
      -12.5100000000            7.4639130669
      -12.5000000000            7.5979092416
      -12.4900000000            7.7439176581
      -12.4800000000            7.9025111236
      -12.4700000000            8.0743431073
      -12.4600000000            8.2601538029
      -12.4500000000            8.4607773064
      -12.4400000000            8.6771500226
      -12.4300000000            8.9103204399
      -12.4200000000            9.1614604403
      -12.4100000000            9.4318783412
      -12.4000000000            9.7230339054
      -12.3900000000           10.0365555926
      -12.3800000000           10.3742603777
      -12.3700000000           10.7381765131
      -12.3600000000           11.1305696796
      -12.3500000000           11.5539730407
      -12.3400000000           12.0112218029
      -12.3300000000           12.5054929820
      -12.3200000000           13.0403511846
      -12.3100000000           13.6198013409
      -12.3000000000           14.2483494633
      -12.2900000000           14.9310726554
      -12.2800000000           15.6736997544
      -12.2700000000           16.4827041475
      -12.2600000000           17.3654104436
      -12.2500000000           18.3301167834
      -12.2400000000           19.3862345898
      -12.2300000000           20.5444474395
      -12.2200000000           21.8168903706
      -12.2100000000           23.2173501863
      -12.2000000000           24.7614859466
      -12.1900000000           26.4670665150
      -12.1800000000           28.3542182667
      -12.1700000000           30.4456701419
      -12.1600000000           32.7669741475
      -12.1500000000           35.3466657748
      -12.1400000000           38.2163087952
      -12.1300000000           41.4103402519
      -12.1200000000           44.9655917360
      -12.1100000000           48.9203102232
      -12.1000000000           53.3124358520
      -12.0900000000           58.1768201188
      -12.0800000000           63.5410015351
      -12.0700000000           69.4191310901
      -12.0600000000           75.8037200967
      -12.0500000000           82.6551675458
      -12.0400000000           89.8896388874
      -12.0300000000           97.3669147321
      -12.0200000000          104.8812623064
      -12.0100000000          112.1598268830
      -12.0000000000          118.8736334100
      -11.9900000000          124.6648306932
      -11.9800000000          129.1894854803
      -11.9700000000          132.1687648552
      -11.9600000000          133.4356096648
      -11.9500000000          132.9628241892
      -11.9400000000          130.8637766803
      -11.9300000000          127.3664574681
      -11.9200000000          122.7704116695
      -11.9100000000          117.3997864051
      -11.9000000000          111.5637074485
      -11.8900000000          105.5299033874
      -11.8800000000           99.5121531242
      -11.8700000000           93.6687206150
      -11.8600000000           88.1077663403
      -11.8500000000           82.8960973510
      -11.8400000000           78.0686574508
      -11.8300000000           73.6372423463
      -11.8200000000           69.5977607240
      -11.8100000000           65.9358943276
      -11.8000000000           62.6312924770
      -11.7900000000           59.6605514861
      -11.7800000000           56.9992485384
      -11.7700000000           54.6232723028
      -11.7600000000           52.5096485674
      -11.7500000000           50.6370139494
      -11.7400000000           48.9858511476
      -11.7300000000           47.5385673005
      -11.7200000000           46.2794726020
      -11.7100000000           45.1946982519
      -11.7000000000           44.2720797514
      -11.6900000000           43.5010222436
      -11.6800000000           42.8723580225
      -11.6700000000           42.3782016785
      -11.6600000000           42.0118050251
      -11.6500000000           41.7674114971
      -11.6400000000           41.6401078270
      -11.6300000000           41.6256692605
      -11.6200000000           41.7203932305
      -11.6100000000           41.9209151983
      -11.6000000000           42.2239992910
      -11.5900000000           42.6262954876
      -11.5800000000           43.1240546286
      -11.5700000000           43.7127927475
      -11.5600000000           44.3868976574
      -11.5500000000           45.1391740710
      -11.5400000000           45.9603297129
      -11.5300000000           46.8384149802
      -11.5200000000           47.7582437323
      -11.5100000000           48.7008433040
      -11.5000000000           49.6430071862
      -11.4900000000           50.5570512154
      -11.4800000000           51.4108975318
      -11.4700000000           52.1686202434
      -11.4600000000           52.7915700136
      -11.4500000000           53.2401395177
      -11.4400000000           53.4761324871
      -11.4300000000           53.4655648915
      -11.4200000000           53.1815861701
      -11.4100000000           52.6071058965
      -11.4000000000           51.7366927592
      -11.3900000000           50.5774030916
      -11.3800000000           49.1483814577
      -11.3700000000           47.4793035673
      -11.3600000000           45.6079329067
      -11.3500000000           43.5771821746
      -11.3400000000           41.4320900457
      -11.3300000000           39.2170602556
      -11.3200000000           36.9736005098
      -11.3100000000           34.7386802059
      -11.3000000000           32.5437235445
      -11.2900000000           30.4141798053
      -11.2800000000           28.3695670866
      -11.2700000000           26.4238661779
      -11.2600000000           24.5861417139
      -11.2500000000           22.8612819636
      -11.2400000000           21.2507704061
      -11.2300000000           19.7534264018
      -11.2200000000           18.3660749898
      -11.2100000000           17.0841248205
      -11.2000000000           15.9020475633
      -11.1900000000           14.8137618979
      -11.1800000000           13.8129310601
      -11.1700000000           12.8931857883
      -11.1600000000           12.0482853037
      -11.1500000000           11.2722284215
      -11.1400000000           10.5593256337
      -11.1300000000            9.9042414289
      -11.1200000000            9.3020144974
      -11.1100000000            8.7480619526
      -11.1000000000            8.2381723762
      -11.0900000000            7.7684913680
      -11.0800000000            7.3355023724
      -11.0700000000            6.9360048194
      -11.0600000000            6.5670910525
      -11.0500000000            6.2261230779
      -11.0400000000            5.9107098399
      -11.0300000000            5.6186854818
      -11.0200000000            5.3480888731
      -11.0100000000            5.0971445540
      -11.0000000000            4.8642451584
      -10.9900000000            4.6479353100
      -10.9800000000            4.4468969514
      -10.9700000000            4.2599360314
      -10.9600000000            4.0859704673
      -10.9500000000            3.9240192867
      -10.9400000000            3.7731928526
      -10.9300000000            3.6326840778
      -10.9200000000            3.5017605354
      -10.9100000000            3.3797573804
      -10.9000000000            3.2660710008
      -10.8900000000            3.1601533231
      -10.8800000000            3.0615067040
      -10.8700000000            2.9696793448
      -10.8600000000            2.8842611706
      -10.8500000000            2.8048801213
      -10.8400000000            2.7311988058
      -10.8300000000            2.6629114754
      -10.8200000000            2.5997412729
      -10.8100000000            2.5414377209
      -10.8000000000            2.4877744121
      -10.7900000000            2.4385468661
      -10.7800000000            2.3935705215
      -10.7700000000            2.3526788317
      -10.7600000000            2.3157214338
      -10.7500000000            2.2825623636
      -10.7400000000            2.2530782907
      -10.7300000000            2.2271567510
      -10.7200000000            2.2046943587
      -10.7100000000            2.1855949846
      -10.7000000000            2.1697678972
      -10.6900000000            2.1571258707
      -10.6800000000            2.1475832764
      -10.6700000000            2.1410541877
      -10.6600000000            2.1374505411
      -10.6500000000            2.1366804071
      -10.6400000000            2.1386464317
      -10.6300000000            2.1432445120
      -10.6200000000            2.1503627553
      -10.6100000000            2.1598807517
      -10.6000000000            2.1716691538
      -10.5900000000            2.1855895117
      -10.5800000000            2.2014942604
      -10.5700000000            2.2192267136
      -10.5600000000            2.2386208852
      -10.5500000000            2.2595009587
      -10.5400000000            2.2816802521
      -10.5300000000            2.3049595853
      -10.5200000000            2.3291250412
      -10.5100000000            2.3539451986
      -10.5000000000            2.3791679939
      -10.4900000000            2.4045174198
      -10.4800000000            2.4296902896
      -10.4700000000            2.4543532966
      -10.4600000000            2.4781405949
      -10.4500000000            2.5006521503
      -10.4400000000            2.5214531792
      -10.4300000000            2.5400751068
      -10.4200000000            2.5560186199
      -10.4100000000            2.5687595045
      -10.4000000000            2.5777579873
      -10.3900000000            2.5824721605
      -10.3800000000            2.5823757269
      -10.3700000000            2.5769797445
      -10.3600000000            2.5658573406
      -10.3500000000            2.5486696265
      -10.3400000000            2.5251904225
      -10.3300000000            2.4953270859
      -10.3200000000            2.4591348237
      -10.3100000000            2.4168224259
      -10.3000000000            2.3687483012
      -10.2900000000            2.3154068700
      -10.2800000000            2.2574065523
      -10.2700000000            2.1954415509
      -10.2600000000            2.1302602136
      -10.2500000000            2.0626328818
      -10.2400000000            1.9933218481
      -10.2300000000            1.9230554455
      -10.2200000000            1.8525075415
      -10.2100000000            1.7822829549
      -10.2000000000            1.7129086608
      -10.1900000000            1.6448301749
      -10.1800000000            1.5784122157
      -10.1700000000            1.5139426317
      -10.1600000000            1.4516385913
      -10.1500000000            1.3916541467
      -10.1400000000            1.3340884310
      -10.1300000000            1.2789939209
      -10.1200000000            1.2263843580
      -10.1100000000            1.1762420626
      -10.1000000000            1.1285244880
      -10.0900000000            1.0831699531
      -10.0800000000            1.0401025498
      -10.0700000000            0.9992362673
      -10.0600000000            0.9604783974
      -10.0500000000            0.9237323002
      -10.0400000000            0.8888996125
      -10.0300000000            0.8558819796
      -10.0200000000            0.8245823864
      -10.0100000000            0.7949061561
      -10.0000000000            0.7667616769
       -9.9900000000            0.7400609083
       -9.9800000000            0.7147197115
       -9.9700000000            0.6906580416
       -9.9600000000            0.6678000307
       -9.9500000000            0.6460739897
       -9.9400000000            0.6254123466
       -9.9300000000            0.6057515395
       -9.9200000000            0.5870318775
       -9.9100000000            0.5691973789
       -9.9000000000            0.5521955955
       -9.8900000000            0.5359774296
       -9.8800000000            0.5204969479
       -9.8700000000            0.5057111965
       -9.8600000000            0.4915800188
       -9.8500000000            0.4780658801
       -9.8400000000            0.4651336974
       -9.8300000000            0.4527506785
       -9.8200000000            0.4408861681
       -9.8100000000            0.4295115031
       -9.8000000000            0.4185998761
       -9.7900000000            0.4081262075
       -9.7800000000            0.3980670259
       -9.7700000000            0.3884003560
       -9.7600000000            0.3791056146
       -9.7500000000            0.3701635133
       -9.7400000000            0.3615559690
       -9.7300000000            0.3532660192
       -9.7200000000            0.3452777449
       -9.7100000000            0.3375761980
       -9.7000000000            0.3301473350
       -9.6900000000            0.3229779541
       -9.6800000000            0.3160556387
       -9.6700000000            0.3093687033
       -9.6600000000            0.3029061444
       -9.6500000000            0.2966575952
       -9.6400000000            0.2906132823
       -9.6300000000            0.2847639871
       -9.6200000000            0.2791010090
       -9.6100000000            0.2736161316
       -9.6000000000            0.2683015914
       -9.5900000000            0.2631500486
       -9.5800000000            0.2581545600
       -9.5700000000            0.2533085541
       -9.5600000000            0.2486058074
       -9.5500000000            0.2440404230
       -9.5400000000            0.2396068103
       -9.5300000000            0.2352996661
       -9.5200000000            0.2311139574
       -9.5100000000            0.2270449049
       -9.5000000000            0.2230879677
       -9.4900000000            0.2192388295
       -9.4800000000            0.2154933851
       -9.4700000000            0.2118477285
       -9.4600000000            0.2082981408
       -9.4500000000            0.2048410799
       -9.4400000000            0.2014731704
       -9.4300000000            0.1981911940
       -9.4200000000            0.1949920811
       -9.4100000000            0.1918729023
       -9.4000000000            0.1888308606
       -9.3900000000            0.1858632845
       -9.3800000000            0.1829676212
       -9.3700000000            0.1801414298
       -9.3600000000            0.1773823761
       -9.3500000000            0.1746882264
       -9.3400000000            0.1720568425
       -9.3300000000            0.1694861767
       -9.3200000000            0.1669742672
       -9.3100000000            0.1645192339
       -9.3000000000            0.1621192740
       -9.2900000000            0.1597726581
       -9.2800000000            0.1574777271
       -9.2700000000            0.1552328880
       -9.2600000000            0.1530366113
       -9.2500000000            0.1508874276
       -9.2400000000            0.1487839249
       -9.2300000000            0.1467247456
       -9.2200000000            0.1447085844
       -9.2100000000            0.1427341854
       -9.2000000000            0.1408003401
       -9.1900000000            0.1389058850
       -9.1800000000            0.1370496997
       -9.1700000000            0.1352307050
       -9.1600000000            0.1334478610
       -9.1500000000            0.1317001652
       -9.1400000000            0.1299866511
       -9.1300000000            0.1283063863
       -9.1100000000            0.1024924871
       -9.1000000000            0.1011455053
       -9.0900000000            0.0998246122
       -9.0800000000            0.0985291074
       -9.0700000000            0.0972583151
       -9.0600000000            0.0960115824
       -9.0500000000            0.0947882789
       -9.0400000000            0.0935877955
       -9.0300000000            0.0924095436
       -9.0200000000            0.0912529541
       -9.0100000000            0.0901174770
       -9.0000000000            0.0890025800
       -8.9900000000            0.0879077486
       -8.9800000000            0.0868324844
       -8.9700000000            0.0857763055
       -8.9600000000            0.0847387451
       -8.9500000000            0.0837193510
       -8.9400000000            0.0827176856
       -8.9300000000            0.0817333245
       -8.9200000000            0.0807658567
       -8.9100000000            0.0798148838
       -8.9000000000            0.0788800194
       -8.8900000000            0.0779608888
       -8.8800000000            0.0770571288
       -8.8700000000            0.0761683866
       -8.8600000000            0.0752943203
       -8.8500000000            0.0744345976
       -8.8400000000            0.0735888964
       -8.8300000000            0.0727569035
       -8.8200000000            0.0719383149
       -8.8100000000            0.0711328354
       -8.8000000000            0.0703401780
       -8.7900000000            0.0695600637
       -8.7800000000            0.0687922218
       -8.7700000000            0.0680363885
       -8.7600000000            0.0672923078
       -8.7500000000            0.0665597304
       -8.7400000000            0.0658384140
       -8.7300000000            0.0651281228
       -8.7200000000            0.0644286273
       -8.7100000000            0.0637397042
       -8.7000000000            0.0630611361
       -8.6900000000            0.0623927114
       -8.6800000000            0.0617342240
       -8.6700000000            0.0610854731
       -8.6600000000            0.0604462633
       -8.6500000000            0.0598164041
       -8.6400000000            0.0591957098
       -8.6300000000            0.0585839996
       -8.6200000000            0.0579810972
       -8.6100000000            0.0573868306
       -8.6000000000            0.0568010323
       -8.5900000000            0.0562235389
       -8.5800000000            0.0556541909
       -8.5700000000            0.0550928329
       -8.5600000000            0.0545393132
       -8.5500000000            0.0539934836
       -8.5400000000            0.0534551999
       -8.5300000000            0.0529243209
       -8.5200000000            0.0524007091
       -8.5100000000            0.0518842300
       -8.5000000000            0.0513747525
       -8.4900000000            0.0508721484
       -8.4800000000            0.0503762925
       -8.4700000000            0.0498870626
       -8.4600000000            0.0494043393
       -8.4500000000            0.0489280058
       -8.4400000000            0.0484579480
       -8.4300000000            0.0479940545
       -8.4200000000            0.0475362164
       -8.4100000000            0.0470843270
       -8.4000000000            0.0466382823
       -8.3900000000            0.0461979804
       -8.3800000000            0.0457633216
       -8.3700000000            0.0453342087
       -8.3600000000            0.0449105462
       -8.3500000000            0.0444922410
       -8.3400000000            0.0440792018
       -8.3300000000            0.0436713393
       -8.3200000000            0.0432685663
       -8.3100000000            0.0428707972
       -8.3000000000            0.0424779483
       -8.2900000000            0.0420899376
       -8.2800000000            0.0417066851
       -8.2700000000            0.0413281120
       -8.2600000000            0.0409541414
       -8.2500000000            0.0405846981
       -8.2400000000            0.0402197082
       -8.2300000000            0.0398590995
       -8.2200000000            0.0395028010
       -8.2100000000            0.0391507434
       -8.2000000000            0.0388028586
       -8.1900000000            0.0384590801
       -8.1800000000            0.0381193425
       -8.1700000000            0.0377835817
       -8.1600000000            0.0374517351
       -8.1500000000            0.0371237410
       -8.1400000000            0.0367995391
       -8.1300000000            0.0364790702
       -8.1200000000            0.0361622764
       -8.1100000000            0.0358491006
       -8.1000000000            0.0355394871
       -8.0900000000            0.0352333811
       -8.0800000000            0.0349307289
       -8.0700000000            0.0346314778
       -8.0600000000            0.0343355760
       -8.0400000000            0.0171740628
       -8.0300000000            0.0170286786
       -8.0200000000            0.0168849079
       -8.0100000000            0.0167427262
       -8.0000000000            0.0166021094
       -7.9900000000            0.0164630338
       -7.9800000000            0.0163254763
       -7.9700000000            0.0161894141
       -7.9600000000            0.0160548247
       -7.9500000000            0.0159216863
       -7.9400000000            0.0157899772
       -7.9300000000            0.0156596763
       -7.9200000000            0.0155307628
       -7.9100000000            0.0154032162
       -7.9000000000            0.0152770165
       -7.8800000000            0.0000000000
       -7.8700000000            0.0000000000
       -7.8600000000            0.0000000000
       -7.8500000000            0.0000000000
       -7.8400000000            0.0000000000
       -7.8300000000            0.0000000000
       -7.8200000000            0.0000000000
       -7.8100000000            0.0000000000
       -7.8000000000            0.0000000000
       -7.7900000000            0.0000000000
       -7.7800000000            0.0000000000
       -7.7700000000            0.0000000000
       -7.7600000000            0.0000000000
       -7.7500000000            0.0000000000
       -7.7400000000            0.0000000000
       -7.7300000000            0.0000000000
       -7.7200000000            0.0000000000
       -7.7100000000            0.0000000000
       -7.7000000000            0.0000000000
       -7.6900000000            0.0000000000
       -7.6800000000            0.0000000000
       -7.6700000000            0.0000000000
       -7.6600000000            0.0000000000
       -7.6500000000            0.0000000000
       -7.6400000000            0.0000000000
       -7.6300000000            0.0000000000
       -7.6200000000            0.0000000000
       -7.6100000000            0.0000000000
       -7.6000000000            0.0000000000
       -7.5900000000            0.0000000000
       -7.5800000000            0.0000000000
       -7.5700000000            0.0000000000
       -7.5600000000            0.0000000000
       -7.5500000000            0.0000000000
       -7.5400000000            0.0000000000
       -7.5300000000            0.0000000000
       -7.5200000000            0.0000000000
       -7.5100000000            0.0000000000
       -7.5000000000            0.0000000000
       -7.4900000000            0.0000000000
       -7.4800000000            0.0000000000
       -7.4700000000            0.0000000000
       -7.4600000000            0.0000000000
       -7.4500000000            0.0000000000
       -7.4400000000            0.0000000000
       -7.4300000000            0.0000000000
       -7.4200000000            0.0000000000
       -7.4100000000            0.0000000000
       -7.4000000000            0.0000000000
       -7.3900000000            0.0000000000
       -7.3800000000            0.0000000000
       -7.3700000000            0.0000000000
       -7.3600000000            0.0000000000
       -7.3500000000            0.0000000000
       -7.3400000000            0.0000000000
       -7.3300000000            0.0000000000
       -7.3200000000            0.0000000000
       -7.3100000000            0.0000000000
       -7.3000000000            0.0000000000
       -7.2900000000            0.0000000000
       -7.2800000000            0.0000000000
       -7.2700000000            0.0000000000
       -7.2600000000            0.0000000000
       -7.2500000000            0.0000000000
       -7.2400000000            0.0000000000
       -7.2300000000            0.0000000000
       -7.2200000000            0.0000000000
       -7.2100000000            0.0000000000
       -7.2000000000            0.0000000000
       -7.1900000000            0.0000000000
       -7.1800000000            0.0000000000
       -7.1700000000            0.0000000000
       -7.1600000000            0.0000000000
       -7.1500000000            0.0000000000
       -7.1400000000            0.0000000000
       -7.1300000000            0.0000000000
       -7.1200000000            0.0000000000
       -7.1100000000            0.0000000000
       -7.1000000000            0.0000000000
       -7.0900000000            0.0000000000
       -7.0800000000            0.0000000000
       -7.0700000000            0.0000000000
       -7.0600000000            0.0000000000
       -7.0500000000            0.0000000000
       -7.0400000000            0.0000000000
       -7.0300000000            0.0000000000
       -7.0200000000            0.0000000000
       -7.0100000000            0.0000000000
       -7.0000000000            0.0000000000
       -6.9900000000            0.0000000000
       -6.9800000000            0.0000000000
       -6.9700000000            0.0000000000
       -6.9600000000            0.0000000000
       -6.9500000000            0.0000000000
       -6.9400000000            0.0000000000
       -6.9300000000            0.0000000000
       -6.9200000000            0.0000000000
       -6.9100000000            0.0000000000
       -6.9000000000            0.0000000000
       -6.8900000000            0.0000000000
       -6.8800000000            0.0000000000
       -6.8700000000            0.0000000000
       -6.8600000000            0.0000000000
       -6.8500000000            0.0000000000
       -6.8400000000            0.0000000000
       -6.8300000000            0.0000000000
       -6.8200000000            0.0000000000
       -6.8100000000            0.0000000000
       -6.8000000000            0.0000000000
       -6.7900000000            0.0000000000
       -6.7800000000            0.0000000000
       -6.7700000000            0.0000000000
       -6.7600000000            0.0000000000
       -6.7500000000            0.0000000000
       -6.7400000000            0.0000000000
       -6.7300000000            0.0000000000
       -6.7200000000            0.0000000000
       -6.7100000000            0.0000000000
       -6.7000000000            0.0000000000
       -6.6900000000            0.0000000000
       -6.6800000000            0.0000000000
       -6.6700000000            0.0000000000
       -6.6600000000            0.0000000000
       -6.6500000000            0.0000000000
       -6.6400000000            0.0000000000
       -6.6300000000            0.0000000000
       -6.6200000000            0.0000000000
       -6.6100000000            0.0000000000
       -6.6000000000            0.0000000000
       -6.5900000000            0.0000000000
       -6.5800000000            0.0000000000
       -6.5700000000            0.0000000000
       -6.5600000000            0.0000000000
       -6.5500000000            0.0000000000
       -6.5400000000            0.0000000000
       -6.5300000000            0.0000000000
       -6.5200000000            0.0000000000
       -6.5100000000            0.0000000000
       -6.5000000000            0.0000000000
       -6.4900000000            0.0000000000
       -6.4800000000            0.0000000000
       -6.4700000000            0.0000000000
       -6.4600000000            0.0000000000
       -6.4500000000            0.0000000000
       -6.4400000000            0.0000000000
       -6.4300000000            0.0000000000
       -6.4200000000            0.0000000000
       -6.4100000000            0.0000000000
       -6.4000000000            0.0000000000
       -6.3900000000            0.0000000000
       -6.3800000000            0.0000000000
       -6.3700000000            0.0000000000
       -6.3600000000            0.0000000000
       -6.3500000000            0.0000000000
       -6.3400000000            0.0000000000
       -6.3300000000            0.0000000000
       -6.3200000000            0.0000000000
       -6.3100000000            0.0000000000
       -6.3000000000            0.0000000000
       -6.2900000000            0.0000000000
       -6.2800000000            0.0000000000
       -6.2700000000            0.0000000000
       -6.2600000000            0.0000000000
       -6.2500000000            0.0000000000
       -6.2400000000            0.0000000000
       -6.2300000000            0.0000000000
       -6.2200000000            0.0000000000
       -6.2100000000            0.0000000000
       -6.2000000000            0.0000000000
       -6.1900000000            0.0000000000
       -6.1800000000            0.0000000000
       -6.1700000000            0.0000000000
       -6.1600000000            0.0000000000
       -6.1500000000            0.0000000000
       -6.1400000000            0.0000000000
       -6.1300000000            0.0000000000
       -6.1200000000            0.0000000000
       -6.1100000000            0.0000000000
       -6.0900000000            0.0148623583
       -6.0800000000            0.0149452061
       -6.0700000000            0.0150286942
       -6.0600000000            0.0151128318
       -6.0500000000            0.0151976282
       -6.0400000000            0.0152830928
       -6.0300000000            0.0153692351
       -6.0200000000            0.0154560649
       -6.0100000000            0.0155435921
       -6.0000000000            0.0156318266
       -5.9900000000            0.0157207787
       -5.9800000000            0.0158104586
       -5.9700000000            0.0159008769
       -5.9600000000            0.0159920442
       -5.9500000000            0.0160839715
       -5.9400000000            0.0161766696
       -5.9300000000            0.0162701499
       -5.9200000000            0.0163644237
       -5.9100000000            0.0164595026
       -5.9000000000            0.0165553984
       -5.8900000000            0.0166521230
       -5.8800000000            0.0167496887
       -5.8700000000            0.0168481077
       -5.8600000000            0.0169473928
       -5.8500000000            0.0170475566
       -5.8400000000            0.0171486123
       -5.8300000000            0.0172505732
       -5.8200000000            0.0173534526
       -5.8100000000            0.0174572644
       -5.8000000000            0.0175620225
       -5.7900000000            0.0176677411
       -5.7800000000            0.0177744348
       -5.7700000000            0.0178821184
       -5.7600000000            0.0179908067
       -5.7500000000            0.0181005151
       -5.7400000000            0.0182112592
       -5.7300000000            0.0183230549
       -5.7200000000            0.0184359183
       -5.7100000000            0.0185498659
       -5.7000000000            0.0186649144
       -5.6900000000            0.0187810810
       -5.6800000000            0.0188983831
       -5.6700000000            0.0190168384
       -5.6600000000            0.0191364651
       -5.6500000000            0.0192572815
       -5.6400000000            0.0193793066
       -5.6300000000            0.0195025595
       -5.6200000000            0.0196270598
       -5.6100000000            0.0197528274
       -5.6000000000            0.0198798827
       -5.5900000000            0.0200082465
       -5.5800000000            0.0201379400
       -5.5700000000            0.0202689848
       -5.5600000000            0.0204014029
       -5.5500000000            0.0205352169
       -5.5400000000            0.0206704499
       -5.5300000000            0.0208071252
       -5.5200000000            0.0209452668
       -5.5100000000            0.0210848993
       -5.5000000000            0.0212260477
       -5.4900000000            0.0213687374
       -5.4800000000            0.0215129947
       -5.4700000000            0.0216588461
       -5.4600000000            0.0218063189
       -5.4500000000            0.0219554409
       -5.4400000000            0.0221062407
       -5.4300000000            0.0222587472
       -5.4200000000            0.0224129904
       -5.4100000000            0.0225690005
       -5.4000000000            0.0227268088
       -5.3900000000            0.0228864470
       -5.3800000000            0.0230479477
       -5.3700000000            0.0232113443
       -5.3600000000            0.0233766708
       -5.3500000000            0.0235439620
       -5.3400000000            0.0237132539
       -5.3300000000            0.0238845828
       -5.3200000000            0.0240579863
       -5.3100000000            0.0242335028
       -5.3000000000            0.0244111714
       -5.2900000000            0.0245910325
       -5.2800000000            0.0247731272
       -5.2700000000            0.0249574979
       -5.2600000000            0.0251441879
       -5.2500000000            0.0253332415
       -5.2400000000            0.0255247043
       -5.2300000000            0.0257186229
       -5.2200000000            0.0259150453
       -5.2100000000            0.0261140205
       -5.2000000000            0.0263155990
       -5.1900000000            0.0265198325
       -5.1800000000            0.0267267740
       -5.1700000000            0.0269364781
       -5.1600000000            0.0271490008
       -5.1500000000            0.0273643994
       -5.1400000000            0.0275827330
       -5.1300000000            0.0278040622
       -5.1200000000            0.0280284495
       -5.1100000000            0.0282559587
       -5.1000000000            0.0284866558
       -5.0900000000            0.0287206085
       -5.0800000000            0.0289578863
       -5.0700000000            0.0291985609
       -5.0600000000            0.0294427061
       -5.0500000000            0.0296903975
       -5.0400000000            0.0299417133
       -5.0300000000            0.0301967337
       -5.0200000000            0.0304555417
       -5.0100000000            0.0307182223
       -5.0000000000            0.0309848634
       -4.9900000000            0.0312555555
       -4.9800000000            0.0315303919
       -4.9700000000            0.0318094687
       -4.9600000000            0.0320928850
       -4.9500000000            0.0323807432
       -4.9400000000            0.0326731487
       -4.9300000000            0.0329702105
       -4.9200000000            0.0332720411
       -4.9100000000            0.0335787564
       -4.9000000000            0.0338904765
       -4.8900000000            0.0342073251
       -4.8800000000            0.0345294303
       -4.8700000000            0.0348569243
       -4.8600000000            0.0351899440
       -4.8500000000            0.0355286309
       -4.8400000000            0.0358731314
       -4.8300000000            0.0362235969
       -4.8200000000            0.0365801843
       -4.8100000000            0.0369430560
       -4.8000000000            0.0373123801
       -4.7900000000            0.0376883309
       -4.7800000000            0.0380710891
       -4.7700000000            0.0384608419
       -4.7600000000            0.0388577836
       -4.7500000000            0.0392621156
       -4.7400000000            0.0396740470
       -4.7300000000            0.0400937951
       -4.7200000000            0.0405215851
       -4.7100000000            0.0409576514
       -4.7000000000            0.0414022373
       -4.6900000000            0.0418555959
       -4.6800000000            0.0423179903
       -4.6700000000            0.0427896944
       -4.6600000000            0.0432709931
       -4.6500000000            0.0437621831
       -4.6400000000            0.0442635733
       -4.6300000000            0.0447754858
       -4.6200000000            0.0452982560
       -4.6100000000            0.0458322341
       -4.6000000000            0.0463777850
       -4.5900000000            0.0469352896
       -4.5800000000            0.0475051459
       -4.5700000000            0.0480877692
       -4.5600000000            0.0486835936
       -4.5500000000            0.0492930729
       -4.5400000000            0.0499166818
       -4.5300000000            0.0505549169
       -4.5200000000            0.0512082978
       -4.5100000000            0.0518773690
       -4.5000000000            0.0525627007
       -4.4900000000            0.0532648907
       -4.4800000000            0.0539845657
       -4.4700000000            0.0547223835
       -4.4600000000            0.0554790343
       -4.4500000000            0.0562552430
       -4.4400000000            0.0570517712
       -4.4300000000            0.0578694194
       -4.4200000000            0.0587090295
       -4.4100000000            0.0595714874
       -4.4000000000            0.0604577255
       -4.3900000000            0.0613687260
       -4.3800000000            0.0623055237
       -4.3700000000            0.0632692096
       -4.3600000000            0.0642609345
       -4.3500000000            0.0652819127
       -4.3400000000            0.0663334265
       -4.3300000000            0.0674168304
       -4.3200000000            0.0685335556
       -4.3100000000            0.0696851157
       -4.3000000000            0.0708731119
       -4.2900000000            0.0720992388
       -4.2800000000            0.0733652907
       -4.2700000000            0.0746731683
       -4.2600000000            0.0760248863
       -4.2500000000            0.0774225805
       -4.2400000000            0.0788685164
       -4.2300000000            0.0803650980
       -4.2200000000            0.0819148771
       -4.2100000000            0.0835205632
       -4.2000000000            0.0851850343
       -4.1900000000            0.0869113481
       -4.1800000000            0.0887027539
       -4.1700000000            0.0905627055
       -4.1600000000            0.0924948739
       -4.1500000000            0.0945031617
       -4.1400000000            0.0965917174
       -4.1300000000            0.0987649504
       -4.1200000000            0.1010275464
       -4.1100000000            0.1033844831
       -4.1000000000            0.1058410461
       -4.0900000000            0.1084028445
       -4.0800000000            0.1110758257
       -4.0700000000            0.1138662902
       -4.0600000000            0.1167809035
       -4.0500000000            0.1198267074
       -4.0400000000            0.1230111268
       -4.0300000000            0.1263419735
       -4.0200000000            0.1298274439
       -4.0100000000            0.1334761097
       -4.0000000000            0.1372968994
       -3.9900000000            0.1412990688
       -3.9800000000            0.1454921566
       -3.9700000000            0.1498859217
       -3.9600000000            0.1544902599
       -3.9500000000            0.1593150925
       -3.9400000000            0.1643702238
       -3.9300000000            0.1696651599
       -3.9200000000            0.1752088830
       -3.9100000000            0.1810095731
       -3.9000000000            0.1870742702
       -3.8900000000            0.1934084696
       -3.8800000000            0.2000156433
       -3.8700000000            0.2068966826
       -3.8600000000            0.2140492611
       -3.8500000000            0.2214671171
       -3.8400000000            0.2291392673
       -3.8300000000            0.2370491653
       -3.8200000000            0.2451738330
       -3.8100000000            0.2534830043
       -3.8000000000            0.2619383334
       -3.7900000000            0.2704927361
       -3.7800000000            0.2790899449
       -3.7700000000            0.2876643674
       -3.7600000000            0.2961413418
       -3.7500000000            0.3044378734
       -3.7400000000            0.3124639180
       -3.7300000000            0.3201242448
       -3.7200000000            0.3273208613
       -3.7100000000            0.3339559305
       -3.7000000000            0.3399350505
       -3.6900000000            0.3451707151
       -3.6800000000            0.3495857378
       -3.6700000000            0.3531164105
       -3.6600000000            0.3557151780
       -3.6500000000            0.3573526508
       -3.6400000000            0.3580188298
       -3.6300000000            0.3577234807
       -3.6200000000            0.3564956593
       -3.6100000000            0.3543824388
       -3.6000000000            0.3514469400
       -3.5900000000            0.3477657941
       -3.5800000000            0.3434261964
       -3.5700000000            0.3385227230
       -3.5600000000            0.3331540885
       -3.5500000000            0.3274200182
       -3.5400000000            0.3214183895
       -3.5300000000            0.3152427660
       -3.5200000000            0.3089804103
       -3.5100000000            0.3027108152
       -3.5000000000            0.2965047550
       -3.4900000000            0.2904238178
       -3.4800000000            0.2845203591
       -3.4700000000            0.2788377952
       -3.4600000000            0.2734111554
       -3.4500000000            0.2682678101
       -3.4400000000            0.2634283032
       -3.4300000000            0.2589072279
       -3.4200000000            0.2547140984
       -3.4100000000            0.2508541842
       -3.4000000000            0.2473292816
       -3.3900000000            0.2441384116
       -3.3800000000            0.2412784356
       -3.3700000000            0.2387445905
       -3.3600000000            0.2365309451
       -3.3500000000            0.2346307845
       -3.3400000000            0.2330369290
       -3.3300000000            0.2317419955
       -3.3200000000            0.2307386098
       -3.3100000000            0.2300195756
       -3.3000000000            0.2295780086
       -3.2900000000            0.2294074406
       -3.2800000000            0.2295019005
       -3.2700000000            0.2298559742
       -3.2600000000            0.2304648507
       -3.2500000000            0.2313243551
       -3.2400000000            0.2324309726
       -3.2300000000            0.2337818657
       -3.2200000000            0.2353748867
       -3.2100000000            0.2372085859
       -3.2000000000            0.2392822195
       -3.1900000000            0.2415957553
       -3.1800000000            0.2441498790
       -3.1700000000            0.2469460015
       -3.1600000000            0.2499862674
       -3.1500000000            0.2532735659
       -3.1400000000            0.2568115441
       -3.1300000000            0.2606046232
       -3.1200000000            0.2646580184
       -3.1100000000            0.2689777627
       -3.1000000000            0.2735707341
       -3.0900000000            0.2784446885
       -3.0800000000            0.2836082970
       -3.0700000000            0.2890711887
       -3.0600000000            0.2948439998
       -3.0500000000            0.3009384288
       -3.0400000000            0.3073672990
       -3.0300000000            0.3141446288
       -3.0200000000            0.3212857108
       -3.0100000000            0.3288071995
       -3.0000000000            0.3367272105
       -2.9900000000            0.3450654306
       -2.9800000000            0.3538432401
       -2.9700000000            0.3630838509
       -2.9600000000            0.3728124584
       -2.9500000000            0.3830564132
       -2.9400000000            0.3938454107
       -2.9300000000            0.4052117048
       -2.9200000000            0.4171903454
       -2.9100000000            0.4298194451
       -2.9000000000            0.4431404779
       -2.8900000000            0.4571986141
       -2.8800000000            0.4720430970
       -2.8700000000            0.4877276671
       -2.8600000000            0.5043110400
       -2.8500000000            0.5218574465
       -2.8400000000            0.5404372440
       -2.8300000000            0.5601276094
       -2.8200000000            0.5810133273
       -2.8100000000            0.6031876876
       -2.8000000000            0.6267535100
       -2.7900000000            0.6518243169
       -2.7800000000            0.6785256796
       -2.7700000000            0.7069967669
       -2.7600000000            0.7373921319
       -2.7500000000            0.7698837801
       -2.7400000000            0.8046635695
       -2.7300000000            0.8419460064
       -2.7200000000            0.8819715109
       -2.7100000000            0.9250102469
       -2.7000000000            0.9713666284
       -2.6900000000            1.0213846441
       -2.6800000000            1.0754541726
       -2.6700000000            1.1340185054
       -2.6600000000            1.1975833484
       -2.6500000000            1.2667276438
       -2.6400000000            1.3421166438
       -2.6300000000            1.4245177896
       -2.6200000000            1.5148201024
       -2.6100000000            1.6140580043
       -2.6000000000            1.7234407615
       -2.5900000000            1.8443891199
       -2.5800000000            1.9785812087
       -2.5700000000            2.1280104926
       -2.5600000000            2.2950595196
       -2.5500000000            2.4825945810
       -2.5400000000            2.6940883368
       -2.5300000000            2.9337802520
       -2.5200000000            3.2068887632
       -2.5100000000            3.5198951269
       -2.5000000000            3.8809279885
       -2.4900000000            4.3002916180
       -2.4800000000            4.7912024913
       -2.4700000000            5.3708335265
       -2.4600000000            6.0618217910
       -2.4500000000            6.8944900295
       -2.4400000000            7.9101950376
       -2.4300000000            9.1665047408
       -2.4200000000           10.7454370556
       -2.4100000000           12.7670102874
       -2.4000000000           15.4123909357
       -2.3900000000           18.9652211164
       -2.3800000000           23.8893401019
       -2.3700000000           30.9843038665
       -2.3600000000           41.7208599223
       -2.3500000000           59.0346777848
       -2.3400000000           89.4333052868
       -2.3300000000          149.4428561943
       -2.3200000000          288.6266077149
       -2.3100000000          668.3489671434
       -2.3000000000         1280.2365692673
       -2.2900000000          761.0124767415
       -2.2800000000          323.6786705138
       -2.2700000000          163.8901111566
       -2.2600000000           96.6697739983
       -2.2500000000           63.2441855075
       -2.2400000000           44.4507377628
       -2.2300000000           32.9023598013
       -2.2200000000           25.3208692539
       -2.2100000000           20.0843566830
       -2.2000000000           16.3195910464
       -2.1900000000           13.5238457362
       -2.1800000000           11.3915732038
       -2.1700000000            9.7285828695
       -2.1600000000            8.4067525068
       -2.1500000000            7.3388222029
       -2.1400000000            6.4637178159
       -2.1300000000            5.7376679328
       -2.1200000000            5.1286437765
       -2.1100000000            4.6127752419
       -2.1000000000            4.1719800405
       -2.0900000000            3.7923587790
       -2.0800000000            3.4630858994
       -2.0700000000            3.1756289308
       -2.0600000000            2.9231895619
       -2.0500000000            2.7002973663
       -2.0400000000            2.5025103462
       -2.0300000000            2.3261913779
       -2.0200000000            2.1683393488
       -2.0100000000            2.0264602188
       -2.0000000000            1.8984675732
       -1.9900000000            1.7826052051
       -1.9800000000            1.6773863233
       -1.9700000000            1.5815454266
       -1.9600000000            1.4939999175
       -1.9500000000            1.4138192654
       -1.9400000000            1.3402000699
       -1.9300000000            1.2724457676
       -1.9200000000            1.2099500212
       -1.9100000000            1.1521830449
       -1.9000000000            1.0986802896
       -1.8900000000            1.0490330319
       -1.8800000000            1.0028805103
       -1.8700000000            0.9599033247
       -1.8600000000            0.9198178719
       -1.8500000000            0.8823716357
       -1.8400000000            0.8473391850
       -1.8300000000            0.8145187598
       -1.8200000000            0.7837293501
       -1.8100000000            0.7548081867
       -1.8000000000            0.7276085786
       -1.7900000000            0.7019980452
       -1.7800000000            0.6778566958
       -1.7700000000            0.6550758214
       -1.7600000000            0.6335566673
       -1.7500000000            0.6132093595
       -1.7400000000            0.5939519647
       -1.7300000000            0.5757096638
       -1.7200000000            0.5584140249
       -1.7100000000            0.5420023611
       -1.7000000000            0.5264171628
       -1.6900000000            0.5116055942
       -1.6800000000            0.4975190467
       -1.6700000000            0.4841127409
       -1.6600000000            0.4713453719
       -1.6500000000            0.4591787926
       -1.6400000000            0.4475777301
       -1.6300000000            0.4365095317
       -1.6200000000            0.4259439367
       -1.6100000000            0.4158528709
       -1.6000000000            0.4062102623
       -1.5900000000            0.3969918739
       -1.5800000000            0.3881751531
       -1.5700000000            0.3797390955
       -1.5600000000            0.3716641215
       -1.5500000000            0.3639319641
       -1.5400000000            0.3565255671
       -1.5300000000            0.3494289928
       -1.5200000000            0.3426273375
       -1.5100000000            0.3361066547
       -1.5000000000            0.3298538852
       -1.4900000000            0.3238567926
       -1.4800000000            0.3181039053
       -1.4700000000            0.3125844624
       -1.4600000000            0.3072883645
       -1.4500000000            0.3022061292
       -1.4400000000            0.2973288490
       -1.4300000000            0.2926481538
       -1.4200000000            0.2881561756
       -1.4100000000            0.2838455164
       -1.4000000000            0.2797092189
       -1.3900000000            0.2757407388
       -1.3800000000            0.2719339198
       -1.3700000000            0.2682829706
       -1.3600000000            0.2647824430
       -1.3500000000            0.2614272127
       -1.3400000000            0.2582124608
       -1.3300000000            0.2551336570
       -1.3200000000            0.2521865441
       -1.3100000000            0.2493671235
       -1.3000000000            0.2466716424
       -1.2900000000            0.2440965809
       -1.2800000000            0.2416386414
       -1.2700000000            0.2392947379
       -1.2600000000            0.2370619864
       -1.2500000000            0.2349376964
       -1.2400000000            0.2329193626
       -1.2300000000            0.2310046576
       -1.2200000000            0.2291914252
       -1.2100000000            0.2274776744
       -1.2000000000            0.2258615736
       -1.1900000000            0.2243414458
       -1.1800000000            0.2229157638
       -1.1700000000            0.2215831467
       -1.1600000000            0.2203423558
       -1.1500000000            0.2191922921
       -1.1400000000            0.2181319930
       -1.1300000000            0.2171606309
       -1.1200000000            0.2162775106
       -1.1100000000            0.2154820687
       -1.1000000000            0.2147738717
       -1.0900000000            0.2141526166
       -1.0800000000            0.2136181295
       -1.0700000000            0.2131703667
       -1.0600000000            0.2128094150
       -1.0500000000            0.2125354925
       -1.0400000000            0.2123489505
       -1.0300000000            0.2122502748
       -1.0200000000            0.2122400883
       -1.0100000000            0.2123191537
       -1.0000000000            0.2124883761
       -0.9900000000            0.2127488074
       -0.9800000000            0.2131016495
       -0.9700000000            0.2135482595
       -0.9600000000            0.2140901543
       -0.9500000000            0.2147290164
       -0.9400000000            0.2154666999
       -0.9300000000            0.2163052373
       -0.9200000000            0.2172468467
       -0.9100000000            0.2182939398
       -0.9000000000            0.2194491304
       -0.8900000000            0.2207152439
       -0.8800000000            0.2220953270
       -0.8700000000            0.2235926588
       -0.8600000000            0.2252107619
       -0.8500000000            0.2269534154
       -0.8400000000            0.2288246672
       -0.8300000000            0.2308288490
       -0.8200000000            0.2329705907
       -0.8100000000            0.2352548364
       -0.8000000000            0.2376868610
       -0.7900000000            0.2402722882
       -0.7800000000            0.2430171089
       -0.7700000000            0.2459277005
       -0.7600000000            0.2490108473
       -0.7500000000            0.2522737614
       -0.7400000000            0.2557241040
       -0.7300000000            0.2593700076
       -0.7200000000            0.2632200981
       -0.7100000000            0.2672835167
       -0.7000000000            0.2715699418
       -0.6900000000            0.2760896097
       -0.6800000000            0.2808533340
       -0.6700000000            0.2858725230
       -0.6600000000            0.2911591941
       -0.6500000000            0.2967259845
       -0.6400000000            0.3025861567
       -0.6300000000            0.3087535981
       -0.6200000000            0.3152428121
       -0.6100000000            0.3220689000
       -0.6000000000            0.3292475313
       -0.5900000000            0.3367949003
       -0.5800000000            0.3447276659
       -0.5700000000            0.3530628743
       -0.5600000000            0.3618178602
       -0.5500000000            0.3710101254
       -0.5400000000            0.3806571937
       -0.5300000000            0.3907764406
       -0.5200000000            0.4013848990
       -0.5100000000            0.4124990430
       -0.5000000000            0.4241345537
       -0.4900000000            0.4363060763
       -0.4800000000            0.4490269764
       -0.4700000000            0.4623091123
       -0.4600000000            0.4761626398
       -0.4500000000            0.4905958724
       -0.4400000000            0.5056152185
       -0.4300000000            0.5212252207
       -0.4200000000            0.5374287179
       -0.4100000000            0.5542271447
       -0.4000000000            0.5716209705
       -0.3900000000            0.5896102665
       -0.3800000000            0.6081953683
       -0.3700000000            0.6273775762
       -0.3600000000            0.6471598180
       -0.3500000000            0.6675471724
       -0.3400000000            0.6885471437
       -0.3300000000            0.7101695713
       -0.3200000000            0.7324260686
       -0.3100000000            0.7553289047
       -0.3000000000            0.7788892749
       -0.2900000000            0.8031149455
       -0.2800000000            0.8280072978
       -0.2700000000            0.8535578402
       -0.2600000000            0.8797442934
       -0.2500000000            0.9065263862
       -0.2400000000            0.9338415305
       -0.2300000000            0.9616005686
       -0.2200000000            0.9896838156
       -0.2100000000            1.0179376469
       -0.2000000000            1.0461719139
       -0.1900000000            1.0741584946
       -0.1800000000            1.1016313081
       -0.1700000000            1.1282881177
       -0.1600000000            1.1537944173
       -0.1500000000            1.1777896206
       -0.1400000000            1.1998956476
       -0.1300000000            1.2197278255
       -0.1200000000            1.2369077979
       -0.1100000000            1.2510778878
       -0.1000000000            1.2619161172
       -0.0900000000            1.2691508893
       -0.0800000000            1.2725742273
       -0.0700000000            1.2720524785
       -0.0600000000            1.2675335366
       -0.0500000000            1.2590499176
       -0.0400000000            1.2467174012
       -0.0300000000            1.2307293716
       -0.0200000000            1.2113473920
       -0.0100000000            1.1888888736
