-0.2000000000E+02 0.6840538091E-01
-0.1999000000E+02 0.6817218380E-01
-0.1998000000E+02 0.6794078135E-01
-0.1997000000E+02 0.6771116538E-01
-0.1996000000E+02 0.6748332753E-01
-0.1995000000E+02 0.6725725929E-01
-0.1994000000E+02 0.6703295202E-01
-0.1993000000E+02 0.6681039690E-01
-0.1992000000E+02 0.6658958502E-01
-0.1991000000E+02 0.6637050729E-01
-0.1990000000E+02 0.6615315453E-01
-0.1989000000E+02 0.6593751745E-01
-0.1988000000E+02 0.6572358663E-01
-0.1987000000E+02 0.6551135254E-01
-0.1986000000E+02 0.6530080558E-01
-0.1985000000E+02 0.6509193602E-01
-0.1984000000E+02 0.6488473406E-01
-0.1983000000E+02 0.6467918983E-01
-0.1982000000E+02 0.6447529337E-01
-0.1981000000E+02 0.6427303464E-01
-0.1980000000E+02 0.6407240354E-01
-0.1979000000E+02 0.6387338991E-01
-0.1978000000E+02 0.6367598353E-01
-0.1977000000E+02 0.6348017413E-01
-0.1976000000E+02 0.6328595140E-01
-0.1975000000E+02 0.6309330498E-01
-0.1974000000E+02 0.6290222445E-01
-0.1973000000E+02 0.6271269940E-01
-0.1972000000E+02 0.6252471935E-01
-0.1971000000E+02 0.6233827381E-01
-0.1970000000E+02 0.6215335228E-01
-0.1969000000E+02 0.6196994422E-01
-0.1968000000E+02 0.6178803910E-01
-0.1967000000E+02 0.6160762636E-01
-0.1966000000E+02 0.6142869544E-01
-0.1965000000E+02 0.6125123578E-01
-0.1964000000E+02 0.6107523682E-01
-0.1963000000E+02 0.6090068800E-01
-0.1962000000E+02 0.6072757879E-01
-0.1961000000E+02 0.6055589863E-01
-0.1960000000E+02 0.6038563701E-01
-0.1959000000E+02 0.6021678342E-01
-0.1958000000E+02 0.6004932737E-01
-0.1957000000E+02 0.5988325841E-01
-0.1956000000E+02 0.5971856611E-01
-0.1955000000E+02 0.5955524004E-01
-0.1954000000E+02 0.5939326985E-01
-0.1953000000E+02 0.5923264518E-01
-0.1952000000E+02 0.5907335574E-01
-0.1951000000E+02 0.5891539126E-01
-0.1950000000E+02 0.5875874152E-01
-0.1949000000E+02 0.5860339634E-01
-0.1948000000E+02 0.5844934563E-01
-0.1947000000E+02 0.5829657939E-01
-0.1946000000E+02 0.5814508745E-01
-0.1945000000E+02 0.5799485984E-01
-0.1944000000E+02 0.5784588664E-01
-0.1943000000E+02 0.5769815797E-01
-0.1942000000E+02 0.5755166402E-01
-0.1941000000E+02 0.5740639504E-01
-0.1940000000E+02 0.5726234133E-01
-0.1939000000E+02 0.5711949328E-01
-0.1938000000E+02 0.5697784132E-01
-0.1937000000E+02 0.5683737595E-01
-0.1936000000E+02 0.5669808774E-01
-0.1935000000E+02 0.5655996733E-01
-0.1934000000E+02 0.5642300543E-01
-0.1933000000E+02 0.5628719282E-01
-0.1932000000E+02 0.5615252035E-01
-0.1931000000E+02 0.5601897896E-01
-0.1930000000E+02 0.5588655964E-01
-0.1929000000E+02 0.5575525346E-01
-0.1928000000E+02 0.5562505158E-01
-0.1927000000E+02 0.5549594523E-01
-0.1926000000E+02 0.5536792572E-01
-0.1925000000E+02 0.5524098442E-01
-0.1924000000E+02 0.5511511281E-01
-0.1923000000E+02 0.5499030243E-01
-0.1922000000E+02 0.5486654490E-01
-0.1921000000E+02 0.5474383193E-01
-0.1920000000E+02 0.5462215531E-01
-0.1919000000E+02 0.5450150689E-01
-0.1918000000E+02 0.5438187863E-01
-0.1917000000E+02 0.5426326257E-01
-0.1916000000E+02 0.5414565080E-01
-0.1915000000E+02 0.5402903554E-01
-0.1914000000E+02 0.5391340905E-01
-0.1913000000E+02 0.5379876369E-01
-0.1912000000E+02 0.5368509191E-01
-0.1911000000E+02 0.5357238623E-01
-0.1910000000E+02 0.5346063926E-01
-0.1909000000E+02 0.5334984368E-01
-0.1908000000E+02 0.5323999227E-01
-0.1907000000E+02 0.5313107788E-01
-0.1906000000E+02 0.5302309343E-01
-0.1905000000E+02 0.5291603195E-01
-0.1904000000E+02 0.5280988653E-01
-0.1903000000E+02 0.5270465035E-01
-0.1902000000E+02 0.5260031665E-01
-0.1901000000E+02 0.5249687878E-01
-0.1900000000E+02 0.5239433014E-01
-0.1899000000E+02 0.5229266423E-01
-0.1898000000E+02 0.5219187463E-01
-0.1897000000E+02 0.5209195496E-01
-0.1896000000E+02 0.5199289897E-01
-0.1895000000E+02 0.5189470044E-01
-0.1894000000E+02 0.5179735326E-01
-0.1893000000E+02 0.5170085137E-01
-0.1892000000E+02 0.5160518880E-01
-0.1891000000E+02 0.5151035965E-01
-0.1890000000E+02 0.5141635807E-01
-0.1889000000E+02 0.5132317833E-01
-0.1888000000E+02 0.5123081472E-01
-0.1887000000E+02 0.5113926163E-01
-0.1886000000E+02 0.5104851352E-01
-0.1885000000E+02 0.5095856490E-01
-0.1884000000E+02 0.5086941037E-01
-0.1883000000E+02 0.5078104457E-01
-0.1882000000E+02 0.5069346224E-01
-0.1881000000E+02 0.5060665815E-01
-0.1880000000E+02 0.5052062716E-01
-0.1879000000E+02 0.5043536420E-01
-0.1878000000E+02 0.5035086422E-01
-0.1877000000E+02 0.5026712228E-01
-0.1876000000E+02 0.5018413348E-01
-0.1875000000E+02 0.5010189297E-01
-0.1874000000E+02 0.5002039599E-01
-0.1873000000E+02 0.4993963780E-01
-0.1872000000E+02 0.4985961374E-01
-0.1871000000E+02 0.4978031922E-01
-0.1870000000E+02 0.4970174967E-01
-0.1869000000E+02 0.4962390061E-01
-0.1868000000E+02 0.4954676759E-01
-0.1867000000E+02 0.4947034623E-01
-0.1866000000E+02 0.4939463219E-01
-0.1865000000E+02 0.4931962119E-01
-0.1864000000E+02 0.4924530900E-01
-0.1863000000E+02 0.4917169144E-01
-0.1862000000E+02 0.4909876437E-01
-0.1861000000E+02 0.4902652372E-01
-0.1860000000E+02 0.4895496544E-01
-0.1859000000E+02 0.4888408556E-01
-0.1858000000E+02 0.4881388013E-01
-0.1857000000E+02 0.4874434526E-01
-0.1856000000E+02 0.4867547709E-01
-0.1855000000E+02 0.4860727183E-01
-0.1854000000E+02 0.4853972571E-01
-0.1853000000E+02 0.4847283502E-01
-0.1852000000E+02 0.4840659608E-01
-0.1851000000E+02 0.4834100526E-01
-0.1850000000E+02 0.4827605897E-01
-0.1849000000E+02 0.4821175365E-01
-0.1848000000E+02 0.4814808580E-01
-0.1847000000E+02 0.4808505195E-01
-0.1846000000E+02 0.4802264867E-01
-0.1845000000E+02 0.4796087257E-01
-0.1844000000E+02 0.4789972029E-01
-0.1843000000E+02 0.4783918851E-01
-0.1842000000E+02 0.4777927397E-01
-0.1841000000E+02 0.4771997341E-01
-0.1840000000E+02 0.4766128363E-01
-0.1839000000E+02 0.4760320146E-01
-0.1838000000E+02 0.4754572378E-01
-0.1837000000E+02 0.4748884748E-01
-0.1836000000E+02 0.4743256949E-01
-0.1835000000E+02 0.4737688679E-01
-0.1834000000E+02 0.4732179639E-01
-0.1833000000E+02 0.4726729533E-01
-0.1832000000E+02 0.4721338067E-01
-0.1831000000E+02 0.4716004952E-01
-0.1830000000E+02 0.4710729902E-01
-0.1829000000E+02 0.4705512635E-01
-0.1828000000E+02 0.4700352871E-01
-0.1827000000E+02 0.4695250332E-01
-0.1826000000E+02 0.4690204747E-01
-0.1825000000E+02 0.4685215846E-01
-0.1824000000E+02 0.4680283360E-01
-0.1823000000E+02 0.4675407027E-01
-0.1822000000E+02 0.4670586586E-01
-0.1821000000E+02 0.4665821779E-01
-0.1820000000E+02 0.4661112352E-01
-0.1819000000E+02 0.4656458053E-01
-0.1818000000E+02 0.4651858634E-01
-0.1817000000E+02 0.4647313850E-01
-0.1816000000E+02 0.4642823458E-01
-0.1815000000E+02 0.4638387219E-01
-0.1814000000E+02 0.4634004897E-01
-0.1813000000E+02 0.4629676257E-01
-0.1812000000E+02 0.4625401071E-01
-0.1811000000E+02 0.4621179109E-01
-0.1810000000E+02 0.4617010148E-01
-0.1809000000E+02 0.4612893966E-01
-0.1808000000E+02 0.4608830345E-01
-0.1807000000E+02 0.4604819068E-01
-0.1806000000E+02 0.4600859923E-01
-0.1805000000E+02 0.4596952700E-01
-0.1804000000E+02 0.4593097192E-01
-0.1803000000E+02 0.4589293194E-01
-0.1802000000E+02 0.4585540506E-01
-0.1801000000E+02 0.4581838930E-01
-0.1800000000E+02 0.4578188269E-01
-0.1799000000E+02 0.4574588331E-01
-0.1798000000E+02 0.4571038927E-01
-0.1797000000E+02 0.4567539869E-01
-0.1796000000E+02 0.4564090974E-01
-0.1795000000E+02 0.4560692061E-01
-0.1794000000E+02 0.4557342952E-01
-0.1793000000E+02 0.4554043471E-01
-0.1792000000E+02 0.4550793445E-01
-0.1791000000E+02 0.4547592706E-01
-0.1790000000E+02 0.4544441086E-01
-0.1789000000E+02 0.4541338422E-01
-0.1788000000E+02 0.4538284553E-01
-0.1787000000E+02 0.4535279320E-01
-0.1786000000E+02 0.4532322568E-01
-0.1785000000E+02 0.4529414146E-01
-0.1784000000E+02 0.4526553903E-01
-0.1783000000E+02 0.4523741692E-01
-0.1782000000E+02 0.4520977371E-01
-0.1781000000E+02 0.4518260798E-01
-0.1780000000E+02 0.4515591836E-01
-0.1779000000E+02 0.4512970348E-01
-0.1778000000E+02 0.4510396203E-01
-0.1777000000E+02 0.4507869272E-01
-0.1776000000E+02 0.4505389427E-01
-0.1775000000E+02 0.4502956546E-01
-0.1774000000E+02 0.4500570507E-01
-0.1773000000E+02 0.4498231193E-01
-0.1772000000E+02 0.4495938488E-01
-0.1771000000E+02 0.4493692281E-01
-0.1770000000E+02 0.4491492463E-01
-0.1769000000E+02 0.4489338926E-01
-0.1768000000E+02 0.4487231568E-01
-0.1767000000E+02 0.4485170288E-01
-0.1766000000E+02 0.4483154989E-01
-0.1765000000E+02 0.4481185576E-01
-0.1764000000E+02 0.4479261956E-01
-0.1763000000E+02 0.4477384042E-01
-0.1762000000E+02 0.4475551747E-01
-0.1761000000E+02 0.4473764988E-01
-0.1760000000E+02 0.4472023684E-01
-0.1759000000E+02 0.4470327760E-01
-0.1758000000E+02 0.4468677140E-01
-0.1757000000E+02 0.4467071753E-01
-0.1756000000E+02 0.4465511530E-01
-0.1755000000E+02 0.4463996407E-01
-0.1754000000E+02 0.4462526320E-01
-0.1753000000E+02 0.4461101209E-01
-0.1752000000E+02 0.4459721020E-01
-0.1751000000E+02 0.4458385696E-01
-0.1750000000E+02 0.4457095188E-01
-0.1749000000E+02 0.4455849449E-01
-0.1748000000E+02 0.4454648432E-01
-0.1747000000E+02 0.4453492096E-01
-0.1746000000E+02 0.4452380403E-01
-0.1745000000E+02 0.4451313317E-01
-0.1744000000E+02 0.4450290804E-01
-0.1743000000E+02 0.4449312834E-01
-0.1742000000E+02 0.4448379382E-01
-0.1741000000E+02 0.4447490422E-01
-0.1740000000E+02 0.4446645934E-01
-0.1739000000E+02 0.4445845900E-01
-0.1738000000E+02 0.4445090306E-01
-0.1737000000E+02 0.4444379139E-01
-0.1736000000E+02 0.4443712390E-01
-0.1735000000E+02 0.4443090055E-01
-0.1734000000E+02 0.4442512130E-01
-0.1733000000E+02 0.4441978616E-01
-0.1732000000E+02 0.4441489516E-01
-0.1731000000E+02 0.4441044836E-01
-0.1730000000E+02 0.4440644588E-01
-0.1729000000E+02 0.4440288782E-01
-0.1728000000E+02 0.4439977436E-01
-0.1727000000E+02 0.4439710568E-01
-0.1726000000E+02 0.4439488200E-01
-0.1725000000E+02 0.4439310357E-01
-0.1724000000E+02 0.4439177069E-01
-0.1723000000E+02 0.4439088367E-01
-0.1722000000E+02 0.4439044284E-01
-0.1721000000E+02 0.4439044861E-01
-0.1720000000E+02 0.4439090137E-01
-0.1719000000E+02 0.4439180157E-01
-0.1718000000E+02 0.4439314968E-01
-0.1717000000E+02 0.4439494623E-01
-0.1716000000E+02 0.4439719173E-01
-0.1715000000E+02 0.4439988679E-01
-0.1714000000E+02 0.4440303199E-01
-0.1713000000E+02 0.4440662797E-01
-0.1712000000E+02 0.4441067543E-01
-0.1711000000E+02 0.4441517505E-01
-0.1710000000E+02 0.4442012758E-01
-0.1709000000E+02 0.4442553379E-01
-0.1708000000E+02 0.4443139450E-01
-0.1707000000E+02 0.4443771054E-01
-0.1706000000E+02 0.4444448279E-01
-0.1705000000E+02 0.4445171217E-01
-0.1704000000E+02 0.4445939961E-01
-0.1703000000E+02 0.4446754610E-01
-0.1702000000E+02 0.4447615265E-01
-0.1701000000E+02 0.4448522033E-01
-0.1700000000E+02 0.4449475020E-01
-0.1699000000E+02 0.4450474340E-01
-0.1698000000E+02 0.4451520109E-01
-0.1697000000E+02 0.4452612445E-01
-0.1696000000E+02 0.4453751473E-01
-0.1695000000E+02 0.4454937318E-01
-0.1694000000E+02 0.4456170112E-01
-0.1693000000E+02 0.4457449989E-01
-0.1692000000E+02 0.4458777087E-01
-0.1691000000E+02 0.4460151548E-01
-0.1690000000E+02 0.4461573517E-01
-0.1689000000E+02 0.4463043145E-01
-0.1688000000E+02 0.4464560584E-01
-0.1687000000E+02 0.4466125991E-01
-0.1686000000E+02 0.4467739529E-01
-0.1685000000E+02 0.4469401362E-01
-0.1684000000E+02 0.4471111660E-01
-0.1683000000E+02 0.4472870596E-01
-0.1682000000E+02 0.4474678348E-01
-0.1681000000E+02 0.4476535097E-01
-0.1680000000E+02 0.4478441028E-01
-0.1679000000E+02 0.4480396333E-01
-0.1678000000E+02 0.4482401204E-01
-0.1677000000E+02 0.4484455840E-01
-0.1676000000E+02 0.4486560445E-01
-0.1675000000E+02 0.4488715225E-01
-0.1674000000E+02 0.4490920392E-01
-0.1673000000E+02 0.4493176162E-01
-0.1672000000E+02 0.4495482755E-01
-0.1671000000E+02 0.4497840396E-01
-0.1670000000E+02 0.4500249316E-01
-0.1669000000E+02 0.4502709747E-01
-0.1668000000E+02 0.4505221930E-01
-0.1667000000E+02 0.4507786107E-01
-0.1666000000E+02 0.4510402528E-01
-0.1665000000E+02 0.4513071446E-01
-0.1664000000E+02 0.4515793118E-01
-0.1663000000E+02 0.4518567808E-01
-0.1662000000E+02 0.4521395784E-01
-0.1661000000E+02 0.4524277319E-01
-0.1660000000E+02 0.4527212692E-01
-0.1659000000E+02 0.4530202185E-01
-0.1658000000E+02 0.4533246089E-01
-0.1657000000E+02 0.4536344696E-01
-0.1656000000E+02 0.4539498307E-01
-0.1655000000E+02 0.4542707226E-01
-0.1654000000E+02 0.4545971763E-01
-0.1653000000E+02 0.4549292234E-01
-0.1652000000E+02 0.4552668961E-01
-0.1651000000E+02 0.4556102271E-01
-0.1650000000E+02 0.4559592496E-01
-0.1649000000E+02 0.4563139977E-01
-0.1648000000E+02 0.4566745057E-01
-0.1647000000E+02 0.4570408088E-01
-0.1646000000E+02 0.4574129425E-01
-0.1645000000E+02 0.4577909433E-01
-0.1644000000E+02 0.4581748480E-01
-0.1643000000E+02 0.4585646942E-01
-0.1642000000E+02 0.4589605201E-01
-0.1641000000E+02 0.4593623646E-01
-0.1640000000E+02 0.4597702671E-01
-0.1639000000E+02 0.4601842677E-01
-0.1638000000E+02 0.4606044075E-01
-0.1637000000E+02 0.4610307278E-01
-0.1636000000E+02 0.4614632710E-01
-0.1635000000E+02 0.4619020799E-01
-0.1634000000E+02 0.4623471983E-01
-0.1633000000E+02 0.4627986704E-01
-0.1632000000E+02 0.4632565414E-01
-0.1631000000E+02 0.4637208572E-01
-0.1630000000E+02 0.4641916643E-01
-0.1629000000E+02 0.4646690102E-01
-0.1628000000E+02 0.4651529430E-01
-0.1627000000E+02 0.4656435118E-01
-0.1626000000E+02 0.4661407661E-01
-0.1625000000E+02 0.4666447567E-01
-0.1624000000E+02 0.4671555349E-01
-0.1623000000E+02 0.4676731529E-01
-0.1622000000E+02 0.4681976639E-01
-0.1621000000E+02 0.4687291219E-01
-0.1620000000E+02 0.4692675816E-01
-0.1619000000E+02 0.4698130988E-01
-0.1618000000E+02 0.4703657302E-01
-0.1617000000E+02 0.4709255334E-01
-0.1616000000E+02 0.4714925667E-01
-0.1615000000E+02 0.4720668898E-01
-0.1614000000E+02 0.4726485630E-01
-0.1613000000E+02 0.4732376477E-01
-0.1612000000E+02 0.4738342063E-01
-0.1611000000E+02 0.4744383022E-01
-0.1610000000E+02 0.4750500000E-01
-0.1609000000E+02 0.4756693650E-01
-0.1608000000E+02 0.4762964639E-01
-0.1607000000E+02 0.4769313642E-01
-0.1606000000E+02 0.4775741348E-01
-0.1605000000E+02 0.4782248455E-01
-0.1604000000E+02 0.4788835673E-01
-0.1603000000E+02 0.4795503723E-01
-0.1602000000E+02 0.4802253339E-01
-0.1601000000E+02 0.4809085267E-01
-0.1600000000E+02 0.4816000263E-01
-0.1599000000E+02 0.4822999098E-01
-0.1598000000E+02 0.4830082554E-01
-0.1597000000E+02 0.4837251426E-01
-0.1596000000E+02 0.4844506523E-01
-0.1595000000E+02 0.4851848666E-01
-0.1594000000E+02 0.4859278691E-01
-0.1593000000E+02 0.4866797445E-01
-0.1592000000E+02 0.4874405793E-01
-0.1591000000E+02 0.4882104611E-01
-0.1590000000E+02 0.4889894791E-01
-0.1589000000E+02 0.4897777238E-01
-0.1588000000E+02 0.4905752875E-01
-0.1587000000E+02 0.4913822638E-01
-0.1586000000E+02 0.4921987479E-01
-0.1585000000E+02 0.4930248367E-01
-0.1584000000E+02 0.4938606285E-01
-0.1583000000E+02 0.4947062233E-01
-0.1582000000E+02 0.4955617231E-01
-0.1581000000E+02 0.4964272311E-01
-0.1580000000E+02 0.4973028526E-01
-0.1579000000E+02 0.4981886946E-01
-0.1578000000E+02 0.4990848658E-01
-0.1577000000E+02 0.4999914768E-01
-0.1576000000E+02 0.5009086401E-01
-0.1575000000E+02 0.5018364701E-01
-0.1574000000E+02 0.5027750832E-01
-0.1573000000E+02 0.5037245976E-01
-0.1572000000E+02 0.5046851336E-01
-0.1571000000E+02 0.5056568138E-01
-0.1570000000E+02 0.5066397626E-01
-0.1569000000E+02 0.5076341067E-01
-0.1568000000E+02 0.5086399750E-01
-0.1567000000E+02 0.5096574984E-01
-0.1566000000E+02 0.5106868104E-01
-0.1565000000E+02 0.5117280466E-01
-0.1564000000E+02 0.5127813451E-01
-0.1563000000E+02 0.5138468463E-01
-0.1562000000E+02 0.5149246932E-01
-0.1561000000E+02 0.5160150312E-01
-0.1560000000E+02 0.5171180082E-01
-0.1559000000E+02 0.5182337750E-01
-0.1558000000E+02 0.5193624847E-01
-0.1557000000E+02 0.5205042935E-01
-0.1556000000E+02 0.5216593601E-01
-0.1555000000E+02 0.5228278462E-01
-0.1554000000E+02 0.5240099162E-01
-0.1553000000E+02 0.5252057379E-01
-0.1552000000E+02 0.5264154815E-01
-0.1551000000E+02 0.5276393209E-01
-0.1550000000E+02 0.5288774328E-01
-0.1549000000E+02 0.5301299971E-01
-0.1548000000E+02 0.5313971973E-01
-0.1547000000E+02 0.5326792199E-01
-0.1546000000E+02 0.5339762551E-01
-0.1545000000E+02 0.5352884965E-01
-0.1544000000E+02 0.5366161412E-01
-0.1543000000E+02 0.5379593903E-01
-0.1542000000E+02 0.5393184482E-01
-0.1541000000E+02 0.5406935234E-01
-0.1540000000E+02 0.5420848284E-01
-0.1539000000E+02 0.5434925795E-01
-0.1538000000E+02 0.5449169971E-01
-0.1537000000E+02 0.5463583060E-01
-0.1536000000E+02 0.5478167350E-01
-0.1535000000E+02 0.5492925175E-01
-0.1534000000E+02 0.5507858913E-01
-0.1533000000E+02 0.5522970988E-01
-0.1532000000E+02 0.5538263871E-01
-0.1531000000E+02 0.5553740080E-01
-0.1530000000E+02 0.5569402183E-01
-0.1529000000E+02 0.5585252797E-01
-0.1528000000E+02 0.5601294594E-01
-0.1527000000E+02 0.5617530294E-01
-0.1526000000E+02 0.5633962673E-01
-0.1525000000E+02 0.5650594562E-01
-0.1524000000E+02 0.5667428850E-01
-0.1523000000E+02 0.5684468481E-01
-0.1522000000E+02 0.5701716460E-01
-0.1521000000E+02 0.5719175851E-01
-0.1520000000E+02 0.5736849783E-01
-0.1519000000E+02 0.5754741447E-01
-0.1518000000E+02 0.5772854097E-01
-0.1517000000E+02 0.5791191058E-01
-0.1516000000E+02 0.5809755720E-01
-0.1515000000E+02 0.5828551546E-01
-0.1514000000E+02 0.5847582068E-01
-0.1513000000E+02 0.5866850894E-01
-0.1512000000E+02 0.5886361707E-01
-0.1511000000E+02 0.5906118266E-01
-0.1510000000E+02 0.5926124411E-01
-0.1509000000E+02 0.5946384064E-01
-0.1508000000E+02 0.5966901229E-01
-0.1507000000E+02 0.5987679997E-01
-0.1506000000E+02 0.6008724546E-01
-0.1505000000E+02 0.6030039144E-01
-0.1504000000E+02 0.6051628153E-01
-0.1503000000E+02 0.6073496029E-01
-0.1502000000E+02 0.6095647327E-01
-0.1501000000E+02 0.6118086699E-01
-0.1500000000E+02 0.6140818903E-01
-0.1499000000E+02 0.6163848801E-01
-0.1498000000E+02 0.6187181364E-01
-0.1497000000E+02 0.6210821674E-01
-0.1496000000E+02 0.6234774927E-01
-0.1495000000E+02 0.6259046437E-01
-0.1494000000E+02 0.6283641639E-01
-0.1493000000E+02 0.6308566092E-01
-0.1492000000E+02 0.6333825480E-01
-0.1491000000E+02 0.6359425623E-01
-0.1490000000E+02 0.6385372470E-01
-0.1489000000E+02 0.6411672114E-01
-0.1488000000E+02 0.6438330785E-01
-0.1487000000E+02 0.6465354863E-01
-0.1486000000E+02 0.6492750879E-01
-0.1485000000E+02 0.6520525515E-01
-0.1484000000E+02 0.6548685617E-01
-0.1483000000E+02 0.6577238192E-01
-0.1482000000E+02 0.6606190417E-01
-0.1481000000E+02 0.6635549641E-01
-0.1480000000E+02 0.6665323395E-01
-0.1479000000E+02 0.6695519392E-01
-0.1478000000E+02 0.6726145534E-01
-0.1477000000E+02 0.6757209920E-01
-0.1476000000E+02 0.6788720848E-01
-0.1475000000E+02 0.6820686826E-01
-0.1474000000E+02 0.6853116572E-01
-0.1473000000E+02 0.6886019026E-01
-0.1472000000E+02 0.6919403355E-01
-0.1471000000E+02 0.6953278960E-01
-0.1470000000E+02 0.6987655480E-01
-0.1469000000E+02 0.7022542805E-01
-0.1468000000E+02 0.7057951081E-01
-0.1467000000E+02 0.7093890717E-01
-0.1466000000E+02 0.7130372396E-01
-0.1465000000E+02 0.7167407082E-01
-0.1464000000E+02 0.7205006028E-01
-0.1463000000E+02 0.7243180788E-01
-0.1462000000E+02 0.7281943224E-01
-0.1461000000E+02 0.7321305519E-01
-0.1460000000E+02 0.7361280185E-01
-0.1459000000E+02 0.7401880074E-01
-0.1458000000E+02 0.7443118390E-01
-0.1457000000E+02 0.7485008701E-01
-0.1456000000E+02 0.7527564951E-01
-0.1455000000E+02 0.7570801472E-01
-0.1454000000E+02 0.7614732996E-01
-0.1453000000E+02 0.7659374672E-01
-0.1452000000E+02 0.7704742078E-01
-0.1451000000E+02 0.7750851234E-01
-0.1450000000E+02 0.7797718623E-01
-0.1449000000E+02 0.7845361200E-01
-0.1448000000E+02 0.7893796413E-01
-0.1447000000E+02 0.7943042220E-01
-0.1446000000E+02 0.7993117104E-01
-0.1445000000E+02 0.8044040096E-01
-0.1444000000E+02 0.8095830792E-01
-0.1443000000E+02 0.8148509374E-01
-0.1442000000E+02 0.8202096630E-01
-0.1441000000E+02 0.8256613977E-01
-0.1440000000E+02 0.8312083486E-01
-0.1439000000E+02 0.8368527903E-01
-0.1438000000E+02 0.8425970675E-01
-0.1437000000E+02 0.8484435975E-01
-0.1436000000E+02 0.8543948734E-01
-0.1435000000E+02 0.8604534663E-01
-0.1434000000E+02 0.8666220287E-01
-0.1433000000E+02 0.8729032974E-01
-0.1432000000E+02 0.8793000971E-01
-0.1431000000E+02 0.8858153430E-01
-0.1430000000E+02 0.8924520453E-01
-0.1429000000E+02 0.8992133123E-01
-0.1428000000E+02 0.9061023543E-01
-0.1427000000E+02 0.9131224878E-01
-0.1426000000E+02 0.9202771397E-01
-0.1425000000E+02 0.9275698519E-01
-0.1424000000E+02 0.9350042853E-01
-0.1423000000E+02 0.9425842254E-01
-0.1422000000E+02 0.9503135871E-01
-0.1421000000E+02 0.9581964197E-01
-0.1420000000E+02 0.9662369130E-01
-0.1419000000E+02 0.9744394027E-01
-0.1418000000E+02 0.9828083770E-01
-0.1417000000E+02 0.9913484823E-01
-0.1416000000E+02 0.1000064531E+00
-0.1415000000E+02 0.1008961506E+00
-0.1414000000E+02 0.1018044574E+00
-0.1413000000E+02 0.1027319084E+00
-0.1412000000E+02 0.1036790585E+00
-0.1411000000E+02 0.1046464829E+00
-0.1410000000E+02 0.1056347781E+00
-0.1409000000E+02 0.1066445628E+00
-0.1408000000E+02 0.1076764791E+00
-0.1407000000E+02 0.1087311934E+00
-0.1406000000E+02 0.1098093976E+00
-0.1405000000E+02 0.1109118098E+00
-0.1404000000E+02 0.1120391764E+00
-0.1403000000E+02 0.1131922725E+00
-0.1402000000E+02 0.1143719039E+00
-0.1401000000E+02 0.1155789078E+00
-0.1400000000E+02 0.1168141553E+00
-0.1399000000E+02 0.1180785520E+00
-0.1398000000E+02 0.1193730403E+00
-0.1397000000E+02 0.1206986006E+00
-0.1396000000E+02 0.1220562539E+00
-0.1395000000E+02 0.1234470630E+00
-0.1394000000E+02 0.1248721350E+00
-0.1393000000E+02 0.1263326233E+00
-0.1392000000E+02 0.1278297300E+00
-0.1391000000E+02 0.1293647080E+00
-0.1390000000E+02 0.1309388641E+00
-0.1389000000E+02 0.1325535612E+00
-0.1388000000E+02 0.1342102214E+00
-0.1387000000E+02 0.1359103290E+00
-0.1386000000E+02 0.1376554335E+00
-0.1385000000E+02 0.1394471531E+00
-0.1384000000E+02 0.1412871783E+00
-0.1383000000E+02 0.1431772756E+00
-0.1382000000E+02 0.1451192915E+00
-0.1381000000E+02 0.1471151567E+00
-0.1380000000E+02 0.1491668904E+00
-0.1379000000E+02 0.1512766053E+00
-0.1378000000E+02 0.1534465124E+00
-0.1377000000E+02 0.1556789263E+00
-0.1376000000E+02 0.1579762707E+00
-0.1375000000E+02 0.1603410846E+00
-0.1374000000E+02 0.1627760282E+00
-0.1373000000E+02 0.1652838897E+00
-0.1372000000E+02 0.1678675923E+00
-0.1371000000E+02 0.1705302015E+00
-0.1370000000E+02 0.1732749332E+00
-0.1369000000E+02 0.1761051615E+00
-0.1368000000E+02 0.1790244281E+00
-0.1367000000E+02 0.1820364508E+00
-0.1366000000E+02 0.1851451341E+00
-0.1365000000E+02 0.1883545787E+00
-0.1364000000E+02 0.1916690930E+00
-0.1363000000E+02 0.1950932043E+00
-0.1362000000E+02 0.1986316709E+00
-0.1361000000E+02 0.2022894947E+00
-0.1360000000E+02 0.2060719350E+00
-0.1359000000E+02 0.2099845218E+00
-0.1358000000E+02 0.2140330710E+00
-0.1357000000E+02 0.2182236995E+00
-0.1356000000E+02 0.2225628413E+00
-0.1355000000E+02 0.2270572641E+00
-0.1354000000E+02 0.2317140864E+00
-0.1353000000E+02 0.2365407955E+00
-0.1352000000E+02 0.2415452656E+00
-0.1351000000E+02 0.2467357769E+00
-0.1350000000E+02 0.2521210342E+00
-0.1349000000E+02 0.2577101864E+00
-0.1348000000E+02 0.2635128457E+00
-0.1347000000E+02 0.2695391064E+00
-0.1346000000E+02 0.2757995636E+00
-0.1345000000E+02 0.2823053304E+00
-0.1344000000E+02 0.2890680544E+00
-0.1343000000E+02 0.2960999322E+00
-0.1342000000E+02 0.3034137209E+00
-0.1341000000E+02 0.3110227472E+00
-0.1340000000E+02 0.3189409115E+00
-0.1339000000E+02 0.3271826877E+00
-0.1338000000E+02 0.3357631151E+00
-0.1337000000E+02 0.3446977836E+00
-0.1336000000E+02 0.3540028076E+00
-0.1335000000E+02 0.3636947889E+00
-0.1334000000E+02 0.3737907640E+00
-0.1333000000E+02 0.3843081345E+00
-0.1332000000E+02 0.3952645761E+00
-0.1331000000E+02 0.4066779224E+00
-0.1330000000E+02 0.4185660203E+00
-0.1329000000E+02 0.4309465497E+00
-0.1328000000E+02 0.4438368033E+00
-0.1327000000E+02 0.4572534203E+00
-0.1326000000E+02 0.4712120656E+00
-0.1325000000E+02 0.4857270481E+00
-0.1324000000E+02 0.5008108693E+00
-0.1323000000E+02 0.5164736944E+00
-0.1322000000E+02 0.5327227366E+00
-0.1321000000E+02 0.5495615480E+00
-0.1320000000E+02 0.5669892082E+00
-0.1319000000E+02 0.5849994071E+00
-0.1318000000E+02 0.6035794182E+00
-0.1317000000E+02 0.6227089649E+00
-0.1316000000E+02 0.6423589856E+00
-0.1315000000E+02 0.6624903132E+00
-0.1314000000E+02 0.6830522917E+00
-0.1313000000E+02 0.7039813663E+00
-0.1312000000E+02 0.7251996957E+00
-0.1311000000E+02 0.7466138501E+00
-0.1310000000E+02 0.7681136792E+00
-0.1309000000E+02 0.7895714465E+00
-0.1308000000E+02 0.8108413460E+00
-0.1307000000E+02 0.8317595284E+00
-0.1306000000E+02 0.8521447688E+00
-0.1305000000E+02 0.8717999058E+00
-0.1304000000E+02 0.8905141655E+00
-0.1303000000E+02 0.9080664508E+00
-0.1302000000E+02 0.9242296270E+00
-0.1301000000E+02 0.9387757712E+00
-0.1300000000E+02 0.9514822665E+00
-0.1299000000E+02 0.9621385368E+00
-0.1298000000E+02 0.9705531272E+00
-0.1297000000E+02 0.9765607552E+00
-0.1296000000E+02 0.9800289081E+00
-0.1295000000E+02 0.9808635424E+00
-0.1294000000E+02 0.9790134670E+00
-0.1293000000E+02 0.9744730658E+00
-0.1292000000E+02 0.9672831271E+00
-0.1291000000E+02 0.9575296928E+00
-0.1290000000E+02 0.9453409938E+00
-0.1289000000E+02 0.9308826900E+00
-0.1288000000E+02 0.9143517547E+00
-0.1287000000E+02 0.8959694303E+00
-0.1286000000E+02 0.8759737185E+00
-0.1285000000E+02 0.8546118593E+00
-0.1284000000E+02 0.8321332029E+00
-0.1283000000E+02 0.8087827985E+00
-0.1282000000E+02 0.7847959308E+00
-0.1281000000E+02 0.7603937321E+00
-0.1280000000E+02 0.7357799095E+00
-0.1279000000E+02 0.7111385507E+00
-0.1278000000E+02 0.6866329107E+00
-0.1277000000E+02 0.6624050507E+00
-0.1276000000E+02 0.6385761751E+00
-0.1275000000E+02 0.6152475124E+00
-0.1274000000E+02 0.5925015926E+00
-0.1273000000E+02 0.5704037875E+00
-0.1272000000E+02 0.5490040008E+00
-0.1271000000E+02 0.5283384164E+00
-0.1270000000E+02 0.5084312317E+00
-0.1269000000E+02 0.4892963239E+00
-0.1268000000E+02 0.4709388122E+00
-0.1267000000E+02 0.4533564930E+00
-0.1266000000E+02 0.4365411355E+00
-0.1265000000E+02 0.4204796352E+00
-0.1264000000E+02 0.4051550259E+00
-0.1263000000E+02 0.3905473575E+00
-0.1262000000E+02 0.3766344498E+00
-0.1261000000E+02 0.3633925315E+00
-0.1260000000E+02 0.3507967771E+00
-0.1259000000E+02 0.3388217533E+00
-0.1258000000E+02 0.3274417855E+00
-0.1257000000E+02 0.3166312553E+00
-0.1256000000E+02 0.3063648392E+00
-0.1255000000E+02 0.2966176957E+00
-0.1254000000E+02 0.2873656111E+00
-0.1253000000E+02 0.2785851081E+00
-0.1252000000E+02 0.2702535256E+00
-0.1251000000E+02 0.2623490731E+00
-0.1250000000E+02 0.2548508651E+00
-0.1249000000E+02 0.2477389396E+00
-0.1248000000E+02 0.2409942692E+00
-0.1247000000E+02 0.2345987818E+00
-0.1246000000E+02 0.2285352296E+00
-0.1245000000E+02 0.2227873000E+00
-0.1244000000E+02 0.2173395447E+00
-0.1243000000E+02 0.2121773521E+00
-0.1242000000E+02 0.2072869164E+00
-0.1241000000E+02 0.2026552061E+00
-0.1240000000E+02 0.1982699305E+00
-0.1239000000E+02 0.1941195074E+00
-0.1238000000E+02 0.1901930298E+00
-0.1237000000E+02 0.1864802336E+00
-0.1236000000E+02 0.1829714661E+00
-0.1235000000E+02 0.1796576551E+00
-0.1234000000E+02 0.1765302797E+00
-0.1233000000E+02 0.1735813418E+00
-0.1232000000E+02 0.1708033393E+00
-0.1231000000E+02 0.1681892401E+00
-0.1230000000E+02 0.1657324581E+00
-0.1229000000E+02 0.1634268297E+00
-0.1228000000E+02 0.1612665995E+00
-0.1227000000E+02 0.1592463955E+00
-0.1226000000E+02 0.1573611816E+00
-0.1225000000E+02 0.1556062820E+00
-0.1224000000E+02 0.1539773481E+00
-0.1223000000E+02 0.1524703430E+00
-0.1222000000E+02 0.1510815274E+00
-0.1221000000E+02 0.1498074460E+00
-0.1220000000E+02 0.1486449156E+00
-0.1219000000E+02 0.1475910136E+00
-0.1218000000E+02 0.1466430680E+00
-0.1217000000E+02 0.1457986481E+00
-0.1216000000E+02 0.1450555556E+00
-0.1215000000E+02 0.1444118180E+00
-0.1214000000E+02 0.1438656808E+00
-0.1213000000E+02 0.1434156026E+00
-0.1212000000E+02 0.1430602496E+00
-0.1211000000E+02 0.1427984912E+00
-0.1210000000E+02 0.1426293969E+00
-0.1209000000E+02 0.1425522332E+00
-0.1208000000E+02 0.1425664620E+00
-0.1207000000E+02 0.1426717393E+00
-0.1206000000E+02 0.1428679147E+00
-0.1205000000E+02 0.1431550318E+00
-0.1204000000E+02 0.1435333295E+00
-0.1203000000E+02 0.1440032438E+00
-0.1202000000E+02 0.1445654110E+00
-0.1201000000E+02 0.1452206709E+00
-0.1200000000E+02 0.1459700716E+00
-0.1199000000E+02 0.1468148753E+00
-0.1198000000E+02 0.1477565646E+00
-0.1197000000E+02 0.1487968501E+00
-0.1196000000E+02 0.1499376792E+00
-0.1195000000E+02 0.1511812461E+00
-0.1194000000E+02 0.1525300029E+00
-0.1193000000E+02 0.1539866724E+00
-0.1192000000E+02 0.1555542620E+00
-0.1191000000E+02 0.1572360796E+00
-0.1190000000E+02 0.1590357512E+00
-0.1189000000E+02 0.1609572402E+00
-0.1188000000E+02 0.1630048688E+00
-0.1187000000E+02 0.1651833426E+00
-0.1186000000E+02 0.1674977761E+00
-0.1185000000E+02 0.1699537227E+00
-0.1184000000E+02 0.1725572069E+00
-0.1183000000E+02 0.1753147598E+00
-0.1182000000E+02 0.1782334592E+00
-0.1181000000E+02 0.1813209733E+00
-0.1180000000E+02 0.1845856092E+00
-0.1179000000E+02 0.1880363670E+00
-0.1178000000E+02 0.1916829996E+00
-0.1177000000E+02 0.1955360791E+00
-0.1176000000E+02 0.1996070705E+00
-0.1175000000E+02 0.2039084140E+00
-0.1174000000E+02 0.2084536168E+00
-0.1173000000E+02 0.2132573549E+00
-0.1172000000E+02 0.2183355877E+00
-0.1171000000E+02 0.2237056853E+00
-0.1170000000E+02 0.2293865721E+00
-0.1169000000E+02 0.2353988873E+00
-0.1168000000E+02 0.2417651654E+00
-0.1167000000E+02 0.2485100402E+00
-0.1166000000E+02 0.2556604737E+00
-0.1165000000E+02 0.2632460159E+00
-0.1164000000E+02 0.2712990986E+00
-0.1163000000E+02 0.2798553683E+00
-0.1162000000E+02 0.2889540657E+00
-0.1161000000E+02 0.2986384567E+00
-0.1160000000E+02 0.3089563256E+00
-0.1159000000E+02 0.3199605380E+00
-0.1158000000E+02 0.3317096877E+00
-0.1157000000E+02 0.3442688379E+00
-0.1156000000E+02 0.3577103766E+00
-0.1155000000E+02 0.3721150015E+00
-0.1154000000E+02 0.3875728610E+00
-0.1153000000E+02 0.4041848745E+00
-0.1152000000E+02 0.4220642671E+00
-0.1151000000E+02 0.4413383554E+00
-0.1150000000E+02 0.4621506301E+00
-0.1149000000E+02 0.4846631911E+00
-0.1148000000E+02 0.5090595992E+00
-0.1147000000E+02 0.5355482229E+00
-0.1146000000E+02 0.5643661744E+00
-0.1145000000E+02 0.5957839446E+00
-0.1144000000E+02 0.6301108687E+00
-0.1143000000E+02 0.6677015775E+00
-0.1142000000E+02 0.7089769097E+00
-0.1141000000E+02 0.7543939629E+00
-0.1140000000E+02 0.8044927412E+00
-0.1139000000E+02 0.8598998382E+00
-0.1138000000E+02 0.9213411742E+00
-0.1137000000E+02 0.9896586624E+00
-0.1136000000E+02 0.1065829159E+01
-0.1135000000E+02 0.1150985518E+01
-0.1134000000E+02 0.1246439141E+01
-0.1133000000E+02 0.1353702606E+01
-0.1132000000E+02 0.1474509666E+01
-0.1131000000E+02 0.1610827680E+01
-0.1130000000E+02 0.1764854044E+01
-0.1129000000E+02 0.1938982669E+01
-0.1128000000E+02 0.2135718386E+01
-0.1127000000E+02 0.2357505622E+01
-0.1126000000E+02 0.2606423141E+01
-0.1125000000E+02 0.2883681792E+01
-0.1124000000E+02 0.3188855546E+01
-0.1123000000E+02 0.3518796697E+01
-0.1122000000E+02 0.3866267534E+01
-0.1121000000E+02 0.4218506151E+01
-0.1120000000E+02 0.4556251235E+01
-0.1119000000E+02 0.4854091937E+01
-0.1118000000E+02 0.5083095214E+01
-0.1117000000E+02 0.5216059873E+01
-0.1116000000E+02 0.5234297305E+01
-0.1115000000E+02 0.5133276494E+01
-0.1114000000E+02 0.4924272188E+01
-0.1113000000E+02 0.4631051568E+01
-0.1112000000E+02 0.4283342948E+01
-0.1111000000E+02 0.3910166211E+01
-0.1110000000E+02 0.3535335408E+01
-0.1109000000E+02 0.3175718616E+01
-0.1108000000E+02 0.2841570629E+01
-0.1107000000E+02 0.2537896446E+01
-0.1106000000E+02 0.2266035889E+01
-0.1105000000E+02 0.2025039087E+01
-0.1104000000E+02 0.1812692394E+01
-0.1103000000E+02 0.1626209541E+01
-0.1102000000E+02 0.1462660282E+01
-0.1101000000E+02 0.1319214800E+01
-0.1100000000E+02 0.1193268178E+01
-0.1099000000E+02 0.1082491424E+01
-0.1098000000E+02 0.9848401249E+00
-0.1097000000E+02 0.8985404562E+00
-0.1096000000E+02 0.8220644644E+00
-0.1095000000E+02 0.7541015641E+00
-0.1094000000E+02 0.6935300443E+00
-0.1093000000E+02 0.6393905144E+00
-0.1092000000E+02 0.5908621246E+00
-0.1091000000E+02 0.5472417835E+00
-0.1090000000E+02 0.5079262777E+00
-0.1089000000E+02 0.4723970384E+00
-0.1088000000E+02 0.4402072468E+00
-0.1087000000E+02 0.4109709592E+00
-0.1086000000E+02 0.3843539558E+00
-0.1085000000E+02 0.3600660447E+00
-0.1084000000E+02 0.3378545899E+00
-0.1083000000E+02 0.3174990630E+00
-0.1082000000E+02 0.2988064520E+00
-0.1081000000E+02 0.2816073853E+00
-0.1080000000E+02 0.2657528531E+00
-0.1079000000E+02 0.2511114281E+00
-0.1078000000E+02 0.2375669047E+00
-0.1077000000E+02 0.2250162886E+00
-0.1076000000E+02 0.2133680807E+00
-0.1075000000E+02 0.2025408086E+00
-0.1074000000E+02 0.1924617670E+00
-0.1073000000E+02 0.1830659346E+00
-0.1072000000E+02 0.1742950404E+00
-0.1071000000E+02 0.1660967576E+00
-0.1070000000E+02 0.1584240040E+00
-0.1069000000E+02 0.1512343364E+00
-0.1068000000E+02 0.1444894225E+00
-0.1067000000E+02 0.1381545807E+00
-0.1066000000E+02 0.1321983780E+00
-0.1065000000E+02 0.1265922780E+00
-0.1064000000E+02 0.1213103312E+00
-0.1063000000E+02 0.1163289034E+00
-0.1062000000E+02 0.1116264363E+00
-0.1061000000E+02 0.1071832354E+00
-0.1060000000E+02 0.1029812832E+00
-0.1059000000E+02 0.9900407325E-01
-0.1058000000E+02 0.9523646273E-01
-0.1057000000E+02 0.9166454143E-01
-0.1056000000E+02 0.8827551508E-01
-0.1055000000E+02 0.8505760106E-01
-0.1054000000E+02 0.8199993526E-01
-0.1053000000E+02 0.7909248866E-01
-0.1052000000E+02 0.7632599249E-01
-0.1051000000E+02 0.7369187102E-01
-0.1050000000E+02 0.7118218108E-01
-0.1049000000E+02 0.6878955764E-01
-0.1048000000E+02 0.6650716456E-01
-0.1047000000E+02 0.6432865029E-01
-0.1046000000E+02 0.6224810761E-01
-0.1045000000E+02 0.6026003724E-01
-0.1044000000E+02 0.5835931483E-01
-0.1043000000E+02 0.5654116093E-01
-0.1042000000E+02 0.5480111367E-01
-0.1041000000E+02 0.5313500393E-01
-0.1040000000E+02 0.5153893261E-01
-0.1039000000E+02 0.5000924991E-01
-0.1038000000E+02 0.4854253639E-01
-0.1037000000E+02 0.4713558558E-01
-0.1036000000E+02 0.4578538806E-01
-0.1035000000E+02 0.4448911683E-01
-0.1034000000E+02 0.4324411381E-01
-0.1033000000E+02 0.4204787751E-01
-0.1032000000E+02 0.4089805149E-01
-0.1031000000E+02 0.3979241388E-01
-0.1030000000E+02 0.3872886750E-01
-0.1029000000E+02 0.3770543086E-01
-0.1028000000E+02 0.3672022968E-01
-0.1027000000E+02 0.3577148911E-01
-0.1026000000E+02 0.3485752643E-01
-0.1025000000E+02 0.3397674426E-01
-0.1024000000E+02 0.3312762428E-01
-0.1023000000E+02 0.3230872132E-01
-0.1022000000E+02 0.3151865792E-01
-0.1021000000E+02 0.3075611924E-01
-0.1020000000E+02 0.3001984837E-01
-0.1019000000E+02 0.2930864201E-01
-0.1018000000E+02 0.2862134653E-01
-0.1017000000E+02 0.2795685434E-01
-0.1016000000E+02 0.2731410077E-01
-0.1015000000E+02 0.2669206118E-01
-0.1014000000E+02 0.2608974862E-01
-0.1013000000E+02 0.2550621180E-01
-0.1012000000E+02 0.2494053359E-01
-0.1011000000E+02 0.2439182988E-01
-0.1010000000E+02 0.2385924893E-01
-0.1009000000E+02 0.2334211016E-01
-0.1008000000E+02 0.2283952176E-01
-0.1007000000E+02 0.2235069085E-01
-0.1006000000E+02 0.2187489743E-01
-0.1005000000E+02 0.2141145682E-01
-0.1004000000E+02 0.2095972116E-01
-0.1003000000E+02 0.2051908108E-01
-0.1002000000E+02 0.2008896727E-01
-0.1001000000E+02 0.1966885206E-01
-0.1000000000E+02 0.1925825066E-01
-0.9990000000E+01 0.1885672212E-01
-0.9980000000E+01 0.1846386968E-01
-0.9970000000E+01 0.1807934067E-01
-0.9960000000E+01 0.1770282581E-01
-0.9950000000E+01 0.1733405783E-01
-0.9940000000E+01 0.1697280835E-01
-0.9930000000E+01 0.1662071718E-01
-0.9920000000E+01 0.1628891027E-01
-0.9910000000E+01 0.1596378178E-01
-0.9900000000E+01 0.1564523560E-01
-0.9890000000E+01 0.1533319657E-01
-0.9880000000E+01 0.1502760611E-01
-0.9870000000E+01 0.1472841792E-01
-0.9860000000E+01 0.1443559389E-01
-0.9850000000E+01 0.1414910038E-01
-0.9840000000E+01 0.1386890491E-01
-0.9830000000E+01 0.1359497328E-01
-0.9820000000E+01 0.1332726728E-01
-0.9810000000E+01 0.1306574285E-01
-0.9800000000E+01 0.1281034873E-01
-0.9790000000E+01 0.1256102563E-01
-0.9780000000E+01 0.1231770573E-01
-0.9770000000E+01 0.1208031261E-01
-0.9760000000E+01 0.1184876145E-01
-0.9750000000E+01 0.1162295943E-01
-0.9740000000E+01 0.1140280642E-01
-0.9730000000E+01 0.1118819569E-01
-0.9720000000E+01 0.1097901476E-01
-0.9710000000E+01 0.1077514629E-01
-0.9700000000E+01 0.1057646895E-01
-0.9690000000E+01 0.1038285835E-01
-0.9680000000E+01 0.1019419774E-01
-0.9670000000E+01 0.1001035298E-01
-0.9660000000E+01 0.9831191281E-02
-0.9650000000E+01 0.9656583735E-02
-0.9640000000E+01 0.9486401959E-02
-0.9630000000E+01 0.9320518615E-02
-0.9620000000E+01 0.9158807859E-02
-0.9610000000E+01 0.9001145726E-02
-0.9600000000E+01 0.8847410453E-02
-0.9590000000E+01 0.8697482742E-02
-0.9580000000E+01 0.8551245976E-02
-0.9570000000E+01 0.8408586382E-02
-0.9560000000E+01 0.8269393158E-02
-0.9550000000E+01 0.8133558560E-02
-0.9540000000E+01 0.8000977956E-02
-0.9530000000E+01 0.7871549858E-02
-0.9520000000E+01 0.7745175925E-02
-0.9510000000E+01 0.7621760944E-02
-0.9500000000E+01 0.7501212807E-02
-0.9490000000E+01 0.7383442456E-02
-0.9480000000E+01 0.7268363834E-02
-0.9470000000E+01 0.7155893814E-02
-0.9460000000E+01 0.7045952129E-02
-0.9450000000E+01 0.6938461296E-02
-0.9440000000E+01 0.6833346529E-02
-0.9430000000E+01 0.6730535659E-02
-0.9420000000E+01 0.6629959047E-02
-0.9410000000E+01 0.6531549498E-02
-0.9400000000E+01 0.6435242174E-02
-0.9390000000E+01 0.6340974505E-02
-0.9380000000E+01 0.6248686109E-02
-0.9370000000E+01 0.6158318707E-02
-0.9360000000E+01 0.6069816039E-02
-0.9350000000E+01 0.5983123785E-02
-0.9340000000E+01 0.5898189491E-02
-0.9330000000E+01 0.5814962489E-02
-0.9320000000E+01 0.5733393826E-02
-0.9310000000E+01 0.5653436195E-02
-0.9300000000E+01 0.5575043865E-02
-0.9290000000E+01 0.5498172615E-02
-0.9280000000E+01 0.5422779673E-02
-0.9270000000E+01 0.5348823655E-02
-0.9260000000E+01 0.5276264505E-02
-0.9250000000E+01 0.5205063438E-02
-0.9240000000E+01 0.5135182891E-02
-0.9230000000E+01 0.5066586465E-02
-0.9220000000E+01 0.4999238880E-02
-0.9210000000E+01 0.4933105924E-02
-0.9200000000E+01 0.4868154408E-02
-0.9190000000E+01 0.4804352124E-02
-0.9180000000E+01 0.4741667799E-02
-0.9170000000E+01 0.4680071058E-02
-0.9160000000E+01 0.4619532380E-02
-0.9150000000E+01 0.4560023066E-02
-0.9140000000E+01 0.4501515196E-02
-0.9130000000E+01 0.4443981601E-02
-0.9120000000E+01 0.4387404939E-02
-0.9110000000E+01 0.4331752428E-02
-0.9100000000E+01 0.4276996822E-02
-0.9090000000E+01 0.4223113613E-02
-0.9080000000E+01 0.4182396686E-02
-0.9070000000E+01 0.4145288582E-02
-0.9060000000E+01 0.4109108792E-02
-0.9050000000E+01 0.4073839518E-02
-0.9040000000E+01 0.4039463637E-02
-0.9030000000E+01 0.4005964684E-02
-0.9020000000E+01 0.3973326837E-02
-0.9010000000E+01 0.3941534908E-02
-0.9000000000E+01 0.3910574322E-02
-0.8990000000E+01 0.3880431116E-02
-0.8980000000E+01 0.3851101450E-02
-0.8970000000E+01 0.3822564162E-02
-0.8960000000E+01 0.3794805962E-02
-0.8950000000E+01 0.3767815227E-02
-0.8940000000E+01 0.3741580901E-02
-0.8930000000E+01 0.3716092496E-02
-0.8920000000E+01 0.3691340081E-02
-0.8910000000E+01 0.3667314286E-02
-0.8900000000E+01 0.3644006298E-02
-0.8890000000E+01 0.3621407866E-02
-0.8880000000E+01 0.3599511295E-02
-0.8870000000E+01 0.3578309459E-02
-0.8860000000E+01 0.3557795798E-02
-0.8850000000E+01 0.3537964327E-02
-0.8840000000E+01 0.3518809645E-02
-0.8830000000E+01 0.3500326943E-02
-0.8820000000E+01 0.3482512016E-02
-0.8810000000E+01 0.3465361275E-02
-0.8800000000E+01 0.3448871763E-02
-0.8790000000E+01 0.3433041176E-02
-0.8780000000E+01 0.3417867875E-02
-0.8770000000E+01 0.3403350915E-02
-0.8760000000E+01 0.3389490068E-02
-0.8750000000E+01 0.3376285851E-02
-0.8740000000E+01 0.3363739558E-02
-0.8730000000E+01 0.3351853292E-02
-0.8720000000E+01 0.3340630010E-02
-0.8710000000E+01 0.3330073558E-02
-0.8700000000E+01 0.3320188726E-02
-0.8690000000E+01 0.3310981297E-02
-0.8680000000E+01 0.3302458104E-02
-0.8670000000E+01 0.3294627101E-02
-0.8660000000E+01 0.3287497426E-02
-0.8650000000E+01 0.3281140326E-02
-0.8640000000E+01 0.3275582398E-02
-0.8630000000E+01 0.3272808204E-02
-0.8620000000E+01 0.3279523285E-02
-0.8610000000E+01 0.3286634646E-02
-0.8600000000E+01 0.3294168908E-02
-0.8590000000E+01 0.3302154450E-02
-0.8580000000E+01 0.3310621571E-02
-0.8570000000E+01 0.3319602685E-02
-0.8560000000E+01 0.3329132526E-02
-0.8550000000E+01 0.3339248388E-02
-0.8540000000E+01 0.3349990383E-02
-0.8530000000E+01 0.3361401733E-02
-0.8520000000E+01 0.3373529099E-02
-0.8510000000E+01 0.3386422948E-02
-0.8500000000E+01 0.3400137969E-02
-0.8490000000E+01 0.3414733537E-02
-0.8480000000E+01 0.3430274242E-02
-0.8470000000E+01 0.3446830489E-02
-0.8460000000E+01 0.3464479266E-02
-0.8450000000E+01 0.3483304894E-02
-0.8440000000E+01 0.3503399457E-02
-0.8430000000E+01 0.3524864437E-02
-0.8420000000E+01 0.3547811636E-02
-0.8410000000E+01 0.3572364523E-02
-0.8400000000E+01 0.3598659775E-02
-0.8390000000E+01 0.3626849067E-02
-0.8380000000E+01 0.3657101159E-02
-0.8370000000E+01 0.3689604322E-02
-0.8360000000E+01 0.3724569185E-02
-0.8350000000E+01 0.3762232075E-02
-0.8340000000E+01 0.3802858969E-02
-0.8330000000E+01 0.3846750161E-02
-0.8320000000E+01 0.3894245833E-02
-0.8310000000E+01 0.3945732703E-02
-0.8300000000E+01 0.4001652018E-02
-0.8290000000E+01 0.4062509204E-02
-0.8280000000E+01 0.4128885586E-02
-0.8270000000E+01 0.4210825387E-02
-0.8260000000E+01 0.4314893110E-02
-0.8250000000E+01 0.4429476161E-02
-0.8240000000E+01 0.4556071775E-02
-0.8230000000E+01 0.4696455282E-02
-0.8220000000E+01 0.4852743691E-02
-0.8210000000E+01 0.5027502701E-02
-0.8200000000E+01 0.5223797972E-02
-0.8190000000E+01 0.5445332052E-02
-0.8180000000E+01 0.5696647167E-02
-0.8170000000E+01 0.5983346211E-02
-0.8160000000E+01 0.6312371520E-02
-0.8150000000E+01 0.6692380845E-02
-0.8140000000E+01 0.7134236248E-02
-0.8130000000E+01 0.7651635949E-02
-0.8120000000E+01 0.8261920475E-02
-0.8110000000E+01 0.8987078086E-02
-0.8100000000E+01 0.9854952308E-02
-0.8090000000E+01 0.1090060644E-01
-0.8080000000E+01 0.1216771760E-01
-0.8070000000E+01 0.1370974705E-01
-0.8060000000E+01 0.1559037977E-01
-0.8050000000E+01 0.1788188342E-01
-0.8040000000E+01 0.2065623288E-01
-0.8030000000E+01 0.2395501384E-01
-0.8020000000E+01 0.2770632772E-01
-0.8010000000E+01 0.3155761732E-01
-0.8000000000E+01 0.3468865786E-01
-0.7990000000E+01 0.3591983064E-01
-0.7980000000E+01 0.3445621049E-01
-0.7970000000E+01 0.3072984450E-01
-0.7960000000E+01 0.2643024984E-01
-0.7950000000E+01 0.2861790184E-01
-0.7940000000E+01 0.1802137020E-01
-0.7930000000E+01 0.1368964288E-01
-0.7920000000E+01 0.1105162825E-01
-0.7910000000E+01 0.9120985768E-02
-0.7900000000E+01 0.7668524983E-02
-0.7890000000E+01 0.6559925722E-02
-0.7880000000E+01 0.5702968911E-02
-0.7870000000E+01 0.5032402784E-02
-0.7860000000E+01 0.4501532619E-02
-0.7850000000E+01 0.4076617339E-02
-0.7840000000E+01 0.3733018351E-02
-0.7830000000E+01 0.3452541561E-02
-0.7820000000E+01 0.3221597515E-02
-0.7810000000E+01 0.3029921787E-02
-0.7800000000E+01 0.2869681661E-02
-0.7790000000E+01 0.2734818668E-02
-0.7780000000E+01 0.2620638648E-02
-0.7770000000E+01 0.2523421559E-02
-0.7760000000E+01 0.2440206539E-02
-0.7750000000E+01 0.2368637126E-02
-0.7740000000E+01 0.2306813003E-02
-0.7730000000E+01 0.2253196208E-02
-0.7720000000E+01 0.2206520756E-02
-0.7710000000E+01 0.2165749887E-02
-0.7700000000E+01 0.2130022035E-02
-0.7690000000E+01 0.2098617067E-02
-0.7680000000E+01 0.2070935624E-02
-0.7670000000E+01 0.2046473601E-02
-0.7660000000E+01 0.2024805041E-02
-0.7650000000E+01 0.2005568453E-02
-0.7640000000E+01 0.1988455799E-02
-0.7630000000E+01 0.1973203584E-02
-0.7620000000E+01 0.1959585603E-02
-0.7610000000E+01 0.1947407016E-02
-0.7600000000E+01 0.1942896549E-02
-0.7590000000E+01 0.1943379869E-02
-0.7580000000E+01 0.1943107341E-02
-0.7570000000E+01 0.1942174379E-02
-0.7560000000E+01 0.1940663751E-02
-0.7550000000E+01 0.1938650878E-02
-0.7540000000E+01 0.1936203307E-02
-0.7530000000E+01 0.1933376840E-02
-0.7520000000E+01 0.1930223252E-02
-0.7510000000E+01 0.1926788648E-02
-0.7500000000E+01 0.1923114280E-02
-0.7490000000E+01 0.1919237305E-02
-0.7480000000E+01 0.1915191188E-02
-0.7470000000E+01 0.1911006386E-02
-0.7460000000E+01 0.1906710698E-02
-0.7450000000E+01 0.1902563271E-02
-0.7440000000E+01 0.1898309455E-02
-0.7430000000E+01 0.1893963812E-02
-0.7420000000E+01 0.1891636327E-02
-0.7410000000E+01 0.1890980684E-02
-0.7400000000E+01 0.1890285072E-02
-0.7390000000E+01 0.1889563655E-02
-0.7380000000E+01 0.1888838723E-02
-0.7370000000E+01 0.1888128718E-02
-0.7360000000E+01 0.1887444935E-02
-0.7350000000E+01 0.1886790538E-02
-0.7340000000E+01 0.1886160830E-02
-0.7330000000E+01 0.1885544680E-02
-0.7320000000E+01 0.1884937966E-02
-0.7310000000E+01 0.1885002919E-02
-0.7300000000E+01 0.1887842752E-02
-0.7290000000E+01 0.1890636205E-02
-0.7280000000E+01 0.1893362369E-02
-0.7270000000E+01 0.1895999475E-02
-0.7260000000E+01 0.1898538419E-02
-0.7250000000E+01 0.1900960354E-02
-0.7240000000E+01 0.1903226045E-02
-0.7230000000E+01 0.1905309319E-02
-0.7220000000E+01 0.1907181832E-02
-0.7210000000E+01 0.1908812554E-02
-0.7200000000E+01 0.1910167206E-02
-0.7190000000E+01 0.1911207648E-02
-0.7180000000E+01 0.1911891187E-02
-0.7170000000E+01 0.1912169795E-02
-0.7160000000E+01 0.1911989199E-02
-0.7150000000E+01 0.1911287828E-02
-0.7140000000E+01 0.1909995567E-02
-0.7130000000E+01 0.1908032281E-02
-0.7120000000E+01 0.1905306062E-02
-0.7110000000E+01 0.1901711119E-02
-0.7100000000E+01 0.1897125244E-02
-0.7090000000E+01 0.1891406731E-02
-0.7080000000E+01 0.1899958129E-02
-0.7070000000E+01 0.1910774377E-02
-0.7060000000E+01 0.1923250687E-02
-0.7050000000E+01 0.1937652042E-02
-0.7040000000E+01 0.1954294025E-02
-0.7030000000E+01 0.1973553992E-02
-0.7020000000E+01 0.1995885462E-02
-0.7010000000E+01 0.2021836485E-02
-0.7000000000E+01 0.2052073260E-02
-0.6990000000E+01 0.2087410974E-02
-0.6980000000E+01 0.2128853759E-02
-0.6970000000E+01 0.2177646869E-02
-0.6960000000E+01 0.2235348516E-02
-0.6950000000E+01 0.2304188208E-02
-0.6940000000E+01 0.2386487071E-02
-0.6930000000E+01 0.2485409344E-02
-0.6920000000E+01 0.2605149534E-02
-0.6910000000E+01 0.2751234371E-02
-0.6900000000E+01 0.2931045552E-02
-0.6890000000E+01 0.3154591818E-02
-0.6880000000E+01 0.3435673627E-02
-0.6870000000E+01 0.3793683337E-02
-0.6860000000E+01 0.4256470152E-02
-0.6850000000E+01 0.4865073855E-02
-0.6840000000E+01 0.5681977726E-02
-0.6830000000E+01 0.6806831872E-02
-0.6820000000E+01 0.8411919394E-02
-0.6810000000E+01 0.1085508659E-01
-0.6800000000E+01 0.1542669965E-01
-0.6790000000E+01 0.3390625666E-01
-0.6780000000E+01 0.3507321460E-01
-0.6770000000E+01 0.3194784554E-01
-0.6760000000E+01 0.3774977703E-01
-0.6750000000E+01 0.4120339801E-01
-0.6740000000E+01 0.3933342157E-01
-0.6730000000E+01 0.3368729454E-01
-0.6720000000E+01 0.2733141046E-01
-0.6710000000E+01 0.2191805766E-01
-0.6700000000E+01 0.1776126747E-01
-0.6690000000E+01 0.1466832950E-01
-0.6680000000E+01 0.1236884601E-01
-0.6670000000E+01 0.1063884291E-01
-0.6660000000E+01 0.9315687487E-02
-0.6650000000E+01 0.8285891910E-02
-0.6640000000E+01 0.7470768681E-02
-0.6630000000E+01 0.6815352561E-02
-0.6620000000E+01 0.6280736493E-02
-0.6610000000E+01 0.5838951341E-02
-0.6600000000E+01 0.5469568401E-02
-0.6590000000E+01 0.5157432776E-02
-0.6580000000E+01 0.4891134413E-02
-0.6570000000E+01 0.4661962708E-02
-0.6560000000E+01 0.4463181366E-02
-0.6550000000E+01 0.4289518131E-02
-0.6540000000E+01 0.4136800292E-02
-0.6530000000E+01 0.4004414313E-02
-0.6520000000E+01 0.3890401653E-02
-0.6510000000E+01 0.3789336706E-02
-0.6500000000E+01 0.3699421488E-02
-0.6490000000E+01 0.3619168836E-02
-0.6480000000E+01 0.3547339970E-02
-0.6470000000E+01 0.3482896193E-02
-0.6460000000E+01 0.3424961218E-02
-0.6450000000E+01 0.3372791518E-02
-0.6440000000E+01 0.3325752823E-02
-0.6430000000E+01 0.3283301338E-02
-0.6420000000E+01 0.3244968637E-02
-0.6410000000E+01 0.3210349429E-02
-0.6400000000E+01 0.3179104370E-02
-0.6390000000E+01 0.3151189539E-02
-0.6380000000E+01 0.3126047358E-02
-0.6370000000E+01 0.3103442856E-02
-0.6360000000E+01 0.3083168964E-02
-0.6350000000E+01 0.3065042650E-02
-0.6340000000E+01 0.3048901665E-02
-0.6330000000E+01 0.3034601800E-02
-0.6320000000E+01 0.3022014559E-02
-0.6310000000E+01 0.3011025175E-02
-0.6300000000E+01 0.3001530926E-02
-0.6290000000E+01 0.2993439682E-02
-0.6280000000E+01 0.2986668658E-02
-0.6270000000E+01 0.2981143339E-02
-0.6260000000E+01 0.2976796549E-02
-0.6250000000E+01 0.2973579956E-02
-0.6240000000E+01 0.2971642893E-02
-0.6230000000E+01 0.2970713829E-02
-0.6220000000E+01 0.2970748222E-02
-0.6210000000E+01 0.2971705705E-02
-0.6200000000E+01 0.2973549670E-02
-0.6190000000E+01 0.2976246909E-02
-0.6180000000E+01 0.2979767290E-02
-0.6170000000E+01 0.2984083475E-02
-0.6160000000E+01 0.2989170668E-02
-0.6150000000E+01 0.2995006394E-02
-0.6140000000E+01 0.3001570294E-02
-0.6130000000E+01 0.3008843954E-02
-0.6120000000E+01 0.3016810745E-02
-0.6110000000E+01 0.3025455679E-02
-0.6100000000E+01 0.3034766605E-02
-0.6090000000E+01 0.3044730809E-02
-0.6080000000E+01 0.3055336898E-02
-0.6070000000E+01 0.3066575314E-02
-0.6060000000E+01 0.3078437628E-02
-0.6050000000E+01 0.3090916462E-02
-0.6040000000E+01 0.3104005426E-02
-0.6030000000E+01 0.3117699058E-02
-0.6020000000E+01 0.3131992769E-02
-0.6010000000E+01 0.3146882796E-02
-0.6000000000E+01 0.3162366157E-02
-0.5990000000E+01 0.3178440614E-02
-0.5980000000E+01 0.3195104637E-02
-0.5970000000E+01 0.3212357371E-02
-0.5960000000E+01 0.3230198611E-02
-0.5950000000E+01 0.3248628775E-02
-0.5940000000E+01 0.3267648885E-02
-0.5930000000E+01 0.3287260540E-02
-0.5920000000E+01 0.3307465909E-02
-0.5910000000E+01 0.3328267707E-02
-0.5900000000E+01 0.3349669187E-02
-0.5890000000E+01 0.3371674127E-02
-0.5880000000E+01 0.3394286821E-02
-0.5870000000E+01 0.3417512072E-02
-0.5860000000E+01 0.3441355183E-02
-0.5850000000E+01 0.3465821956E-02
-0.5840000000E+01 0.3490919574E-02
-0.5830000000E+01 0.3516656192E-02
-0.5820000000E+01 0.3543036929E-02
-0.5810000000E+01 0.3570069553E-02
-0.5800000000E+01 0.3597762324E-02
-0.5790000000E+01 0.3626244480E-02
-0.5780000000E+01 0.3659240370E-02
-0.5770000000E+01 0.3693093819E-02
-0.5760000000E+01 0.3727818592E-02
-0.5750000000E+01 0.3763428976E-02
-0.5740000000E+01 0.3799943272E-02
-0.5730000000E+01 0.3837375738E-02
-0.5720000000E+01 0.3875740081E-02
-0.5710000000E+01 0.3915052748E-02
-0.5700000000E+01 0.3955330741E-02
-0.5690000000E+01 0.3996591634E-02
-0.5680000000E+01 0.4038853576E-02
-0.5670000000E+01 0.4082135307E-02
-0.5660000000E+01 0.4126456165E-02
-0.5650000000E+01 0.4171836108E-02
-0.5640000000E+01 0.4218295717E-02
-0.5630000000E+01 0.4265856217E-02
-0.5620000000E+01 0.4314539493E-02
-0.5610000000E+01 0.4364368103E-02
-0.5600000000E+01 0.4415365298E-02
-0.5590000000E+01 0.4467555040E-02
-0.5580000000E+01 0.4520962021E-02
-0.5570000000E+01 0.4575611684E-02
-0.5560000000E+01 0.4631530245E-02
-0.5550000000E+01 0.4688744716E-02
-0.5540000000E+01 0.4747282929E-02
-0.5530000000E+01 0.4807173558E-02
-0.5520000000E+01 0.4868446151E-02
-0.5510000000E+01 0.4931131156E-02
-0.5500000000E+01 0.4995259948E-02
-0.5490000000E+01 0.5060864862E-02
-0.5480000000E+01 0.5127979224E-02
-0.5470000000E+01 0.5196637387E-02
-0.5460000000E+01 0.5266874764E-02
-0.5450000000E+01 0.5338727867E-02
-0.5440000000E+01 0.5412234346E-02
-0.5430000000E+01 0.5487433028E-02
-0.5420000000E+01 0.5564363965E-02
-0.5410000000E+01 0.5643068471E-02
-0.5400000000E+01 0.5723589180E-02
-0.5390000000E+01 0.5805970085E-02
-0.5380000000E+01 0.5890256600E-02
-0.5370000000E+01 0.5976495607E-02
-0.5360000000E+01 0.6064735518E-02
-0.5350000000E+01 0.6155026334E-02
-0.5340000000E+01 0.6247419708E-02
-0.5330000000E+01 0.6341969013E-02
-0.5320000000E+01 0.6438729411E-02
-0.5310000000E+01 0.6537801649E-02
-0.5300000000E+01 0.6639222061E-02
-0.5290000000E+01 0.6743030829E-02
-0.5280000000E+01 0.6849291040E-02
-0.5270000000E+01 0.6958067977E-02
-0.5260000000E+01 0.7069429209E-02
-0.5250000000E+01 0.7183444699E-02
-0.5240000000E+01 0.7300186898E-02
-0.5230000000E+01 0.7419730862E-02
-0.5220000000E+01 0.7542154363E-02
-0.5210000000E+01 0.7667538013E-02
-0.5200000000E+01 0.7795965391E-02
-0.5190000000E+01 0.7927523177E-02
-0.5180000000E+01 0.8062301295E-02
-0.5170000000E+01 0.8200393059E-02
-0.5160000000E+01 0.8341895336E-02
-0.5150000000E+01 0.8486908708E-02
-0.5140000000E+01 0.8635537649E-02
-0.5130000000E+01 0.8787890709E-02
-0.5120000000E+01 0.8944080708E-02
-0.5110000000E+01 0.9104224944E-02
-0.5100000000E+01 0.9268445410E-02
-0.5090000000E+01 0.9436869021E-02
-0.5080000000E+01 0.9609627861E-02
-0.5070000000E+01 0.9787265417E-02
-0.5060000000E+01 0.9972472096E-02
-0.5050000000E+01 0.1016241210E-01
-0.5040000000E+01 0.1035724138E-01
-0.5030000000E+01 0.1055712247E-01
-0.5020000000E+01 0.1076222483E-01
-0.5010000000E+01 0.1097272525E-01
-0.5000000000E+01 0.1118880817E-01
-0.4990000000E+01 0.1141066614E-01
-0.4980000000E+01 0.1163850020E-01
-0.4970000000E+01 0.1187252041E-01
-0.4960000000E+01 0.1211294626E-01
-0.4950000000E+01 0.1236000721E-01
-0.4940000000E+01 0.1261394328E-01
-0.4930000000E+01 0.1287500557E-01
-0.4920000000E+01 0.1314345693E-01
-0.4910000000E+01 0.1341957260E-01
-0.4900000000E+01 0.1370364090E-01
-0.4890000000E+01 0.1399596403E-01
-0.4880000000E+01 0.1429685880E-01
-0.4870000000E+01 0.1460665755E-01
-0.4860000000E+01 0.1492570903E-01
-0.4850000000E+01 0.1525437936E-01
-0.4840000000E+01 0.1559305311E-01
-0.4830000000E+01 0.1594213439E-01
-0.4820000000E+01 0.1630204803E-01
-0.4810000000E+01 0.1667324089E-01
-0.4800000000E+01 0.1705618320E-01
-0.4790000000E+01 0.1745137005E-01
-0.4780000000E+01 0.1785932292E-01
-0.4770000000E+01 0.1828059145E-01
-0.4760000000E+01 0.1871575516E-01
-0.4750000000E+01 0.1916542548E-01
-0.4740000000E+01 0.1963024782E-01
-0.4730000000E+01 0.2011090385E-01
-0.4720000000E+01 0.2060811390E-01
-0.4710000000E+01 0.2112263966E-01
-0.4700000000E+01 0.2165528695E-01
-0.4690000000E+01 0.2220690886E-01
-0.4680000000E+01 0.2277840902E-01
-0.4670000000E+01 0.2337074521E-01
-0.4660000000E+01 0.2398493326E-01
-0.4650000000E+01 0.2462205126E-01
-0.4640000000E+01 0.2528324415E-01
-0.4630000000E+01 0.2596972870E-01
-0.4620000000E+01 0.2668279889E-01
-0.4610000000E+01 0.2742383184E-01
-0.4600000000E+01 0.2819429418E-01
-0.4590000000E+01 0.2899574908E-01
-0.4580000000E+01 0.2982986387E-01
-0.4570000000E+01 0.3069841835E-01
-0.4560000000E+01 0.3160331397E-01
-0.4550000000E+01 0.3254658382E-01
-0.4540000000E+01 0.3353040352E-01
-0.4530000000E+01 0.3455710335E-01
-0.4520000000E+01 0.3562918140E-01
-0.4510000000E+01 0.3674931814E-01
-0.4500000000E+01 0.3792039246E-01
-0.4490000000E+01 0.3914549935E-01
-0.4480000000E+01 0.4042796945E-01
-0.4470000000E+01 0.4177139063E-01
-0.4460000000E+01 0.4317963197E-01
-0.4450000000E+01 0.4465687029E-01
-0.4440000000E+01 0.4620761968E-01
-0.4430000000E+01 0.4783676432E-01
-0.4420000000E+01 0.4954959507E-01
-0.4410000000E+01 0.5135185028E-01
-0.4400000000E+01 0.5324976151E-01
-0.4390000000E+01 0.5525010457E-01
-0.4380000000E+01 0.5736025697E-01
-0.4370000000E+01 0.5958826231E-01
-0.4360000000E+01 0.6194290289E-01
-0.4350000000E+01 0.6443378156E-01
-0.4340000000E+01 0.6707141427E-01
-0.4330000000E+01 0.6986733484E-01
-0.4320000000E+01 0.7283421386E-01
-0.4310000000E+01 0.7598599397E-01
-0.4300000000E+01 0.7933804392E-01
-0.4290000000E+01 0.8290733470E-01
-0.4280000000E+01 0.8671264103E-01
-0.4270000000E+01 0.9077477277E-01
-0.4260000000E+01 0.9511684102E-01
-0.4250000000E+01 0.9976456514E-01
-0.4240000000E+01 0.1047466277E+00
-0.4230000000E+01 0.1100950860E+00
-0.4220000000E+01 0.1158458511E+00
-0.4210000000E+01 0.1220392451E+00
-0.4200000000E+01 0.1287206543E+00
-0.4190000000E+01 0.1359412945E+00
-0.4180000000E+01 0.1437591111E+00
-0.4170000000E+01 0.1522398417E+00
-0.4160000000E+01 0.1614582745E+00
-0.4150000000E+01 0.1714997416E+00
-0.4140000000E+01 0.1824618999E+00
-0.4130000000E+01 0.1944568582E+00
-0.4120000000E+01 0.2076137300E+00
-0.4110000000E+01 0.2220817040E+00
-0.4100000000E+01 0.2380337495E+00
-0.4090000000E+01 0.2556711036E+00
-0.4080000000E+01 0.2752287159E+00
-0.4070000000E+01 0.2969818683E+00
-0.4060000000E+01 0.3212542553E+00
-0.4050000000E+01 0.3484278344E+00
-0.4040000000E+01 0.3789548493E+00
-0.4030000000E+01 0.4133724804E+00
-0.4020000000E+01 0.4523206330E+00
-0.4010000000E+01 0.4965633844E+00
-0.4000000000E+01 0.5470145403E+00
-0.3990000000E+01 0.6047674861E+00
-0.3980000000E+01 0.6711289066E+00
-0.3970000000E+01 0.7476546593E+00
-0.3960000000E+01 0.8361836136E+00
-0.3950000000E+01 0.9388606958E+00
-0.3940000000E+01 0.1058132338E+01
-0.3930000000E+01 0.1196683994E+01
-0.3920000000E+01 0.1357268057E+01
-0.3910000000E+01 0.1542340345E+01
-0.3900000000E+01 0.1753388966E+01
-0.3890000000E+01 0.1989821874E+01
-0.3880000000E+01 0.2247333831E+01
-0.3870000000E+01 0.2515902147E+01
-0.3860000000E+01 0.2778072931E+01
-0.3850000000E+01 0.3008921794E+01
-0.3840000000E+01 0.3179411307E+01
-0.3830000000E+01 0.3263716994E+01
-0.3820000000E+01 0.3248104702E+01
-0.3810000000E+01 0.3136355614E+01
-0.3800000000E+01 0.2948057134E+01
-0.3790000000E+01 0.2711019860E+01
-0.3780000000E+01 0.2452701481E+01
-0.3770000000E+01 0.2194670910E+01
-0.3760000000E+01 0.1950965264E+01
-0.3750000000E+01 0.1729023106E+01
-0.3740000000E+01 0.1531565585E+01
-0.3730000000E+01 0.1358407158E+01
-0.3720000000E+01 0.1207812712E+01
-0.3710000000E+01 0.1077378822E+01
-0.3700000000E+01 0.9645481060E+00
-0.3690000000E+01 0.8668795448E+00
-0.3680000000E+01 0.7821715650E+00
-0.3670000000E+01 0.7085007731E+00
-0.3660000000E+01 0.6442176653E+00
-0.3650000000E+01 0.5879245614E+00
-0.3640000000E+01 0.5384439371E+00
-0.3630000000E+01 0.4947866114E+00
-0.3620000000E+01 0.4561222208E+00
-0.3610000000E+01 0.4217531994E+00
-0.3600000000E+01 0.3910925174E+00
-0.3590000000E+01 0.3636449698E+00
-0.3580000000E+01 0.3389916150E+00
-0.3570000000E+01 0.3167769126E+00
-0.3560000000E+01 0.2966981257E+00
-0.3550000000E+01 0.2784966013E+00
-0.3540000000E+01 0.2619505933E+00
-0.3530000000E+01 0.2468693510E+00
-0.3520000000E+01 0.2330882405E+00
-0.3510000000E+01 0.2204647121E+00
-0.3500000000E+01 0.2088749599E+00
-0.3490000000E+01 0.1982111503E+00
-0.3480000000E+01 0.1883791222E+00
-0.3470000000E+01 0.1792964790E+00
-0.3460000000E+01 0.1708910166E+00
-0.3450000000E+01 0.1630994438E+00
-0.3440000000E+01 0.1558663776E+00
-0.3430000000E+01 0.1491436178E+00
-0.3420000000E+01 0.1428897566E+00
-0.3410000000E+01 0.1370702599E+00
-0.3400000000E+01 0.1316583455E+00
-0.3390000000E+01 0.1266374156E+00
-0.3380000000E+01 0.1220069146E+00
-0.3370000000E+01 0.1177966757E+00
-0.3360000000E+01 0.1141051556E+00
-0.3350000000E+01 0.1112160696E+00
-0.3340000000E+01 0.1100250696E+00
-0.3330000000E+01 0.1138971735E+00
-0.3320000000E+01 0.1314555448E+00
-0.3310000000E+01 0.1225158571E+00
-0.3300000000E+01 0.1023373899E+00
-0.3290000000E+01 0.9371743157E-01
-0.3280000000E+01 0.8878851844E-01
-0.3270000000E+01 0.8516259017E-01
-0.3260000000E+01 0.8213782115E-01
-0.3250000000E+01 0.7945780742E-01
-0.3240000000E+01 0.7700993859E-01
-0.3230000000E+01 0.7473687178E-01
-0.3220000000E+01 0.7260561394E-01
-0.3210000000E+01 0.7059513735E-01
-0.3200000000E+01 0.6869085153E-01
-0.3190000000E+01 0.6688190962E-01
-0.3180000000E+01 0.6515979634E-01
-0.3170000000E+01 0.6351754013E-01
-0.3160000000E+01 0.6194924858E-01
-0.3150000000E+01 0.6044982085E-01
-0.3140000000E+01 0.5901476120E-01
-0.3130000000E+01 0.5764005326E-01
-0.3120000000E+01 0.5632207162E-01
-0.3110000000E+01 0.5505751776E-01
-0.3100000000E+01 0.5384337181E-01
-0.3090000000E+01 0.5267685538E-01
-0.3080000000E+01 0.5155540205E-01
-0.3070000000E+01 0.5047663340E-01
-0.3060000000E+01 0.4943833926E-01
-0.3050000000E+01 0.4843846100E-01
-0.3040000000E+01 0.4747507736E-01
-0.3030000000E+01 0.4654639210E-01
-0.3020000000E+01 0.4565072333E-01
-0.3010000000E+01 0.4478649398E-01
-0.3000000000E+01 0.4395222348E-01
-0.2990000000E+01 0.4314700210E-01
-0.2980000000E+01 0.4236920529E-01
-0.2970000000E+01 0.4161744411E-01
-0.2960000000E+01 0.4089055615E-01
-0.2950000000E+01 0.4018744463E-01
-0.2940000000E+01 0.3950707388E-01
-0.2930000000E+01 0.3884846515E-01
-0.2920000000E+01 0.3821069280E-01
-0.2910000000E+01 0.3759288079E-01
-0.2900000000E+01 0.3699448083E-01
-0.2890000000E+01 0.3641483762E-01
-0.2880000000E+01 0.3585280519E-01
-0.2870000000E+01 0.3530767620E-01
-0.2860000000E+01 0.3477877906E-01
-0.2850000000E+01 0.3426547574E-01
-0.2840000000E+01 0.3376715982E-01
-0.2830000000E+01 0.3328325454E-01
-0.2820000000E+01 0.3281321109E-01
-0.2810000000E+01 0.3235650698E-01
-0.2800000000E+01 0.3191264452E-01
-0.2790000000E+01 0.3148114942E-01
-0.2780000000E+01 0.3106156946E-01
-0.2770000000E+01 0.3065347326E-01
-0.2760000000E+01 0.3025644915E-01
-0.2750000000E+01 0.2987010406E-01
-0.2740000000E+01 0.2949406254E-01
-0.2730000000E+01 0.2912796581E-01
-0.2720000000E+01 0.2877147088E-01
-0.2710000000E+01 0.2842424969E-01
-0.2700000000E+01 0.2808598838E-01
-0.2690000000E+01 0.2775638650E-01
-0.2680000000E+01 0.2743515640E-01
-0.2670000000E+01 0.2712202249E-01
-0.2660000000E+01 0.2681672072E-01
-0.2650000000E+01 0.2651899793E-01
-0.2640000000E+01 0.2622861137E-01
-0.2630000000E+01 0.2594532817E-01
-0.2620000000E+01 0.2566892485E-01
-0.2610000000E+01 0.2539918687E-01
-0.2600000000E+01 0.2513590822E-01
-0.2590000000E+01 0.2487889101E-01
-0.2580000000E+01 0.2462794506E-01
-0.2570000000E+01 0.2438288760E-01
-0.2560000000E+01 0.2414354286E-01
-0.2550000000E+01 0.2390974180E-01
-0.2540000000E+01 0.2368132179E-01
-0.2530000000E+01 0.2345812629E-01
-0.2520000000E+01 0.2324000463E-01
-0.2510000000E+01 0.2302681172E-01
-0.2500000000E+01 0.2281863263E-01
-0.2490000000E+01 0.2261516240E-01
-0.2480000000E+01 0.2241622148E-01
-0.2470000000E+01 0.2222168481E-01
-0.2460000000E+01 0.2203143182E-01
-0.2450000000E+01 0.2184534621E-01
-0.2440000000E+01 0.2166331578E-01
-0.2430000000E+01 0.2148523228E-01
-0.2420000000E+01 0.2131099121E-01
-0.2410000000E+01 0.2114049168E-01
-0.2400000000E+01 0.2097363626E-01
-0.2390000000E+01 0.2081033087E-01
-0.2380000000E+01 0.2065048459E-01
-0.2370000000E+01 0.2049400958E-01
-0.2360000000E+01 0.2034082092E-01
-0.2350000000E+01 0.2019083653E-01
-0.2340000000E+01 0.2004397704E-01
-0.2330000000E+01 0.1990016567E-01
-0.2320000000E+01 0.1975932818E-01
-0.2310000000E+01 0.1962139272E-01
-0.2300000000E+01 0.1948628973E-01
-0.2290000000E+01 0.1935395194E-01
-0.2280000000E+01 0.1922431418E-01
-0.2270000000E+01 0.1909731335E-01
-0.2260000000E+01 0.1897288836E-01
-0.2250000000E+01 0.1885098002E-01
-0.2240000000E+01 0.1873153099E-01
-0.2230000000E+01 0.1861448570E-01
-0.2220000000E+01 0.1849979031E-01
-0.2210000000E+01 0.1838739262E-01
-0.2200000000E+01 0.1827724203E-01
-0.2190000000E+01 0.1816928947E-01
-0.2180000000E+01 0.1806348735E-01
-0.2170000000E+01 0.1795978953E-01
-0.2160000000E+01 0.1785815123E-01
-0.2150000000E+01 0.1775852902E-01
-0.2140000000E+01 0.1766088074E-01
-0.2130000000E+01 0.1756516549E-01
-0.2120000000E+01 0.1747134356E-01
-0.2110000000E+01 0.1737937641E-01
-0.2100000000E+01 0.1728922662E-01
-0.2090000000E+01 0.1720085785E-01
-0.2080000000E+01 0.1711423482E-01
-0.2070000000E+01 0.1702932326E-01
-0.2060000000E+01 0.1694608987E-01
-0.2050000000E+01 0.1686450232E-01
-0.2040000000E+01 0.1678452920E-01
-0.2030000000E+01 0.1670613996E-01
-0.2020000000E+01 0.1662930496E-01
-0.2010000000E+01 0.1655399534E-01
-0.2000000000E+01 0.1648018310E-01
-0.1990000000E+01 0.1640784100E-01
-0.1980000000E+01 0.1633694255E-01
-0.1970000000E+01 0.1626746201E-01
-0.1960000000E+01 0.1619937436E-01
-0.1950000000E+01 0.1613265526E-01
-0.1940000000E+01 0.1606728105E-01
-0.1930000000E+01 0.1600322870E-01
-0.1920000000E+01 0.1594091451E-01
-0.1910000000E+01 0.1588003146E-01
-0.1900000000E+01 0.1582040606E-01
-0.1890000000E+01 0.1576201782E-01
-0.1880000000E+01 0.1570484679E-01
-0.1870000000E+01 0.1564887360E-01
-0.1860000000E+01 0.1559407938E-01
-0.1850000000E+01 0.1554044579E-01
-0.1840000000E+01 0.1548795498E-01
-0.1830000000E+01 0.1543658958E-01
-0.1820000000E+01 0.1538633272E-01
-0.1810000000E+01 0.1533716796E-01
-0.1800000000E+01 0.1528907932E-01
-0.1790000000E+01 0.1524205124E-01
-0.1780000000E+01 0.1519606862E-01
-0.1770000000E+01 0.1515111672E-01
-0.1760000000E+01 0.1510718125E-01
-0.1750000000E+01 0.1506424828E-01
-0.1740000000E+01 0.1502230427E-01
-0.1730000000E+01 0.1498133605E-01
-0.1720000000E+01 0.1494133083E-01
-0.1710000000E+01 0.1490227613E-01
-0.1700000000E+01 0.1486415986E-01
-0.1690000000E+01 0.1482697023E-01
-0.1680000000E+01 0.1479069581E-01
-0.1670000000E+01 0.1475532546E-01
-0.1660000000E+01 0.1472084837E-01
-0.1650000000E+01 0.1468725402E-01
-0.1640000000E+01 0.1465453220E-01
-0.1630000000E+01 0.1462267299E-01
-0.1620000000E+01 0.1459166674E-01
-0.1610000000E+01 0.1456150410E-01
-0.1600000000E+01 0.1453217596E-01
-0.1590000000E+01 0.1450367351E-01
-0.1580000000E+01 0.1447598818E-01
-0.1570000000E+01 0.1444911164E-01
-0.1560000000E+01 0.1442303585E-01
-0.1550000000E+01 0.1439775296E-01
-0.1540000000E+01 0.1437325541E-01
-0.1530000000E+01 0.1434953583E-01
-0.1520000000E+01 0.1432658710E-01
-0.1510000000E+01 0.1430440233E-01
-0.1500000000E+01 0.1428297484E-01
-0.1490000000E+01 0.1426229816E-01
-0.1480000000E+01 0.1424236604E-01
-0.1470000000E+01 0.1422317243E-01
-0.1460000000E+01 0.1420471149E-01
-0.1450000000E+01 0.1418697758E-01
-0.1440000000E+01 0.1416996525E-01
-0.1430000000E+01 0.1415366925E-01
-0.1420000000E+01 0.1413808452E-01
-0.1410000000E+01 0.1412320617E-01
-0.1400000000E+01 0.1410902952E-01
-0.1390000000E+01 0.1409555005E-01
-0.1380000000E+01 0.1408276343E-01
-0.1370000000E+01 0.1407066549E-01
-0.1360000000E+01 0.1405925224E-01
-0.1350000000E+01 0.1404851988E-01
-0.1340000000E+01 0.1403846474E-01
-0.1330000000E+01 0.1402908334E-01
-0.1320000000E+01 0.1402037235E-01
-0.1310000000E+01 0.1401232863E-01
-0.1300000000E+01 0.1400494915E-01
-0.1290000000E+01 0.1399823107E-01
-0.1280000000E+01 0.1399217171E-01
-0.1270000000E+01 0.1398676852E-01
-0.1260000000E+01 0.1398201912E-01
-0.1250000000E+01 0.1397792127E-01
-0.1240000000E+01 0.1397447288E-01
-0.1230000000E+01 0.1397167201E-01
-0.1220000000E+01 0.1396951686E-01
-0.1210000000E+01 0.1396800578E-01
-0.1200000000E+01 0.1396713727E-01
-0.1190000000E+01 0.1396690996E-01
-0.1180000000E+01 0.1396732261E-01
-0.1170000000E+01 0.1396837416E-01
-0.1160000000E+01 0.1397006365E-01
-0.1150000000E+01 0.1397239026E-01
-0.1140000000E+01 0.1397535335E-01
-0.1130000000E+01 0.1397895235E-01
-0.1120000000E+01 0.1398318689E-01
-0.1110000000E+01 0.1398805670E-01
-0.1100000000E+01 0.1399356165E-01
-0.1090000000E+01 0.1399970175E-01
-0.1080000000E+01 0.1400647713E-01
-0.1070000000E+01 0.1401388808E-01
-0.1060000000E+01 0.1402193501E-01
-0.1050000000E+01 0.1403061845E-01
-0.1040000000E+01 0.1403993908E-01
-0.1030000000E+01 0.1404989771E-01
-0.1020000000E+01 0.1406049527E-01
-0.1010000000E+01 0.1407173285E-01
-0.1000000000E+01 0.1408361166E-01
-0.9900000000E+00 0.1409613303E-01
-0.9800000000E+00 0.1410929843E-01
-0.9700000000E+00 0.1412310948E-01
-0.9600000000E+00 0.1413756792E-01
-0.9500000000E+00 0.1415267563E-01
-0.9400000000E+00 0.1416843461E-01
-0.9300000000E+00 0.1418484703E-01
-0.9200000000E+00 0.1420191515E-01
-0.9100000000E+00 0.1421964141E-01
-0.9000000000E+00 0.1423802836E-01
-0.8900000000E+00 0.1425707870E-01
-0.8800000000E+00 0.1427679527E-01
-0.8700000000E+00 0.1429718104E-01
-0.8600000000E+00 0.1431823913E-01
-0.8500000000E+00 0.1433997279E-01
-0.8400000000E+00 0.1436238544E-01
-0.8300000000E+00 0.1438548062E-01
-0.8200000000E+00 0.1440926202E-01
-0.8100000000E+00 0.1443373348E-01
-0.8000000000E+00 0.1445889899E-01
-0.7900000000E+00 0.1448476268E-01
-0.7800000000E+00 0.1451132885E-01
-0.7700000000E+00 0.1453860193E-01
-0.7600000000E+00 0.1456658651E-01
-0.7500000000E+00 0.1459528736E-01
-0.7400000000E+00 0.1462470937E-01
-0.7300000000E+00 0.1465485761E-01
-0.7200000000E+00 0.1468573732E-01
-0.7100000000E+00 0.1471735389E-01
-0.7000000000E+00 0.1474971287E-01
-0.6900000000E+00 0.1478281998E-01
-0.6800000000E+00 0.1481668113E-01
-0.6700000000E+00 0.1485130239E-01
-0.6600000000E+00 0.1488668998E-01
-0.6500000000E+00 0.1492285034E-01
-0.6400000000E+00 0.1495979006E-01
-0.6300000000E+00 0.1499751592E-01
-0.6200000000E+00 0.1503603489E-01
-0.6100000000E+00 0.1507535412E-01
-0.6000000000E+00 0.1511548095E-01
-0.5900000000E+00 0.1515642293E-01
-0.5800000000E+00 0.1519818778E-01
-0.5700000000E+00 0.1524078344E-01
-0.5600000000E+00 0.1528421806E-01
-0.5500000000E+00 0.1532849997E-01
-0.5400000000E+00 0.1537363773E-01
-0.5300000000E+00 0.1541964011E-01
-0.5200000000E+00 0.1546651610E-01
-0.5100000000E+00 0.1551427490E-01
-0.5000000000E+00 0.1556292596E-01
-0.4900000000E+00 0.1561247893E-01
-0.4800000000E+00 0.1566294371E-01
-0.4700000000E+00 0.1571433045E-01
-0.4600000000E+00 0.1576664952E-01
-0.4500000000E+00 0.1581991155E-01
-0.4400000000E+00 0.1587412742E-01
-0.4300000000E+00 0.1592930826E-01
-0.4200000000E+00 0.1598546548E-01
-0.4100000000E+00 0.1604261075E-01
-0.4000000000E+00 0.1610075601E-01
-0.3900000000E+00 0.1615991347E-01
-0.3800000000E+00 0.1622009564E-01
-0.3700000000E+00 0.1628131531E-01
-0.3600000000E+00 0.1634358558E-01
-0.3500000000E+00 0.1640691984E-01
-0.3400000000E+00 0.1647133179E-01
-0.3300000000E+00 0.1653683545E-01
-0.3200000000E+00 0.1660344516E-01
-0.3100000000E+00 0.1667117559E-01
-0.3000000000E+00 0.1674004175E-01
-0.2900000000E+00 0.1681005899E-01
-0.2800000000E+00 0.1688124301E-01
-0.2700000000E+00 0.1695360989E-01
-0.2600000000E+00 0.1702717604E-01
-0.2500000000E+00 0.1710195828E-01
-0.2400000000E+00 0.1717797380E-01
-0.2300000000E+00 0.1725524019E-01
-0.2200000000E+00 0.1733377544E-01
-0.2100000000E+00 0.1741359796E-01
-0.2000000000E+00 0.1749472657E-01
-0.1900000000E+00 0.1757718052E-01
-0.1800000000E+00 0.1766097953E-01
-0.1700000000E+00 0.1774614375E-01
-0.1600000000E+00 0.1783269379E-01
-0.1500000000E+00 0.1792065075E-01
-0.1400000000E+00 0.1801003623E-01
-0.1300000000E+00 0.1810087229E-01
-0.1200000000E+00 0.1819318154E-01
-0.1100000000E+00 0.1828698710E-01
-0.1000000000E+00 0.1838231263E-01
-0.9000000000E-01 0.1847918233E-01
-0.8000000000E-01 0.1857762099E-01
-0.7000000000E-01 0.1867765397E-01
-0.6000000000E-01 0.1877930721E-01
-0.5000000000E-01 0.1888260728E-01
-0.4000000000E-01 0.1898758137E-01
-0.3000000000E-01 0.1909425731E-01
-0.2000000000E-01 0.1920266361E-01
